Image file: \\Gfs05\g45\SAXS\2020_12\HDF5\2020-12.10_Kevin_day2_SN\2020-12-10_Max_Cu123_SN_000017_data_000083.h5
ImageIntegration1d_chi_output; Output_Directory= \\Gfs05\g45\SAXS\2020_12\Processed\2020-12-09_Kevin_day1_SN\Chi-Sample-7
Profile = Radial, StartAzimuth = 0.0, EndAzimuth = 360.0, Sam_Det_distance = 250.818474293, InnerRadius = 15.0, OuterRadius = 2400.0, Lambda = 30, Ratio = 0.001, Itermax = 100
2400
2.0013229e+00	-3.3364231e-02
2.0231319e+00	2.2358596e-02
2.0449408e+00	2.1770180e-01
2.0667497e+00	-6.9281172e-03
2.0885587e+00	2.1616766e-01
2.1103676e+00	1.2786100e-01
2.1321765e+00	-1.2810692e-01
2.1539855e+00	-2.6653956e-01
2.1757944e+00	-6.4611016e-02
2.1976034e+00	8.9837543e-02
2.2194123e+00	9.0382579e-02
2.2412212e+00	4.8552771e-01
2.2630302e+00	2.9105838e-01
2.2848391e+00	2.5705211e-02
2.3066480e+00	-3.1186839e-02
2.3284570e+00	6.5161228e-02
2.3502659e+00	1.0699021e-01
2.3720749e+00	-1.5314612e-01
2.3938838e+00	-1.5323551e-01
2.4156927e+00	6.2635553e-02
2.4375017e+00	1.7079976e-01
2.4593106e+00	1.5007353e-02
2.4811196e+00	4.3215734e-02
2.5029285e+00	2.0165331e-01
2.5247374e+00	9.1113246e-02
2.5465464e+00	3.7996009e-02
2.5683553e+00	-4.2340056e-02
2.5901642e+00	-1.8396748e-01
2.6119732e+00	-2.2058799e-01
2.6337821e+00	-1.1763707e-01
2.6555911e+00	2.1173469e-01
2.6774000e+00	8.3431857e-02
2.6992089e+00	1.7829298e-01
2.7210179e+00	2.2592705e-02
2.7428268e+00	2.7898536e-02
2.7646358e+00	1.3350635e-01
2.7864447e+00	1.1265670e-02
2.8082536e+00	-1.9292184e-01
2.8300626e+00	-3.9012210e-02
2.8518715e+00	5.3552254e-02
2.8736804e+00	2.9904610e-01
2.8954894e+00	2.7378497e-01
2.9172983e+00	1.4592042e-01
2.9391073e+00	-2.7370837e-02
2.9609162e+00	4.9897875e-02
2.9827251e+00	-1.1258398e-01
3.0045341e+00	-2.0921786e-01
3.0263430e+00	7.6508451e-02
3.0481519e+00	2.9688609e-01
3.0699609e+00	2.6045399e-01
3.0917698e+00	4.0286377e-01
3.1135788e+00	3.8993556e-02
3.1353877e+00	1.5585435e-02
3.1571966e+00	5.1319979e-02
3.1790056e+00	-1.2043441e-01
3.2008145e+00	-3.2499631e-02
3.2226235e+00	1.4044982e-01
3.2444324e+00	3.5823216e-01
3.2662413e+00	9.1101893e-02
3.2880503e+00	2.5667377e-02
3.3098592e+00	3.3768110e-02
3.3316681e+00	1.6141082e-02
3.3534771e+00	-6.4613025e-02
3.3752860e+00	-2.3874616e-01
3.3970950e+00	9.0407126e-02
3.4189039e+00	6.8208460e-02
3.4407128e+00	-8.8270049e-02
3.4625218e+00	-2.0375896e-03
3.4843307e+00	3.1006747e-02
3.5061396e+00	-1.3667531e-01
3.5279486e+00	3.6612854e-02
3.5497575e+00	1.5398261e-01
3.5715665e+00	2.1538224e-02
3.5933754e+00	-2.7476157e-02
3.6151843e+00	-3.4470720e-03
3.6369933e+00	1.5837225e-01
3.6588022e+00	-1.8184682e-02
3.6806112e+00	1.8438086e-03
3.7024201e+00	2.4780391e-03
3.7242290e+00	-2.3914031e-02
3.7460380e+00	-4.5119072e-03
3.7678469e+00	-5.4036510e-02
3.7896558e+00	2.3624361e-03
3.8114648e+00	-1.1858203e-01
3.8332737e+00	-2.6019493e-02
3.8550827e+00	1.2725088e-02
3.8768916e+00	7.6451506e-02
3.8987005e+00	7.5637617e-04
3.9205095e+00	5.9820868e-02
3.9423184e+00	2.8910498e-01
3.9641273e+00	1.5972987e-01
3.9859363e+00	1.9610067e-02
4.0077452e+00	-4.3963182e-02
4.0295542e+00	-1.9581038e-01
4.0513631e+00	-3.7712095e-02
4.0731720e+00	1.1571408e-01
4.0949810e+00	-3.4342918e-02
4.1167899e+00	-1.7715977e-02
4.1385989e+00	-3.4775788e-02
4.1604078e+00	6.6625990e-02
4.1822167e+00	8.6042332e-02
4.2040257e+00	4.2219251e-02
4.2258346e+00	6.2233911e-02
4.2476435e+00	-8.5429079e-02
4.2694525e+00	-8.7005588e-02
4.2912614e+00	-1.5724104e-02
4.3130704e+00	-4.8261175e-02
4.3348793e+00	4.9619314e-02
4.3566882e+00	-2.0844314e-02
4.3784972e+00	1.1098431e-02
4.4003061e+00	9.2994315e-02
4.4221151e+00	3.3903978e-02
4.4439240e+00	-2.2321964e-02
4.4657329e+00	-5.6255688e-02
4.4875419e+00	-8.9968848e-02
4.5093508e+00	-1.2311351e-02
4.5311597e+00	-5.3846373e-02
4.5529687e+00	7.7978871e-02
4.5747776e+00	2.4469559e-01
4.5965866e+00	3.4206162e-02
4.6183955e+00	-2.1426023e-02
4.6402044e+00	7.4416535e-03
4.6620134e+00	3.7956475e-02
4.6838223e+00	3.2853157e-02
4.7056312e+00	7.1775037e-02
4.7274402e+00	-4.1214657e-02
4.7492491e+00	1.1657213e-02
4.7710581e+00	4.6790749e-03
4.7928670e+00	-6.8755342e-02
4.8146759e+00	-4.5775996e-02
4.8364849e+00	-9.0314360e-02
4.8582938e+00	3.2715453e-02
4.8801028e+00	-4.6217422e-02
4.9019117e+00	1.1624588e-02
4.9237206e+00	1.0591713e-01
4.9455296e+00	1.6939625e-01
4.9673385e+00	5.3769631e-04
4.9891474e+00	-1.2970516e-01
5.0109564e+00	-5.4112846e-02
5.0327653e+00	7.2127506e-02
5.0545743e+00	1.9681084e-02
5.0763832e+00	-1.0101208e-01
5.0981921e+00	8.7282935e-02
5.1200011e+00	2.0076295e-01
5.1418100e+00	8.7328717e-03
5.1636189e+00	7.5825297e-02
5.1854279e+00	-2.0679367e-01
5.2072368e+00	-9.4051864e-02
5.2290458e+00	-3.5292003e-02
5.2508547e+00	-1.1174796e-01
5.2726636e+00	1.8713825e-01
5.2944726e+00	2.3506838e-01
5.3162815e+00	1.3086092e-01
5.3380905e+00	9.1750186e-03
5.3598994e+00	1.4957488e-01
5.3817083e+00	1.6572252e-01
5.4035173e+00	4.3988309e-02
5.4253262e+00	-1.0453515e-01
5.4471351e+00	-2.1372985e-01
5.4689441e+00	-1.5246745e-01
5.4907530e+00	1.6733724e-02
5.5125620e+00	5.5839532e-02
5.5343709e+00	1.0248154e-01
5.5561798e+00	1.9270717e-01
5.5779888e+00	6.2046941e-02
5.5997977e+00	-9.9709018e-02
5.6216066e+00	-9.7492025e-02
5.6434156e+00	2.7828050e-02
5.6652245e+00	-5.5196120e-02
5.6870335e+00	-6.5292885e-02
5.7088424e+00	-3.7113170e-02
5.7306513e+00	5.8640148e-02
5.7524603e+00	6.9621746e-02
5.7742692e+00	2.6235546e-02
5.7960782e+00	5.2933367e-02
5.8178871e+00	5.2846712e-02
5.8396960e+00	1.1169283e-02
5.8615050e+00	1.1191979e-01
5.8833139e+00	-4.3125522e-02
5.9051228e+00	-2.0364443e-01
5.9269318e+00	-1.1065872e-01
5.9487407e+00	9.6079980e-02
5.9705497e+00	1.5012851e-01
5.9923586e+00	-7.4755765e-02
6.0141675e+00	-1.1904558e-02
6.0359765e+00	-4.5600053e-02
6.0577854e+00	1.3341898e-01
6.0795944e+00	-3.2183742e-02
6.1014033e+00	-2.1751302e-02
6.1232122e+00	6.9654440e-03
6.1450212e+00	2.7660514e-01
6.1668301e+00	3.3188071e-01
6.1886390e+00	-1.3743445e-02
6.2104480e+00	-1.1877203e-01
6.2322569e+00	4.0510902e-02
6.2540659e+00	1.7462727e-01
6.2758748e+00	2.4980554e-02
6.2976837e+00	4.2919029e-02
6.3194927e+00	-4.7814802e-02
6.3413016e+00	-7.6464949e-02
6.3631105e+00	-8.9086096e-02
6.3849195e+00	3.2050599e-02
6.4067284e+00	1.8492791e-03
6.4285374e+00	-7.7310518e-02
6.4503463e+00	1.2172320e-01
6.4721552e+00	1.0793150e-02
6.4939642e+00	5.8595106e-02
6.5157731e+00	9.8751869e-02
6.5375821e+00	6.2231937e-02
6.5593910e+00	5.7276127e-02
6.5811999e+00	-1.1652816e-01
6.6030089e+00	-2.3394319e-01
6.6248178e+00	-3.0740088e-02
6.6466267e+00	3.4670128e-02
6.6684357e+00	9.0591541e-02
6.6902446e+00	-1.2194883e-01
6.7120536e+00	-2.7125911e-02
6.7338625e+00	1.3464525e-01
6.7556714e+00	5.5794220e-02
6.7774804e+00	3.1625743e-02
6.7992893e+00	1.8826889e-01
6.8210982e+00	-2.1192840e-02
6.8429072e+00	-5.7195435e-02
6.8647161e+00	-6.9178996e-02
6.8865251e+00	-6.8637542e-02
6.9083340e+00	2.5029052e-01
6.9301429e+00	1.4382134e-01
6.9519519e+00	-1.6684145e-01
6.9737608e+00	-3.4138928e-02
6.9955698e+00	8.0993162e-02
7.0173787e+00	1.2607249e-01
7.0391876e+00	-1.1336591e-01
7.0609966e+00	-5.1752777e-02
7.0828055e+00	9.7169908e-02
7.1046144e+00	8.5886763e-02
7.1264234e+00	-3.2468930e-02
7.1482323e+00	-1.1958605e-01
7.1700413e+00	9.2214250e-02
7.1918502e+00	-4.0066085e-02
7.2136591e+00	-3.0249442e-02
7.2354681e+00	2.8749479e-01
7.2572770e+00	2.4893796e-01
7.2790859e+00	-8.2576580e-02
7.3008949e+00	7.4114928e-02
7.3227038e+00	2.3304254e-01
7.3445128e+00	8.0833821e-02
7.3663217e+00	5.4680666e-03
7.3881306e+00	-7.7266150e-02
7.4099396e+00	-1.7875189e-02
7.4317485e+00	-4.3541173e-02
7.4535575e+00	-7.2027890e-02
7.4753664e+00	-2.5738279e-02
7.4971753e+00	5.5227318e-02
7.5189843e+00	-3.3520058e-02
7.5407932e+00	5.0170323e-02
7.5626021e+00	2.4796967e-02
7.5844111e+00	5.7682564e-02
7.6062200e+00	6.2591127e-02
7.6280290e+00	-7.4014151e-02
7.6498379e+00	-3.0383026e-02
7.6716468e+00	-4.6986437e-02
7.6934558e+00	-4.6205118e-02
7.7152647e+00	4.0443906e-02
7.7370737e+00	1.0420274e-02
7.7588826e+00	7.4308404e-02
7.7806915e+00	6.7788123e-02
7.8025005e+00	-3.7089360e-02
7.8243094e+00	-4.0092778e-02
7.8461183e+00	5.7277895e-02
7.8679273e+00	-1.8510143e-01
7.8897362e+00	-8.2230560e-02
7.9115452e+00	1.0754771e-01
7.9333541e+00	7.0676329e-02
7.9551630e+00	8.4996714e-02
7.9769720e+00	3.2370885e-01
7.9987809e+00	3.3723342e-01
8.0205898e+00	2.6434775e-01
8.0423988e+00	-8.4727085e-02
8.0642077e+00	2.0525283e-01
8.0860167e+00	-3.3563600e-02
8.1078256e+00	-2.0916635e-01
8.1296345e+00	3.7168313e-03
8.1514435e+00	2.3892418e-02
8.1732524e+00	-4.2246813e-02
8.1950614e+00	2.2148421e-01
8.2168703e+00	1.9411125e-01
8.2386792e+00	5.5922007e-02
8.2604882e+00	-5.4525028e-02
8.2822971e+00	1.0545084e-01
8.3041060e+00	-1.2950653e-02
8.3259150e+00	2.3462189e-02
8.3477239e+00	3.5575432e-01
8.3695329e+00	-8.8474778e-02
8.3913418e+00	-1.3682469e-01
8.4131507e+00	1.3048489e-01
8.4349597e+00	3.1910305e-01
8.4567686e+00	-9.6865203e-02
8.4785775e+00	-1.6288139e-01
8.5003865e+00	1.5966261e-01
8.5221954e+00	1.4140726e-01
8.5440044e+00	1.1568669e-01
8.5658133e+00	9.6473869e-02
8.5876222e+00	-2.4244016e-01
8.6094312e+00	-1.1026090e-01
8.6312401e+00	2.7716046e-01
8.6530491e+00	1.4807096e-01
8.6748580e+00	-7.8370809e-02
8.6966669e+00	1.6936023e-01
8.7184759e+00	5.0165236e-02
8.7402848e+00	1.5031831e-01
8.7620937e+00	4.3609483e-03
8.7839027e+00	-1.5619140e-01
8.8057116e+00	-2.8196364e-02
8.8275206e+00	-5.5268270e-02
8.8493295e+00	-4.5577108e-02
8.8711384e+00	2.1797953e-02
8.8929474e+00	4.3276469e-02
8.9147563e+00	-3.6666303e-02
8.9365652e+00	-5.0258364e-02
8.9583742e+00	4.7662941e-02
8.9801831e+00	-3.8149934e-02
9.0019921e+00	2.6449532e-02
9.0238010e+00	7.1813978e-02
9.0456099e+00	-6.7170357e-02
9.0674189e+00	1.1891146e-01
9.0892278e+00	8.4048000e-02
9.1110368e+00	-2.1723561e-02
9.1328457e+00	-3.3973753e-02
9.1546546e+00	2.7296548e-01
9.1764636e+00	3.5746508e-01
9.1982725e+00	-2.5804026e-02
9.2200814e+00	-1.0900022e-01
9.2418904e+00	-4.7917302e-02
9.2636993e+00	4.2993105e-02
9.2855083e+00	2.1476134e-02
9.3073172e+00	-1.3487203e-01
9.3291261e+00	1.7516415e-01
9.3509351e+00	3.8365888e-02
9.3727440e+00	-2.4733044e-02
9.3945530e+00	3.6560727e-01
9.4163619e+00	9.4569636e-02
9.4381708e+00	-1.0442595e-01
9.4599798e+00	1.7783424e-01
9.4817887e+00	1.4533164e-01
9.5035976e+00	-1.9061971e-01
9.5254066e+00	-1.4599804e-01
9.5472155e+00	1.1553138e-01
9.5690245e+00	2.5009383e-01
9.5908334e+00	8.4527210e-02
9.6126423e+00	1.7152196e-02
9.6344513e+00	-8.9207672e-02
9.6562602e+00	-3.3430048e-02
9.6780691e+00	6.5257769e-02
9.6998781e+00	1.2883725e-01
9.7216870e+00	4.9184564e-02
9.7434960e+00	-8.9388065e-02
9.7653049e+00	-3.3235405e-01
9.7871138e+00	3.0657581e-02
9.8089228e+00	9.2719243e-02
9.8307317e+00	2.2388783e-02
9.8525407e+00	4.4008704e-01
9.8743496e+00	2.5109897e-01
9.8961585e+00	8.7390402e-02
9.9179675e+00	6.8426553e-02
9.9397764e+00	2.1156502e-02
9.9615853e+00	3.2400213e-01
9.9833943e+00	1.6464275e-02
1.0005203e+01	-1.3257040e-01
1.0027012e+01	2.0454220e-03
1.0048821e+01	-1.3590704e-01
1.0070630e+01	7.8337397e-02
1.0092439e+01	3.6264905e-01
1.0114248e+01	2.2510436e-01
1.0136057e+01	5.3744156e-02
1.0157866e+01	1.8350253e-01
1.0179675e+01	6.0260472e-02
1.0201484e+01	2.9484903e-02
1.0223293e+01	-1.6123523e-01
1.0245102e+01	-7.7351802e-02
1.0266910e+01	-1.2597211e-02
1.0288719e+01	7.6636232e-02
1.0310528e+01	-1.8214030e-01
1.0332337e+01	6.7810616e-01
1.0354146e+01	1.0883399e+00
1.0375955e+01	1.4443732e+00
1.0397764e+01	2.0573203e+00
1.0419573e+01	2.1088276e+00
1.0441382e+01	2.4765153e+00
1.0463191e+01	2.8656858e+00
1.0485000e+01	3.1799382e+00
1.0506809e+01	3.5058718e+00
1.0528618e+01	4.1244511e+00
1.0550427e+01	4.9114912e+00
1.0572236e+01	5.5671854e+00
1.0594045e+01	6.5089521e+00
1.0615853e+01	7.0663204e+00
1.0637662e+01	6.5689748e+00
1.0659471e+01	5.7150264e+00
1.0681280e+01	4.7155096e+00
1.0703089e+01	3.6436636e+00
1.0724898e+01	2.4369168e+00
1.0746707e+01	1.4052624e+00
1.0768516e+01	8.4830171e-01
1.0790325e+01	1.3940200e-01
1.0812134e+01	-7.9491431e-02
1.0833943e+01	3.4325018e-01
1.0855752e+01	2.4213704e-01
1.0877561e+01	1.2406203e-01
1.0899370e+01	-4.0914777e-02
1.0921179e+01	-7.1224647e-02
1.0942988e+01	3.3655443e-01
1.0964796e+01	7.3172300e-02
1.0986605e+01	5.5151642e-01
1.1008414e+01	5.2299128e-01
1.1030223e+01	8.0986120e-01
1.1052032e+01	1.2119792e+00
1.1073841e+01	1.6260134e+00
1.1095650e+01	1.7802127e+00
1.1117459e+01	2.0866253e+00
1.1139268e+01	2.4933641e+00
1.1161077e+01	2.6563601e+00
1.1182886e+01	2.9241065e+00
1.1204695e+01	3.4180151e+00
1.1226504e+01	3.1091852e+00
1.1248313e+01	2.8330877e+00
1.1270122e+01	1.5830956e+00
1.1291931e+01	1.0238529e+00
1.1313740e+01	7.7278778e-01
1.1335548e+01	5.8007917e-01
1.1357357e+01	3.2117313e-01
1.1379166e+01	-2.6332366e-02
1.1400975e+01	-1.8916814e-01
1.1422784e+01	-7.2049841e-02
1.1444593e+01	1.0026248e-01
1.1466402e+01	4.5725087e-02
1.1488211e+01	2.7201379e-01
1.1510020e+01	1.2519187e-01
1.1531829e+01	1.0839541e-01
1.1553638e+01	-1.2857297e-03
1.1575447e+01	-1.4952483e-01
1.1597256e+01	-9.5817393e-02
1.1619065e+01	-5.8303803e-02
1.1640874e+01	1.5369626e-01
1.1662683e+01	-4.2791839e-02
1.1684491e+01	1.4722486e-01
1.1706300e+01	1.9568204e-02
1.1728109e+01	2.9367327e-02
1.1749918e+01	-1.2573799e-01
1.1771727e+01	1.6391117e-02
1.1793536e+01	4.0237656e-02
1.1815345e+01	-1.6968828e-01
1.1837154e+01	-3.9202021e-02
1.1858963e+01	1.2394532e-01
1.1880772e+01	2.2880085e-01
1.1902581e+01	8.1821545e-02
1.1924390e+01	3.9500937e-01
1.1946199e+01	5.0375736e-01
1.1968008e+01	4.2489297e-01
1.1989817e+01	3.9842005e-01
1.2011626e+01	1.1378943e-03
1.2033434e+01	1.3422808e-02
1.2055243e+01	-2.3489376e-01
1.2077052e+01	-1.0553171e-01
1.2098861e+01	2.3647835e-02
1.2120670e+01	8.5047315e-02
1.2142479e+01	1.1527656e-01
1.2164288e+01	6.1959508e-02
1.2186097e+01	6.5114283e-02
1.2207906e+01	1.1363651e-03
1.2229715e+01	6.9774911e-03
1.2251524e+01	-1.1386420e-02
1.2273333e+01	-1.4501458e-01
1.2295142e+01	-1.5324062e-02
1.2316951e+01	-4.8404164e-02
1.2338760e+01	-2.4671863e-02
1.2360569e+01	1.9054185e-01
1.2382377e+01	9.7475806e-02
1.2404186e+01	-1.4639532e-02
1.2425995e+01	-3.2245690e-03
1.2447804e+01	1.2555681e-01
1.2469613e+01	6.9126078e-02
1.2491422e+01	-1.8393144e-01
1.2513231e+01	1.3384210e-02
1.2535040e+01	-1.4876998e-01
1.2556849e+01	-1.8733118e-02
1.2578658e+01	2.7237366e-01
1.2600467e+01	9.3245138e-02
1.2622276e+01	-4.6148109e-02
1.2644085e+01	1.9472270e-02
1.2665894e+01	-4.4582616e-02
1.2687703e+01	1.5300217e-01
1.2709512e+01	6.6846129e-02
1.2731320e+01	-1.0916625e-01
1.2753129e+01	-2.0334431e-02
1.2774938e+01	-1.1921115e-01
1.2796747e+01	1.2109315e-01
1.2818556e+01	1.6756460e-01
1.2840365e+01	9.9171831e-02
1.2862174e+01	-1.2780555e-01
1.2883983e+01	-5.0330158e-02
1.2905792e+01	-6.9217508e-02
1.2927601e+01	-1.5334693e-01
1.2949410e+01	-7.3744862e-02
1.2971219e+01	1.7155679e-01
1.2993028e+01	1.0853694e-01
1.3014837e+01	7.5277958e-02
1.3036646e+01	2.0080038e-01
1.3058455e+01	2.4066152e-01
1.3080264e+01	3.6512323e-01
1.3102072e+01	6.4067988e-01
1.3123881e+01	2.6723092e-02
1.3145690e+01	-1.2457050e-01
1.3167499e+01	9.7673256e-02
1.3189308e+01	2.3430277e-01
1.3211117e+01	1.0977772e-01
1.3232926e+01	3.4035540e-01
1.3254735e+01	3.1321992e-01
1.3276544e+01	-4.7576393e-02
1.3298353e+01	-1.4691428e-01
1.3320162e+01	-1.6568909e-01
1.3341971e+01	-2.7737409e-01
1.3363780e+01	3.4436439e-01
1.3385589e+01	3.5621082e-01
1.3407398e+01	2.3566201e-01
1.3429207e+01	3.1135756e-01
1.3451015e+01	3.5666351e-01
1.3472824e+01	1.2047713e-01
1.3494633e+01	-1.6586353e-04
1.3516442e+01	7.7936776e-02
1.3538251e+01	8.8730797e-02
1.3560060e+01	1.2688148e-01
1.3581869e+01	1.2584915e-01
1.3603678e+01	1.6851189e-01
1.3625487e+01	-1.3505573e-02
1.3647296e+01	-1.1598568e-01
1.3669105e+01	-1.9590212e-01
1.3690914e+01	-1.5941051e-01
1.3712723e+01	2.3291575e-02
1.3734532e+01	6.2349210e-02
1.3756341e+01	-5.1533491e-04
1.3778150e+01	4.7978026e-02
1.3799958e+01	-7.2844673e-03
1.3821767e+01	-2.8311809e-02
1.3843576e+01	7.2225317e-03
1.3865385e+01	6.9955248e-02
1.3887194e+01	1.1664275e-01
1.3909003e+01	-6.9354190e-02
1.3930812e+01	-1.1681585e-01
1.3952621e+01	4.8317953e-02
1.3974430e+01	-2.7338600e-03
1.3996239e+01	2.4134930e-01
1.4018048e+01	-2.4978980e-02
1.4039857e+01	2.3850439e-02
1.4061666e+01	-9.3782308e-03
1.4083475e+01	-3.1686098e-02
1.4105284e+01	9.6526985e-02
1.4127093e+01	-9.4021963e-03
1.4148901e+01	-1.5556205e-01
1.4170710e+01	-5.6170914e-02
1.4192519e+01	9.0742072e-03
1.4214328e+01	-1.8535755e-02
1.4236137e+01	5.6099280e-02
1.4257946e+01	1.2917741e-02
1.4279755e+01	1.8831250e-01
1.4301564e+01	1.5339785e-01
1.4323373e+01	7.1961484e-03
1.4345182e+01	-2.2145557e-02
1.4366991e+01	-1.0768962e-01
1.4388800e+01	-2.0027756e-02
1.4410609e+01	6.5708295e-03
1.4432418e+01	-2.3362010e-02
1.4454227e+01	1.9742970e-02
1.4476036e+01	4.3367203e-02
1.4497844e+01	-1.9684039e-02
1.4519653e+01	-1.2741771e-01
1.4541462e+01	-3.8285150e-02
1.4563271e+01	1.6485846e-01
1.4585080e+01	5.9572554e-02
1.4606889e+01	5.6105052e-02
1.4628698e+01	5.3121034e-02
1.4650507e+01	1.3174783e-01
1.4672316e+01	-1.1787611e-01
1.4694125e+01	-6.3844353e-02
1.4715934e+01	-7.1165354e-02
1.4737743e+01	-1.9462782e-01
1.4759552e+01	7.9547363e-02
1.4781361e+01	2.1090916e-02
1.4803170e+01	-2.6032173e-01
1.4824979e+01	-8.3269982e-02
1.4846787e+01	7.8523117e-02
1.4868596e+01	6.8876940e-02
1.4890405e+01	8.7962183e-02
1.4912214e+01	1.1772304e-01
1.4934023e+01	1.7767751e-01
1.4955832e+01	1.4691729e-01
1.4977641e+01	2.8874705e-01
1.4999450e+01	6.1376289e-01
1.5021259e+01	9.0181803e-01
1.5043068e+01	9.1109766e-01
1.5064877e+01	9.6817397e-01
1.5086686e+01	8.5315417e-01
1.5108495e+01	5.2148744e-01
1.5130304e+01	1.4668297e-01
1.5152113e+01	-1.1039434e-01
1.5173922e+01	-1.9776903e-01
1.5195731e+01	-4.9193928e-02
1.5217539e+01	-4.7189585e-02
1.5239348e+01	-1.2226425e-01
1.5261157e+01	9.8853323e-02
1.5282966e+01	-6.9742636e-03
1.5304775e+01	1.9832917e-01
1.5326584e+01	1.5674701e-01
1.5348393e+01	4.1101890e-01
1.5370202e+01	2.4280131e-01
1.5392011e+01	-2.3084391e-02
1.5413820e+01	-3.3884985e-02
1.5435629e+01	-7.2282305e-02
1.5457438e+01	6.4201753e-02
1.5479247e+01	5.5850367e-02
1.5501056e+01	-1.9246284e-01
1.5522865e+01	-8.2082738e-02
1.5544674e+01	-6.8244806e-02
1.5566482e+01	5.7977309e-02
1.5588291e+01	1.5070042e-01
1.5610100e+01	6.2136019e-02
1.5631909e+01	5.2261353e-02
1.5653718e+01	5.4043639e-03
1.5675527e+01	7.6424050e-02
1.5697336e+01	4.1199596e-02
1.5719145e+01	6.4022584e-02
1.5740954e+01	-6.7444462e-02
1.5762763e+01	-1.2011284e-01
1.5784572e+01	-1.7723080e-02
1.5806381e+01	-2.8866041e-02
1.5828190e+01	-4.4787329e-02
1.5849999e+01	-1.5639691e-01
1.5871808e+01	1.8458648e-02
1.5893617e+01	6.1047958e-02
1.5915425e+01	1.4362009e-01
1.5937234e+01	8.6785766e-02
1.5959043e+01	-9.3029047e-02
1.5980852e+01	6.0201529e-02
1.6002661e+01	1.4366121e-02
1.6024470e+01	-6.7640751e-02
1.6046279e+01	-2.0525099e-04
1.6068088e+01	-6.7133219e-02
1.6089897e+01	4.6165338e-02
1.6111706e+01	1.5467582e-01
1.6133515e+01	1.5826951e-03
1.6155324e+01	-1.2508658e-02
1.6177133e+01	-1.0623353e-01
1.6198942e+01	-6.4522681e-02
1.6220751e+01	6.4767091e-02
1.6242560e+01	9.3693592e-03
1.6264368e+01	1.0356006e-01
1.6286177e+01	-8.2462544e-02
1.6307986e+01	-8.1544208e-02
1.6329795e+01	7.7027792e-03
1.6351604e+01	4.1520995e-02
1.6373413e+01	5.7135766e-02
1.6395222e+01	2.8799800e-02
1.6417031e+01	5.3454672e-02
1.6438840e+01	7.7379088e-04
1.6460649e+01	-1.2718519e-01
1.6482458e+01	-1.0697236e-01
1.6504267e+01	1.2021360e-01
1.6526076e+01	-1.5841395e-04
1.6547885e+01	-5.5329198e-03
1.6569694e+01	6.1834833e-02
1.6591503e+01	7.7887885e-03
1.6613311e+01	-5.6601766e-02
1.6635120e+01	2.1353443e-03
1.6656929e+01	-5.3734420e-02
1.6678738e+01	-3.8480658e-02
1.6700547e+01	-4.1208282e-02
1.6722356e+01	1.3326094e-01
1.6744165e+01	3.3998131e-01
1.6765974e+01	6.1195657e-01
1.6787783e+01	6.6721377e-01
1.6809592e+01	6.3050490e-01
1.6831401e+01	5.4486798e-01
1.6853210e+01	8.0715011e-02
1.6875019e+01	-3.3441171e-02
1.6896828e+01	6.4001146e-02
1.6918637e+01	5.7437814e-02
1.6940446e+01	-7.8340449e-02
1.6962254e+01	-5.3964829e-02
1.6984063e+01	7.8305542e-02
1.7005872e+01	-5.4484100e-02
1.7027681e+01	-9.4166473e-02
1.7049490e+01	2.8313886e-03
1.7071299e+01	3.0310121e-02
1.7093108e+01	1.3032141e-02
1.7114917e+01	4.2744765e-02
1.7136726e+01	1.8688929e-02
1.7158535e+01	-7.9986237e-02
1.7180344e+01	5.5482098e-03
1.7202153e+01	1.2246134e-02
1.7223962e+01	2.0528800e-02
1.7245771e+01	-3.7823791e-02
1.7267580e+01	-5.8358582e-03
1.7289389e+01	-3.4223754e-03
1.7311198e+01	-2.3935034e-02
1.7333006e+01	1.6260640e-01
1.7354815e+01	6.2399431e-02
1.7376624e+01	-6.1255299e-02
1.7398433e+01	-7.6864941e-02
1.7420242e+01	-6.7506208e-02
1.7442051e+01	5.0491049e-02
1.7463860e+01	3.3448197e-03
1.7485669e+01	7.6898255e-03
1.7507478e+01	-5.5714516e-02
1.7529287e+01	5.4164394e-02
1.7551096e+01	1.2782786e-01
1.7572905e+01	1.7874369e-02
1.7594714e+01	-3.1708087e-02
1.7616523e+01	-8.1557681e-02
1.7638332e+01	-3.6120215e-02
1.7660141e+01	-1.4944175e-02
1.7681949e+01	1.0301740e-01
1.7703758e+01	-7.8560837e-02
1.7725567e+01	-3.7966751e-02
1.7747376e+01	2.5927210e-02
1.7769185e+01	4.7192607e-02
1.7790994e+01	4.3622891e-02
1.7812803e+01	7.5598964e-02
1.7834612e+01	-1.1141289e-01
1.7856421e+01	-5.5005314e-02
1.7878230e+01	-1.5198311e-02
1.7900039e+01	9.0134162e-02
1.7921848e+01	1.3261730e-01
1.7943657e+01	9.1118021e-03
1.7965466e+01	-1.0338484e-01
1.7987275e+01	-9.2607244e-02
1.8009084e+01	-4.5203027e-02
1.8030892e+01	6.9534881e-02
1.8052701e+01	1.1073804e-02
1.8074510e+01	-1.1337281e-02
1.8096319e+01	3.0938294e-02
1.8118128e+01	6.2023709e-02
1.8139937e+01	-2.7077184e-03
1.8161746e+01	-1.2979040e-01
1.8183555e+01	-6.8390610e-02
1.8205364e+01	8.1739626e-02
1.8227173e+01	1.0068862e-01
1.8248982e+01	1.2583417e-01
1.8270791e+01	4.5039003e-03
1.8292600e+01	-2.7270023e-02
1.8314409e+01	-9.7143278e-02
1.8336218e+01	-7.2069111e-02
1.8358027e+01	-7.8795850e-02
1.8379835e+01	-1.0425686e-01
1.8401644e+01	-3.3679261e-02
1.8423453e+01	5.8339879e-02
1.8445262e+01	6.6819581e-02
1.8467071e+01	7.7414812e-02
1.8488880e+01	1.6749342e-01
1.8510689e+01	6.2364927e-02
1.8532498e+01	9.9050092e-03
1.8554307e+01	-1.3018131e-01
1.8576116e+01	-3.9151478e-02
1.8597925e+01	-7.9141647e-02
1.8619734e+01	2.0803531e-02
1.8641543e+01	1.4010117e-01
1.8663352e+01	7.8372062e-02
1.8685161e+01	7.8176601e-02
1.8706970e+01	7.0352198e-02
1.8728778e+01	-1.0909669e-01
1.8750587e+01	1.4070211e-02
1.8772396e+01	-8.5278435e-02
1.8794205e+01	-1.4763381e-01
1.8816014e+01	1.1747250e-02
1.8837823e+01	4.1698999e-02
1.8859632e+01	8.3069992e-02
1.8881441e+01	-9.9656683e-02
1.8903250e+01	-1.0151698e-01
1.8925059e+01	-5.1928142e-02
1.8946868e+01	1.4200030e-01
1.8968677e+01	1.1001729e-01
1.8990486e+01	-6.3791004e-03
1.9012295e+01	-6.1778816e-03
1.9034104e+01	-8.5016819e-03
1.9055913e+01	-4.0633460e-02
1.9077721e+01	-7.7551131e-03
1.9099530e+01	6.4387374e-02
1.9121339e+01	5.1212215e-02
1.9143148e+01	7.2149120e-02
1.9164957e+01	-4.4302976e-02
1.9186766e+01	-1.4259500e-01
1.9208575e+01	-3.3095650e-02
1.9230384e+01	6.2496506e-02
1.9252193e+01	-8.7183491e-02
1.9274002e+01	-6.9672505e-02
1.9295811e+01	4.9594690e-03
1.9317620e+01	-4.6604942e-03
1.9339429e+01	1.0591266e-01
1.9361238e+01	9.0349139e-02
1.9383047e+01	1.3164896e-01
1.9404856e+01	1.4710840e-01
1.9426665e+01	-8.9482621e-02
1.9448473e+01	-1.5060824e-01
1.9470282e+01	-3.3974063e-02
1.9492091e+01	-3.3185004e-03
1.9513900e+01	1.6042497e-01
1.9535709e+01	-3.9276886e-03
1.9557518e+01	-8.6323740e-02
1.9579327e+01	-7.5273720e-02
1.9601136e+01	-1.7641951e-02
1.9622945e+01	1.8985105e-01
1.9644754e+01	8.5355347e-02
1.9666563e+01	-1.5561825e-01
1.9688372e+01	-9.6911032e-02
1.9710181e+01	1.0306293e-01
1.9731990e+01	8.2131730e-02
1.9753799e+01	8.5382824e-02
1.9775608e+01	-7.8258807e-02
1.9797416e+01	-1.2898419e-01
1.9819225e+01	-5.7080167e-03
1.9841034e+01	-2.4925602e-02
1.9862843e+01	4.7470771e-02
1.9884652e+01	6.2261117e-03
1.9906461e+01	-4.9128211e-02
1.9928270e+01	3.2345024e-02
1.9950079e+01	1.7239616e-01
1.9971888e+01	9.4490195e-02
1.9993697e+01	1.1143339e-01
2.0015506e+01	2.6662923e-02
2.0037315e+01	-8.3144030e-02
2.0059124e+01	-5.3497762e-02
2.0080933e+01	-6.3894363e-02
2.0102742e+01	-9.6071269e-03
2.0124551e+01	-4.9378922e-02
2.0146359e+01	3.5518262e-02
2.0168168e+01	-7.8068086e-02
2.0189977e+01	-1.2063452e-01
2.0211786e+01	-8.1996261e-03
2.0233595e+01	-4.1411941e-02
2.0255404e+01	1.7235699e-01
2.0277213e+01	-3.3694499e-02
2.0299022e+01	6.2755573e-03
2.0320831e+01	1.1862773e-01
2.0342640e+01	1.6773178e-01
2.0364449e+01	3.0066534e-02
2.0386258e+01	-8.3588061e-02
2.0408067e+01	-5.5976085e-02
2.0429876e+01	-1.6172762e-01
2.0451685e+01	-1.7852316e-02
2.0473494e+01	1.2512705e-01
2.0495302e+01	2.8354529e-01
2.0517111e+01	1.8917342e-01
2.0538920e+01	7.9277553e-02
2.0560729e+01	7.8221108e-02
2.0582538e+01	1.1759063e-01
2.0604347e+01	5.5544390e-02
2.0626156e+01	-8.4761521e-02
2.0647965e+01	-1.6882958e-01
2.0669774e+01	-2.4735415e-01
2.0691583e+01	2.3585044e-02
2.0713392e+01	1.2272040e-01
2.0735201e+01	6.7154786e-02
2.0757010e+01	-1.2195711e-01
2.0778819e+01	-9.7422402e-02
2.0800628e+01	3.3069931e-02
2.0822437e+01	7.8885124e-02
2.0844245e+01	1.3202415e-01
2.0866054e+01	5.7872145e-02
2.0887863e+01	-7.2346074e-02
2.0909672e+01	-7.8283625e-02
2.0931481e+01	-2.1054426e-02
2.0953290e+01	-6.0246234e-02
2.0975099e+01	-1.3372527e-02
2.0996908e+01	1.0913501e-01
2.1018717e+01	4.6767601e-01
2.1040526e+01	6.7936009e-01
2.1062335e+01	7.2112313e-01
2.1084144e+01	9.4593001e-01
2.1105953e+01	1.3636736e+00
2.1127762e+01	1.6869228e+00
2.1149571e+01	2.2703824e+00
2.1171380e+01	3.3865023e+00
2.1193188e+01	5.2490705e+00
2.1214997e+01	6.9591047e+00
2.1236806e+01	8.1627749e+00
2.1258615e+01	8.7594708e+00
2.1280424e+01	8.4568145e+00
2.1302233e+01	7.6960218e+00
2.1324042e+01	6.1893424e+00
2.1345851e+01	4.2581044e+00
2.1367660e+01	2.5095546e+00
2.1389469e+01	1.3706418e+00
2.1411278e+01	6.4143299e-01
2.1433087e+01	-2.7439054e-02
2.1454896e+01	-9.3940427e-02
2.1476705e+01	1.5993380e-01
2.1498514e+01	1.0365072e-01
2.1520323e+01	5.4406985e-01
2.1542132e+01	1.0213815e+00
2.1563940e+01	1.1376038e+00
2.1585749e+01	1.2268569e+00
2.1607558e+01	1.0563439e+00
2.1629367e+01	6.5868902e-01
2.1651176e+01	4.2528330e-01
2.1672985e+01	2.0197689e-01
2.1694794e+01	-7.7080585e-02
2.1716603e+01	-2.0627024e-02
2.1738412e+01	-2.6760274e-02
2.1760221e+01	-1.1396914e-01
2.1782030e+01	-1.5514900e-01
2.1803839e+01	1.0898365e-01
2.1825648e+01	1.1376785e-01
2.1847457e+01	8.3726540e-02
2.1869266e+01	5.5485272e-02
2.1891075e+01	-1.7365734e-01
2.1912883e+01	-1.4773933e-01
2.1934692e+01	1.4824478e-01
2.1956501e+01	5.5174101e-02
2.1978310e+01	2.2652427e-01
2.2000119e+01	9.5019359e-02
2.2021928e+01	-1.3163541e-01
2.2043737e+01	5.5270982e-02
2.2065546e+01	-3.6299672e-02
2.2087355e+01	-9.2620298e-02
2.2109164e+01	-8.3238725e-04
2.2130973e+01	-2.5356303e-02
2.2152782e+01	7.0588295e-02
2.2174591e+01	6.7609400e-02
2.2196400e+01	1.2237435e-01
2.2218209e+01	-1.7239772e-02
2.2240018e+01	-1.1933511e-01
2.2261826e+01	2.8142346e-02
2.2283635e+01	4.4766346e-02
2.2305444e+01	-8.6351790e-02
2.2327253e+01	-1.4271385e-01
2.2349062e+01	-5.0055471e-02
2.2370871e+01	1.4542476e-01
2.2392680e+01	8.4595308e-02
2.2414489e+01	-3.4670997e-02
2.2436298e+01	9.9494449e-03
2.2458107e+01	9.8914372e-02
2.2479916e+01	8.0279583e-02
2.2501725e+01	-1.2370330e-01
2.2523534e+01	-1.7337440e-01
2.2545343e+01	1.2974747e-01
2.2567152e+01	1.2075564e-01
2.2588961e+01	-1.3878682e-02
2.2610769e+01	-1.1588504e-01
2.2632578e+01	1.8684176e-02
2.2654387e+01	1.0448531e-01
2.2676196e+01	-5.3563251e-03
2.2698005e+01	-9.9597077e-02
2.2719814e+01	-6.0448961e-02
2.2741623e+01	1.4985572e-01
2.2763432e+01	-1.1297787e-02
2.2785241e+01	-5.9340841e-02
2.2807050e+01	6.2082392e-02
2.2828859e+01	-5.1953647e-02
2.2850668e+01	-1.0384812e-01
2.2872477e+01	1.4913214e-01
2.2894286e+01	9.2640726e-02
2.2916095e+01	7.8913480e-02
2.2937904e+01	-3.8488465e-02
2.2959712e+01	-5.8720687e-02
2.2981521e+01	1.0925637e-02
2.3003330e+01	-7.1445739e-02
2.3025139e+01	-9.9528447e-02
2.3046948e+01	-4.8299299e-03
2.3068757e+01	7.7869796e-02
2.3090566e+01	1.5406502e-02
2.3112375e+01	-1.2158515e-02
2.3134184e+01	-9.7031973e-03
2.3155993e+01	4.4143382e-02
2.3177802e+01	3.5783232e-02
2.3199611e+01	9.3522671e-02
2.3221420e+01	4.8412237e-02
2.3243229e+01	-8.3403817e-02
2.3265038e+01	-1.9571766e-01
2.3286847e+01	-6.5483586e-02
2.3308655e+01	4.6991998e-02
2.3330464e+01	1.1806106e-02
2.3352273e+01	6.7043776e-02
2.3374082e+01	1.2517740e-01
2.3395891e+01	6.4123159e-02
2.3417700e+01	2.5772532e-02
2.3439509e+01	-4.0361030e-02
2.3461318e+01	-1.3663806e-01
2.3483127e+01	-1.7311128e-01
2.3504936e+01	8.2161156e-02
2.3526745e+01	2.0367740e-01
2.3548554e+01	3.5183915e-01
2.3570363e+01	5.8589644e-01
2.3592172e+01	6.0319035e-01
2.3613981e+01	8.4363891e-01
2.3635790e+01	1.1919371e+00
2.3657599e+01	1.8176280e+00
2.3679407e+01	3.1171595e+00
2.3701216e+01	4.4850197e+00
2.3723025e+01	5.8835555e+00
2.3744834e+01	7.2806920e+00
2.3766643e+01	8.0120722e+00
2.3788452e+01	8.9797290e+00
2.3810261e+01	9.3461015e+00
2.3832070e+01	8.7326637e+00
2.3853879e+01	7.6607885e+00
2.3875688e+01	6.6646540e+00
2.3897497e+01	5.3917382e+00
2.3919306e+01	3.9231741e+00
2.3941115e+01	2.6835107e+00
2.3962924e+01	2.0080919e+00
2.3984733e+01	1.2313699e+00
2.4006542e+01	5.9553051e-01
2.4028350e+01	2.0113184e-01
2.4050159e+01	9.3021833e-02
2.4071968e+01	-2.4556296e-02
2.4093777e+01	-1.4561064e-01
2.4115586e+01	2.4560719e-02
2.4137395e+01	8.1310301e-02
2.4159204e+01	5.5421784e-02
2.4181013e+01	3.6232404e-02
2.4202822e+01	-1.3996021e-01
2.4224631e+01	-8.0813007e-02
2.4246440e+01	-4.9221664e-02
2.4268249e+01	-1.3140037e-01
2.4290058e+01	8.4105908e-02
2.4311867e+01	1.0010415e-01
2.4333676e+01	-1.4487211e-01
2.4355485e+01	7.6574541e-02
2.4377293e+01	7.1372545e-02
2.4399102e+01	-5.4872944e-02
2.4420911e+01	-1.8587016e-01
2.4442720e+01	-3.7377699e-02
2.4464529e+01	1.3340551e-01
2.4486338e+01	1.5748890e-01
2.4508147e+01	8.2873456e-02
2.4529956e+01	9.1206129e-02
2.4551765e+01	1.1406285e-01
2.4573574e+01	3.3955568e-01
2.4595383e+01	4.0480048e-01
2.4617192e+01	6.0364727e-01
2.4639001e+01	7.5995376e-01
2.4660810e+01	6.4376676e-02
2.4682619e+01	-6.9998286e-02
2.4704428e+01	-4.2635572e-02
2.4726236e+01	-4.1526701e-02
2.4748045e+01	-1.3003253e-01
2.4769854e+01	-5.5704239e-02
2.4791663e+01	6.4233342e-02
2.4813472e+01	-2.1082667e-03
2.4835281e+01	-1.1197912e-01
2.4857090e+01	5.0095920e-02
2.4878899e+01	4.4872466e-02
2.4900708e+01	-3.0991235e-02
2.4922517e+01	2.5140347e-01
2.4944326e+01	-4.6219280e-02
2.4966135e+01	6.6912174e-02
2.4987944e+01	-3.9872366e-02
2.5009753e+01	8.6779833e-02
2.5031562e+01	3.5706041e-02
2.5053371e+01	-2.0442413e-02
2.5075179e+01	-1.1489043e-01
2.5096988e+01	-7.0355032e-02
2.5118797e+01	-1.0052683e-02
2.5140606e+01	-1.5771025e-02
2.5162415e+01	4.6414017e-02
2.5184224e+01	1.1903747e-02
2.5206033e+01	1.9131040e-01
2.5227842e+01	1.3752732e-01
2.5249651e+01	1.5868702e-02
2.5271460e+01	-7.9212403e-02
2.5293269e+01	-5.1475227e-03
2.5315078e+01	-6.2380636e-03
2.5336887e+01	3.5143931e-02
2.5358696e+01	3.7904096e-02
2.5380505e+01	-1.0084864e-01
2.5402314e+01	-1.4914982e-02
2.5424123e+01	7.6307777e-03
2.5445931e+01	-1.0037593e-01
2.5467740e+01	7.9011451e-02
2.5489549e+01	1.5780818e-01
2.5511358e+01	-3.9532220e-02
2.5533167e+01	-1.4915221e-01
2.5554976e+01	-4.2358059e-02
2.5576785e+01	1.1116467e-01
2.5598594e+01	2.2655812e-02
2.5620403e+01	2.1165781e-02
2.5642212e+01	-3.2185736e-02
2.5664021e+01	2.2122861e-01
2.5685830e+01	2.0502745e-01
2.5707639e+01	-3.2411166e-02
2.5729448e+01	-1.5926360e-01
2.5751257e+01	-7.2600415e-02
2.5773066e+01	-1.6107401e-02
2.5794874e+01	-1.9206686e-02
2.5816683e+01	6.4150414e-03
2.5838492e+01	9.2369794e-02
2.5860301e+01	8.7121585e-03
2.5882110e+01	-5.0784147e-02
2.5903919e+01	1.4265979e-01
2.5925728e+01	3.4890419e-01
2.5947537e+01	6.6498430e-01
2.5969346e+01	1.0102476e+00
2.5991155e+01	1.2972756e+00
2.6012964e+01	1.7082628e+00
2.6034773e+01	1.9871016e+00
2.6056582e+01	2.2192156e+00
2.6078391e+01	2.2824303e+00
2.6100200e+01	1.8716281e+00
2.6122009e+01	1.6231446e+00
2.6143817e+01	1.2828741e+00
2.6165626e+01	8.3182135e-01
2.6187435e+01	4.5896367e-01
2.6209244e+01	1.4613460e-01
2.6231053e+01	-1.8157664e-02
2.6252862e+01	-3.2966098e-02
2.6274671e+01	2.2503078e-02
2.6296480e+01	-6.3854054e-02
2.6318289e+01	-8.3646084e-02
2.6340098e+01	-1.1872522e-02
2.6361907e+01	-8.7702943e-02
2.6383716e+01	-8.5289576e-02
2.6405525e+01	2.0371536e-02
2.6427334e+01	1.3489108e-01
2.6449143e+01	5.7216754e-02
2.6470952e+01	-4.7966223e-02
2.6492760e+01	7.0288638e-02
2.6514569e+01	1.5671198e-02
2.6536378e+01	-4.5438863e-02
2.6558187e+01	8.3480112e-02
2.6579996e+01	2.8103290e-01
2.6601805e+01	4.4074481e-01
2.6623614e+01	6.6288115e-01
2.6645423e+01	5.9906814e-01
2.6667232e+01	5.1249002e-01
2.6689041e+01	3.6092202e-01
2.6710850e+01	2.5640389e-01
2.6732659e+01	-3.9698610e-02
2.6754468e+01	-5.7272172e-02
2.6776277e+01	-6.9467728e-02
2.6798086e+01	-2.2910575e-02
2.6819895e+01	-1.2602377e-01
2.6841703e+01	1.3799767e-02
2.6863512e+01	7.1227814e-02
2.6885321e+01	1.0166627e-01
2.6907130e+01	2.2429224e-01
2.6928939e+01	2.3522305e-01
2.6950748e+01	4.6552745e-02
2.6972557e+01	-5.5356758e-02
2.6994366e+01	2.0748517e-03
2.7016175e+01	1.3167664e-02
2.7037984e+01	3.7829721e-02
2.7059793e+01	-3.3449818e-02
2.7081602e+01	5.7147003e-02
2.7103411e+01	-1.1908243e-01
2.7125220e+01	-7.3228218e-02
2.7147029e+01	3.1840817e-02
2.7168838e+01	3.7289481e-02
2.7190646e+01	-7.1027102e-02
2.7212455e+01	-1.1406222e-02
2.7234264e+01	3.4020579e-03
2.7256073e+01	7.4406486e-02
2.7277882e+01	1.7969660e-01
2.7299691e+01	-4.9776702e-02
2.7321500e+01	-1.5167750e-01
2.7343309e+01	5.9956861e-02
2.7365118e+01	1.4921591e-01
2.7386927e+01	-3.4243039e-02
2.7408736e+01	-6.2179455e-02
2.7430545e+01	-1.1646294e-01
2.7452354e+01	-1.0878322e-03
2.7474163e+01	1.3044848e-01
2.7495972e+01	-8.6151630e-03
2.7517781e+01	-8.9670568e-02
2.7539590e+01	5.1332304e-02
2.7561398e+01	2.1416281e-02
2.7583207e+01	-1.0332501e-02
2.7605016e+01	-1.4799455e-01
2.7626825e+01	4.2506705e-03
2.7648634e+01	1.4661379e-01
2.7670443e+01	3.1698992e-02
2.7692252e+01	5.4436580e-02
2.7714061e+01	2.8942286e-01
2.7735870e+01	5.6103049e-01
2.7757679e+01	5.7783711e-01
2.7779488e+01	6.1214924e-01
2.7801297e+01	6.1567935e-01
2.7823106e+01	5.0688792e-01
2.7844915e+01	4.8904137e-01
2.7866724e+01	3.7182264e-01
2.7888533e+01	9.0591746e-02
2.7910341e+01	2.4042939e-02
2.7932150e+01	-1.2256546e-01
2.7953959e+01	1.0018616e-01
2.7975768e+01	5.4667831e-02
2.7997577e+01	-7.0356836e-02
2.8019386e+01	-7.2384387e-02
2.8041195e+01	-1.1085548e-01
2.8063004e+01	-6.9966312e-02
2.8084813e+01	6.3973989e-02
2.8106622e+01	-3.4049859e-02
2.8128431e+01	-3.7516409e-02
2.8150240e+01	3.3489222e-02
2.8172049e+01	-6.3797083e-02
2.8193858e+01	4.3323448e-02
2.8215667e+01	9.9207770e-02
2.8237476e+01	3.3318044e-02
2.8259284e+01	1.4825512e-01
2.8281093e+01	1.1051838e-01
2.8302902e+01	7.8956350e-02
2.8324711e+01	1.2563014e-02
2.8346520e+01	-1.0411865e-01
2.8368329e+01	-2.9873145e-01
2.8390138e+01	-1.9556876e-01
2.8411947e+01	-1.0374722e-01
2.8433756e+01	-1.0016539e-02
2.8455565e+01	1.1375565e-01
2.8477374e+01	3.5445246e-02
2.8499183e+01	1.4909207e-01
2.8520992e+01	9.5405330e-02
2.8542801e+01	1.5907471e-01
2.8564610e+01	2.8873668e-01
2.8586419e+01	2.6674909e-01
2.8608227e+01	3.0761303e-01
2.8630036e+01	1.4637864e-01
2.8651845e+01	-3.0202542e-03
2.8673654e+01	4.3922448e-02
2.8695463e+01	-1.7543628e-02
2.8717272e+01	-1.2003830e-01
2.8739081e+01	-1.2417908e-01
2.8760890e+01	9.9068650e-02
2.8782699e+01	1.7303737e-02
2.8804508e+01	-3.9360490e-02
2.8826317e+01	-1.2895192e-01
2.8848126e+01	-1.3561998e-01
2.8869935e+01	-8.0771166e-05
2.8891744e+01	4.7591184e-02
2.8913553e+01	3.0328053e-02
2.8935362e+01	-3.9102581e-02
2.8957170e+01	4.1533170e-02
2.8978979e+01	5.3488071e-02
2.9000788e+01	4.7117865e-02
2.9022597e+01	-1.9514543e-02
2.9044406e+01	5.6649646e-02
2.9066215e+01	3.3932194e-02
2.9088024e+01	4.0294618e-03
2.9109833e+01	-7.1700913e-02
2.9131642e+01	-4.9613746e-03
2.9153451e+01	2.2858327e-02
2.9175260e+01	6.3679605e-02
2.9197069e+01	-1.3988257e-01
2.9218878e+01	-6.2331092e-02
2.9240687e+01	8.5654858e-02
2.9262496e+01	-1.0378617e-02
2.9284305e+01	3.2853382e-02
2.9306113e+01	1.1273328e-03
2.9327922e+01	6.9306596e-02
2.9349731e+01	-4.1272987e-02
2.9371540e+01	-4.9468693e-02
2.9393349e+01	5.6804316e-03
2.9415158e+01	4.9019810e-02
2.9436967e+01	3.2871868e-02
2.9458776e+01	3.3800768e-02
2.9480585e+01	-5.2597058e-02
2.9502394e+01	-4.7944562e-02
2.9524203e+01	1.2827107e-01
2.9546012e+01	8.0179308e-02
2.9567821e+01	-2.7140614e-02
2.9589630e+01	-2.1399160e-02
2.9611439e+01	-1.6368367e-01
2.9633248e+01	-8.2001701e-02
2.9655057e+01	-6.1847748e-02
2.9676865e+01	1.3458828e-02
2.9698674e+01	1.0478785e-01
2.9720483e+01	-3.1232413e-02
2.9742292e+01	-1.1994433e-01
2.9764101e+01	-2.7018741e-02
2.9785910e+01	1.4387352e-01
2.9807719e+01	1.8604771e-01
2.9829528e+01	2.1359069e-02
2.9851337e+01	8.0624499e-03
2.9873146e+01	-1.8928063e-02
2.9894955e+01	2.8769341e-01
2.9916764e+01	5.6619317e-01
2.9938573e+01	1.1534925e+00
2.9960382e+01	1.8015396e+00
2.9982191e+01	2.6131828e+00
3.0004000e+01	3.8579621e+00
3.0025808e+01	4.6442269e+00
3.0047617e+01	5.2750703e+00
3.0069426e+01	5.8953425e+00
3.0091235e+01	6.2169038e+00
3.0113044e+01	6.1210534e+00
3.0134853e+01	5.7554305e+00
3.0156662e+01	4.7854042e+00
3.0178471e+01	3.5997139e+00
3.0200280e+01	2.6466626e+00
3.0222089e+01	1.7399727e+00
3.0243898e+01	1.1599983e+00
3.0265707e+01	5.4554670e-01
3.0287516e+01	2.2313602e-01
3.0309325e+01	5.5023361e-02
3.0331134e+01	-1.5576680e-02
3.0352943e+01	9.2828788e-02
3.0374751e+01	-5.3629596e-02
3.0396560e+01	-4.8318469e-02
3.0418369e+01	-9.4731277e-02
3.0440178e+01	-2.5219344e-02
3.0461987e+01	-5.6754894e-03
3.0483796e+01	3.3250552e-02
3.0505605e+01	-2.8873008e-02
3.0527414e+01	-1.2194190e-02
3.0549223e+01	-2.9328142e-02
3.0571032e+01	3.8402044e-02
3.0592841e+01	4.5336315e-02
3.0614650e+01	-1.8645643e-01
3.0636459e+01	-1.4020408e-01
3.0658268e+01	4.4088673e-02
3.0680077e+01	1.7265311e-03
3.0701886e+01	1.1693731e-01
3.0723694e+01	6.1136372e-02
3.0745503e+01	1.3336148e-01
3.0767312e+01	2.6225521e-01
3.0789121e+01	9.0014331e-02
3.0810930e+01	6.2087269e-02
3.0832739e+01	-4.8792447e-02
3.0854548e+01	-9.1422048e-02
3.0876357e+01	1.3563160e-02
3.0898166e+01	3.9560049e-02
3.0919975e+01	4.1401473e-02
3.0941784e+01	-2.4292871e-02
3.0963593e+01	-6.5052977e-02
3.0985402e+01	1.4475370e-02
3.1007211e+01	1.2297435e-02
3.1029020e+01	-4.0510833e-02
3.1050829e+01	-1.6443845e-01
3.1072637e+01	-3.4031624e-02
3.1094446e+01	4.1495706e-02
3.1116255e+01	-3.7033585e-02
3.1138064e+01	1.2409590e-02
3.1159873e+01	4.5401219e-02
3.1181682e+01	-2.9136403e-02
3.1203491e+01	1.0114103e-02
3.1225300e+01	6.4687764e-02
3.1247109e+01	6.4357194e-02
3.1268918e+01	7.8599025e-03
3.1290727e+01	9.2118866e-02
3.1312536e+01	1.0338359e-01
3.1334345e+01	2.3735974e-02
3.1356154e+01	2.5976332e-03
3.1377963e+01	-1.6379736e-01
3.1399772e+01	-1.1069939e-01
3.1421580e+01	-1.7819933e-02
3.1443389e+01	-4.4756577e-03
3.1465198e+01	-7.0641723e-02
3.1487007e+01	-2.1630070e-04
3.1508816e+01	5.7231819e-02
3.1530625e+01	-3.8082954e-02
3.1552434e+01	3.4786545e-02
3.1574243e+01	-2.2665632e-02
3.1596052e+01	-2.4878346e-02
3.1617861e+01	7.9146517e-02
3.1639670e+01	1.9483796e-02
3.1661479e+01	-4.3457590e-02
3.1683288e+01	-6.8412816e-03
3.1705097e+01	7.7959145e-02
3.1726906e+01	4.0458988e-01
3.1748715e+01	7.4790487e-01
3.1770524e+01	1.2389747e+00
3.1792332e+01	2.0600709e+00
3.1814141e+01	2.9681012e+00
3.1835950e+01	3.7395260e+00
3.1857759e+01	4.5145740e+00
3.1879568e+01	5.2356827e+00
3.1901377e+01	5.6046997e+00
3.1923186e+01	5.8308806e+00
3.1944995e+01	5.7737310e+00
3.1966804e+01	5.2949884e+00
3.1988613e+01	4.4639745e+00
3.2010422e+01	3.4996257e+00
3.2032231e+01	2.4744388e+00
3.2054040e+01	1.6154382e+00
3.2075849e+01	9.9670258e-01
3.2097658e+01	4.1602246e-01
3.2119467e+01	2.1874452e-02
3.2141275e+01	2.8804425e-02
3.2163084e+01	9.3987427e-02
3.2184893e+01	6.2287186e-02
3.2206702e+01	-3.0878264e-02
3.2228511e+01	-7.9868076e-02
3.2250320e+01	-4.6344693e-02
3.2272129e+01	2.9584243e-03
3.2293938e+01	-1.8221087e-01
3.2315747e+01	1.1538842e-02
3.2337556e+01	8.6825635e-02
3.2359365e+01	-4.1275168e-02
3.2381174e+01	3.6624276e-03
3.2402983e+01	4.4817226e-03
3.2424792e+01	5.5619147e-02
3.2446601e+01	4.8550007e-02
3.2468410e+01	-4.0821408e-02
3.2490218e+01	-6.3489728e-02
3.2512027e+01	-2.9820409e-02
3.2533836e+01	-5.9274970e-02
3.2555645e+01	5.2158514e-02
3.2577454e+01	1.4612383e-02
3.2599263e+01	7.5204380e-02
3.2621072e+01	7.5771382e-02
3.2642881e+01	7.2607657e-02
3.2664690e+01	-3.4387823e-02
3.2686499e+01	-2.9419365e-02
3.2708308e+01	-2.2579575e-02
3.2730117e+01	9.3246020e-02
3.2751926e+01	-1.9520997e-02
3.2773735e+01	-1.3842035e-01
3.2795544e+01	-6.6903566e-02
3.2817353e+01	-1.4629258e-02
3.2839161e+01	-3.7335273e-02
3.2860970e+01	1.0691772e-01
3.2882779e+01	6.9671022e-02
3.2904588e+01	-9.0954699e-03
3.2926397e+01	-3.5966497e-02
3.2948206e+01	8.2012032e-02
3.2970015e+01	-4.5973461e-02
3.2991824e+01	-3.1822383e-02
3.3013633e+01	-2.3700201e-02
3.3035442e+01	-1.9591199e-02
3.3057251e+01	1.4617795e-02
3.3079060e+01	6.5915471e-02
3.3100869e+01	1.3299475e-02
3.3122678e+01	2.3286124e-02
3.3144487e+01	-1.0530522e-02
3.3166296e+01	4.5377970e-02
3.3188104e+01	-1.3499330e-02
3.3209913e+01	-1.4463550e-01
3.3231722e+01	-4.4341089e-02
3.3253531e+01	7.8195487e-02
3.3275340e+01	8.9539324e-02
3.3297149e+01	2.7755136e-02
3.3318958e+01	-6.2068951e-02
3.3340767e+01	3.2566038e-03
3.3362576e+01	3.7319026e-03
3.3384385e+01	1.4203680e-02
3.3406194e+01	-1.0509251e-01
3.3428003e+01	-1.0990140e-01
3.3449812e+01	3.5719198e-02
3.3471621e+01	5.7887086e-03
3.3493430e+01	1.3334870e-01
3.3515239e+01	3.7980411e-01
3.3537047e+01	5.4168949e-01
3.3558856e+01	5.5139250e-01
3.3580665e+01	7.1276856e-01
3.3602474e+01	8.0754898e-01
3.3624283e+01	9.3744403e-01
3.3646092e+01	9.6361102e-01
3.3667901e+01	8.7458122e-01
3.3689710e+01	8.6954693e-01
3.3711519e+01	6.2881444e-01
3.3733328e+01	4.2906902e-01
3.3755137e+01	2.9460797e-01
3.3776946e+01	2.2056804e-02
3.3798755e+01	-3.5667864e-02
3.3820564e+01	3.4661273e-02
3.3842373e+01	9.1032966e-02
3.3864182e+01	7.0825697e-02
3.3885991e+01	-4.3929737e-02
3.3907799e+01	1.4680353e-02
3.3929608e+01	-8.3451536e-02
3.3951417e+01	-6.9538026e-02
3.3973226e+01	-1.1126929e-01
3.3995035e+01	3.6879085e-02
3.4016844e+01	1.1828833e-01
3.4038653e+01	-7.8644125e-02
3.4060462e+01	-1.3785434e-01
3.4082271e+01	4.5418305e-03
3.4104080e+01	1.8028658e-01
3.4125889e+01	1.5419099e-01
3.4147698e+01	-3.8964624e-02
3.4169507e+01	-1.8661118e-02
3.4191316e+01	4.7949937e-02
3.4213125e+01	6.6816491e-02
3.4234934e+01	-3.0577810e-02
3.4256742e+01	-1.5893349e-02
3.4278551e+01	-4.4018125e-03
3.4300360e+01	-1.7832588e-02
3.4322169e+01	-6.9363528e-02
3.4343978e+01	1.8693429e-02
3.4365787e+01	1.7831105e-03
3.4387596e+01	-3.0725992e-02
3.4409405e+01	-4.3581729e-02
3.4431214e+01	1.0125368e-01
3.4453023e+01	6.4932343e-03
3.4474832e+01	-3.1961799e-02
3.4496641e+01	-5.8065169e-02
3.4518450e+01	-3.1587963e-03
3.4540259e+01	1.7395473e-02
3.4562068e+01	1.7627940e-02
3.4583877e+01	4.5673643e-02
3.4605685e+01	9.8086371e-03
3.4627494e+01	3.8928141e-02
3.4649303e+01	1.6456114e-02
3.4671112e+01	-2.3627854e-02
3.4692921e+01	-6.9405254e-02
3.4714730e+01	3.5715466e-02
3.4736539e+01	8.0118015e-02
3.4758348e+01	-1.3300744e-01
3.4780157e+01	-7.7486554e-02
3.4801966e+01	-3.4546471e-02
3.4823775e+01	1.0056624e-01
3.4845584e+01	1.5202401e-01
3.4867393e+01	3.8009443e-02
3.4889202e+01	-5.9487173e-02
3.4911011e+01	-7.9857680e-02
3.4932820e+01	1.5807567e-02
3.4954628e+01	5.9140851e-02
3.4976437e+01	-1.7833100e-02
3.4998246e+01	2.1441529e-02
3.5020055e+01	5.3834483e-02
3.5041864e+01	-8.6948975e-02
3.5063673e+01	-9.1499680e-02
3.5085482e+01	-2.0887414e-02
3.5107291e+01	4.2180809e-02
3.5129100e+01	5.9403691e-02
3.5150909e+01	2.6978638e-02
3.5172718e+01	1.2191662e-02
3.5194527e+01	-7.4933138e-02
3.5216336e+01	-8.0674120e-02
3.5238145e+01	4.6293816e-02
3.5259954e+01	5.0488625e-02
3.5281763e+01	-1.8113879e-02
3.5303571e+01	1.8112926e-02
3.5325380e+01	7.7558954e-02
3.5347189e+01	1.4656704e-01
3.5368998e+01	2.3449205e-02
3.5390807e+01	-1.1852238e-01
3.5412616e+01	-2.9549564e-02
3.5434425e+01	1.8202430e-02
3.5456234e+01	-1.3600020e-01
3.5478043e+01	-4.7517307e-02
3.5499852e+01	-7.4519466e-02
3.5521661e+01	-1.1050853e-02
3.5543470e+01	-2.6259975e-02
3.5565279e+01	5.4084630e-02
3.5587088e+01	9.6433197e-02
3.5608897e+01	8.2410742e-02
3.5630706e+01	4.8262749e-02
3.5652514e+01	2.2580725e-02
3.5674323e+01	1.2880665e-01
3.5696132e+01	-1.7810748e-02
3.5717941e+01	-7.4932081e-02
3.5739750e+01	2.4772250e-03
3.5761559e+01	1.4806617e-01
3.5783368e+01	-7.7870049e-04
3.5805177e+01	-1.2999711e-01
3.5826986e+01	-6.5918882e-02
3.5848795e+01	7.0208316e-02
3.5870604e+01	4.8216734e-02
3.5892413e+01	3.7297918e-04
3.5914222e+01	1.2626263e-01
3.5936031e+01	-4.4338158e-02
3.5957840e+01	-2.5159558e-01
3.5979649e+01	-4.1994840e-01
3.6001458e+01	-1.9494897e-02
3.6023266e+01	2.6038957e-02
3.6045075e+01	1.3934649e-01
3.6066884e+01	2.1051522e-01
3.6088693e+01	9.9678377e-02
3.6110502e+01	1.7985417e-01
3.6132311e+01	1.3954258e-01
3.6154120e+01	8.1975187e-02
3.6175929e+01	9.8508250e-02
3.6197738e+01	1.2877389e-02
3.6219547e+01	-8.5618597e-02
3.6241356e+01	-6.8729149e-02
3.6263165e+01	-3.4540006e-02
3.6284974e+01	1.5051708e-02
3.6306783e+01	-1.4764036e-01
3.6328592e+01	-1.0761301e-01
3.6350401e+01	-6.5517577e-03
3.6372209e+01	9.5425822e-02
3.6394018e+01	-1.8800714e-02
3.6415827e+01	2.2442931e-03
3.6437636e+01	1.1828868e-01
3.6459445e+01	1.1892958e-01
3.6481254e+01	-5.8324565e-02
3.6503063e+01	-6.5025060e-02
3.6524872e+01	1.5351453e-01
3.6546681e+01	-1.1922126e-01
3.6568490e+01	-2.2093645e-02
3.6590299e+01	-1.1094393e-01
3.6612108e+01	-2.6631520e-02
3.6633917e+01	2.1063199e-02
3.6655726e+01	5.0723979e-02
3.6677535e+01	-2.2136407e-04
3.6699344e+01	1.4458513e-01
3.6721152e+01	5.3532378e-01
3.6742961e+01	7.9102184e-01
3.6764770e+01	1.0069804e+00
3.6786579e+01	1.2168284e+00
3.6808388e+01	1.4764909e+00
3.6830197e+01	1.7019510e+00
3.6852006e+01	1.9080417e+00
3.6873815e+01	2.0282621e+00
3.6895624e+01	2.0256312e+00
3.6917433e+01	1.9440990e+00
3.6939242e+01	1.7689575e+00
3.6961051e+01	1.5162269e+00
3.6982860e+01	1.2039401e+00
3.7004669e+01	1.1718623e+00
3.7026478e+01	9.6367332e-01
3.7048287e+01	1.0742563e+00
3.7070095e+01	8.4969538e-01
3.7091904e+01	1.2384448e-01
3.7113713e+01	-7.5571341e-02
3.7135522e+01	9.7234662e-02
3.7157331e+01	-7.9493054e-02
3.7179140e+01	-9.9373175e-02
3.7200949e+01	-6.8083907e-02
3.7222758e+01	6.2894797e-02
3.7244567e+01	1.2000609e-01
3.7266376e+01	-1.1514057e-01
3.7288185e+01	8.2517278e-02
3.7309994e+01	5.1362976e-02
3.7331803e+01	-3.8038354e-02
3.7353612e+01	-2.3729028e-01
3.7375421e+01	-1.5888096e-01
3.7397230e+01	6.2589095e-02
3.7419038e+01	1.8955739e-01
3.7440847e+01	1.0529055e-01
3.7462656e+01	1.7123872e-01
3.7484465e+01	9.3022725e-01
3.7506274e+01	8.4694637e-01
3.7528083e+01	2.6287429e-01
3.7549892e+01	8.2297229e-02
3.7571701e+01	-1.4053551e-01
3.7593510e+01	9.5558879e-02
3.7615319e+01	5.4940652e-02
3.7637128e+01	-1.9557561e-01
3.7658937e+01	9.0356588e-03
3.7680746e+01	-9.3860794e-02
3.7702555e+01	1.8369207e-02
3.7724364e+01	8.9854322e-02
3.7746173e+01	-6.5169369e-02
3.7767981e+01	-8.1338018e-02
3.7789790e+01	4.7798153e-02
3.7811599e+01	1.7102991e-01
3.7833408e+01	3.2194169e-01
3.7855217e+01	3.1920345e-01
3.7877026e+01	3.6602214e-01
3.7898835e+01	3.3458575e-01
3.7920644e+01	2.1113022e-02
3.7942453e+01	1.0819445e-01
3.7964262e+01	-1.4256909e-01
3.7986071e+01	2.3489304e-02
3.8007880e+01	2.5355174e-01
3.8029689e+01	1.3496995e-02
3.8051498e+01	3.7286105e-02
3.8073307e+01	-9.5957701e-02
3.8095116e+01	1.4416502e-02
3.8116925e+01	-1.0070698e-01
3.8138733e+01	4.9106822e-02
3.8160542e+01	3.0963056e-01
3.8182351e+01	8.2343982e-01
3.8204160e+01	1.3047041e+00
3.8225969e+01	1.3805448e+00
3.8247778e+01	1.5804175e+00
3.8269587e+01	2.0052796e+00
3.8291396e+01	2.5540496e+00
3.8313205e+01	2.7264251e+00
3.8335014e+01	2.9807384e+00
3.8356823e+01	2.9571441e+00
3.8378632e+01	2.6598547e+00
3.8400441e+01	2.5463726e+00
3.8422250e+01	2.3070123e+00
3.8444059e+01	1.8698443e+00
3.8465868e+01	1.4502221e+00
3.8487676e+01	1.1386152e+00
3.8509485e+01	8.7971499e-01
3.8531294e+01	4.6918402e-01
3.8553103e+01	4.9083769e-02
3.8574912e+01	2.9989804e-01
3.8596721e+01	6.7950295e-02
3.8618530e+01	-5.3456045e-02
3.8640339e+01	-3.3367644e-02
3.8662148e+01	6.8384235e-02
3.8683957e+01	-6.0816973e-02
3.8705766e+01	-9.0328710e-02
3.8727575e+01	6.5990407e-02
3.8749384e+01	-2.7187515e-02
3.8771193e+01	4.5388933e-02
3.8793002e+01	-3.0743155e-02
3.8814811e+01	-1.0719119e-01
3.8836619e+01	8.3784614e-02
3.8858428e+01	1.9645494e-01
3.8880237e+01	7.5914789e-02
3.8902046e+01	1.5052458e-02
3.8923855e+01	-4.7458464e-02
3.8945664e+01	-1.4153487e-01
3.8967473e+01	2.5957790e-02
3.8989282e+01	-5.4271600e-03
3.9011091e+01	-1.2202252e-01
3.9032900e+01	-5.9550419e-02
3.9054709e+01	1.7437433e-01
3.9076518e+01	1.3932751e-01
3.9098327e+01	6.5009807e-02
3.9120136e+01	-3.1170015e-02
3.9141945e+01	-3.7501553e-02
3.9163754e+01	2.0788303e-01
3.9185562e+01	3.6221008e-01
3.9207371e+01	-2.4378445e-01
3.9229180e+01	-5.4498135e-03
3.9250989e+01	6.5225855e-02
3.9272798e+01	-1.0458141e-02
3.9294607e+01	1.3828622e-01
3.9316416e+01	6.8947173e-02
3.9338225e+01	-3.8733231e-02
3.9360034e+01	4.4839327e-02
3.9381843e+01	-8.8889270e-02
3.9403652e+01	-2.0655964e-01
3.9425461e+01	8.2935347e-02
3.9447270e+01	1.1336812e-01
3.9469079e+01	5.5882190e-02
3.9490888e+01	1.6842830e-01
3.9512697e+01	-6.8033343e-02
3.9534505e+01	-1.4127725e-01
3.9556314e+01	-3.3742528e-02
3.9578123e+01	3.9684907e-02
3.9599932e+01	4.6207932e-01
3.9621741e+01	7.9849371e-01
3.9643550e+01	8.5564001e-01
3.9665359e+01	8.3538412e-01
3.9687168e+01	1.0454910e+00
3.9708977e+01	1.1699785e+00
3.9730786e+01	1.5384326e+00
3.9752595e+01	1.7286572e+00
3.9774404e+01	1.5922113e+00
3.9796213e+01	1.7898996e+00
3.9818022e+01	1.9394463e+00
3.9839831e+01	1.7276121e+00
3.9861640e+01	1.4827651e+00
3.9883449e+01	1.4404720e+00
3.9905257e+01	9.4940892e-01
3.9927066e+01	6.2565169e-01
3.9948875e+01	3.7666425e-01
3.9970684e+01	1.9704750e-01
3.9992493e+01	1.6213190e-02
4.0014302e+01	6.3826218e-02
4.0036111e+01	8.5047454e-02
4.0057920e+01	-6.9443772e-02
4.0079729e+01	-7.9378053e-02
4.0101538e+01	6.3696459e-02
4.0123347e+01	-1.5489174e-01
4.0145156e+01	-6.3287550e-02
4.0166965e+01	2.0862161e-02
4.0188774e+01	-2.6644298e-02
4.0210583e+01	5.6160112e-02
4.0232392e+01	7.3847012e-02
4.0254200e+01	-4.6390520e-02
4.0276009e+01	-2.0741572e-02
4.0297818e+01	-1.4406738e-01
4.0319627e+01	1.5081065e-01
4.0341436e+01	6.6225334e-02
4.0363245e+01	1.8546072e-02
4.0385054e+01	-7.2171909e-02
4.0406863e+01	-8.4991832e-02
4.0428672e+01	9.0658477e-02
4.0450481e+01	5.7851997e-02
4.0472290e+01	-2.9500178e-02
4.0494099e+01	-5.6035237e-02
4.0515908e+01	7.5296403e-02
4.0537717e+01	1.9543772e-01
4.0559526e+01	2.3202261e-02
4.0581335e+01	-1.6221984e-01
4.0603143e+01	-7.4186271e-02
4.0624952e+01	-1.4594516e-03
4.0646761e+01	7.8918767e-02
4.0668570e+01	-4.6763892e-02
4.0690379e+01	5.9659412e-02
4.0712188e+01	9.0764811e-02
4.0733997e+01	-2.4389201e-02
4.0755806e+01	-2.4287162e-02
4.0777615e+01	1.1367181e-01
4.0799424e+01	-4.5804381e-02
4.0821233e+01	-1.3474396e-01
4.0843042e+01	-6.5608302e-03
4.0864851e+01	4.9943468e-02
4.0886660e+01	2.5876484e-01
4.0908469e+01	-1.3961623e-01
4.0930278e+01	6.0943252e-02
4.0952086e+01	2.4267709e-01
4.0973895e+01	1.0135410e-01
4.0995704e+01	-6.4122696e-02
4.1017513e+01	3.4105641e-01
4.1039322e+01	3.5918016e-01
4.1061131e+01	-1.2029565e-02
4.1082940e+01	-1.9255549e-02
4.1104749e+01	-9.7948992e-02
4.1126558e+01	-1.8266761e-02
4.1148367e+01	1.0257505e-01
4.1170176e+01	5.2119728e-02
4.1191985e+01	6.6613995e-02
4.1213794e+01	-6.6324760e-02
4.1235603e+01	-1.5905472e-01
4.1257412e+01	8.8586373e-02
4.1279221e+01	-7.5182425e-02
4.1301029e+01	1.6427421e-01
4.1322838e+01	1.2461438e-01
4.1344647e+01	1.2466035e-02
4.1366456e+01	9.9389623e-03
4.1388265e+01	6.9440373e-02
4.1410074e+01	-1.7597113e-02
4.1431883e+01	-2.5977722e-01
4.1453692e+01	-2.8305593e-02
4.1475501e+01	1.1417335e-01
4.1497310e+01	-1.0942686e-01
4.1519119e+01	6.0825350e-02
4.1540928e+01	1.1248294e-01
4.1562737e+01	9.1033701e-02
4.1584546e+01	3.1707614e-03
4.1606355e+01	-7.3246251e-03
4.1628164e+01	-2.4710672e-01
4.1649972e+01	-1.3939393e-01
4.1671781e+01	2.0976124e-01
4.1693590e+01	-2.0399327e-02
4.1715399e+01	-8.4048128e-02
4.1737208e+01	1.3321980e-01
4.1759017e+01	2.7768876e-01
4.1780826e+01	2.6922438e-01
4.1802635e+01	1.3326763e-01
4.1824444e+01	2.4847025e-01
4.1846253e+01	7.8063568e-02
4.1868062e+01	3.4581308e-02
4.1889871e+01	1.3474277e-01
4.1911680e+01	-4.2968881e-02
4.1933489e+01	2.2394209e-02
4.1955298e+01	-6.4964331e-02
4.1977107e+01	-2.0004394e-01
4.1998916e+01	-1.8014964e-02
4.2020724e+01	1.0438237e-01
4.2042533e+01	-1.1229616e-01
4.2064342e+01	1.4052274e-02
4.2086151e+01	3.9236157e-01
4.2107960e+01	1.4053937e-01
4.2129769e+01	-3.2375701e-02
4.2151578e+01	4.7797356e-02
4.2173387e+01	-1.6919183e-01
4.2195196e+01	-8.1318942e-02
4.2217005e+01	9.9303020e-02
4.2238814e+01	1.0172942e-01
4.2260623e+01	7.8926725e-02
4.2282432e+01	-2.1399912e-01
4.2304241e+01	-1.4451024e-01
4.2326050e+01	2.1624527e-02
4.2347859e+01	1.2109030e-01
4.2369667e+01	1.0427963e-01
4.2391476e+01	5.3629224e-03
4.2413285e+01	7.6194788e-01
4.2435094e+01	1.1302628e+00
4.2456903e+01	1.4500490e+00
4.2478712e+01	1.4328876e+00
4.2500521e+01	1.5477821e+00
4.2522330e+01	1.5853996e+00
4.2544139e+01	1.8759345e+00
4.2565948e+01	2.1425661e+00
4.2587757e+01	2.0846395e+00
4.2609566e+01	2.1765042e+00
4.2631375e+01	1.9808284e+00
4.2653184e+01	1.6444513e+00
4.2674993e+01	1.4549502e+00
4.2696802e+01	1.0985685e+00
4.2718610e+01	1.1875324e+00
4.2740419e+01	1.0423812e+00
4.2762228e+01	7.2833415e-01
4.2784037e+01	4.8110856e-01
4.2805846e+01	5.1567470e-01
4.2827655e+01	2.7238063e-01
4.2849464e+01	6.9262994e-02
4.2871273e+01	3.0737521e-01
4.2893082e+01	2.2595669e-02
4.2914891e+01	-8.1133841e-02
4.2936700e+01	-1.2217334e-01
4.2958509e+01	7.5958347e-02
4.2980318e+01	2.9943773e-01
4.3002127e+01	3.7542511e-01
4.3023936e+01	-3.6089802e-03
4.3045745e+01	-2.3120228e-02
4.3067553e+01	8.9518821e-02
4.3089362e+01	1.2109674e-01
4.3111171e+01	4.2401398e-01
4.3132980e+01	9.2321687e-02
4.3154789e+01	-3.3855179e-01
4.3176598e+01	-3.1833441e-02
4.3198407e+01	4.9045178e-01
4.3220216e+01	4.7065349e-01
4.3242025e+01	2.9488943e-01
4.3263834e+01	3.8072875e-01
4.3285643e+01	3.6089821e-01
4.3307452e+01	1.3742783e-01
4.3329261e+01	-3.8424529e-02
4.3351070e+01	2.0418044e-01
4.3372879e+01	-1.3106168e-01
4.3394688e+01	1.6306214e-01
4.3416496e+01	3.1684357e-01
4.3438305e+01	-1.0912027e-01
4.3460114e+01	-1.3826628e-01
4.3481923e+01	1.6119682e-01
4.3503732e+01	1.4892611e-01
4.3525541e+01	6.3776645e-02
4.3547350e+01	-2.0769822e-01
4.3569159e+01	-7.0184073e-02
4.3590968e+01	1.6683578e-01
4.3612777e+01	5.1023139e-02
4.3634586e+01	4.9696839e-01
4.3656395e+01	1.0044213e+00
4.3678204e+01	1.6359640e+00
4.3700013e+01	2.2019656e+00
4.3721822e+01	2.3126170e+00
4.3743631e+01	3.1903695e+00
4.3765439e+01	3.3180061e+00
4.3787248e+01	3.9487579e+00
4.3809057e+01	4.4472919e+00
4.3830866e+01	4.7175383e+00
4.3852675e+01	4.8335221e+00
4.3874484e+01	4.7274014e+00
4.3896293e+01	4.6285814e+00
4.3918102e+01	4.4349890e+00
4.3939911e+01	3.6792895e+00
4.3961720e+01	2.6115167e+00
4.3983529e+01	2.0125659e+00
4.4005338e+01	1.0771932e+00
4.4027147e+01	1.1990525e+00
4.4048956e+01	4.3728210e-01
4.4070765e+01	-8.5790064e-02
4.4092574e+01	4.0734863e-01
4.4114383e+01	2.4997619e-01
4.4136191e+01	1.8436424e-01
4.4158000e+01	8.3299257e-02
4.4179809e+01	2.6123786e-02
4.4201618e+01	-1.9211163e-01
4.4223427e+01	4.6858793e-01
4.4245236e+01	5.9105112e-01
4.4267045e+01	5.1421857e-02
4.4288854e+01	-2.1192495e-01
4.4310663e+01	3.3842987e-02
4.4332472e+01	2.1503814e-01
4.4354281e+01	8.6971795e-03
4.4376090e+01	1.2515838e-01
4.4397899e+01	1.2284171e-01
4.4419708e+01	-6.6482980e-03
4.4441517e+01	4.2728557e-01
4.4463326e+01	-2.0421814e-01
4.4485134e+01	-2.5098801e-01
4.4506943e+01	3.2134622e-02
4.4528752e+01	1.4962169e-01
4.4550561e+01	6.2944765e-02
4.4572370e+01	1.7675881e-01
4.4594179e+01	-1.4439442e-02
4.4615988e+01	1.6609442e-01
4.4637797e+01	4.0913568e-01
4.4659606e+01	1.4822067e-01
4.4681415e+01	-2.6735599e-01
4.4703224e+01	-6.4403674e-02
4.4725033e+01	1.8608609e-01
4.4746842e+01	1.2146198e-02
4.4768651e+01	3.5919620e-01
4.4790460e+01	6.6620704e-02
4.4812269e+01	-1.0518828e-01
4.4834077e+01	-8.8158525e-02
4.4855886e+01	-3.0873694e-02
4.4877695e+01	4.8761930e-02
4.4899504e+01	5.9317463e-01
4.4921313e+01	4.8875082e-01
4.4943122e+01	5.7563923e-02
4.4964931e+01	3.5328741e-01
4.4986740e+01	5.5799280e-01