Image file: \\Gfs05\g45\SAXS\2020_12\HDF5\2020-12.10_Kevin_day2_SN\2020-12-10_Max_Cu123_SN_000017_data_000125.h5
ImageIntegration1d_chi_output; Output_Directory= \\Gfs05\g45\SAXS\2020_12\Processed\2020-12-09_Kevin_day1_SN\Chi-Sample-7
Profile = Radial, StartAzimuth = 0.0, EndAzimuth = 360.0, Sam_Det_distance = 250.818474293, InnerRadius = 15.0, OuterRadius = 2400.0, Lambda = 30, Ratio = 0.001, Itermax = 100
2400
2.0013229e+00	1.2658877e-01
2.0231319e+00	1.3113462e-02
2.0449408e+00	-2.1941384e-01
2.0667497e+00	-1.0674783e-01
2.0885587e+00	8.0430714e-02
2.1103676e+00	1.0777774e-01
2.1321765e+00	1.9191136e-02
2.1539855e+00	9.0864957e-03
2.1757944e+00	5.3447973e-02
2.1976034e+00	1.1247920e-01
2.2194123e+00	-8.8713081e-02
2.2412212e+00	-1.7246883e-01
2.2630302e+00	-7.3376041e-03
2.2848391e+00	6.0663901e-02
2.3066480e+00	5.8608713e-02
2.3284570e+00	1.1149643e-01
2.3502659e+00	5.8052810e-03
2.3720749e+00	-1.2388881e-01
2.3938838e+00	-6.0863076e-02
2.4156927e+00	-7.9620628e-02
2.4375017e+00	1.5687529e-01
2.4593106e+00	3.2609643e-02
2.4811196e+00	6.5616712e-02
2.5029285e+00	7.8150346e-02
2.5247374e+00	-7.4998434e-02
2.5465464e+00	-1.3632476e-01
2.5683553e+00	-1.0173966e-01
2.5901642e+00	6.6276657e-02
2.6119732e+00	3.2522266e-02
2.6337821e+00	-4.7844610e-02
2.6555911e+00	4.8530396e-02
2.6774000e+00	1.2543998e-01
2.6992089e+00	1.2531504e-01
2.7210179e+00	9.9363974e-02
2.7428268e+00	-1.4076086e-01
2.7646358e+00	-1.7422915e-01
2.7864447e+00	-1.2432002e-01
2.8082536e+00	-1.2771356e-02
2.8300626e+00	1.3311648e-01
2.8518715e+00	-2.1076220e-02
2.8736804e+00	1.2835768e-01
2.8954894e+00	2.8982431e-02
2.9172983e+00	3.5892280e-02
2.9391073e+00	-8.2165033e-02
2.9609162e+00	3.4652433e-02
2.9827251e+00	-3.9217524e-03
3.0045341e+00	2.4701092e-02
3.0263430e+00	7.1192189e-03
3.0481519e+00	2.8146412e-01
3.0699609e+00	1.4598399e-02
3.0917698e+00	-1.7287111e-01
3.1135788e+00	4.2669233e-03
3.1353877e+00	1.9557616e-01
3.1571966e+00	1.0686626e-01
3.1790056e+00	-8.4394483e-02
3.2008145e+00	-1.9995998e-01
3.2226235e+00	1.3258382e-01
3.2444324e+00	2.1561285e-02
3.2662413e+00	7.7663091e-02
3.2880503e+00	-2.4272740e-02
3.3098592e+00	-4.6665109e-02
3.3316681e+00	-3.1828743e-04
3.3534771e+00	-2.5283446e-02
3.3752860e+00	1.2112084e-01
3.3970950e+00	3.7782314e-02
3.4189039e+00	-7.4149645e-02
3.4407128e+00	-4.1474757e-02
3.4625218e+00	5.7928671e-02
3.4843307e+00	2.6861239e-01
3.5061396e+00	1.0286739e-02
3.5279486e+00	-1.5406295e-01
3.5497575e+00	7.5882416e-02
3.5715665e+00	1.2827535e-01
3.5933754e+00	7.3074581e-02
3.6151843e+00	-1.4520289e-01
3.6369933e+00	-1.9775230e-02
3.6588022e+00	-6.3624551e-02
3.6806112e+00	-4.6713231e-02
3.7024201e+00	-5.4117130e-02
3.7242290e+00	7.7138593e-02
3.7460380e+00	9.2242326e-02
3.7678469e+00	5.5240757e-02
3.7896558e+00	3.1416252e-02
3.8114648e+00	-6.1482215e-02
3.8332737e+00	1.0663280e-03
3.8550827e+00	3.2096941e-02
3.8768916e+00	-4.3588810e-02
3.8987005e+00	-1.2457686e-01
3.9205095e+00	1.5589339e-01
3.9423184e+00	3.5359503e-01
3.9641273e+00	2.2509685e-01
3.9859363e+00	5.8149503e-03
4.0077452e+00	-4.0303693e-02
4.0295542e+00	1.8176736e-01
4.0513631e+00	-8.2175425e-02
4.0731720e+00	-1.3403927e-01
4.0949810e+00	2.5035729e-03
4.1167899e+00	1.2388878e-01
4.1385989e+00	-6.4833026e-03
4.1604078e+00	-1.0858229e-01
4.1822167e+00	1.5400091e-02
4.2040257e+00	7.7788412e-02
4.2258346e+00	7.7508557e-04
4.2476435e+00	-6.6736258e-02
4.2694525e+00	6.9089213e-02
4.2912614e+00	5.2009585e-02
4.3130704e+00	1.4600329e-01
4.3348793e+00	1.5400372e-02
4.3566882e+00	-1.2435007e-01
4.3784972e+00	-1.3817213e-01
4.4003061e+00	-1.2028961e-02
4.4221151e+00	4.2466985e-02
4.4439240e+00	2.7807856e-02
4.4657329e+00	-1.0519541e-01
4.4875419e+00	-3.9455505e-02
4.5093508e+00	6.8090247e-02
4.5311597e+00	1.7059428e-01
4.5529687e+00	1.0617303e-01
4.5747776e+00	3.3821317e-02
4.5965866e+00	-6.9869659e-02
4.6183955e+00	3.6762834e-02
4.6402044e+00	-1.7088749e-02
4.6620134e+00	-1.0574745e-01
4.6838223e+00	-9.5143113e-02
4.7056312e+00	7.3221230e-02
4.7274402e+00	1.3216826e-02
4.7492491e+00	3.8493169e-02
4.7710581e+00	-1.6106871e-02
4.7928670e+00	-4.8915938e-02
4.8146759e+00	2.5952814e-02
4.8364849e+00	-9.6216310e-03
4.8582938e+00	-1.0661551e-01
4.8801028e+00	6.7472343e-02
4.9019117e+00	1.4299985e-01
4.9237206e+00	1.1297353e-01
4.9455296e+00	-1.1574439e-01
4.9673385e+00	-1.1347306e-01
4.9891474e+00	1.5358144e-01
5.0109564e+00	-3.8674660e-02
5.0327653e+00	3.0592434e-02
5.0545743e+00	7.7556220e-02
5.0763832e+00	-6.4159577e-02
5.0981921e+00	-8.3418462e-03
5.1200011e+00	-6.0725125e-02
5.1418100e+00	-6.6426167e-02
5.1636189e+00	-4.0108875e-02
5.1854279e+00	-3.3395232e-02
5.2072368e+00	3.4507302e-02
5.2290458e+00	1.8589098e-01
5.2508547e+00	1.4526296e-01
5.2726636e+00	-1.4547323e-02
5.2944726e+00	7.8021683e-02
5.3162815e+00	-4.6203939e-02
5.3380905e+00	-8.3669110e-02
5.3598994e+00	-1.1928902e-01
5.3817083e+00	-3.1272094e-02
5.4035173e+00	9.5441471e-02
5.4253262e+00	2.6553941e-01
5.4471351e+00	1.1927101e-01
5.4689441e+00	-4.3192121e-02
5.4907530e+00	-1.6706016e-01
5.5125620e+00	1.1977303e-01
5.5343709e+00	1.1838623e-01
5.5561798e+00	-1.3319764e-01
5.5779888e+00	-4.0602341e-02
5.5997977e+00	1.3504825e-01
5.6216066e+00	1.2644921e-01
5.6434156e+00	-6.6388472e-02
5.6652245e+00	-1.3538966e-01
5.6870335e+00	3.9216474e-02
5.7088424e+00	2.3005670e-02
5.7306513e+00	-1.6053765e-01
5.7524603e+00	1.2692837e-01
5.7742692e+00	1.9623781e-01
5.7960782e+00	2.1980722e-01
5.8178871e+00	-7.1301273e-02
5.8396960e+00	-1.1257153e-01
5.8615050e+00	3.9666023e-02
5.8833139e+00	3.0065428e-01
5.9051228e+00	2.4426597e-01
5.9269318e+00	6.0758416e-02
5.9487407e+00	1.3487721e-02
5.9705497e+00	-6.0903719e-02
5.9923586e+00	-1.0763113e-01
6.0141675e+00	-2.5280933e-02
6.0359765e+00	1.4031404e-01
6.0577854e+00	3.1966202e-02
6.0795944e+00	-7.7080713e-02
6.1014033e+00	-4.9688149e-02
6.1232122e+00	-2.1466420e-02
6.1450212e+00	1.2792104e-01
6.1668301e+00	2.8369071e-03
6.1886390e+00	2.2172601e-02
6.2104480e+00	7.5091130e-02
6.2322569e+00	1.3117557e-02
6.2540659e+00	-3.7369201e-02
6.2758748e+00	-8.0894556e-02
6.2976837e+00	6.3306271e-02
6.3194927e+00	1.0033233e-01
6.3413016e+00	4.0044217e-02
6.3631105e+00	-9.6795931e-02
6.3849195e+00	-2.4511653e-01
6.4067284e+00	2.8641405e-02
6.4285374e+00	1.1564382e-02
6.4503463e+00	5.0106882e-03
6.4721552e+00	-1.2742100e-02
6.4939642e+00	9.3131836e-02
6.5157731e+00	-6.7187310e-02
6.5375821e+00	9.3444786e-02
6.5593910e+00	1.2943474e-01
6.5811999e+00	7.9823359e-02
6.6030089e+00	-1.8611459e-01
6.6248178e+00	-1.0226669e-01
6.6466267e+00	-5.5907269e-03
6.6684357e+00	1.0550627e-01
6.6902446e+00	1.1965143e-01
6.7120536e+00	-1.0339674e-01
6.7338625e+00	4.7901832e-02
6.7556714e+00	5.9097650e-02
6.7774804e+00	-3.4391117e-02
6.7992893e+00	6.4995316e-03
6.8210982e+00	2.6706251e-01
6.8429072e+00	2.4364845e-01
6.8647161e+00	-2.4036877e-01
6.8865251e+00	3.6780571e-02
6.9083340e+00	8.7269474e-02
6.9301429e+00	-1.9873614e-01
6.9519519e+00	5.8436628e-02
6.9737608e+00	4.4562233e-02
6.9955698e+00	2.6084285e-02
7.0173787e+00	7.4254424e-02
7.0391876e+00	1.4286471e-01
7.0609966e+00	4.8162128e-02
7.0828055e+00	-9.9206050e-02
7.1046144e+00	-1.5554241e-01
7.1264234e+00	-6.1018797e-02
7.1482323e+00	2.2948865e-01
7.1700413e+00	1.5386645e-01
7.1918502e+00	2.0520381e-02
7.2136591e+00	1.6161876e-01
7.2354681e+00	8.1726750e-02
7.2572770e+00	-1.4668249e-01
7.2790859e+00	-1.5311320e-02
7.3008949e+00	-1.1806727e-02
7.3227038e+00	-2.1784571e-01
7.3445128e+00	-3.3678070e-02
7.3663217e+00	3.7068926e-02
7.3881306e+00	1.1398114e-01
7.4099396e+00	2.7126862e-02
7.4317485e+00	-2.0827926e-02
7.4535575e+00	5.5604662e-02
7.4753664e+00	3.2623330e-02
7.4971753e+00	-6.0500409e-02
7.5189843e+00	4.4997066e-02
7.5407932e+00	-2.4344269e-02
7.5626021e+00	1.4167134e-01
7.5844111e+00	6.6575647e-02
7.6062200e+00	-8.4790368e-02
7.6280290e+00	-4.1316611e-02
7.6498379e+00	-1.0977683e-01
7.6716468e+00	-3.6317002e-02
7.6934558e+00	2.6220492e-03
7.7152647e+00	-5.7725406e-02
7.7370737e+00	-3.8971364e-02
7.7588826e+00	8.7814019e-02
7.7806915e+00	9.2468190e-02
7.8025005e+00	-2.3177501e-02
7.8243094e+00	1.4147466e-02
7.8461183e+00	9.8209736e-02
7.8679273e+00	5.8844081e-03
7.8897362e+00	4.1305053e-02
7.9115452e+00	-1.0193158e-01
7.9333541e+00	2.1479217e-02
7.9551630e+00	-3.6642373e-03
7.9769720e+00	-1.0216958e-01
7.9987809e+00	-6.1896452e-02
8.0205898e+00	1.4523504e-01
8.0423988e+00	1.0680686e-02
8.0642077e+00	-1.0495529e-01
8.0860167e+00	7.0280199e-03
8.1078256e+00	1.4057489e-01
8.1296345e+00	7.1675746e-04
8.1514435e+00	-3.3986547e-02
8.1732524e+00	3.0716596e-01
8.1950614e+00	2.1647270e-01
8.2168703e+00	-1.9713975e-02
8.2386792e+00	5.3226394e-02
8.2604882e+00	-1.9725806e-01
8.2822971e+00	7.3444818e-02
8.3041060e+00	-2.1832545e-02
8.3259150e+00	1.3061501e-02
8.3477239e+00	-5.7123089e-02
8.3695329e+00	7.7954173e-02
8.3913418e+00	2.6142354e-01
8.4131507e+00	1.0306734e-01
8.4349597e+00	-8.9863815e-02
8.4567686e+00	-1.1540172e-01
8.4785775e+00	6.7609126e-02
8.5003865e+00	2.4008388e-01
8.5221954e+00	4.7540939e-02
8.5440044e+00	-1.0735318e-01
8.5658133e+00	1.5048951e-01
8.5876222e+00	-2.4753693e-02
8.6094312e+00	-1.9332445e-02
8.6312401e+00	-3.0067525e-03
8.6530491e+00	-6.3462639e-02
8.6748580e+00	1.1643197e-01
8.6966669e+00	7.8897286e-02
8.7184759e+00	-1.4635470e-01
8.7402848e+00	2.1099379e-01
8.7620937e+00	3.1773801e-01
8.7839027e+00	-4.3517279e-02
8.8057116e+00	-1.7380557e-01
8.8275206e+00	1.5672679e-01
8.8493295e+00	3.4105997e-01
8.8711384e+00	2.9000085e-01
8.8929474e+00	5.7521568e-01
8.9147563e+00	3.1203174e-01
8.9365652e+00	3.6932529e-01
8.9583742e+00	1.7769204e-01
8.9801831e+00	8.5237624e-03
9.0019921e+00	-8.1489345e-02
9.0238010e+00	1.6243303e-02
9.0456099e+00	-4.9118604e-02
9.0674189e+00	3.5474845e-01
9.0892278e+00	1.3523987e-01
9.1110368e+00	-2.9015428e-01
9.1328457e+00	7.4226749e-02
9.1546546e+00	1.9601853e-01
9.1764636e+00	6.6694494e-02
9.1982725e+00	6.3870296e-02
9.2200814e+00	-1.1406002e-01
9.2418904e+00	9.0876101e-02
9.2636993e+00	4.1275098e-02
9.2855083e+00	-3.1727355e-02
9.3073172e+00	-1.2340863e-01
9.3291261e+00	-1.4317983e-02
9.3509351e+00	4.9190877e-02
9.3727440e+00	2.3849012e-01
9.3945530e+00	2.2467455e-02
9.4163619e+00	2.4870875e-01
9.4381708e+00	-2.0998467e-03
9.4599798e+00	-4.0486805e-02
9.4817887e+00	-1.6315569e-01
9.5035976e+00	1.1753205e-01
9.5254066e+00	7.1059490e-02
9.5472155e+00	-1.0976626e-01
9.5690245e+00	8.2773072e-02
9.5908334e+00	1.1392352e-01
9.6126423e+00	-1.1166192e-01
9.6344513e+00	-1.3802617e-01
9.6562602e+00	1.2670982e-01
9.6780691e+00	1.7513093e-01
9.6998781e+00	-1.5386565e-01
9.7216870e+00	-7.2347050e-03
9.7434960e+00	4.2057789e-02
9.7653049e+00	1.6610177e-01
9.7871138e+00	1.3960845e-01
9.8089228e+00	-1.2546983e-01
9.8307317e+00	-2.5959872e-02
9.8525407e+00	-6.0518221e-02
9.8743496e+00	3.7705648e-01
9.8961585e+00	6.4038657e-01
9.9179675e+00	4.2907516e-01
9.9397764e+00	3.1350134e-01
9.9615853e+00	2.4169143e-01
9.9833943e+00	2.8708639e-02
1.0005203e+01	3.1220175e-01
1.0027012e+01	5.5610134e-01
1.0048821e+01	2.8770615e-01
1.0070630e+01	-1.6217212e-01
1.0092439e+01	8.6696706e-03
1.0114248e+01	1.2117236e-01
1.0136057e+01	7.8790292e-02
1.0157866e+01	-5.0802742e-02
1.0179675e+01	1.8006439e-02
1.0201484e+01	-1.3652940e-02
1.0223293e+01	2.1891765e-01
1.0245102e+01	1.1057445e-01
1.0266910e+01	-1.4327910e-01
1.0288719e+01	-1.4402873e-01
1.0310528e+01	9.0887433e-03
1.0332337e+01	9.5287744e-01
1.0354146e+01	1.4434461e+00
1.0375955e+01	1.6252924e+00
1.0397764e+01	2.3043340e+00
1.0419573e+01	2.8489378e+00
1.0441382e+01	3.4722773e+00
1.0463191e+01	3.8639984e+00
1.0485000e+01	5.0008257e+00
1.0506809e+01	6.6808089e+00
1.0528618e+01	7.7863498e+00
1.0550427e+01	7.0289680e+00
1.0572236e+01	6.5894113e+00
1.0594045e+01	7.6732945e+00
1.0615853e+01	8.3982131e+00
1.0637662e+01	8.3454150e+00
1.0659471e+01	7.8949088e+00
1.0681280e+01	6.6815123e+00
1.0703089e+01	4.9092011e+00
1.0724898e+01	3.3701061e+00
1.0746707e+01	1.8279308e+00
1.0768516e+01	1.0531890e+00
1.0790325e+01	8.8354353e-01
1.0812134e+01	2.7148596e-01
1.0833943e+01	-1.4270950e-02
1.0855752e+01	-3.8235020e-02
1.0877561e+01	-9.2271761e-02
1.0899370e+01	4.6029375e-02
1.0921179e+01	2.3176150e-01
1.0942988e+01	1.6255167e-01
1.0964796e+01	7.9886062e-02
1.0986605e+01	-7.6191262e-02
1.1008414e+01	8.3752423e-02
1.1030223e+01	-7.3764676e-02
1.1052032e+01	2.5696809e-02
1.1073841e+01	9.0738227e-03
1.1095650e+01	3.2462056e-01
1.1117459e+01	8.5955433e-01
1.1139268e+01	1.3916805e+00
1.1161077e+01	1.6671005e+00
1.1182886e+01	1.6541527e+00
1.1204695e+01	1.8877614e+00
1.1226504e+01	2.3265742e+00
1.1248313e+01	2.2379523e+00
1.1270122e+01	9.0548419e-01
1.1291931e+01	-2.0609770e-02
1.1313740e+01	9.0787826e-02
1.1335548e+01	2.6915910e-02
1.1357357e+01	5.4696168e-02
1.1379166e+01	-5.8376839e-02
1.1400975e+01	-1.0814327e-01
1.1422784e+01	-7.0677119e-03
1.1444593e+01	-6.6622102e-02
1.1466402e+01	7.5908978e-02
1.1488211e+01	5.3324395e-02
1.1510020e+01	-1.2989258e-01
1.1531829e+01	-4.3607821e-02
1.1553638e+01	1.6802946e-01
1.1575447e+01	1.7587226e-01
1.1597256e+01	-2.0819464e-01
1.1619065e+01	-5.7949270e-02
1.1640874e+01	1.3589816e-01
1.1662683e+01	-8.6042489e-03
1.1684491e+01	-3.5689550e-02
1.1706300e+01	-5.9753254e-02
1.1728109e+01	-3.4017676e-02
1.1749918e+01	-1.6572968e-01
1.1771727e+01	1.7150232e-01
1.1793536e+01	1.5785023e-01
1.1815345e+01	1.5755457e-01
1.1837154e+01	8.6351966e-02
1.1858963e+01	5.8256165e-02
1.1880772e+01	-6.2085837e-02
1.1902581e+01	-9.0834057e-02
1.1924390e+01	-3.3675295e-02
1.1946199e+01	-9.3053718e-02
1.1968008e+01	2.1304559e-02
1.1989817e+01	1.8416905e-01
1.2011626e+01	1.4684813e-01
1.2033434e+01	-1.4253692e-01
1.2055243e+01	1.8646991e-02
1.2077052e+01	8.9240115e-02
1.2098861e+01	5.1523747e-02
1.2120670e+01	-1.6933927e-02
1.2142479e+01	-1.7597027e-01
1.2164288e+01	-1.1026662e-01
1.2186097e+01	-1.0171561e-01
1.2207906e+01	1.6534952e-01
1.2229715e+01	2.3760598e-01
1.2251524e+01	1.2354023e-01
1.2273333e+01	-8.1819347e-02
1.2295142e+01	9.3617777e-02
1.2316951e+01	7.3110235e-02
1.2338760e+01	6.0502867e-02
1.2360569e+01	1.1517219e-02
1.2382377e+01	-1.7004761e-01
1.2404186e+01	-2.5251672e-02
1.2425995e+01	1.1890723e-01
1.2447804e+01	-2.7762449e-02
1.2469613e+01	1.4454401e-02
1.2491422e+01	-5.8506151e-02
1.2513231e+01	-1.0022978e-01
1.2535040e+01	4.0186670e-01
1.2556849e+01	4.0236834e-01
1.2578658e+01	5.1606762e-02
1.2600467e+01	-1.8007613e-03
1.2622276e+01	1.6577996e-03
1.2644085e+01	-4.1441580e-02
1.2665894e+01	5.4526893e-02
1.2687703e+01	2.0911797e-01
1.2709512e+01	1.8874515e-01
1.2731320e+01	-6.9825822e-02
1.2753129e+01	-4.0464217e-02
1.2774938e+01	4.1748971e-02
1.2796747e+01	-1.2587588e-01
1.2818556e+01	-3.9928032e-02
1.2840365e+01	5.2565075e-02
1.2862174e+01	5.4710477e-02
1.2883983e+01	-8.6707243e-02
1.2905792e+01	-1.2014169e-01
1.2927601e+01	5.0680582e-02
1.2949410e+01	1.6080267e-01
1.2971219e+01	1.0833359e-01
1.2993028e+01	2.3420626e-01
1.3014837e+01	3.6301356e-01
1.3036646e+01	4.3227832e-01
1.3058455e+01	5.0765203e-01
1.3080264e+01	8.3713144e-01
1.3102072e+01	6.1014105e-01
1.3123881e+01	-1.6050464e-01
1.3145690e+01	6.2648866e-03
1.3167499e+01	1.2177625e-01
1.3189308e+01	6.4203598e-02
1.3211117e+01	-1.7607935e-02
1.3232926e+01	5.8156585e-02
1.3254735e+01	7.5731599e-02
1.3276544e+01	2.8423771e-02
1.3298353e+01	2.0416691e-02
1.3320162e+01	-7.1234082e-02
1.3341971e+01	-4.5426269e-01
1.3363780e+01	3.7809693e-01
1.3385589e+01	5.6440095e-01
1.3407398e+01	5.5919139e-01
1.3429207e+01	5.3133825e-01
1.3451015e+01	5.3155449e-01
1.3472824e+01	4.5869797e-01
1.3494633e+01	6.8995435e-02
1.3516442e+01	8.1044477e-02
1.3538251e+01	7.1748003e-02
1.3560060e+01	4.9762228e-03
1.3581869e+01	-3.8653188e-02
1.3603678e+01	4.6107836e-02
1.3625487e+01	8.0072360e-02
1.3647296e+01	7.2774820e-02
1.3669105e+01	4.3609660e-02
1.3690914e+01	-7.6736444e-02
1.3712723e+01	-1.4893754e-01
1.3734532e+01	1.6421967e-02
1.3756341e+01	4.3398236e-02
1.3778150e+01	9.7643316e-02
1.3799958e+01	-1.1647253e-01
1.3821767e+01	5.9169081e-02
1.3843576e+01	7.5158463e-03
1.3865385e+01	-1.5435993e-02
1.3887194e+01	-1.7912908e-03
1.3909003e+01	-7.5596768e-02
1.3930812e+01	-3.6894511e-02
1.3952621e+01	1.2119049e-02
1.3974430e+01	4.0108850e-02
1.3996239e+01	-8.0029315e-02
1.4018048e+01	-1.2653461e-03
1.4039857e+01	2.5087286e-02
1.4061666e+01	1.6376124e-01
1.4083475e+01	8.5879606e-02
1.4105284e+01	2.0536952e-02
1.4127093e+01	-1.6365082e-01
1.4148901e+01	-1.4114491e-02
1.4170710e+01	-1.1093884e-01
1.4192519e+01	9.1446373e-05
1.4214328e+01	8.1782559e-02
1.4236137e+01	5.0555631e-02
1.4257946e+01	4.0022629e-02
1.4279755e+01	-3.5271480e-02
1.4301564e+01	-2.7975812e-03
1.4323373e+01	1.0875870e-01
1.4345182e+01	5.0680873e-02
1.4366991e+01	-1.1422369e-01
1.4388800e+01	1.1287131e-01
1.4410609e+01	1.5119551e-01
1.4432418e+01	-2.1998245e-01
1.4454227e+01	-2.6994539e-01
1.4476036e+01	9.9306621e-02
1.4497844e+01	7.5323704e-02
1.4519653e+01	-6.1261638e-02
1.4541462e+01	1.1986271e-01
1.4563271e+01	9.8459586e-02
1.4585080e+01	7.1628196e-02
1.4606889e+01	2.1899327e-02
1.4628698e+01	-4.2463996e-02
1.4650507e+01	-1.5640963e-01
1.4672316e+01	-3.5106374e-02
1.4694125e+01	-1.5853426e-02
1.4715934e+01	-4.6744213e-02
1.4737743e+01	-7.0091120e-02
1.4759552e+01	1.3495520e-01
1.4781361e+01	4.4455208e-02
1.4803170e+01	5.0607167e-02
1.4824979e+01	3.5186488e-01
1.4846787e+01	6.8308347e-01
1.4868596e+01	9.7294539e-01
1.4890405e+01	1.1728911e+00
1.4912214e+01	1.1398861e+00
1.4934023e+01	1.1436157e+00
1.4955832e+01	1.1213376e+00
1.4977641e+01	1.3841360e+00
1.4999450e+01	1.8404586e+00
1.5021259e+01	2.1041687e+00
1.5043068e+01	2.1457107e+00
1.5064877e+01	1.9270403e+00
1.5086686e+01	1.5168357e+00
1.5108495e+01	1.3453066e+00
1.5130304e+01	1.0613062e+00
1.5152113e+01	4.7851016e-01
1.5173922e+01	2.2494786e-01
1.5195731e+01	3.3180156e-02
1.5217539e+01	-8.5873587e-02
1.5239348e+01	-1.5150031e-01
1.5261157e+01	-1.2434694e-02
1.5282966e+01	4.1728569e-02
1.5304775e+01	-5.9192087e-02
1.5326584e+01	6.5737820e-02
1.5348393e+01	1.9687751e-01
1.5370202e+01	1.2964602e-01
1.5392011e+01	4.0227117e-02
1.5413820e+01	5.3870430e-02
1.5435629e+01	2.0468001e-02
1.5457438e+01	-1.2737503e-01
1.5479247e+01	9.5615067e-02
1.5501056e+01	7.3758052e-03
1.5522865e+01	-1.6531863e-01
1.5544674e+01	-1.5044650e-01
1.5566482e+01	-1.0714644e-01
1.5588291e+01	3.7172733e-02
1.5610100e+01	2.9520663e-02
1.5631909e+01	1.6531797e-01
1.5653718e+01	1.5272695e-01
1.5675527e+01	-5.1364945e-02
1.5697336e+01	-8.4447502e-02
1.5719145e+01	8.7807287e-02
1.5740954e+01	3.8920153e-02
1.5762763e+01	6.4036908e-02
1.5784572e+01	5.2104795e-02
1.5806381e+01	-4.0898809e-02
1.5828190e+01	-9.1265004e-02
1.5849999e+01	-1.2627303e-01
1.5871808e+01	-3.5114118e-02
1.5893617e+01	1.2796252e-01
1.5915425e+01	7.1845707e-02
1.5937234e+01	-2.7158638e-02
1.5959043e+01	-9.3874191e-02
1.5980852e+01	-5.7178086e-03
1.6002661e+01	5.5149640e-02
1.6024470e+01	1.6296680e-03
1.6046279e+01	6.2971356e-02
1.6068088e+01	1.4213454e-01
1.6089897e+01	4.3160303e-02
1.6111706e+01	-1.1541946e-01
1.6133515e+01	-1.8627685e-01
1.6155324e+01	-3.9042728e-02
1.6177133e+01	-1.2329742e-02
1.6198942e+01	1.0451844e-01
1.6220751e+01	5.0683792e-02
1.6242560e+01	-6.2119207e-03
1.6264368e+01	7.2518996e-03
1.6286177e+01	-4.8663310e-02
1.6307986e+01	7.2554575e-02
1.6329795e+01	5.9752395e-02
1.6351604e+01	-6.8889870e-02
1.6373413e+01	-1.1655951e-01
1.6395222e+01	9.5822221e-02
1.6417031e+01	1.0738233e-01
1.6438840e+01	1.8976595e-03
1.6460649e+01	-4.1002986e-02
1.6482458e+01	-2.5799974e-02
1.6504267e+01	2.7986646e-03
1.6526076e+01	-5.9197568e-02
1.6547885e+01	-2.4305319e-02
1.6569694e+01	3.5730684e-02
1.6591503e+01	5.4951433e-02
1.6613311e+01	1.9087451e-02
1.6635120e+01	-6.0052738e-02
1.6656929e+01	-5.1557203e-02
1.6678738e+01	-4.9880578e-02
1.6700547e+01	-1.4131301e-02
1.6722356e+01	-7.9542507e-02
1.6744165e+01	9.3425327e-02
1.6765974e+01	4.3290692e-01
1.6787783e+01	4.1685375e-01
1.6809592e+01	1.2422956e-01
1.6831401e+01	9.8265575e-02
1.6853210e+01	2.9908046e-02
1.6875019e+01	-3.4018294e-03
1.6896828e+01	-9.0415001e-02
1.6918637e+01	3.6508437e-03
1.6940446e+01	1.4557568e-01
1.6962254e+01	3.6135978e-02
1.6984063e+01	-1.0247058e-02
1.7005872e+01	-5.6257050e-02
1.7027681e+01	-4.4841373e-02
1.7049490e+01	-1.6966151e-01
1.7071299e+01	-1.0897066e-01
1.7093108e+01	1.8029637e-01
1.7114917e+01	1.8667100e-01
1.7136726e+01	-1.0377977e-01
1.7158535e+01	-6.0327512e-02
1.7180344e+01	1.0471136e-01
1.7202153e+01	1.1975406e-01
1.7223962e+01	-2.4444986e-03
1.7245771e+01	-9.5368984e-02
1.7267580e+01	-1.9344678e-02
1.7289389e+01	7.0685952e-02
1.7311198e+01	1.1062583e-01
1.7333006e+01	-3.6246235e-02
1.7354815e+01	-3.7281723e-02
1.7376624e+01	-1.0445238e-01
1.7398433e+01	1.8479343e-02
1.7420242e+01	7.0120599e-02
1.7442051e+01	5.8061150e-02
1.7463860e+01	7.2806496e-02
1.7485669e+01	-1.2905556e-01
1.7507478e+01	-1.0396598e-01
1.7529287e+01	1.2842080e-02
1.7551096e+01	5.9466849e-02
1.7572905e+01	2.4694404e-02
1.7594714e+01	-5.2266255e-02
1.7616523e+01	5.6180340e-02
1.7638332e+01	6.9049490e-02
1.7660141e+01	-7.3588348e-02
1.7681949e+01	2.5229883e-02
1.7703758e+01	-4.1547063e-02
1.7725567e+01	-2.6954710e-02
1.7747376e+01	3.2418892e-02
1.7769185e+01	-1.2531287e-02
1.7790994e+01	1.7697059e-01
1.7812803e+01	-1.5592990e-03
1.7834612e+01	-6.2044932e-02
1.7856421e+01	-1.0888038e-01
1.7878230e+01	-3.8366864e-02
1.7900039e+01	4.6855638e-02
1.7921848e+01	-7.5394018e-03
1.7943657e+01	8.8676380e-02
1.7965466e+01	5.0904403e-02
1.7987275e+01	9.5989561e-02
1.8009084e+01	-3.6396189e-03
1.8030892e+01	-1.6245444e-01
1.8052701e+01	-3.4608030e-02
1.8074510e+01	8.0373613e-02
1.8096319e+01	1.7218631e-02
1.8118128e+01	6.2703953e-02
1.8139937e+01	-1.8468404e-01
1.8161746e+01	6.2737847e-02
1.8183555e+01	-5.2961045e-02
1.8205364e+01	1.1867135e-01
1.8227173e+01	2.1690909e-01
1.8248982e+01	-6.2847397e-02
1.8270791e+01	-1.0675341e-01
1.8292600e+01	3.5013362e-02
1.8314409e+01	1.4081556e-02
1.8336218e+01	-4.1817986e-02
1.8358027e+01	8.9414216e-02
1.8379835e+01	-3.5450851e-02
1.8401644e+01	2.7114608e-02
1.8423453e+01	-6.8612369e-02
1.8445262e+01	1.8483554e-02
1.8467071e+01	3.3779452e-01
1.8488880e+01	3.6603112e-01
1.8510689e+01	8.0527872e-02
1.8532498e+01	4.9219453e-02
1.8554307e+01	1.6695618e-02
1.8576116e+01	-1.5430927e-01
1.8597925e+01	-1.5022203e-01
1.8619734e+01	6.1011793e-04
1.8641543e+01	1.3386834e-01
1.8663352e+01	1.5866947e-01
1.8685161e+01	1.6475715e-01
1.8706970e+01	6.6855036e-02
1.8728778e+01	-1.7152063e-03
1.8750587e+01	-6.6929681e-02
1.8772396e+01	-5.9848393e-02
1.8794205e+01	-4.9396642e-02
1.8816014e+01	-1.1195011e-01
1.8837823e+01	-2.6636302e-02
1.8859632e+01	8.2888331e-03
1.8881441e+01	4.8257769e-02
1.8903250e+01	-3.9863826e-02
1.8925059e+01	1.2487675e-01
1.8946868e+01	-1.0394465e-03
1.8968677e+01	-2.6329594e-02
1.8990486e+01	-4.0678269e-02
1.9012295e+01	5.6541434e-03
1.9034104e+01	3.6714762e-02
1.9055913e+01	5.3669545e-02
1.9077721e+01	-4.8903469e-02
1.9099530e+01	-5.1383612e-02
1.9121339e+01	4.7603505e-02
1.9143148e+01	9.6594683e-02
1.9164957e+01	-1.0180085e-01
1.9186766e+01	5.3538366e-02
1.9208575e+01	-3.3722951e-02
1.9230384e+01	-2.6939211e-02
1.9252193e+01	-1.0913818e-01
1.9274002e+01	4.2135881e-02
1.9295811e+01	6.5353548e-02
1.9317620e+01	-4.3920938e-02
1.9339429e+01	3.2978573e-01
1.9361238e+01	3.1873547e-01
1.9383047e+01	3.8279789e-01
1.9404856e+01	3.5615918e-01
1.9426665e+01	1.6561771e-01
1.9448473e+01	5.5496040e-02
1.9470282e+01	3.1726188e-02
1.9492091e+01	-4.3605504e-02
1.9513900e+01	-1.9601946e-02
1.9535709e+01	-3.0989526e-03
1.9557518e+01	-5.8727376e-02
1.9579327e+01	2.8143104e-02
1.9601136e+01	-2.4086944e-02
1.9622945e+01	-9.9663699e-02
1.9644754e+01	-8.6467902e-02
1.9666563e+01	9.7204696e-02
1.9688372e+01	-1.9123579e-02
1.9710181e+01	1.4840485e-01
1.9731990e+01	5.8504580e-02
1.9753799e+01	-1.4403190e-01
1.9775608e+01	-2.7140107e-02
1.9797416e+01	1.4507544e-01
1.9819225e+01	3.9579439e-02
1.9841034e+01	-1.5696660e-01
1.9862843e+01	-6.7621463e-02
1.9884652e+01	3.2958287e-02
1.9906461e+01	2.7781834e-02
1.9928270e+01	-5.6109590e-02
1.9950079e+01	1.3282146e-01
1.9971888e+01	6.6316400e-02
1.9993697e+01	1.0381010e-01
2.0015506e+01	7.8089818e-02
2.0037315e+01	1.0908299e-01
2.0059124e+01	-3.8690032e-02
2.0080933e+01	-1.7005596e-01
2.0102742e+01	-2.4641291e-02
2.0124551e+01	-6.2619005e-02
2.0146359e+01	-1.2016717e-01
2.0168168e+01	4.7186142e-02
2.0189977e+01	-1.2466065e-01
2.0211786e+01	-9.4650063e-02
2.0233595e+01	-2.5619304e-02
2.0255404e+01	1.1532025e-01
2.0277213e+01	8.4080755e-02
2.0299022e+01	1.0456216e-01
2.0320831e+01	3.6755772e-01
2.0342640e+01	4.1277434e-01
2.0364449e+01	1.1540423e-01
2.0386258e+01	6.0234417e-02
2.0408067e+01	-1.1456514e-01
2.0429876e+01	-7.9244278e-02
2.0451685e+01	-3.7967075e-02
2.0473494e+01	1.0281464e-01
2.0495302e+01	4.7973315e-01
2.0517111e+01	4.4063703e-01
2.0538920e+01	3.7272524e-01
2.0560729e+01	3.4917867e-01
2.0582538e+01	1.6441601e-01
2.0604347e+01	8.3758905e-02
2.0626156e+01	-1.6077884e-01
2.0647965e+01	-1.0859844e-01
2.0669774e+01	-2.2007852e-02
2.0691583e+01	7.2420805e-02
2.0713392e+01	9.6913562e-02
2.0735201e+01	-1.0355021e-01
2.0757010e+01	4.9862379e-03
2.0778819e+01	-6.6360779e-02
2.0800628e+01	4.9938100e-02
2.0822437e+01	1.0159998e-01
2.0844245e+01	-2.0099886e-02
2.0866054e+01	-1.2832756e-02
2.0887863e+01	-7.9433333e-02
2.0909672e+01	-1.2787992e-01
2.0931481e+01	1.6212472e-01
2.0953290e+01	2.7094646e-01
2.0975099e+01	5.2688073e-01
2.0996908e+01	1.0354244e+00
2.1018717e+01	1.6829141e+00
2.1040526e+01	2.1615566e+00
2.1062335e+01	2.1040216e+00
2.1084144e+01	1.7203489e+00
2.1105953e+01	1.4001821e+00
2.1127762e+01	1.2618320e+00
2.1149571e+01	1.4640783e+00
2.1171380e+01	2.6922006e+00
2.1193188e+01	4.6216008e+00
2.1214997e+01	6.7262515e+00
2.1236806e+01	8.4437834e+00
2.1258615e+01	9.4853663e+00
2.1280424e+01	9.7898558e+00
2.1302233e+01	9.0819008e+00
2.1324042e+01	7.3161898e+00
2.1345851e+01	5.4486077e+00
2.1367660e+01	3.6464011e+00
2.1389469e+01	1.8284537e+00
2.1411278e+01	6.9902236e-01
2.1433087e+01	1.2753566e-01
2.1454896e+01	-1.6652634e-02
2.1476705e+01	-1.1373755e-01
2.1498514e+01	1.7192757e-01
2.1520323e+01	5.8014554e-01
2.1542132e+01	6.3342079e-01
2.1563940e+01	8.9292570e-01
2.1585749e+01	1.1839507e+00
2.1607558e+01	9.9453810e-01
2.1629367e+01	7.7945536e-01
2.1651176e+01	3.5684286e-01
2.1672985e+01	1.4967699e-01
2.1694794e+01	-2.5754915e-02
2.1716603e+01	-1.6571998e-01
2.1738412e+01	-6.5744287e-02
2.1760221e+01	7.6770061e-02
2.1782030e+01	1.7963314e-01
2.1803839e+01	-4.5760285e-02
2.1825648e+01	-9.8843599e-02
2.1847457e+01	-1.0344125e-01
2.1869266e+01	-1.0403503e-01
2.1891075e+01	2.4521717e-01
2.1912883e+01	1.7783119e-01
2.1934692e+01	8.2262557e-03
2.1956501e+01	1.1965138e-01
2.1978310e+01	2.9179859e-02
2.2000119e+01	-4.7576474e-03
2.2021928e+01	6.6944471e-02
2.2043737e+01	4.1014233e-02
2.2065546e+01	1.7789403e-01
2.2087355e+01	-1.3866021e-01
2.2109164e+01	-2.5436310e-01
2.2130973e+01	-2.2672271e-02
2.2152782e+01	1.6461540e-01
2.2174591e+01	1.3010732e-01
2.2196400e+01	3.7566560e-02
2.2218209e+01	-1.2983362e-01
2.2240018e+01	-1.0803195e-01
2.2261826e+01	2.7900543e-02
2.2283635e+01	1.6902582e-01
2.2305444e+01	8.3991095e-02
2.2327253e+01	1.9149294e-02
2.2349062e+01	-4.8708699e-02
2.2370871e+01	7.0610362e-02
2.2392680e+01	-2.3230049e-02
2.2414489e+01	-1.5506317e-01
2.2436298e+01	3.7950632e-02
2.2458107e+01	-4.1494260e-02
2.2479916e+01	-1.1978711e-01
2.2501725e+01	1.7511953e-01
2.2523534e+01	1.4975893e-01
2.2545343e+01	-4.6730511e-02
2.2567152e+01	-1.5515880e-02
2.2588961e+01	-1.6024999e-02
2.2610769e+01	7.9400112e-02
2.2632578e+01	9.9621923e-03
2.2654387e+01	4.5382586e-02
2.2676196e+01	-1.3972181e-01
2.2698005e+01	4.1105043e-02
2.2719814e+01	-6.8574770e-03
2.2741623e+01	-3.8200442e-02
2.2763432e+01	3.7200417e-02
2.2785241e+01	3.3775273e-02
2.2807050e+01	2.2012838e-01
2.2828859e+01	-7.2089662e-03
2.2850668e+01	-6.6141070e-02
2.2872477e+01	-1.2447220e-01
2.2894286e+01	-2.6812245e-03
2.2916095e+01	1.1389602e-01
2.2937904e+01	1.3720935e-02
2.2959712e+01	3.3709547e-02
2.2981521e+01	7.5494945e-03
2.3003330e+01	5.2928651e-02
2.3025139e+01	-6.2146320e-02
2.3046948e+01	2.7347958e-02
2.3068757e+01	-8.2812910e-02
2.3090566e+01	-6.3246740e-02
2.3112375e+01	1.5395888e-01
2.3134184e+01	1.0610727e-01
2.3155993e+01	2.2355598e-02
2.3177802e+01	-1.5107933e-02
2.3199611e+01	-5.0726129e-02
2.3221420e+01	-1.4366559e-01
2.3243229e+01	1.4095561e-02
2.3265038e+01	6.6008033e-02
2.3286847e+01	-8.7129302e-02
2.3308655e+01	-4.3622367e-02
2.3330464e+01	7.1329043e-02
2.3352273e+01	7.8944792e-02
2.3374082e+01	-6.8860783e-04
2.3395891e+01	-7.9585045e-02
2.3417700e+01	4.5496513e-02
2.3439509e+01	-8.3649280e-02
2.3461318e+01	-8.0532370e-02
2.3483127e+01	8.8950408e-02
2.3504936e+01	4.5468942e-01
2.3526745e+01	7.2212044e-01
2.3548554e+01	6.8268593e-01
2.3570363e+01	5.1942333e-01
2.3592172e+01	2.6961011e-01
2.3613981e+01	1.1906569e-02
2.3635790e+01	6.0638553e-02
2.3657599e+01	7.2610084e-01
2.3679407e+01	1.8670874e+00
2.3701216e+01	3.3709341e+00
2.3723025e+01	5.1467160e+00
2.3744834e+01	6.6593301e+00
2.3766643e+01	8.0916971e+00
2.3788452e+01	9.7488022e+00
2.3810261e+01	1.0646208e+01
2.3832070e+01	1.0448651e+01
2.3853879e+01	9.1217601e+00
2.3875688e+01	7.5958617e+00
2.3897497e+01	5.7267612e+00
2.3919306e+01	4.1922223e+00
2.3941115e+01	2.8881661e+00
2.3962924e+01	1.6811015e+00
2.3984733e+01	6.9608055e-01
2.4006542e+01	1.6123308e-01
2.4028350e+01	7.5993085e-02
2.4050159e+01	-3.2760667e-02
2.4071968e+01	-1.3879263e-01
2.4093777e+01	-4.3654685e-02
2.4115586e+01	9.1506410e-03
2.4137395e+01	-6.5367428e-02
2.4159204e+01	-1.1011340e-03
2.4181013e+01	3.5840905e-02
2.4202822e+01	6.6818726e-02
2.4224631e+01	4.0121267e-02
2.4246440e+01	-4.4533143e-02
2.4268249e+01	-1.0498528e-01
2.4290058e+01	-9.3465878e-02
2.4311867e+01	4.8426933e-03
2.4333676e+01	1.7544543e-03
2.4355485e+01	1.1992725e-01
2.4377293e+01	1.3019754e-01
2.4399102e+01	-1.0141116e-01
2.4420911e+01	-1.3326729e-01
2.4442720e+01	-9.7914007e-02
2.4464529e+01	4.2715692e-02
2.4486338e+01	1.0741448e-01
2.4508147e+01	1.1269365e-01
2.4529956e+01	2.1396006e-03
2.4551765e+01	1.1407673e-01
2.4573574e+01	1.5226623e-01
2.4595383e+01	6.2358164e-01
2.4617192e+01	8.3711963e-01
2.4639001e+01	7.3791884e-01
2.4660810e+01	1.9382392e-01
2.4682619e+01	-6.3880469e-02
2.4704428e+01	-5.4246567e-02
2.4726236e+01	-1.9078557e-02
2.4748045e+01	-1.4280176e-01
2.4769854e+01	-1.0287700e-01
2.4791663e+01	5.9841958e-02
2.4813472e+01	-5.6849586e-02
2.4835281e+01	-7.8656469e-02
2.4857090e+01	6.3244106e-02
2.4878899e+01	9.7640601e-02
2.4900708e+01	4.3720995e-02
2.4922517e+01	8.2154560e-03
2.4944326e+01	3.1827764e-03
2.4966135e+01	-6.1166136e-03
2.4987944e+01	-5.2085217e-02
2.5009753e+01	-4.6171870e-02
2.5031562e+01	-4.6037608e-02
2.5053371e+01	-1.3935809e-02
2.5075179e+01	6.3790329e-02
2.5096988e+01	-4.0983249e-02
2.5118797e+01	1.3592434e-02
2.5140606e+01	-1.2332971e-02
2.5162415e+01	1.3670792e-03
2.5184224e+01	1.2691887e-01
2.5206033e+01	4.9393186e-02
2.5227842e+01	1.0225341e-01
2.5249651e+01	-1.5822147e-02
2.5271460e+01	-3.0366019e-02
2.5293269e+01	7.4022514e-03
2.5315078e+01	-1.2724714e-01
2.5336887e+01	-6.9694325e-02
2.5358696e+01	2.8207093e-02
2.5380505e+01	-6.4515629e-02
2.5402314e+01	-5.5839094e-02
2.5424123e+01	9.0252316e-02
2.5445931e+01	5.9648174e-02
2.5467740e+01	1.2960935e-01
2.5489549e+01	1.8614980e-01
2.5511358e+01	3.5131745e-02
2.5533167e+01	-1.4992361e-01
2.5554976e+01	-1.3328777e-01
2.5576785e+01	-8.2198263e-03
2.5598594e+01	1.0338999e-01
2.5620403e+01	1.6998191e-02
2.5642212e+01	-1.1108056e-01
2.5664021e+01	-2.4136825e-02
2.5685830e+01	6.6634218e-03
2.5707639e+01	-6.2731697e-02
2.5729448e+01	-3.4502797e-02
2.5751257e+01	8.2085253e-02
2.5773066e+01	2.4899722e-01
2.5794874e+01	4.0089247e-01
2.5816683e+01	1.6032053e-01
2.5838492e+01	-6.3107656e-03
2.5860301e+01	-7.3452903e-02
2.5882110e+01	-3.2274241e-02
2.5903919e+01	8.9385044e-02
2.5925728e+01	3.9658112e-01
2.5947537e+01	8.4555681e-01
2.5969346e+01	1.3279021e+00
2.5991155e+01	1.8488719e+00
2.6012964e+01	2.2818923e+00
2.6034773e+01	2.7122422e+00
2.6056582e+01	3.0186765e+00
2.6078391e+01	3.0690563e+00
2.6100200e+01	2.9416856e+00
2.6122009e+01	2.6048972e+00
2.6143817e+01	2.2495462e+00
2.6165626e+01	1.6060535e+00
2.6187435e+01	1.0807792e+00
2.6209244e+01	8.2268318e-01
2.6231053e+01	5.2349941e-01
2.6252862e+01	3.0870789e-01
2.6274671e+01	1.0393644e-01
2.6296480e+01	-7.3724687e-02
2.6318289e+01	-2.0040371e-02
2.6340098e+01	-1.2587923e-01
2.6361907e+01	-7.8507322e-02
2.6383716e+01	-4.9623792e-02
2.6405525e+01	8.1541903e-02
2.6427334e+01	6.1631041e-02
2.6449143e+01	5.6119089e-02
2.6470952e+01	2.2842794e-02
2.6492760e+01	2.8009047e-02
2.6514569e+01	-5.0919427e-02
2.6536378e+01	1.3407858e-03
2.6558187e+01	1.7885032e-02
2.6579996e+01	2.6280403e-01
2.6601805e+01	3.8708181e-01
2.6623614e+01	4.0055051e-01
2.6645423e+01	5.4517907e-01
2.6667232e+01	5.2529055e-01
2.6689041e+01	2.6058094e-01
2.6710850e+01	1.8641011e-01
2.6732659e+01	-2.4335539e-02
2.6754468e+01	-3.1579226e-02
2.6776277e+01	-7.6137457e-02
2.6798086e+01	-7.0283553e-02
2.6819895e+01	-4.9761535e-03
2.6841703e+01	-1.5738376e-02
2.6863512e+01	7.6416346e-02
2.6885321e+01	3.4331079e-01
2.6907130e+01	4.6382945e-01
2.6928939e+01	4.5817839e-01
2.6950748e+01	3.4203769e-01
2.6972557e+01	4.1270626e-01
2.6994366e+01	4.3887551e-01
2.7016175e+01	1.3902566e-01
2.7037984e+01	-4.2221295e-02
2.7059793e+01	-8.0056321e-02
2.7081602e+01	3.3305804e-03
2.7103411e+01	-1.3094266e-02
2.7125220e+01	1.1392661e-01
2.7147029e+01	-6.0861210e-02
2.7168838e+01	-8.0014220e-02
2.7190646e+01	7.3374778e-03
2.7212455e+01	7.1527704e-02
2.7234264e+01	-1.1765879e-02
2.7256073e+01	3.5416785e-02
2.7277882e+01	8.7096601e-02
2.7299691e+01	-9.5402637e-02
2.7321500e+01	-1.1621499e-01
2.7343309e+01	1.9061414e-02
2.7365118e+01	6.2820040e-04
2.7386927e+01	1.0880126e-01
2.7408736e+01	-6.6215411e-02
2.7430545e+01	2.8327988e-02
2.7452354e+01	7.7190165e-02
2.7474163e+01	-1.5789040e-02
2.7495972e+01	-3.6461084e-02
2.7517781e+01	-1.3111053e-01
2.7539590e+01	8.7669944e-03
2.7561398e+01	1.1657013e-01
2.7583207e+01	6.1446819e-02
2.7605016e+01	-4.2113344e-02
2.7626825e+01	-1.9478259e-01
2.7648634e+01	-3.1940790e-02
2.7670443e+01	8.1042923e-02
2.7692252e+01	1.0668965e-01
2.7714061e+01	3.7921482e-01
2.7735870e+01	4.3771220e-01
2.7757679e+01	7.4940297e-01
2.7779488e+01	4.6490603e-01
2.7801297e+01	5.5244626e-01
2.7823106e+01	3.1308161e-01
2.7844915e+01	1.3501599e-01
2.7866724e+01	8.3249750e-02
2.7888533e+01	-1.5578610e-02
2.7910341e+01	8.0574105e-04
2.7932150e+01	1.8747523e-02
2.7953959e+01	-7.1029368e-02
2.7975768e+01	-7.2229342e-02
2.7997577e+01	-7.3593427e-02
2.8019386e+01	9.1886742e-02
2.8041195e+01	-4.1256605e-02
2.8063004e+01	-1.9853132e-01
2.8084813e+01	5.5697545e-02
2.8106622e+01	1.3358624e-02
2.8128431e+01	1.4185361e-02
2.8150240e+01	4.7898572e-03
2.8172049e+01	-3.8861591e-02
2.8193858e+01	7.2422901e-02
2.8215667e+01	2.4905916e-01
2.8237476e+01	9.6548288e-02
2.8259284e+01	3.8246370e-02
2.8281093e+01	-7.7625973e-02
2.8302902e+01	-9.5710510e-02
2.8324711e+01	3.9526297e-02
2.8346520e+01	5.1720188e-02
2.8368329e+01	-8.7026185e-03
2.8390138e+01	-5.1095859e-02
2.8411947e+01	6.3096535e-02
2.8433756e+01	3.4291145e-01
2.8455565e+01	5.2110499e-01
2.8477374e+01	6.8726507e-01
2.8499183e+01	8.7573944e-01
2.8520992e+01	1.0389819e+00
2.8542801e+01	1.0127791e+00
2.8564610e+01	1.1870309e+00
2.8586419e+01	1.2889980e+00
2.8608227e+01	9.1509818e-01
2.8630036e+01	7.3367719e-01
2.8651845e+01	4.7238280e-01
2.8673654e+01	5.3625075e-01
2.8695463e+01	5.1895506e-01
2.8717272e+01	2.3203867e-01
2.8739081e+01	-1.0358767e-01
2.8760890e+01	-6.0637060e-02
2.8782699e+01	1.4498919e-01
2.8804508e+01	7.8748696e-02
2.8826317e+01	-7.8107978e-02
2.8848126e+01	-2.7265684e-02
2.8869935e+01	7.5215099e-02
2.8891744e+01	-2.9700718e-02
2.8913553e+01	-4.5851237e-02
2.8935362e+01	-1.4651600e-01
2.8957170e+01	4.7164414e-02
2.8978979e+01	1.2510626e-01
2.9000788e+01	8.8845765e-03
2.9022597e+01	3.5846245e-02
2.9044406e+01	9.4561530e-02
2.9066215e+01	-2.3267578e-02
2.9088024e+01	-1.6718467e-01
2.9109833e+01	-4.6700202e-02
2.9131642e+01	-1.4637841e-02
2.9153451e+01	5.9679026e-02
2.9175260e+01	6.0445448e-03
2.9197069e+01	7.5433955e-02
2.9218878e+01	9.7897341e-02
2.9240687e+01	-1.3678029e-02
2.9262496e+01	3.1974197e-02
2.9284305e+01	-6.8350071e-02
2.9306113e+01	-9.9424370e-02
2.9327922e+01	-2.2391752e-03
2.9349731e+01	-1.0294895e-01
2.9371540e+01	1.2762038e-01
2.9393349e+01	4.6741208e-04
2.9415158e+01	1.0936175e-02
2.9436967e+01	3.6591393e-03
2.9458776e+01	1.2980953e-02
2.9480585e+01	5.3350476e-02
2.9502394e+01	1.0569278e-01
2.9524203e+01	1.2423893e-01
2.9546012e+01	-1.0150338e-01
2.9567821e+01	-2.0639556e-01
2.9589630e+01	-4.5287701e-02
2.9611439e+01	1.0176996e-01
2.9633248e+01	-5.5819632e-02
2.9655057e+01	-7.0541556e-02
2.9676865e+01	-4.7688575e-02
2.9698674e+01	1.6165666e-02
2.9720483e+01	3.9392744e-02
2.9742292e+01	3.1101465e-01
2.9764101e+01	5.8514823e-01
2.9785910e+01	4.6909108e-01
2.9807719e+01	4.0865275e-01
2.9829528e+01	2.5078499e-01
2.9851337e+01	1.3740157e-01
2.9873146e+01	-9.7394478e-02
2.9894955e+01	8.3683234e-02
2.9916764e+01	3.5698343e-01
2.9938573e+01	5.5424805e-01
2.9960382e+01	1.4804501e+00
2.9982191e+01	2.6566605e+00
3.0004000e+01	3.8212733e+00
3.0025808e+01	4.8365645e+00
3.0047617e+01	5.9092818e+00
3.0069426e+01	6.8440515e+00
3.0091235e+01	7.5942593e+00
3.0113044e+01	8.0597143e+00
3.0134853e+01	7.5479833e+00
3.0156662e+01	6.6155875e+00
3.0178471e+01	5.4072277e+00
3.0200280e+01	3.9595849e+00
3.0222089e+01	2.4726671e+00
3.0243898e+01	1.4875672e+00
3.0265707e+01	8.0625914e-01
3.0287516e+01	4.8058794e-01
3.0309325e+01	3.2536355e-01
3.0331134e+01	1.1384635e-01
3.0352943e+01	2.1234937e-02
3.0374751e+01	-1.5256413e-02
3.0396560e+01	-5.8419244e-02
3.0418369e+01	-5.7574957e-02
3.0440178e+01	-9.3893978e-02
3.0461987e+01	6.7384092e-02
3.0483796e+01	2.2252967e-03
3.0505605e+01	1.7390096e-02
3.0527414e+01	-3.4526120e-02
3.0549223e+01	8.2175795e-02
3.0571032e+01	-7.5835602e-02
3.0592841e+01	-1.2407687e-01
3.0614650e+01	-6.2110956e-02
3.0636459e+01	-6.4929974e-02
3.0658268e+01	7.3978011e-02
3.0680077e+01	3.1027969e-02
3.0701886e+01	1.2394444e-01
3.0723694e+01	-5.1018209e-02
3.0745503e+01	6.9362439e-02
3.0767312e+01	1.9277403e-01
3.0789121e+01	5.5495890e-02
3.0810930e+01	4.9495293e-03
3.0832739e+01	1.2807278e-01
3.0854548e+01	-6.0905246e-02
3.0876357e+01	-1.8464318e-01
3.0898166e+01	-1.2558078e-01
3.0919975e+01	4.6657922e-02
3.0941784e+01	1.7556088e-01
3.0963593e+01	1.1856241e-01
3.0985402e+01	6.2019527e-02
3.1007211e+01	1.0446894e-02
3.1029020e+01	3.7913956e-02
3.1050829e+01	-1.9317140e-01
3.1072637e+01	-2.0536272e-01
3.1094446e+01	5.8774883e-03
3.1116255e+01	4.0940125e-02
3.1138064e+01	3.4165049e-03
3.1159873e+01	7.5965907e-02
3.1181682e+01	9.8019001e-03
3.1203491e+01	-8.0742301e-02
3.1225300e+01	7.6739404e-02
3.1247109e+01	1.0329832e-01
3.1268918e+01	-9.9968615e-02
3.1290727e+01	1.4624213e-01
3.1312536e+01	1.2117822e-01
3.1334345e+01	-1.4142905e-01
3.1356154e+01	4.3067084e-02
3.1377963e+01	5.8800653e-02
3.1399772e+01	-4.9390227e-02
3.1421580e+01	-1.5340502e-01
3.1443389e+01	-9.1931239e-02
3.1465198e+01	-2.2947926e-02
3.1487007e+01	-2.6326913e-02
3.1508816e+01	7.3796444e-02
3.1530625e+01	7.7236888e-02
3.1552434e+01	2.8374440e-01
3.1574243e+01	5.2797523e-01
3.1596052e+01	5.6727494e-01
3.1617861e+01	4.3596800e-01
3.1639670e+01	4.4829983e-01
3.1661479e+01	6.4248427e-02
3.1683288e+01	-3.4688852e-02
3.1705097e+01	-9.1052277e-02
3.1726906e+01	1.3651072e-01
3.1748715e+01	5.2107462e-01
3.1770524e+01	1.1463318e+00
3.1792332e+01	2.1359967e+00
3.1814141e+01	3.1026755e+00
3.1835950e+01	4.2633544e+00
3.1857759e+01	5.3144998e+00
3.1879568e+01	6.3941440e+00
3.1901377e+01	7.2174843e+00
3.1923186e+01	7.7619589e+00
3.1944995e+01	8.0314011e+00
3.1966804e+01	7.5214162e+00
3.1988613e+01	6.7059745e+00
3.2010422e+01	5.6721063e+00
3.2032231e+01	4.0169879e+00
3.2054040e+01	2.6065095e+00
3.2075849e+01	1.5972495e+00
3.2097658e+01	1.0572151e+00
3.2119467e+01	5.0625261e-01
3.2141275e+01	2.8715833e-01
3.2163084e+01	1.0267129e-01
3.2184893e+01	-5.6510392e-02
3.2206702e+01	-6.6791581e-02
3.2228511e+01	-5.3628801e-02
3.2250320e+01	2.7754522e-02
3.2272129e+01	-6.4547713e-03
3.2293938e+01	8.0585274e-02
3.2315747e+01	-6.0197459e-02
3.2337556e+01	8.5822362e-03
3.2359365e+01	-2.9248177e-02
3.2381174e+01	1.7742050e-03
3.2402983e+01	4.7950761e-02
3.2424792e+01	-2.7287188e-02
3.2446601e+01	2.8283748e-02
3.2468410e+01	-2.7368934e-02
3.2490218e+01	-5.8142139e-02
3.2512027e+01	-1.7255939e-02
3.2533836e+01	-4.0704672e-02
3.2555645e+01	3.8412103e-02
3.2577454e+01	-3.6507851e-03
3.2599263e+01	1.3761865e-01
3.2621072e+01	6.1904950e-02
3.2642881e+01	-3.6214446e-02
3.2664690e+01	-2.7019625e-02
3.2686499e+01	1.3874303e-01
3.2708308e+01	-8.0105699e-02
3.2730117e+01	-7.7013416e-02
3.2751926e+01	1.1758623e-01
3.2773735e+01	-9.2845522e-02
3.2795544e+01	-9.1629423e-02
3.2817353e+01	1.1355646e-01
3.2839161e+01	-5.9169770e-02
3.2860970e+01	-5.6187716e-02
3.2882779e+01	3.2280031e-02
3.2904588e+01	9.5886454e-02
3.2926397e+01	-4.5694017e-02
3.2948206e+01	-2.0599894e-02
3.2970015e+01	1.9392036e-02
3.2991824e+01	-9.9647953e-03
3.3013633e+01	1.2122435e-01
3.3035442e+01	-2.5713963e-02
3.3057251e+01	-4.8999495e-02
3.3079060e+01	5.3096640e-02
3.3100869e+01	6.0036260e-02
3.3122678e+01	-8.1359567e-02
3.3144487e+01	-1.0002620e-01
3.3166296e+01	-2.0898203e-02
3.3188104e+01	-5.2720889e-03
3.3209913e+01	6.2910802e-02
3.3231722e+01	2.7716669e-02
3.3253531e+01	6.2549913e-02
3.3275340e+01	9.3905301e-02
3.3297149e+01	-8.5080624e-02
3.3318958e+01	1.7288743e-02
3.3340767e+01	4.4168368e-03
3.3362576e+01	-1.2354789e-02
3.3384385e+01	-1.4600458e-01
3.3406194e+01	-1.2211251e-01
3.3428003e+01	4.1859226e-02
3.3449812e+01	1.9005178e-01
3.3471621e+01	-6.3662959e-02
3.3493430e+01	-7.8433400e-02
3.3515239e+01	7.7759830e-02
3.3537047e+01	1.7331333e-01
3.3558856e+01	4.7717373e-01
3.3580665e+01	4.6480728e-01
3.3602474e+01	6.8252459e-01
3.3624283e+01	7.1344233e-01
3.3646092e+01	1.0427802e+00
3.3667901e+01	8.1085178e-01
3.3689710e+01	6.4855982e-01
3.3711519e+01	6.5110597e-01
3.3733328e+01	3.5676488e-01
3.3755137e+01	1.4603222e-01
3.3776946e+01	1.5215499e-02
3.3798755e+01	6.0477431e-03
3.3820564e+01	1.8787966e-02
3.3842373e+01	-2.8553083e-02
3.3864182e+01	-9.2475305e-02
3.3885991e+01	3.5507045e-03
3.3907799e+01	1.5106870e-01
3.3929608e+01	-3.6386755e-02
3.3951417e+01	-6.8442826e-02
3.3973226e+01	-7.5606256e-02
3.3995035e+01	7.6483695e-03
3.4016844e+01	-1.7317956e-01
3.4038653e+01	4.7918831e-02
3.4060462e+01	4.9858072e-02
3.4082271e+01	-6.5032091e-03
3.4104080e+01	4.1267382e-02
3.4125889e+01	2.6076781e-02
3.4147698e+01	1.4292213e-01
3.4169507e+01	5.3391252e-02
3.4191316e+01	-8.1254929e-02
3.4213125e+01	-7.6436807e-02
3.4234934e+01	4.0420511e-02
3.4256742e+01	-7.8824423e-02
3.4278551e+01	7.5989999e-02
3.4300360e+01	7.3952648e-02
3.4322169e+01	-6.0221709e-02
3.4343978e+01	-1.8986939e-02
3.4365787e+01	1.0163616e-01
3.4387596e+01	-1.8079755e-02
3.4409405e+01	-1.3614545e-01
3.4431214e+01	-4.9958480e-02
3.4453023e+01	8.1778750e-02
3.4474832e+01	-9.3672790e-03
3.4496641e+01	-4.2422140e-02
3.4518450e+01	7.4840536e-02
3.4540259e+01	-4.2016236e-02
3.4562068e+01	-3.6506784e-02
3.4583877e+01	1.0034968e-01
3.4605685e+01	1.0003238e-01
3.4627494e+01	-3.9596365e-02
3.4649303e+01	-2.9971537e-02
3.4671112e+01	5.7741305e-02
3.4692921e+01	-5.4561807e-02
3.4714730e+01	-1.2928320e-01
3.4736539e+01	-7.4508847e-02
3.4758348e+01	6.1760681e-02
3.4780157e+01	1.3852818e-01
3.4801966e+01	-2.7495431e-02
3.4823775e+01	1.1594005e-01
3.4845584e+01	-9.1839114e-02
3.4867393e+01	-7.5985424e-02
3.4889202e+01	5.2240761e-02
3.4911011e+01	9.5896690e-02
3.4932820e+01	3.9210712e-02
3.4954628e+01	-6.0336053e-02
3.4976437e+01	-8.9168626e-02
3.4998246e+01	-7.2954145e-02
3.5020055e+01	-4.0238637e-02
3.5041864e+01	7.5467427e-02
3.5063673e+01	1.2298743e-01
3.5085482e+01	9.5248880e-02
3.5107291e+01	-7.3950238e-02
3.5129100e+01	-2.9149674e-03
3.5150909e+01	2.1122414e-02
3.5172718e+01	-5.0685322e-02
3.5194527e+01	-3.8068514e-02
3.5216336e+01	-4.1544371e-02
3.5238145e+01	-5.7649596e-02
3.5259954e+01	3.0234890e-03
3.5281763e+01	6.0634876e-02
3.5303571e+01	3.4172925e-02
3.5325380e+01	3.6513300e-02
3.5347189e+01	9.2546002e-03
3.5368998e+01	-5.4548847e-02
3.5390807e+01	4.2084369e-02
3.5412616e+01	1.4233159e-01
3.5434425e+01	3.3626534e-02
3.5456234e+01	-8.2884276e-02
3.5478043e+01	-5.4874328e-02
3.5499852e+01	-1.0987950e-01
3.5521661e+01	-1.1453490e-01
3.5543470e+01	8.6030939e-02
3.5565279e+01	-1.8568006e-03
3.5587088e+01	-1.0242308e-01
3.5608897e+01	5.9495943e-02
3.5630706e+01	1.1867710e-01
3.5652514e+01	8.7964218e-02
3.5674323e+01	6.6510461e-02
3.5696132e+01	-2.1889531e-02
3.5717941e+01	7.5303074e-02
3.5739750e+01	1.9447311e-02
3.5761559e+01	3.9812467e-02
3.5783368e+01	-2.2712704e-02
3.5805177e+01	-1.9880388e-02
3.5826986e+01	-9.6881366e-03
3.5848795e+01	-9.1262621e-03
3.5870604e+01	1.3407554e-02
3.5892413e+01	4.4295444e-03
3.5914222e+01	2.8079775e-03
3.5936031e+01	-1.0557830e-01
3.5957840e+01	-2.3144890e-01
3.5979649e+01	-3.2250228e-01
3.6001458e+01	2.0676077e-02
3.6023266e+01	1.2467875e-01
3.6045075e+01	1.4901901e-01
3.6066884e+01	3.6262105e-01
3.6088693e+01	1.9600790e-01
3.6110502e+01	1.1845595e-01
3.6132311e+01	6.7919386e-02
3.6154120e+01	1.0857105e-01
3.6175929e+01	1.0306615e-01
3.6197738e+01	2.3755281e-02
3.6219547e+01	-1.0397435e-01
3.6241356e+01	-3.7471951e-02
3.6263165e+01	-1.5101003e-01
3.6284974e+01	7.9557517e-02
3.6306783e+01	3.2622428e-02
3.6328592e+01	-1.2643677e-01
3.6350401e+01	-1.2534142e-01
3.6372209e+01	-2.1419375e-02
3.6394018e+01	5.8257510e-02
3.6415827e+01	-7.6043110e-02
3.6437636e+01	1.2598538e-01
3.6459445e+01	1.5825914e-01
3.6481254e+01	9.9603095e-02
3.6503063e+01	2.7248287e-01
3.6524872e+01	5.1689379e-02
3.6546681e+01	-6.1806882e-02
3.6568490e+01	-1.4609035e-01
3.6590299e+01	-9.7498560e-02
3.6612108e+01	1.7288605e-02
3.6633917e+01	5.3321064e-02
3.6655726e+01	-2.1200137e-02
3.6677535e+01	1.1911000e-01
3.6699344e+01	5.0420169e-01
3.6721152e+01	8.3929766e-01
3.6742961e+01	1.1778314e+00
3.6764770e+01	1.5231094e+00
3.6786579e+01	1.8058900e+00
3.6808388e+01	2.3006569e+00
3.6830197e+01	2.7738764e+00
3.6852006e+01	2.9905931e+00
3.6873815e+01	3.1533694e+00
3.6895624e+01	3.1136057e+00
3.6917433e+01	2.9978746e+00
3.6939242e+01	2.8626106e+00
3.6961051e+01	2.4320320e+00
3.6982860e+01	2.0105385e+00
3.7004669e+01	1.7730094e+00
3.7026478e+01	1.4763212e+00
3.7048287e+01	1.3903494e+00
3.7070095e+01	1.3014555e+00
3.7091904e+01	3.1619598e-01
3.7113713e+01	-7.8077227e-03
3.7135522e+01	4.4251490e-02
3.7157331e+01	1.3469698e-02
3.7179140e+01	-1.0607799e-02
3.7200949e+01	-1.0299373e-01
3.7222758e+01	1.8544436e-02
3.7244567e+01	6.1332243e-02
3.7266376e+01	-3.7689339e-02
3.7288185e+01	-1.4867447e-01
3.7309994e+01	1.3602856e-01
3.7331803e+01	1.6774924e-01
3.7353612e+01	-1.6102301e-02
3.7375421e+01	-1.0586657e-01
3.7397230e+01	-5.4067739e-02
3.7419038e+01	1.8917808e-02
3.7440847e+01	4.5030857e-01
3.7462656e+01	6.9022909e-01
3.7484465e+01	1.0742654e+00
3.7506274e+01	8.9450548e-01
3.7528083e+01	3.0841338e-01
3.7549892e+01	5.3281122e-02
3.7571701e+01	1.0178275e-01
3.7593510e+01	3.6012551e-02
3.7615319e+01	9.5060481e-02
3.7637128e+01	-9.0466287e-02
3.7658937e+01	2.3415730e-02
3.7680746e+01	-2.3962610e-02
3.7702555e+01	-4.9448606e-02
3.7724364e+01	-1.7918826e-01
3.7746173e+01	-1.9946069e-01
3.7767981e+01	2.6707935e-02
3.7789790e+01	2.5921113e-02
3.7811599e+01	-6.7935888e-02
3.7833408e+01	1.4406702e-01
3.7855217e+01	1.5165518e-01
3.7877026e+01	8.6993553e-02
3.7898835e+01	5.8762230e-02
3.7920644e+01	7.3174499e-02
3.7942453e+01	1.3660630e-01
3.7964262e+01	8.0193263e-02
3.7986071e+01	9.3852141e-02
3.8007880e+01	-5.4737023e-02
3.8029689e+01	-1.5158062e-01
3.8051498e+01	-2.3613884e-01
3.8073307e+01	-2.0514821e-01
3.8095116e+01	3.1958043e-02
3.8116925e+01	5.3060939e-02
3.8138733e+01	1.6302660e-01
3.8160542e+01	5.6130854e-01
3.8182351e+01	8.3170348e-01
3.8204160e+01	1.0544471e+00
3.8225969e+01	1.3805930e+00
3.8247778e+01	1.8484219e+00
3.8269587e+01	2.2364055e+00
3.8291396e+01	2.5653545e+00
3.8313205e+01	3.1055964e+00
3.8335014e+01	3.5140941e+00
3.8356823e+01	3.5188130e+00
3.8378632e+01	3.4751250e+00
3.8400441e+01	3.2050647e+00
3.8422250e+01	2.9429077e+00
3.8444059e+01	2.6232178e+00
3.8465868e+01	2.3127395e+00
3.8487676e+01	1.6160077e+00
3.8509485e+01	7.5386582e-01
3.8531294e+01	3.8415767e-01
3.8553103e+01	1.0711190e-01
3.8574912e+01	-3.9170771e-03
3.8596721e+01	2.8511853e-02
3.8618530e+01	-2.0739773e-02
3.8640339e+01	-5.3372635e-05
3.8662148e+01	7.1753519e-02
3.8683957e+01	-4.0643859e-02
3.8705766e+01	-1.1301697e-01
3.8727575e+01	-1.8103592e-01
3.8749384e+01	8.3210337e-02
3.8771193e+01	7.5864338e-02
3.8793002e+01	1.4687218e-01
3.8814811e+01	-6.2528255e-02
3.8836619e+01	-7.7093062e-02
3.8858428e+01	1.4954623e-02
3.8880237e+01	7.1276202e-02
3.8902046e+01	6.4973716e-02
3.8923855e+01	-9.7458489e-02
3.8945664e+01	5.5130121e-02
3.8967473e+01	-3.3113446e-02
3.8989282e+01	2.2266301e-01
3.9011091e+01	2.8666301e-01
3.9032900e+01	-2.2883533e-02
3.9054709e+01	-3.0531135e-02
3.9076518e+01	-1.3549897e-01
3.9098327e+01	-3.1538993e-02
3.9120136e+01	-7.5815524e-03
3.9141945e+01	6.1859822e-02
3.9163754e+01	-1.0655936e-02
3.9185562e+01	1.8573702e-01
3.9207371e+01	3.0782424e-02
3.9229180e+01	-2.1361598e-03
3.9250989e+01	1.2086279e-01
3.9272798e+01	-1.4741076e-02
3.9294607e+01	-7.1944557e-02
3.9316416e+01	-2.0953546e-01
3.9338225e+01	-7.6890695e-02
3.9360034e+01	1.2768833e-01
3.9381843e+01	1.5119901e-01
3.9403652e+01	8.9748034e-02
3.9425461e+01	2.3473704e-02
3.9447270e+01	2.4297338e-02
3.9469079e+01	-1.2940782e-01
3.9490888e+01	-4.6089915e-02
3.9512697e+01	3.9894585e-03
3.9534505e+01	-7.1158383e-02
3.9556314e+01	1.3990110e-01
3.9578123e+01	5.1875014e-01
3.9599932e+01	4.0587396e-01
3.9621741e+01	5.8590763e-01
3.9643550e+01	9.1561368e-01
3.9665359e+01	9.5087162e-01
3.9687168e+01	1.3533810e+00
3.9708977e+01	1.7380623e+00
3.9730786e+01	2.2055000e+00
3.9752595e+01	2.3387367e+00
3.9774404e+01	2.4398178e+00
3.9796213e+01	2.6426580e+00
3.9818022e+01	3.0601426e+00
3.9839831e+01	3.3628423e+00
3.9861640e+01	3.2239825e+00
3.9883449e+01	2.7969978e+00
3.9905257e+01	2.2997246e+00
3.9927066e+01	1.7732046e+00
3.9948875e+01	1.0626951e+00
3.9970684e+01	7.3227976e-01
3.9992493e+01	7.8256905e-01
4.0014302e+01	3.2946948e-01
4.0036111e+01	-4.5486414e-02
4.0057920e+01	-7.8571198e-02
4.0079729e+01	8.2519381e-02
4.0101538e+01	6.3855393e-02
4.0123347e+01	6.0303362e-02
4.0145156e+01	-7.0562407e-03
4.0166965e+01	-6.0676967e-02
4.0188774e+01	-1.0112541e-01
4.0210583e+01	2.1394099e-02
4.0232392e+01	4.6585920e-02
4.0254200e+01	9.8463308e-02
4.0276009e+01	-1.4367777e-01
4.0297818e+01	-1.2229385e-01
4.0319627e+01	1.4051370e-01
4.0341436e+01	1.7702895e-01
4.0363245e+01	4.3977781e-02
4.0385054e+01	5.4641481e-02
4.0406863e+01	-2.5668457e-02
4.0428672e+01	-5.1105490e-02
4.0450481e+01	3.3299075e-02
4.0472290e+01	-3.9009312e-03
4.0494099e+01	-1.1722889e-01
4.0515908e+01	-1.7425302e-02
4.0537717e+01	-9.7711124e-02
4.0559526e+01	-7.3491892e-02
4.0581335e+01	7.7815759e-02
4.0603143e+01	1.6063767e-01
4.0624952e+01	2.0599037e-02
4.0646761e+01	2.4229077e-01
4.0668570e+01	3.4266302e-01
4.0690379e+01	1.1202212e-01
4.0712188e+01	-1.1024921e-01
4.0733997e+01	-7.4898720e-02
4.0755806e+01	-1.4772260e-02
4.0777615e+01	1.7510569e-01
4.0799424e+01	-4.3082334e-02
4.0821233e+01	2.7419034e-02
4.0843042e+01	-6.3041884e-03
4.0864851e+01	-6.2257762e-02
4.0886660e+01	2.5409467e-02
4.0908469e+01	-3.2991401e-02
4.0930278e+01	1.0585508e-02
4.0952086e+01	1.1136317e-02
4.0973895e+01	2.6524986e-02
4.0995704e+01	-3.2421008e-02
4.1017513e+01	-6.9978362e-02
4.1039322e+01	2.1067446e-01
4.1061131e+01	1.2743636e-01
4.1082940e+01	1.7507062e-02
4.1104749e+01	-8.9604564e-02
4.1126558e+01	-2.0162794e-02
4.1148367e+01	6.5532741e-02
4.1170176e+01	2.0743307e-01
4.1191985e+01	-2.9459460e-02
4.1213794e+01	-1.8485280e-01
4.1235603e+01	3.7418358e-01
4.1257412e+01	3.4110599e-01
4.1279221e+01	1.2839417e-02
4.1301029e+01	8.2744670e-02
4.1322838e+01	3.0870249e-01
4.1344647e+01	-3.5436779e-02
4.1366456e+01	5.2621590e-02
4.1388265e+01	4.4374082e-02
4.1410074e+01	-7.2577113e-02
4.1431883e+01	1.8436639e-01
4.1453692e+01	1.8795596e-04
4.1475501e+01	-1.1781793e-01
4.1497310e+01	9.5171951e-02
4.1519119e+01	3.1320009e-02
4.1540928e+01	2.8212785e-02
4.1562737e+01	-1.2898100e-01
4.1584546e+01	2.9919315e-02
4.1606355e+01	-2.5084730e-01
4.1628164e+01	2.8431625e-02
4.1649972e+01	6.4079110e-02
4.1671781e+01	6.0007895e-02
4.1693590e+01	3.9488451e-01
4.1715399e+01	3.5827996e-01
4.1737208e+01	3.4058493e-01
4.1759017e+01	5.4404248e-01
4.1780826e+01	3.2743563e-01
4.1802635e+01	1.2000432e-01
4.1824444e+01	-5.6737720e-02
4.1846253e+01	6.0452731e-02
4.1868062e+01	4.4890180e-01
4.1889871e+01	2.3737791e-02
4.1911680e+01	3.9116394e-02
4.1933489e+01	2.4116648e-01
4.1955298e+01	-9.9303126e-02
4.1977107e+01	1.0590316e-03
4.1998916e+01	-1.2180663e-01
4.2020724e+01	5.3002050e-02
4.2042533e+01	2.4482639e-01
4.2064342e+01	1.8375501e-01
4.2086151e+01	7.8412547e-02
4.2107960e+01	-1.1087703e-01
4.2129769e+01	6.4010181e-02
4.2151578e+01	-5.1270130e-02
4.2173387e+01	-8.1330285e-02
4.2195196e+01	8.7598018e-02
4.2217005e+01	-1.2796112e-01
4.2238814e+01	1.1004770e-01
4.2260623e+01	-6.7433841e-02
4.2282432e+01	-2.4902503e-02
4.2304241e+01	-1.7079653e-01
4.2326050e+01	-6.6571562e-02
4.2347859e+01	9.5660985e-02
4.2369667e+01	7.5860443e-02
4.2391476e+01	9.3045432e-03
4.2413285e+01	-2.4397060e-02
4.2435094e+01	7.7779711e-02
4.2456903e+01	5.9693971e-01
4.2478712e+01	1.0140173e+00
4.2500521e+01	9.5307270e-01
4.2522330e+01	1.4537993e+00
4.2544139e+01	1.6953675e+00
4.2565948e+01	1.7584135e+00
4.2587757e+01	2.0415297e+00
4.2609566e+01	1.7917804e+00
4.2631375e+01	1.6117209e+00
4.2653184e+01	1.3178285e+00
4.2674993e+01	8.5780464e-01
4.2696802e+01	5.4881752e-01
4.2718610e+01	1.4148551e-01
4.2740419e+01	7.8044873e-02
4.2762228e+01	3.1925054e-01
4.2784037e+01	4.0043969e-01
4.2805846e+01	2.7917383e-01
4.2827655e+01	1.5765965e-01
4.2849464e+01	-1.2662788e-01
4.2871273e+01	-1.0573870e-01
4.2893082e+01	1.4989308e-01
4.2914891e+01	-1.1739913e-01
4.2936700e+01	-2.8448719e-01
4.2958509e+01	2.6691272e-02
4.2980318e+01	1.2098753e-01
4.3002127e+01	2.3771184e-02
4.3023936e+01	9.5846947e-02
4.3045745e+01	2.8241161e-01
4.3067553e+01	3.3305705e-01
4.3089362e+01	2.8555608e-01
4.3111171e+01	-1.3172529e-01
4.3132980e+01	1.6387352e-02
4.3154789e+01	1.8227821e-01
4.3176598e+01	8.3451545e-02
4.3198407e+01	3.3906970e-01
4.3220216e+01	-1.4557176e-01
4.3242025e+01	-1.2814906e-01
4.3263834e+01	1.7990994e-01
4.3285643e+01	-1.6585052e-02
4.3307452e+01	-1.8163261e-01
4.3329261e+01	1.0874112e-01
4.3351070e+01	1.2789440e-01
4.3372879e+01	1.0986719e-02
4.3394688e+01	7.9709636e-02
4.3416496e+01	3.2942520e-01
4.3438305e+01	6.4267571e-02
4.3460114e+01	2.1176370e-01
4.3481923e+01	-2.7484171e-01
4.3503732e+01	2.9111489e-02
4.3525541e+01	4.6209485e-01
4.3547350e+01	8.2637108e-02
4.3569159e+01	9.5209859e-03
4.3590968e+01	-5.1607978e-02
4.3612777e+01	2.4743798e-01
4.3634586e+01	3.7201652e-01
4.3656395e+01	9.3797367e-01
4.3678204e+01	1.1597698e+00
4.3700013e+01	1.9980502e+00
4.3721822e+01	2.5584412e+00
4.3743631e+01	3.1572002e+00
4.3765439e+01	3.7985915e+00
4.3787248e+01	4.6549624e+00
4.3809057e+01	5.9304393e+00
4.3830866e+01	6.3511056e+00
4.3852675e+01	7.0542115e+00
4.3874484e+01	7.2471994e+00
4.3896293e+01	7.3309327e+00
4.3918102e+01	6.7674356e+00
4.3939911e+01	5.9928106e+00
4.3961720e+01	5.2444689e+00
4.3983529e+01	3.7136560e+00
4.4005338e+01	2.5422761e+00
4.4027147e+01	1.5942685e+00
4.4048956e+01	8.0238873e-01
4.4070765e+01	7.0460798e-01
4.4092574e+01	7.0042763e-01
4.4114383e+01	2.8046702e-01
4.4136191e+01	4.2261495e-02
4.4158000e+01	-8.4206138e-02
4.4179809e+01	-4.8101522e-02
4.4201618e+01	2.4605373e-02
4.4223427e+01	-4.4656435e-02
4.4245236e+01	1.3358749e-01
4.4267045e+01	2.5416699e-02
4.4288854e+01	-3.6733915e-02
4.4310663e+01	1.1997053e-02
4.4332472e+01	-2.2174971e-02
4.4354281e+01	1.1335335e-01
4.4376090e+01	8.0787056e-02
4.4397899e+01	-1.4796678e-01
4.4419708e+01	-1.3570292e-01
4.4441517e+01	3.0476044e-02
4.4463326e+01	1.0578393e-01
4.4485134e+01	-1.4153539e-01
4.4506943e+01	2.5971117e-01
4.4528752e+01	3.2572497e-02
4.4550561e+01	1.6662362e-03
4.4572370e+01	3.4038782e-01
4.4594179e+01	1.5886121e-01
4.4615988e+01	-1.3180630e-01
4.4637797e+01	1.9617404e-01
4.4659606e+01	-2.1962505e-02
4.4681415e+01	3.1450749e-01
4.4703224e+01	4.6925310e-01
4.4725033e+01	1.9915727e-01
4.4746842e+01	1.4445514e-01
4.4768651e+01	1.5466363e-02
4.4790460e+01	-5.6541442e-02
4.4812269e+01	-2.7903603e-01
4.4834077e+01	2.9686621e-01
4.4855886e+01	-2.8599044e-03
4.4877695e+01	3.4941115e-02
4.4899504e+01	9.8302965e-02
4.4921313e+01	-9.5262070e-02
4.4943122e+01	8.3707235e-02
4.4964931e+01	5.8735336e-01
4.4986740e+01	5.3859240e-01