Image file: \\Gfs05\g45\SAXS\2020_12\HDF5\2020-12.10_Kevin_day2_SN\2020-12-10_Max_Cu123_SN_000017_data_000004.h5
ImageIntegration1d_chi_output; Output_Directory= \\Gfs05\g45\SAXS\2020_12\Processed\2020-12-09_Kevin_day1_SN\Chi-Sample-7
Profile = Radial, StartAzimuth = 0.0, EndAzimuth = 360.0, Sam_Det_distance = 250.818474293, InnerRadius = 15.0, OuterRadius = 2400.0, Lambda = 30, Ratio = 0.001, Itermax = 100
2400
2.0013229e+00	-6.3329479e-02
2.0231319e+00	-1.2765243e-02
2.0449408e+00	1.8482707e-01
2.0667497e+00	5.9374353e-01
2.0885587e+00	4.8157261e-01
2.1103676e+00	7.0222534e-01
2.1321765e+00	4.0766044e-01
2.1539855e+00	-5.3802985e-02
2.1757944e+00	-3.3573598e-01
2.1976034e+00	-6.6241047e-02
2.2194123e+00	-7.2866525e-02
2.2412212e+00	3.1048043e-01
2.2630302e+00	6.3018173e-01
2.2848391e+00	4.5256861e-01
2.3066480e+00	1.3524429e-01
2.3284570e+00	4.4793751e-01
2.3502659e+00	5.4049954e-01
2.3720749e+00	6.3149909e-02
2.3938838e+00	1.7868309e-01
2.4156927e+00	2.6669320e-01
2.4375017e+00	-2.3869689e-01
2.4593106e+00	-5.0818999e-01
2.4811196e+00	3.7111456e-01
2.5029285e+00	6.5526408e-01
2.5247374e+00	-3.2673706e-02
2.5465464e+00	-7.3328070e-02
2.5683553e+00	-8.0650340e-03
2.5901642e+00	2.4037779e-01
2.6119732e+00	2.5501329e-01
2.6337821e+00	-5.9082653e-02
2.6555911e+00	-1.6455334e-01
2.6774000e+00	1.6633943e-01
2.6992089e+00	3.5618617e-02
2.7210179e+00	1.9225695e-02
2.7428268e+00	4.3321947e-01
2.7646358e+00	-7.1627671e-02
2.7864447e+00	-2.4639092e-01
2.8082536e+00	-1.3758973e-01
2.8300626e+00	1.5431436e-01
2.8518715e+00	6.0454718e-02
2.8736804e+00	1.5922928e-02
2.8954894e+00	1.5592553e-01
2.9172983e+00	-2.4993459e-01
2.9391073e+00	9.9800776e-02
2.9609162e+00	5.7075893e-01
2.9827251e+00	5.1589367e-01
3.0045341e+00	2.8843194e-01
3.0263430e+00	-9.4233965e-02
3.0481519e+00	-1.1680721e-01
3.0699609e+00	-1.1784752e-01
3.0917698e+00	9.5484328e-02
3.1135788e+00	2.2629328e-01
3.1353877e+00	5.0784527e-01
3.1571966e+00	-1.9615518e-01
3.1790056e+00	-7.8802939e-02
3.2008145e+00	1.4270043e-01
3.2226235e+00	4.8300229e-01
3.2444324e+00	-1.9828594e-01
3.2662413e+00	-1.5785487e-01
3.2880503e+00	1.3909923e-01
3.3098592e+00	2.9088557e-01
3.3316681e+00	1.4266356e-01
3.3534771e+00	-3.7776613e-02
3.3752860e+00	-6.3067582e-02
3.3970950e+00	1.4141033e-01
3.4189039e+00	-7.5274847e-02
3.4407128e+00	-3.2594205e-01
3.4625218e+00	8.7706089e-02
3.4843307e+00	9.4918666e-02
3.5061396e+00	4.6987930e-01
3.5279486e+00	6.2732193e-01
3.5497575e+00	3.0888010e-01
3.5715665e+00	-6.6797753e-02
3.5933754e+00	4.9561605e-02
3.6151843e+00	-1.2243488e-01
3.6369933e+00	-1.4631864e-01
3.6588022e+00	3.7794864e-03
3.6806112e+00	3.1647058e-01
3.7024201e+00	-4.3829090e-02
3.7242290e+00	-2.5360285e-01
3.7460380e+00	2.2068011e-02
3.7678469e+00	3.1989537e-02
3.7896558e+00	-4.4321093e-02
3.8114648e+00	3.3177902e-01
3.8332737e+00	1.8995621e-01
3.8550827e+00	-1.2714728e-01
3.8768916e+00	2.2247789e-01
3.8987005e+00	6.0185781e-01
3.9205095e+00	4.9751134e-01
3.9423184e+00	1.5080105e-01
3.9641273e+00	-1.4767010e-01
3.9859363e+00	-2.7384787e-01
4.0077452e+00	-3.2241511e-01
4.0295542e+00	3.9655069e-04
4.0513631e+00	1.0587263e-01
4.0731720e+00	2.2823343e-01
4.0949810e+00	4.7676035e-01
4.1167899e+00	3.3213553e-01
4.1385989e+00	-8.2357197e-02
4.1604078e+00	-6.3068619e-03
4.1822167e+00	2.3335095e-01
4.2040257e+00	-3.2552939e-01
4.2258346e+00	3.1480128e-01
4.2476435e+00	2.2866207e-01
4.2694525e+00	-1.6080398e-01
4.2912614e+00	6.6943664e-02
4.3130704e+00	7.5295311e-02
4.3348793e+00	-3.5864547e-01
4.3566882e+00	-2.6641106e-02
4.3784972e+00	8.4382816e-02
4.4003061e+00	-1.9814705e-01
4.4221151e+00	2.7618079e-03
4.4439240e+00	1.5857660e-01
4.4657329e+00	1.1284964e-01
4.4875419e+00	3.2759107e-01
4.5093508e+00	-2.5012972e-01
4.5311597e+00	2.8715794e-03
4.5529687e+00	-4.2057138e-02
4.5747776e+00	1.3834844e-01
4.5965866e+00	-7.9087378e-02
4.6183955e+00	7.8616789e-02
4.6402044e+00	4.7171746e-02
4.6620134e+00	-3.5369460e-02
4.6838223e+00	1.3717389e-01
4.7056312e+00	-7.4090387e-02
4.7274402e+00	1.6175650e-01
4.7492491e+00	-1.3786785e-01
4.7710581e+00	-1.5889266e-01
4.7928670e+00	5.6538941e-02
4.8146759e+00	-2.2485706e-01
4.8364849e+00	-3.1594564e-02
4.8582938e+00	1.3455362e-01
4.8801028e+00	3.6253982e-02
4.9019117e+00	3.0663131e-03
4.9237206e+00	5.2071676e-02
4.9455296e+00	8.4556091e-02
4.9673385e+00	-4.0882784e-02
4.9891474e+00	4.6286587e-01
5.0109564e+00	4.5952270e-01
5.0327653e+00	2.9409827e-01
5.0545743e+00	2.3083996e-02
5.0763832e+00	5.4422553e-02
5.0981921e+00	-3.0635804e-01
5.1200011e+00	-1.4198378e-01
5.1418100e+00	-1.5512877e-01
5.1636189e+00	-8.7284771e-02
5.1854279e+00	3.4566309e-01
5.2072368e+00	1.4411839e-01
5.2290458e+00	9.9361548e-02
5.2508547e+00	-1.6696174e-01
5.2726636e+00	-5.1247080e-02
5.2944726e+00	2.8710001e-01
5.3162815e+00	2.5055830e-01
5.3380905e+00	-6.8340053e-02
5.3598994e+00	-5.5878859e-02
5.3817083e+00	-1.1776381e-01
5.4035173e+00	-2.2717896e-02
5.4253262e+00	2.1673773e-02
5.4471351e+00	7.9139627e-02
5.4689441e+00	-7.5062688e-02
5.4907530e+00	-5.5142431e-02
5.5125620e+00	4.8627377e-02
5.5343709e+00	-2.0051212e-01
5.5561798e+00	3.5363665e-01
5.5779888e+00	2.9098184e-01
5.5997977e+00	3.0610557e-01
5.6216066e+00	2.8067326e-02
5.6434156e+00	-3.2970672e-01
5.6652245e+00	-1.2241853e-01
5.6870335e+00	5.6932119e-02
5.7088424e+00	8.7787546e-02
5.7306513e+00	-2.1398384e-01
5.7524603e+00	1.0451822e-01
5.7742692e+00	2.6744563e-01
5.7960782e+00	-1.9230202e-01
5.8178871e+00	-2.6427629e-02
5.8396960e+00	6.2721760e-02
5.8615050e+00	4.6788024e-01
5.8833139e+00	2.7070413e-01
5.9051228e+00	-8.0503211e-02
5.9269318e+00	2.1163525e-02
5.9487407e+00	3.9974264e-02
5.9705497e+00	3.0765105e-02
5.9923586e+00	-1.6077187e-01
6.0141675e+00	-2.4503924e-01
6.0359765e+00	5.8327616e-01
6.0577854e+00	5.9991838e-01
6.0795944e+00	2.4669650e-01
6.1014033e+00	1.9441310e-02
6.1232122e+00	1.0356478e-02
6.1450212e+00	8.0101056e-02
6.1668301e+00	1.9225452e-01
6.1886390e+00	-3.7321943e-02
6.2104480e+00	-2.1038926e-01
6.2322569e+00	5.8864382e-01
6.2540659e+00	5.1363338e-01
6.2758748e+00	-8.6676617e-02
6.2976837e+00	-9.5626407e-02
6.3194927e+00	4.1259319e-01
6.3413016e+00	1.3719519e-01
6.3631105e+00	-1.5555923e-01
6.3849195e+00	-1.4174562e-01
6.4067284e+00	1.5954390e-02
6.4285374e+00	-1.4696340e-01
6.4503463e+00	2.0257512e-01
6.4721552e+00	4.3846942e-01
6.4939642e+00	2.7132125e-01
6.5157731e+00	1.1309769e-01
6.5375821e+00	8.5649897e-02
6.5593910e+00	-6.0482665e-02
6.5811999e+00	-1.8437600e-01
6.6030089e+00	-1.8470993e-01
6.6248178e+00	2.5879933e-01
6.6466267e+00	5.2580233e-01
6.6684357e+00	-6.0097325e-02
6.6902446e+00	3.8803996e-02
6.7120536e+00	-1.0936074e-01
6.7338625e+00	2.3640170e-02
6.7556714e+00	1.6406188e-02
6.7774804e+00	3.4557655e-02
6.7992893e+00	3.9083519e-01
6.8210982e+00	1.2835995e-01
6.8429072e+00	-2.0102898e-02
6.8647161e+00	-1.8720835e-01
6.8865251e+00	-4.0822006e-02
6.9083340e+00	1.0523860e-01
6.9301429e+00	-7.8136247e-02
6.9519519e+00	1.8319328e-01
6.9737608e+00	-7.6754274e-02
6.9955698e+00	-9.7024386e-02
7.0173787e+00	6.7312110e-01
7.0391876e+00	1.2084068e+00
7.0609966e+00	1.3799943e+00
7.0828055e+00	2.5518672e+00
7.1046144e+00	4.7441753e+00
7.1264234e+00	5.5449082e+00
7.1482323e+00	5.0577195e+00
7.1700413e+00	5.0137268e+00
7.1918502e+00	4.5566609e+00
7.2136591e+00	2.6069544e+00
7.2354681e+00	1.1238968e+00
7.2572770e+00	6.0900692e-01
7.2790859e+00	-5.6420668e-02
7.3008949e+00	5.5546810e-03
7.3227038e+00	1.4763358e-02
7.3445128e+00	6.0769912e-02
7.3663217e+00	-7.8331221e-02
7.3881306e+00	-1.9693905e-01
7.4099396e+00	1.2438363e-01
7.4317485e+00	9.3654442e-02
7.4535575e+00	1.5272002e-01
7.4753664e+00	2.4116532e-01
7.4971753e+00	9.1648179e-02
7.5189843e+00	-1.2452734e-01
7.5407932e+00	2.2461215e-02
7.5626021e+00	-3.8703430e-01
7.5844111e+00	-2.0975900e-01
7.6062200e+00	3.2657317e-01
7.6280290e+00	7.9020032e-02
7.6498379e+00	-7.8440347e-02
7.6716468e+00	4.9827506e-01
7.6934558e+00	8.2140312e-01
7.7152647e+00	3.5716653e-01
7.7370737e+00	7.1586527e-02
7.7588826e+00	3.0396721e-02
7.7806915e+00	-2.4128064e-01
7.8025005e+00	1.6326627e-01
7.8243094e+00	6.4621837e-02
7.8461183e+00	4.7181597e-02
7.8679273e+00	-2.0475127e-01
7.8897362e+00	4.5297598e-03
7.9115452e+00	-5.0393925e-02
7.9333541e+00	4.3429832e-01
7.9551630e+00	5.6136012e-02
7.9769720e+00	8.9342783e-02
7.9987809e+00	1.2274969e-01
8.0205898e+00	2.0260881e-03
8.0423988e+00	9.0349575e-02
8.0642077e+00	-1.6162969e-01
8.0860167e+00	-1.9771597e-01
8.1078256e+00	-6.5336189e-02
8.1296345e+00	-1.1486693e-01
8.1514435e+00	8.5322170e-02
8.1732524e+00	5.5029813e-02
8.1950614e+00	-1.0401609e-01
8.2168703e+00	1.2919629e-01
8.2386792e+00	1.5144536e-01
8.2604882e+00	-9.7133651e-02
8.2822971e+00	6.5136864e-02
8.3041060e+00	-2.2684310e-03
8.3259150e+00	2.2185847e-02
8.3477239e+00	1.9000058e-01
8.3695329e+00	1.1481887e-01
8.3913418e+00	-1.1326721e-02
8.4131507e+00	-9.4114965e-02
8.4349597e+00	-6.8834752e-01
8.4567686e+00	-4.9596102e-03
8.4785775e+00	2.3506845e-01
8.5003865e+00	1.3069145e-01
8.5221954e+00	1.0377013e-01
8.5440044e+00	-1.4012433e-01
8.5658133e+00	1.2944097e-01
8.5876222e+00	3.4534927e-01
8.6094312e+00	4.1297058e-04
8.6312401e+00	2.7739624e-02
8.6530491e+00	4.5631302e-01
8.6748580e+00	5.2983472e-01
8.6966669e+00	-6.0350729e-02
8.7184759e+00	-3.6395597e-02
8.7402848e+00	2.2944863e-01
8.7620937e+00	-3.2611724e-01
8.7839027e+00	-4.0687549e-01
8.8057116e+00	3.7342133e-02
8.8275206e+00	2.9550640e-01
8.8493295e+00	3.3488728e-01
8.8711384e+00	-1.2578366e-01
8.8929474e+00	2.6159890e-01
8.9147563e+00	1.0943256e-01
8.9365652e+00	8.7954352e-02
8.9583742e+00	1.8110136e-01
8.9801831e+00	1.0825410e-01
9.0019921e+00	-2.8214735e-01
9.0238010e+00	-4.2896502e-01
9.0456099e+00	-7.9236072e-02
9.0674189e+00	3.2470115e-01
9.0892278e+00	1.3134867e-01
9.1110368e+00	7.1969406e-02
9.1328457e+00	-2.0183364e-01
9.1546546e+00	2.3748680e-02
9.1764636e+00	-1.5266914e-02
9.1982725e+00	2.9155661e-01
9.2200814e+00	-7.6915382e-02
9.2418904e+00	4.2640873e-02
9.2636993e+00	6.9021522e-03
9.2855083e+00	2.5866887e-01
9.3073172e+00	3.0209177e-01
9.3291261e+00	-2.1378997e-01
9.3509351e+00	-4.6415194e-01
9.3727440e+00	-2.1763536e-02
9.3945530e+00	7.8267564e-02
9.4163619e+00	6.6288429e-02
9.4381708e+00	5.3325773e-02
9.4599798e+00	2.9632911e-01
9.4817887e+00	2.9340814e-01
9.5035976e+00	-4.1333752e-01
9.5254066e+00	-1.9119396e-01
9.5472155e+00	1.9955062e-01
9.5690245e+00	2.4558097e-01
9.5908334e+00	1.3203183e-01
9.6126423e+00	9.6062374e-02
9.6344513e+00	-1.6551927e-01
9.6562602e+00	2.0080532e-01
9.6780691e+00	-3.5645843e-01
9.6998781e+00	2.2618834e-01
9.7216870e+00	-1.5193361e-01
9.7434960e+00	-3.0971212e-01
9.7653049e+00	1.5869035e-02
9.7871138e+00	7.8059776e-02
9.8089228e+00	1.0059216e-01
9.8307317e+00	2.2925472e-01
9.8525407e+00	1.9918001e-01
9.8743496e+00	-2.1943798e-01
9.8961585e+00	-3.7565408e-03
9.9179675e+00	2.2123151e-01
9.9397764e+00	-1.9235162e-01
9.9615853e+00	-2.1380535e-02
9.9833943e+00	-6.0158311e-02
1.0005203e+01	-7.2926061e-02
1.0027012e+01	3.8139464e-02
1.0048821e+01	-1.3459848e-01
1.0070630e+01	-1.9263866e-02
1.0092439e+01	1.4802550e-01
1.0114248e+01	2.6836326e-01
1.0136057e+01	3.8656610e-02
1.0157866e+01	1.5092411e-01
1.0179675e+01	2.3919997e-01
1.0201484e+01	-3.7125387e-01
1.0223293e+01	2.2850364e-01
1.0245102e+01	1.0948652e-02
1.0266910e+01	-1.5831146e-01
1.0288719e+01	-2.0026361e-01
1.0310528e+01	-5.9056797e-01
1.0332337e+01	-1.0864949e-01
1.0354146e+01	1.9770251e-01
1.0375955e+01	4.7691971e-01
1.0397764e+01	8.0044135e-01
1.0419573e+01	3.1241378e-01
1.0441382e+01	2.2398118e-01
1.0463191e+01	1.9018794e-01
1.0485000e+01	1.2430886e+00
1.0506809e+01	3.0062768e+00
1.0528618e+01	4.0702062e+00
1.0550427e+01	4.6506702e+00
1.0572236e+01	5.2879726e+00
1.0594045e+01	4.9338370e+00
1.0615853e+01	4.7680568e+00
1.0637662e+01	4.8194858e+00
1.0659471e+01	3.9758274e+00
1.0681280e+01	3.0482854e+00
1.0703089e+01	2.3122234e+00
1.0724898e+01	1.3961148e+00
1.0746707e+01	5.1499337e-01
1.0768516e+01	2.6058265e-01
1.0790325e+01	1.2765627e-01
1.0812134e+01	-9.8854997e-02
1.0833943e+01	-2.2368588e-01
1.0855752e+01	7.8333904e-04
1.0877561e+01	-5.2364153e-01
1.0899370e+01	3.2459234e-02
1.0921179e+01	2.6938007e-01
1.0942988e+01	1.1124657e-01
1.0964796e+01	-1.4104576e-01
1.0986605e+01	6.7510997e-02
1.1008414e+01	-1.8532416e-01
1.1030223e+01	2.5666039e-01
1.1052032e+01	-5.0156504e-02
1.1073841e+01	-2.0533727e-01
1.1095650e+01	7.4196605e-02
1.1117459e+01	2.0729804e-01
1.1139268e+01	1.9833291e-01
1.1161077e+01	-4.3907600e-02
1.1182886e+01	2.4207010e-01
1.1204695e+01	3.8362228e-01
1.1226504e+01	1.1291217e+00
1.1248313e+01	1.2054100e+00
1.1270122e+01	2.8607846e-01
1.1291931e+01	2.3629869e-01
1.1313740e+01	-2.6014179e-01
1.1335548e+01	-3.4232659e-01
1.1357357e+01	-2.8333798e-01
1.1379166e+01	3.7412624e-02
1.1400975e+01	4.3229836e-01
1.1422784e+01	-3.2930781e-02
1.1444593e+01	1.6259946e-01
1.1466402e+01	7.3630149e-02
1.1488211e+01	-1.8086735e-01
1.1510020e+01	-3.1459003e-01
1.1531829e+01	1.3626375e-01
1.1553638e+01	6.1094195e-01
1.1575447e+01	2.8504139e-01
1.1597256e+01	1.5112744e-01
1.1619065e+01	-1.1975862e-02
1.1640874e+01	7.5137170e-02
1.1662683e+01	4.3098095e-01
1.1684491e+01	4.6402097e-02
1.1706300e+01	-5.3737036e-01
1.1728109e+01	2.0591748e-02
1.1749918e+01	6.7068921e-02
1.1771727e+01	8.1216833e-02
1.1793536e+01	3.4409824e-01
1.1815345e+01	4.4796902e-01
1.1837154e+01	2.4454487e-01
1.1858963e+01	9.2803771e-02
1.1880772e+01	-3.3852146e-01
1.1902581e+01	-2.1617225e-01
1.1924390e+01	8.2093981e-02
1.1946199e+01	5.7720542e-01
1.1968008e+01	3.1962478e-01
1.1989817e+01	-1.6479708e-01
1.2011626e+01	2.5495923e-02
1.2033434e+01	8.1922800e-02
1.2055243e+01	5.7948167e-03
1.2077052e+01	2.9015338e-01
1.2098861e+01	-2.2430293e-01
1.2120670e+01	-4.5814733e-02
1.2142479e+01	1.6264399e-01
1.2164288e+01	-1.6627451e-01
1.2186097e+01	-2.2864907e-01
1.2207906e+01	2.3853362e-01
1.2229715e+01	5.0073842e-01
1.2251524e+01	5.7553902e-02
1.2273333e+01	1.2918923e-01
1.2295142e+01	2.7273419e-01
1.2316951e+01	-3.5564433e-02
1.2338760e+01	-1.3360356e-01
1.2360569e+01	-2.0306553e-01
1.2382377e+01	1.0457029e-01
1.2404186e+01	-2.2456679e-01
1.2425995e+01	-7.5371455e-02
1.2447804e+01	-1.9212950e-02
1.2469613e+01	2.3154101e-01
1.2491422e+01	-3.3117536e-02
1.2513231e+01	1.7703761e-01
1.2535040e+01	3.8295693e-02
1.2556849e+01	1.1018156e-01
1.2578658e+01	2.6504769e-01
1.2600467e+01	-2.7262716e-01
1.2622276e+01	-1.1727326e-01
1.2644085e+01	-1.1686336e-01
1.2665894e+01	-9.7401711e-02
1.2687703e+01	1.8892332e-02
1.2709512e+01	1.7732542e-01
1.2731320e+01	1.3937583e-01
1.2753129e+01	1.7983997e-01
1.2774938e+01	-2.3423198e-01
1.2796747e+01	-3.5903722e-01
1.2818556e+01	4.9646610e-03
1.2840365e+01	2.7529198e-01
1.2862174e+01	1.0599783e-01
1.2883983e+01	3.0277630e-02
1.2905792e+01	-2.4755303e-01
1.2927601e+01	1.3977498e-01
1.2949410e+01	3.9699245e-01
1.2971219e+01	-7.8488240e-02
1.2993028e+01	1.5069935e-01
1.3014837e+01	7.6885711e-01
1.3036646e+01	1.1213811e+00
1.3058455e+01	2.0184435e+00
1.3080264e+01	3.7662565e+00
1.3102072e+01	5.0003521e+00
1.3123881e+01	4.6795325e+00
1.3145690e+01	4.4236499e+00
1.3167499e+01	3.9119565e+00
1.3189308e+01	3.7412643e+00
1.3211117e+01	4.0076355e+00
1.3232926e+01	4.1926322e+00
1.3254735e+01	3.4227967e+00
1.3276544e+01	2.0701910e+00
1.3298353e+01	8.5043733e-01
1.3320162e+01	1.1736778e-01
1.3341971e+01	-4.3482635e-01
1.3363780e+01	6.5474108e-02
1.3385589e+01	7.4049253e-01
1.3407398e+01	4.6939189e-01
1.3429207e+01	7.4728532e-02
1.3451015e+01	5.7401179e-02
1.3472824e+01	-1.3352588e-01
1.3494633e+01	3.4877732e-01
1.3516442e+01	9.9981089e-02
1.3538251e+01	-2.0450440e-01
1.3560060e+01	-8.4145314e-02
1.3581869e+01	1.2087883e-01
1.3603678e+01	2.1504256e-01
1.3625487e+01	-3.6202588e-02
1.3647296e+01	-1.3941020e-01
1.3669105e+01	2.1422198e-01
1.3690914e+01	-2.2507215e-02
1.3712723e+01	1.3032049e-01
1.3734532e+01	-2.3157101e-02
1.3756341e+01	-2.4171023e-01
1.3778150e+01	-1.3489796e-01
1.3799958e+01	7.0667550e-02
1.3821767e+01	3.4302815e-03
1.3843576e+01	2.9052307e-01
1.3865385e+01	1.1206259e-01
1.3887194e+01	-2.2957635e-01
1.3909003e+01	-1.5792463e-01
1.3930812e+01	9.3062299e-02
1.3952621e+01	3.0944978e-01
1.3974430e+01	-1.6638235e-01
1.3996239e+01	-4.4688125e-02
1.4018048e+01	6.1102157e-02
1.4039857e+01	-7.1779108e-02
1.4061666e+01	1.9090807e-01
1.4083475e+01	-6.9931540e-02
1.4105284e+01	-8.9984436e-02
1.4127093e+01	1.5185407e-01
1.4148901e+01	7.3175238e-01
1.4170710e+01	1.3746922e+00
1.4192519e+01	2.6448354e+00
1.4214328e+01	3.8601760e+00
1.4236137e+01	3.9710609e+00
1.4257946e+01	3.4751529e+00
1.4279755e+01	3.3289570e+00
1.4301564e+01	3.4376472e+00
1.4323373e+01	3.8571142e+00
1.4345182e+01	4.0486311e+00
1.4366991e+01	3.7412918e+00
1.4388800e+01	3.5906531e+00
1.4410609e+01	2.1851441e+00
1.4432418e+01	1.0097586e+00
1.4454227e+01	7.9986147e-01
1.4476036e+01	4.7171969e-01
1.4497844e+01	-2.2308117e-02
1.4519653e+01	-1.1366996e-01
1.4541462e+01	-1.7594200e-01
1.4563271e+01	4.0425028e-02
1.4585080e+01	1.4792484e-01
1.4606889e+01	5.2441202e-02
1.4628698e+01	-1.5358661e-01
1.4650507e+01	2.0843412e-01
1.4672316e+01	5.8108630e-01
1.4694125e+01	1.5502000e+00
1.4715934e+01	3.8696656e+00
1.4737743e+01	5.8380354e+00
1.4759552e+01	7.4320760e+00
1.4781361e+01	8.1272206e+00
1.4803170e+01	8.0751396e+00
1.4824979e+01	7.9457095e+00
1.4846787e+01	8.1787467e+00
1.4868596e+01	8.6141335e+00
1.4890405e+01	9.0231993e+00
1.4912214e+01	8.7789915e+00
1.4934023e+01	7.1915665e+00
1.4955832e+01	5.8022357e+00
1.4977641e+01	4.0621865e+00
1.4999450e+01	2.5013932e+00
1.5021259e+01	1.6122633e+00
1.5043068e+01	1.0190112e+00
1.5064877e+01	1.2296221e-01
1.5086686e+01	-2.4712285e-02
1.5108495e+01	-3.3182037e-01
1.5130304e+01	-1.0551718e-01
1.5152113e+01	2.4606785e-01
1.5173922e+01	1.2488468e+00
1.5195731e+01	3.4239016e+00
1.5217539e+01	5.4661388e+00
1.5239348e+01	5.3960465e+00
1.5261157e+01	4.4770943e+00
1.5282966e+01	4.1859620e+00
1.5304775e+01	4.2032965e+00
1.5326584e+01	4.6045615e+00
1.5348393e+01	4.6317148e+00
1.5370202e+01	4.3635313e+00
1.5392011e+01	3.9101997e+00
1.5413820e+01	2.0326338e+00
1.5435629e+01	6.9933512e-02
1.5457438e+01	2.1964251e-01
1.5479247e+01	1.5806286e+00
1.5501056e+01	2.6034715e+00
1.5522865e+01	2.4875759e+00
1.5544674e+01	1.7986855e+00
1.5566482e+01	1.8633110e+00
1.5588291e+01	2.3949872e+00
1.5610100e+01	2.8589777e+00
1.5631909e+01	3.4802102e+00
1.5653718e+01	3.8792054e+00
1.5675527e+01	3.3690711e+00
1.5697336e+01	2.1920959e+00
1.5719145e+01	9.8427460e-01
1.5740954e+01	-1.9084317e-01
1.5762763e+01	-9.9178743e-02
1.5784572e+01	-3.2592270e-02
1.5806381e+01	9.3259369e-02
1.5828190e+01	7.0251840e-02
1.5849999e+01	8.8914935e-02
1.5871808e+01	-8.9850299e-03
1.5893617e+01	-1.7222651e-01
1.5915425e+01	-1.8652785e-01
1.5937234e+01	7.7365212e-02
1.5959043e+01	1.7943731e-01
1.5980852e+01	-6.4569706e-02
1.6002661e+01	1.5194505e-01
1.6024470e+01	-7.1488114e-02
1.6046279e+01	1.9364768e-02
1.6068088e+01	-8.7467289e-02
1.6089897e+01	7.1828677e-02
1.6111706e+01	7.3215429e-02
1.6133515e+01	1.7287247e-01
1.6155324e+01	-3.4108482e-02
1.6177133e+01	-1.5438018e-01
1.6198942e+01	-1.0701331e-01
1.6220751e+01	-1.9957092e-01
1.6242560e+01	2.0015404e-02
1.6264368e+01	8.0099266e-02
1.6286177e+01	1.1007658e-01
1.6307986e+01	8.5647009e-02
1.6329795e+01	2.1477291e-01
1.6351604e+01	5.1023264e-02
1.6373413e+01	-8.5103201e-02
1.6395222e+01	-7.7844455e-02
1.6417031e+01	-1.7448049e-01
1.6438840e+01	-3.7977318e-02
1.6460649e+01	-5.1234208e-02
1.6482458e+01	8.2137578e-02
1.6504267e+01	1.8157165e-01
1.6526076e+01	-1.3285424e-01
1.6547885e+01	3.9158306e-03
1.6569694e+01	1.0535058e+00
1.6591503e+01	2.6545171e+00
1.6613311e+01	6.2008176e+00
1.6635120e+01	1.0491118e+01
1.6656929e+01	1.2273563e+01
1.6678738e+01	1.1454578e+01
1.6700547e+01	1.0118574e+01
1.6722356e+01	9.2761153e+00
1.6744165e+01	1.0022592e+01
1.6765974e+01	1.0788072e+01
1.6787783e+01	1.1351316e+01
1.6809592e+01	1.0921057e+01
1.6831401e+01	9.9756934e+00
1.6853210e+01	8.1905642e+00
1.6875019e+01	4.4758239e+00
1.6896828e+01	1.5214272e+00
1.6918637e+01	5.4474356e-01
1.6940446e+01	2.0141861e-01
1.6962254e+01	1.1244662e-01
1.6984063e+01	1.0710112e-02
1.7005872e+01	-9.0232278e-02
1.7027681e+01	-6.4785265e-02
1.7049490e+01	3.1718427e-02
1.7071299e+01	-9.4418325e-02
1.7093108e+01	2.0565082e-02
1.7114917e+01	-1.9074121e-01
1.7136726e+01	-5.3295989e-02
1.7158535e+01	5.0928766e-02
1.7180344e+01	-7.8626317e-02
1.7202153e+01	1.5094181e-01
1.7223962e+01	8.6229249e-02
1.7245771e+01	3.1212682e-03
1.7267580e+01	-1.3830619e-01
1.7289389e+01	1.0858492e-01
1.7311198e+01	8.2643440e-02
1.7333006e+01	-1.4418473e-02
1.7354815e+01	2.0363978e-02
1.7376624e+01	-1.9616234e-01
1.7398433e+01	-1.7125084e-01
1.7420242e+01	2.3544465e-01
1.7442051e+01	1.2582032e-01
1.7463860e+01	-5.4795065e-02
1.7485669e+01	-1.5572745e-02
1.7507478e+01	1.4916863e-01
1.7529287e+01	-1.4649308e-01
1.7551096e+01	-1.7263430e-02
1.7572905e+01	-1.5207127e-01
1.7594714e+01	-2.5473639e-02
1.7616523e+01	2.3263312e-01
1.7638332e+01	2.5832199e-01
1.7660141e+01	-1.0085735e-01
1.7681949e+01	3.4312288e-02
1.7703758e+01	-5.0511656e-02
1.7725567e+01	-1.4519309e-01
1.7747376e+01	-5.9472121e-02
1.7769185e+01	1.7630649e-01
1.7790994e+01	-3.1760514e-02
1.7812803e+01	-1.2901450e-01
1.7834612e+01	8.5838020e-02
1.7856421e+01	2.3032350e-01
1.7878230e+01	-3.1536197e-02
1.7900039e+01	-2.3615872e-01
1.7921848e+01	-5.1505355e-02
1.7943657e+01	1.2762744e-01
1.7965466e+01	6.2308130e-02
1.7987275e+01	1.0045785e-01
1.8009084e+01	-3.2115417e-02
1.8030892e+01	-3.6509317e-02
1.8052701e+01	7.8679153e-02
1.8074510e+01	-1.5872992e-01
1.8096319e+01	-3.4600233e-02
1.8118128e+01	-6.6245840e-02
1.8139937e+01	-1.0164632e-01
1.8161746e+01	1.5540403e-01
1.8183555e+01	3.6316467e-02
1.8205364e+01	-6.3690211e-02
1.8227173e+01	-3.3892978e-02
1.8248982e+01	1.2427229e-01
1.8270791e+01	1.5755396e+00
1.8292600e+01	3.9668384e+00
1.8314409e+01	6.5627752e+00
1.8336218e+01	7.9609334e+00
1.8358027e+01	7.1700964e+00
1.8379835e+01	5.9206018e+00
1.8401644e+01	5.2381689e+00
1.8423453e+01	5.6199113e+00
1.8445262e+01	6.4806954e+00
1.8467071e+01	7.2306126e+00
1.8488880e+01	7.8686213e+00
1.8510689e+01	7.6624622e+00
1.8532498e+01	6.9495265e+00
1.8554307e+01	5.4204378e+00
1.8576116e+01	3.0254945e+00
1.8597925e+01	1.2289410e+00
1.8619734e+01	4.3734289e-01
1.8641543e+01	1.1834753e-01
1.8663352e+01	-1.8889031e-01
1.8685161e+01	-3.8087134e-02
1.8706970e+01	1.8316268e-01
1.8728778e+01	6.9088418e-02
1.8750587e+01	-1.4771087e-02
1.8772396e+01	-5.7497261e-02
1.8794205e+01	-1.1335572e-01
1.8816014e+01	-8.7064418e-02
1.8837823e+01	7.9722596e-02
1.8859632e+01	-6.7293349e-02
1.8881441e+01	-2.4799851e-02
1.8903250e+01	5.5493713e-02
1.8925059e+01	8.3502861e-02
1.8946868e+01	5.4910730e-02
1.8968677e+01	2.5877025e-02
1.8990486e+01	-8.0294682e-02
1.9012295e+01	3.4800795e-02
1.9034104e+01	-2.1069692e-02
1.9055913e+01	-1.8469816e-02
1.9077721e+01	-1.3453563e-01
1.9099530e+01	-2.4375317e-01
1.9121339e+01	2.2904059e-01
1.9143148e+01	1.8092566e-01
1.9164957e+01	7.0572609e-01
1.9186766e+01	1.4074295e+00
1.9208575e+01	2.4716429e+00
1.9230384e+01	3.5447614e+00
1.9252193e+01	4.0077270e+00
1.9274002e+01	3.6974717e+00
1.9295811e+01	3.2999075e+00
1.9317620e+01	3.2078806e+00
1.9339429e+01	3.2946299e+00
1.9361238e+01	3.5712864e+00
1.9383047e+01	4.1675203e+00
1.9404856e+01	4.4646334e+00
1.9426665e+01	4.4782590e+00
1.9448473e+01	4.3469030e+00
1.9470282e+01	3.3680194e+00
1.9492091e+01	1.8382633e+00
1.9513900e+01	8.9916767e-01
1.9535709e+01	2.2405062e-01
1.9557518e+01	2.5054813e-02
1.9579327e+01	-2.7818195e-01
1.9601136e+01	-1.4961293e-01
1.9622945e+01	-2.6875745e-02
1.9644754e+01	5.2060728e-02
1.9666563e+01	1.5562666e-01
1.9688372e+01	4.0772396e-03
1.9710181e+01	-9.0214260e-02
1.9731990e+01	-8.0085245e-02
1.9753799e+01	7.2648259e-02
1.9775608e+01	8.7014911e-02
1.9797416e+01	-6.7472788e-02
1.9819225e+01	5.4354727e-02
1.9841034e+01	1.4716123e-01
1.9862843e+01	1.4516771e-01
1.9884652e+01	3.9855448e-02
1.9906461e+01	-2.8979394e-02
1.9928270e+01	-4.0994742e-02
1.9950079e+01	-2.6009536e-01
1.9971888e+01	-6.4603442e-02
1.9993697e+01	8.7473594e-02
2.0015506e+01	-7.4319128e-02
2.0037315e+01	6.0028646e-02
2.0059124e+01	5.2745662e-01
2.0080933e+01	1.2018115e+00
2.0102742e+01	2.4449154e+00
2.0124551e+01	4.2970607e+00
2.0146359e+01	5.6788454e+00
2.0168168e+01	5.8988479e+00
2.0189977e+01	5.7813173e+00
2.0211786e+01	5.5607737e+00
2.0233595e+01	5.8667395e+00
2.0255404e+01	7.2788578e+00
2.0277213e+01	9.0885168e+00
2.0299022e+01	1.0811953e+01
2.0320831e+01	1.2762278e+01
2.0342640e+01	1.3752417e+01
2.0364449e+01	1.3843422e+01
2.0386258e+01	1.2630268e+01
2.0408067e+01	1.0712063e+01
2.0429876e+01	9.0394952e+00
2.0451685e+01	8.4452102e+00
2.0473494e+01	8.5554079e+00
2.0495302e+01	8.5777273e+00
2.0517111e+01	8.3185946e+00
2.0538920e+01	8.0147821e+00
2.0560729e+01	6.6790810e+00
2.0582538e+01	5.3179014e+00
2.0604347e+01	3.8045486e+00
2.0626156e+01	2.0502677e+00
2.0647965e+01	8.5031807e-01
2.0669774e+01	1.8636278e-01
2.0691583e+01	1.9826521e-01
2.0713392e+01	1.1023452e-01
2.0735201e+01	-2.5784329e-01
2.0757010e+01	-1.6889959e-01
2.0778819e+01	-1.3160603e-01
2.0800628e+01	6.8884415e-02
2.0822437e+01	-8.2528551e-03
2.0844245e+01	2.0638802e-01
2.0866054e+01	2.0320864e-01
2.0887863e+01	4.2492126e-02
2.0909672e+01	-1.0320685e-01
2.0931481e+01	-7.0751014e-02
2.0953290e+01	-9.5748565e-02
2.0975099e+01	-2.5397319e-01
2.0996908e+01	-2.8753869e-01
2.1018717e+01	-6.2610172e-02
2.1040526e+01	1.5464284e-01
2.1062335e+01	5.7051091e-01
2.1084144e+01	7.1324928e-01
2.1105953e+01	9.9329780e-01
2.1127762e+01	1.1786624e+00
2.1149571e+01	5.6285685e-01
2.1171380e+01	9.0430043e-02
2.1193188e+01	1.0580655e-01
2.1214997e+01	8.0787922e-02
2.1236806e+01	2.0567605e-01
2.1258615e+01	7.3013606e-01
2.1280424e+01	1.4200028e+00
2.1302233e+01	2.5241403e+00
2.1324042e+01	4.4052452e+00
2.1345851e+01	7.2582025e+00
2.1367660e+01	1.0693495e+01
2.1389469e+01	1.2621004e+01
2.1411278e+01	1.2114610e+01
2.1433087e+01	1.0402003e+01
2.1454896e+01	9.4770954e+00
2.1476705e+01	9.6072174e+00
2.1498514e+01	1.0711290e+01
2.1520323e+01	1.2182023e+01
2.1542132e+01	1.3125289e+01
2.1563940e+01	1.3798599e+01
2.1585749e+01	1.3685182e+01
2.1607558e+01	1.2620189e+01
2.1629367e+01	1.0577593e+01
2.1651176e+01	7.7588830e+00
2.1672985e+01	4.4324786e+00
2.1694794e+01	1.7088855e+00
2.1716603e+01	5.3188454e-01
2.1738412e+01	8.9125646e-02
2.1760221e+01	-2.1154479e-01
2.1782030e+01	-1.0293000e-01
2.1803839e+01	1.2314110e-02
2.1825648e+01	-2.6831024e-02
2.1847457e+01	1.1976335e-01
2.1869266e+01	-9.2397441e-02
2.1891075e+01	1.5320132e-02
2.1912883e+01	-1.8831225e-02
2.1934692e+01	-1.6389434e-02
2.1956501e+01	-1.3424136e-01
2.1978310e+01	7.2855841e-02
2.2000119e+01	1.5243727e-01
2.2021928e+01	2.0673037e-02
2.2043737e+01	-1.2252156e-01
2.2065546e+01	2.4129726e-01
2.2087355e+01	1.8259747e-02
2.2109164e+01	-1.7333446e-01
2.2130973e+01	1.2775592e-01
2.2152782e+01	4.9913706e-02
2.2174591e+01	1.6626384e-02
2.2196400e+01	1.0703642e-01
2.2218209e+01	-1.0015078e-01
2.2240018e+01	-2.4051688e-01
2.2261826e+01	-6.6026873e-02
2.2283635e+01	6.4293626e-03
2.2305444e+01	2.2979595e-01
2.2327253e+01	1.4990008e-01
2.2349062e+01	-8.5160221e-02
2.2370871e+01	-1.4760799e-01
2.2392680e+01	-4.3366384e-02
2.2414489e+01	-4.6039691e-02
2.2436298e+01	-2.0954576e-02
2.2458107e+01	1.2275202e-01
2.2479916e+01	1.9232394e-01
2.2501725e+01	4.7656187e-02
2.2523534e+01	-8.0588635e-03
2.2545343e+01	-9.2601930e-03
2.2567152e+01	-7.8921500e-02
2.2588961e+01	-1.4230120e-01
2.2610769e+01	1.2808518e-01
2.2632578e+01	-1.1453693e-01
2.2654387e+01	4.2566284e-02
2.2676196e+01	-6.4837026e-02
2.2698005e+01	-1.5104061e-01
2.2719814e+01	2.2626613e-01
2.2741623e+01	1.6411307e-01
2.2763432e+01	-4.5505836e-03
2.2785241e+01	1.1838948e-02
2.2807050e+01	-2.8379209e-01
2.2828859e+01	3.1963676e-02
2.2850668e+01	9.2321303e-02
2.2872477e+01	1.8444843e-01
2.2894286e+01	7.0308262e-02
2.2916095e+01	-1.6168859e-01
2.2937904e+01	-1.3497084e-01
2.2959712e+01	1.8447409e-01
2.2981521e+01	3.0872334e-01
2.3003330e+01	-2.6825225e-02
2.3025139e+01	-1.6013529e-01
2.3046948e+01	-1.2386618e-01
2.3068757e+01	-1.6548267e-01
2.3090566e+01	-2.1456256e-02
2.3112375e+01	-1.8988606e-02
2.3134184e+01	9.5583093e-02
2.3155993e+01	4.5348695e-01
2.3177802e+01	7.8975882e-01
2.3199611e+01	1.0591711e+00
2.3221420e+01	6.9890970e-01
2.3243229e+01	3.3740525e-01
2.3265038e+01	7.9212027e-03
2.3286847e+01	-7.1242345e-02
2.3308655e+01	-8.1196872e-02
2.3330464e+01	-2.0515098e-01
2.3352273e+01	3.5047471e-02
2.3374082e+01	1.4870182e-01
2.3395891e+01	2.9281669e-01
2.3417700e+01	3.5397673e-01
2.3439509e+01	1.0511247e-01
2.3461318e+01	9.5636365e-02
2.3483127e+01	-1.5719962e-01
2.3504936e+01	-1.9313447e-01
2.3526745e+01	-1.9742452e-01
2.3548554e+01	1.8694948e-01
2.3570363e+01	5.8579741e-01
2.3592172e+01	1.4474906e+00
2.3613981e+01	3.7955016e+00
2.3635790e+01	7.5081182e+00
2.3657599e+01	1.0837039e+01
2.3679407e+01	1.2567953e+01
2.3701216e+01	1.2240967e+01
2.3723025e+01	1.1162613e+01
2.3744834e+01	1.0343144e+01
2.3766643e+01	9.9201004e+00
2.3788452e+01	1.1250743e+01
2.3810261e+01	1.2573678e+01
2.3832070e+01	1.3683637e+01
2.3853879e+01	1.4449819e+01
2.3875688e+01	1.4530059e+01
2.3897497e+01	1.3932986e+01
2.3919306e+01	1.2692708e+01
2.3941115e+01	1.0527516e+01
2.3962924e+01	7.5703209e+00
2.3984733e+01	4.4731352e+00
2.4006542e+01	2.2374020e+00
2.4028350e+01	1.2383988e+00
2.4050159e+01	4.6180642e-01
2.4071968e+01	-3.6423606e-02
2.4093777e+01	-1.9493747e-01
2.4115586e+01	-1.5117215e-01
2.4137395e+01	6.3310600e-03
2.4159204e+01	8.0456582e-02
2.4181013e+01	2.1161316e-01
2.4202822e+01	1.5175659e-01
2.4224631e+01	3.2204439e-02
2.4246440e+01	-1.6267596e-02
2.4268249e+01	-2.3069920e-01
2.4290058e+01	-9.0957395e-02
2.4311867e+01	9.4000636e-02
2.4333676e+01	-2.2444121e-02
2.4355485e+01	2.9292741e-01
2.4377293e+01	1.1611770e-01
2.4399102e+01	-1.6869750e-01
2.4420911e+01	-6.5550357e-03
2.4442720e+01	2.1599224e-01
2.4464529e+01	-6.0275342e-02
2.4486338e+01	-1.6845194e-01
2.4508147e+01	3.4465252e-03
2.4529956e+01	-1.9050834e-03
2.4551765e+01	4.6295389e-02
2.4573574e+01	-1.1595749e-01
2.4595383e+01	9.9504513e-02
2.4617192e+01	1.9387930e-01
2.4639001e+01	2.9456384e-01
2.4660810e+01	2.0978804e-01
2.4682619e+01	-1.5683081e-01
2.4704428e+01	-1.9025268e-01
2.4726236e+01	-3.7639204e-02
2.4748045e+01	-2.1506248e-01
2.4769854e+01	-1.5912087e-01
2.4791663e+01	4.9087873e-02
2.4813472e+01	1.7868868e-01
2.4835281e+01	1.0861878e-01
2.4857090e+01	-1.0072413e-01
2.4878899e+01	-2.4963106e-01
2.4900708e+01	1.2137675e-01
2.4922517e+01	-1.2000098e-01
2.4944326e+01	1.1631842e-02
2.4966135e+01	-6.9427223e-02
2.4987944e+01	-7.6659594e-02
2.5009753e+01	-9.3723331e-03
2.5031562e+01	2.0690597e-01
2.5053371e+01	2.7752753e-02
2.5075179e+01	2.7478652e-01
2.5096988e+01	1.5272312e-01
2.5118797e+01	-2.3009233e-01
2.5140606e+01	-1.4421798e-01
2.5162415e+01	1.2184466e-01
2.5184224e+01	2.4292945e-02
2.5206033e+01	-6.8180148e-02
2.5227842e+01	3.4642594e-02
2.5249651e+01	1.5273116e-01
2.5271460e+01	1.2645927e-01
2.5293269e+01	2.4426411e-01
2.5315078e+01	2.9626991e-01
2.5336887e+01	9.1850175e-03
2.5358696e+01	-8.0094328e-02
2.5380505e+01	-2.3157050e-01
2.5402314e+01	-3.9557887e-01
2.5424123e+01	-1.4519592e-01
2.5445931e+01	1.2426803e-02
2.5467740e+01	4.7621241e-02
2.5489549e+01	6.8332894e-02
2.5511358e+01	8.0848061e-02
2.5533167e+01	5.8270623e-02
2.5554976e+01	-4.4218261e-02
2.5576785e+01	-7.0684609e-03
2.5598594e+01	-9.8078308e-03
2.5620403e+01	1.5732080e-02
2.5642212e+01	-4.2412757e-02
2.5664021e+01	1.2796631e-01
2.5685830e+01	4.5062774e-02
2.5707639e+01	4.4206244e-02
2.5729448e+01	-3.3585206e-02
2.5751257e+01	-6.9103687e-02
2.5773066e+01	-1.8257367e-01
2.5794874e+01	-4.6675068e-02
2.5816683e+01	-4.3791228e-02
2.5838492e+01	1.3081392e-02
2.5860301e+01	-5.6512879e-02
2.5882110e+01	4.9878095e-02
2.5903919e+01	5.2524828e-01
2.5925728e+01	2.7583881e-01
2.5947537e+01	1.8805922e-01
2.5969346e+01	4.4165117e-01
2.5991155e+01	1.3250199e-01
2.6012964e+01	-2.7207245e-01
2.6034773e+01	-1.7986087e-01
2.6056582e+01	-5.9858005e-02
2.6078391e+01	8.8010541e-02
2.6100200e+01	4.8346499e-02
2.6122009e+01	3.3385123e-01
2.6143817e+01	6.0323489e-01
2.6165626e+01	1.0749251e+00
2.6187435e+01	1.6550102e+00
2.6209244e+01	1.4848375e+00
2.6231053e+01	1.3833683e+00
2.6252862e+01	7.3756993e-01
2.6274671e+01	-5.3425330e-02
2.6296480e+01	-2.5665715e-01
2.6318289e+01	1.1232170e-01
2.6340098e+01	1.0176776e+00
2.6361907e+01	2.6364951e+00
2.6383716e+01	4.0929005e+00
2.6405525e+01	4.7135363e+00
2.6427334e+01	4.8291480e+00
2.6449143e+01	4.7158870e+00
2.6470952e+01	4.0487837e+00
2.6492760e+01	3.1232516e+00
2.6514569e+01	2.7898981e+00
2.6536378e+01	2.4696406e+00
2.6558187e+01	2.5788427e+00
2.6579996e+01	2.9585357e+00
2.6601805e+01	3.5189020e+00
2.6623614e+01	4.2872382e+00
2.6645423e+01	4.7347006e+00
2.6667232e+01	4.9120457e+00
2.6689041e+01	4.5611669e+00
2.6710850e+01	3.9438957e+00
2.6732659e+01	2.5207535e+00
2.6754468e+01	9.5791374e-01
2.6776277e+01	1.3600288e-01
2.6798086e+01	-8.4431767e-02
2.6819895e+01	2.4871589e-01
2.6841703e+01	8.0922454e-01
2.6863512e+01	1.2220445e+00
2.6885321e+01	1.5859153e+00
2.6907130e+01	1.9620573e+00
2.6928939e+01	2.2133762e+00
2.6950748e+01	2.0760972e+00
2.6972557e+01	2.0467090e+00
2.6994366e+01	1.5757379e+00
2.7016175e+01	8.4790457e-01
2.7037984e+01	2.6477137e-01
2.7059793e+01	-8.9612100e-02
2.7081602e+01	-3.2066884e-01
2.7103411e+01	9.1579437e-02
2.7125220e+01	2.4560969e-02
2.7147029e+01	-9.3484387e-02
2.7168838e+01	3.2867546e-02
2.7190646e+01	-7.9306458e-03
2.7212455e+01	-6.1512780e-02
2.7234264e+01	-1.4229966e-01
2.7256073e+01	-1.5404358e-01
2.7277882e+01	-2.2072193e-01
2.7299691e+01	1.5582830e-01
2.7321500e+01	2.2386241e-01
2.7343309e+01	2.2315489e-01
2.7365118e+01	-8.6438879e-02
2.7386927e+01	2.9225683e-03
2.7408736e+01	-4.3573770e-02
2.7430545e+01	2.3963184e-01
2.7452354e+01	6.5458265e-01
2.7474163e+01	1.5673061e+00
2.7495972e+01	3.1824192e+00
2.7517781e+01	4.5181381e+00
2.7539590e+01	5.4181260e+00
2.7561398e+01	5.4601019e+00
2.7583207e+01	5.0201459e+00
2.7605016e+01	4.7995183e+00
2.7626825e+01	4.4929960e+00
2.7648634e+01	4.2562832e+00
2.7670443e+01	4.5340951e+00
2.7692252e+01	5.0027677e+00
2.7714061e+01	5.4938491e+00
2.7735870e+01	5.7797815e+00
2.7757679e+01	5.8702739e+00
2.7779488e+01	6.0977305e+00
2.7801297e+01	5.8658035e+00
2.7823106e+01	5.3889828e+00
2.7844915e+01	4.3740077e+00
2.7866724e+01	3.1222132e+00
2.7888533e+01	1.7598944e+00
2.7910341e+01	7.9510354e-01
2.7932150e+01	4.8978765e-01
2.7953959e+01	1.2245844e-01
2.7975768e+01	-3.2188602e-02
2.7997577e+01	-1.3698268e-01
2.8019386e+01	-2.2083905e-02
2.8041195e+01	-1.7731675e-01
2.8063004e+01	-1.9993227e-01
2.8084813e+01	-5.8225234e-02
2.8106622e+01	-9.5744195e-02
2.8128431e+01	1.3660222e-01
2.8150240e+01	1.8008012e-01
2.8172049e+01	1.3114307e-01
2.8193858e+01	-6.4089232e-02
2.8215667e+01	2.5439120e-01
2.8237476e+01	1.5083558e+00
2.8259284e+01	2.9059736e+00
2.8281093e+01	4.4878977e+00
2.8302902e+01	5.5566203e+00
2.8324711e+01	5.9924155e+00
2.8346520e+01	5.6815772e+00
2.8368329e+01	5.4610148e+00
2.8390138e+01	5.2394971e+00
2.8411947e+01	5.3449774e+00
2.8433756e+01	5.5894158e+00
2.8455565e+01	5.8867022e+00
2.8477374e+01	5.9518879e+00
2.8499183e+01	6.3645950e+00
2.8520992e+01	6.5227315e+00
2.8542801e+01	6.2797605e+00
2.8564610e+01	6.2346302e+00
2.8586419e+01	5.6208706e+00
2.8608227e+01	5.0060289e+00
2.8630036e+01	4.0565480e+00
2.8651845e+01	2.5598933e+00
2.8673654e+01	1.5323986e+00
2.8695463e+01	5.5460423e-01
2.8717272e+01	2.9992117e-01
2.8739081e+01	6.9134138e-02
2.8760890e+01	-2.4096147e-01
2.8782699e+01	-2.4801027e-01
2.8804508e+01	-1.6349255e-03
2.8826317e+01	2.6781826e-02
2.8848126e+01	4.0184655e-02
2.8869935e+01	3.7078802e-02
2.8891744e+01	1.2986852e-01
2.8913553e+01	1.6531989e-02
2.8935362e+01	2.2046533e-02
2.8957170e+01	-4.0659451e-02
2.8978979e+01	-1.4816472e-01
2.9000788e+01	7.2385358e-02
2.9022597e+01	-1.3427514e-01
2.9044406e+01	6.4953341e-03
2.9066215e+01	1.4785685e-02
2.9088024e+01	6.4224689e-02
2.9109833e+01	1.1472426e-01
2.9131642e+01	-2.9162938e-02
2.9153451e+01	1.6779142e-01
2.9175260e+01	9.5797960e-02
2.9197069e+01	-9.0483622e-02
2.9218878e+01	-3.1002773e-01
2.9240687e+01	-8.4404057e-03
2.9262496e+01	5.7770528e-02
2.9284305e+01	1.7437024e-01
2.9306113e+01	2.6916368e-02
2.9327922e+01	-7.7979096e-02
2.9349731e+01	-7.5127056e-02
2.9371540e+01	-3.7315949e-02
2.9393349e+01	-4.7421830e-02
2.9415158e+01	9.6134214e-02
2.9436967e+01	2.2544891e-02
2.9458776e+01	-8.8172090e-02
2.9480585e+01	8.5452265e-02
2.9502394e+01	-3.7754754e-02
2.9524203e+01	3.3861118e-02
2.9546012e+01	6.9366741e-02
2.9567821e+01	-7.9713908e-03
2.9589630e+01	1.0839081e-01
2.9611439e+01	-1.0202321e-01
2.9633248e+01	-6.8758465e-02
2.9655057e+01	6.1291099e-03
2.9676865e+01	-4.8888349e-02
2.9698674e+01	-4.8286661e-02
2.9720483e+01	-2.5414997e-01
2.9742292e+01	1.0300119e-01
2.9764101e+01	2.6228288e-01
2.9785910e+01	6.0507314e-01
2.9807719e+01	9.0679704e-01
2.9829528e+01	1.2057658e+00
2.9851337e+01	9.5698437e-01
2.9873146e+01	5.5975665e-01
2.9894955e+01	4.6627048e-01
2.9916764e+01	1.6377319e-01
2.9938573e+01	-2.7398327e-02
2.9960382e+01	-1.6807349e-01
2.9982191e+01	-5.4642268e-03
3.0004000e+01	2.6048667e-01
3.0025808e+01	6.2937933e-01
3.0047617e+01	8.4758717e-01
3.0069426e+01	1.2782402e+00
3.0091235e+01	1.1873492e+00
3.0113044e+01	1.3822384e+00
3.0134853e+01	1.4945137e+00
3.0156662e+01	1.4843400e+00
3.0178471e+01	1.2504124e+00
3.0200280e+01	8.8083177e-01
3.0222089e+01	6.1147514e-01
3.0243898e+01	2.9558098e-01
3.0265707e+01	-8.5583786e-03
3.0287516e+01	-1.1419468e-01
3.0309325e+01	-1.4777674e-01
3.0331134e+01	-3.5004048e-01
3.0352943e+01	-1.1870232e-01
3.0374751e+01	2.5924355e-02
3.0396560e+01	-1.0756698e-02
3.0418369e+01	-6.4444662e-02
3.0440178e+01	2.8080039e-01
3.0461987e+01	1.4673264e-01
3.0483796e+01	1.8535996e-01
3.0505605e+01	2.3305602e-01
3.0527414e+01	-1.4006068e-02
3.0549223e+01	-3.4200222e-01
3.0571032e+01	-2.0310200e-01
3.0592841e+01	-1.3354392e-01
3.0614650e+01	-1.5627604e-02
3.0636459e+01	1.8752730e-01
3.0658268e+01	2.4834750e-01
3.0680077e+01	5.5180866e-02
3.0701886e+01	-5.3261741e-03
3.0723694e+01	5.8901748e-02
3.0745503e+01	3.2615296e-02
3.0767312e+01	-1.1528713e-02
3.0789121e+01	1.6408450e-01
3.0810930e+01	1.7624454e-01
3.0832739e+01	8.1087387e-02
3.0854548e+01	2.3787568e-02
3.0876357e+01	-1.9629193e-01
3.0898166e+01	-3.3382113e-01
3.0919975e+01	-1.2303616e-01
3.0941784e+01	7.4923166e-02
3.0963593e+01	-3.5793282e-02
3.0985402e+01	7.6157588e-02
3.1007211e+01	2.3562909e-01
3.1029020e+01	1.1837930e-01
3.1050829e+01	-1.4047398e-01
3.1072637e+01	-1.4732007e-01
3.1094446e+01	3.2607768e-02
3.1116255e+01	-1.0708749e-01
3.1138064e+01	-2.2547763e-01
3.1159873e+01	-7.7259517e-02
3.1181682e+01	-7.9118206e-02
3.1203491e+01	1.3527671e-01
3.1225300e+01	1.1229910e-01
3.1247109e+01	5.4311882e-02
3.1268918e+01	9.6937801e-02
3.1290727e+01	2.5579523e-01
3.1312536e+01	1.9475454e-01
3.1334345e+01	1.5660168e-02
3.1356154e+01	1.5967745e-01
3.1377963e+01	4.5761813e-02
3.1399772e+01	-1.0653503e-01
3.1421580e+01	-5.2497602e-01
3.1443389e+01	-1.7655358e-01
3.1465198e+01	-1.2326950e-02
3.1487007e+01	-3.6841502e-02
3.1508816e+01	3.2057984e-03
3.1530625e+01	1.6436143e-02
3.1552434e+01	-9.4868965e-02
3.1574243e+01	2.0068025e-01
3.1596052e+01	2.1945515e-01
3.1617861e+01	1.6534423e-01
3.1639670e+01	1.9212507e-01
3.1661479e+01	1.0195831e-01
3.1683288e+01	-1.9370743e-01
3.1705097e+01	2.3726496e-02
3.1726906e+01	-3.0498561e-02
3.1748715e+01	-3.3208322e-01
3.1770524e+01	-1.5576833e-01
3.1792332e+01	3.6500694e-02
3.1814141e+01	-1.7402653e-02
3.1835950e+01	-6.6237662e-03
3.1857759e+01	-4.7422573e-02
3.1879568e+01	6.0131499e-02
3.1901377e+01	1.4466284e-01
3.1923186e+01	1.9085944e-01
3.1944995e+01	1.8206135e-01
3.1966804e+01	2.1836879e-01
3.1988613e+01	-6.6573094e-02
3.2010422e+01	-3.6195045e-01
3.2032231e+01	4.5609769e-02
3.2054040e+01	1.5445061e-01
3.2075849e+01	1.7400502e-02
3.2097658e+01	1.5226605e-02
3.2119467e+01	-2.1512689e-02
3.2141275e+01	-2.7890250e-01
3.2163084e+01	-1.0001557e-01
3.2184893e+01	-1.5599495e-01
3.2206702e+01	-2.1394990e-03
3.2228511e+01	1.8780339e-01
3.2250320e+01	5.2742453e-01
3.2272129e+01	3.8240162e-01
3.2293938e+01	5.9300839e-01
3.2315747e+01	4.4825644e-01
3.2337556e+01	9.8419851e-02
3.2359365e+01	-4.7305085e-02
3.2381174e+01	-7.7949501e-02
3.2402983e+01	-1.5706360e-01
3.2424792e+01	2.1303906e-02
3.2446601e+01	-4.7723573e-02
3.2468410e+01	-7.2277139e-02
3.2490218e+01	6.9609966e-02
3.2512027e+01	4.4005864e-02
3.2533836e+01	9.9267323e-02
3.2555645e+01	1.0567357e-01
3.2577454e+01	-2.3612321e-02
3.2599263e+01	1.0513843e-01
3.2621072e+01	1.0241794e-01
3.2642881e+01	1.1131614e-01
3.2664690e+01	-3.5325774e-02
3.2686499e+01	-7.6344475e-02
3.2708308e+01	1.5935019e-02
3.2730117e+01	-6.6866342e-02
3.2751926e+01	-1.9683867e-01
3.2773735e+01	-9.5979105e-02
3.2795544e+01	-1.6731681e-02
3.2817353e+01	2.2101144e-02
3.2839161e+01	5.3455028e-02
3.2860970e+01	-2.5034524e-04
3.2882779e+01	-7.4274349e-02
3.2904588e+01	2.2874977e-02
3.2926397e+01	8.1069544e-02
3.2948206e+01	1.2653058e-01
3.2970015e+01	-3.8494635e-02
3.2991824e+01	-2.1333978e-02
3.3013633e+01	3.2013942e-02
3.3035442e+01	-7.3354060e-02
3.3057251e+01	6.7706744e-02
3.3079060e+01	2.3315358e-02
3.3100869e+01	3.1460952e-02
3.3122678e+01	-5.0307615e-02
3.3144487e+01	-7.9245221e-02
3.3166296e+01	-1.2621776e-01
3.3188104e+01	6.4245631e-03
3.3209913e+01	-3.6601734e-02
3.3231722e+01	-1.2490590e-01
3.3253531e+01	-8.5445042e-02
3.3275340e+01	2.9664777e-01
3.3297149e+01	1.8618981e-01
3.3318958e+01	1.2702263e-01
3.3340767e+01	2.1341372e-01
3.3362576e+01	9.0555067e-02
3.3384385e+01	-6.8261710e-02
3.3406194e+01	-2.0301307e-01
3.3428003e+01	-2.0237798e-01
3.3449812e+01	-3.0636447e-01
3.3471621e+01	-2.1070584e-01
3.3493430e+01	1.2844774e-01
3.3515239e+01	1.0900745e-01
3.3537047e+01	1.3674560e-01
3.3558856e+01	1.5897135e-01
3.3580665e+01	2.6678987e-01
3.3602474e+01	1.3360786e-01
3.3624283e+01	2.2455038e-01
3.3646092e+01	1.4940186e-01
3.3667901e+01	-1.2220134e-01
3.3689710e+01	6.2705787e-02
3.3711519e+01	-3.3728193e-01
3.3733328e+01	-3.8349990e-01
3.3755137e+01	-2.4158781e-01
3.3776946e+01	-5.4042023e-02
3.3798755e+01	8.9996901e-02
3.3820564e+01	2.1910289e-01
3.3842373e+01	1.5015891e-01
3.3864182e+01	1.8877771e-01
3.3885991e+01	-1.0260688e-02
3.3907799e+01	-1.0027441e-01
3.3929608e+01	2.8664013e-02
3.3951417e+01	-4.2870142e-02
3.3973226e+01	2.2322475e-02
3.3995035e+01	-5.5989701e-02
3.4016844e+01	1.8208432e-02
3.4038653e+01	-7.0621624e-02
3.4060462e+01	9.9565998e-02
3.4082271e+01	2.6121346e-02
3.4104080e+01	-9.0144145e-03
3.4125889e+01	-1.0685062e-01
3.4147698e+01	4.0048503e-02
3.4169507e+01	1.4902676e-01
3.4191316e+01	9.1844467e-02
3.4213125e+01	6.9797689e-03
3.4234934e+01	-1.9618917e-01
3.4256742e+01	-1.0232844e-01
3.4278551e+01	1.5423830e-01
3.4300360e+01	3.8209691e-02
3.4322169e+01	-1.0356117e-01
3.4343978e+01	-8.2705701e-02
3.4365787e+01	-1.2442197e-01
3.4387596e+01	5.2486016e-02
3.4409405e+01	1.3158411e-01
3.4431214e+01	-2.0931855e-02
3.4453023e+01	-5.5362176e-03
3.4474832e+01	-3.6262628e-03
3.4496641e+01	8.0300009e-02
3.4518450e+01	4.1853016e-03
3.4540259e+01	2.1353513e-02
3.4562068e+01	3.4657258e-02
3.4583877e+01	-6.5459986e-02
3.4605685e+01	-8.3174506e-02
3.4627494e+01	5.3812506e-02
3.4649303e+01	8.4115410e-03
3.4671112e+01	-7.6117776e-02
3.4692921e+01	3.6974297e-02
3.4714730e+01	-1.2095086e-02
3.4736539e+01	9.2099635e-02
3.4758348e+01	7.1059709e-02
3.4780157e+01	-7.1178862e-02
3.4801966e+01	-6.8000090e-02
3.4823775e+01	2.1337767e-02
3.4845584e+01	2.5944236e-02
3.4867393e+01	6.3523223e-02
3.4889202e+01	-5.8472982e-02
3.4911011e+01	5.0927514e-03
3.4932820e+01	-1.3851827e-01
3.4954628e+01	1.3537774e-02
3.4976437e+01	1.4598554e-02
3.4998246e+01	-1.1704564e-01
3.5020055e+01	1.3266685e-01
3.5041864e+01	1.3410363e-01
3.5063673e+01	2.3016171e-01
3.5085482e+01	-2.5819772e-02
3.5107291e+01	-3.7295213e-02
3.5129100e+01	6.0638870e-02
3.5150909e+01	-8.9412766e-02
3.5172718e+01	-2.6801749e-01
3.5194527e+01	-1.8162400e-01
3.5216336e+01	-1.5886616e-01
3.5238145e+01	-1.6772994e-01
3.5259954e+01	1.2521890e-01
3.5281763e+01	1.9331627e-01
3.5303571e+01	1.9685689e-01
3.5325380e+01	2.5567428e-01
3.5347189e+01	3.1081277e-01
3.5368998e+01	5.3282265e-02
3.5390807e+01	9.1073981e-02
3.5412616e+01	1.0256878e-01
3.5434425e+01	-1.1766545e-01
3.5456234e+01	-2.6552647e-01
3.5478043e+01	-1.8604146e-01
3.5499852e+01	-2.8913175e-01
3.5521661e+01	-3.9440539e-02
3.5543470e+01	-3.8471354e-02
3.5565279e+01	1.6604407e-01
3.5587088e+01	5.2076845e-01
3.5608897e+01	3.5392540e-01
3.5630706e+01	2.5770375e-01
3.5652514e+01	1.1627589e-01
3.5674323e+01	1.4241451e-01
3.5696132e+01	6.3221594e-02
3.5717941e+01	2.3194503e-02
3.5739750e+01	-1.5958564e-01
3.5761559e+01	-1.8606599e-01
3.5783368e+01	5.8793435e-02
3.5805177e+01	1.1696294e-03
3.5826986e+01	-1.3103471e-01
3.5848795e+01	4.5519738e-04
3.5870604e+01	-2.6154421e-04
3.5892413e+01	6.4650263e-03
3.5914222e+01	7.7781573e-02
3.5936031e+01	5.8913631e-02
3.5957840e+01	-1.3465568e-01
3.5979649e+01	-1.4047648e-01
3.6001458e+01	-1.9056482e-01
3.6023266e+01	-2.5239659e-02
3.6045075e+01	9.9287001e-02
3.6066884e+01	-4.1063296e-02
3.6088693e+01	-2.7195883e-02
3.6110502e+01	3.3675764e-02
3.6132311e+01	1.2807290e-01
3.6154120e+01	1.5559557e-01
3.6175929e+01	2.0347661e-01
3.6197738e+01	1.5852282e-01
3.6219547e+01	3.3442005e-02
3.6241356e+01	-7.3908618e-02
3.6263165e+01	-7.0574287e-02
3.6284974e+01	-2.7030748e-01
3.6306783e+01	-3.0424407e-01
3.6328592e+01	-3.1730756e-02
3.6350401e+01	4.3702209e-02
3.6372209e+01	5.2437404e-02
3.6394018e+01	4.6731912e-02
3.6415827e+01	6.8693380e-02
3.6437636e+01	1.1588668e-01
3.6459445e+01	4.7447403e-02
3.6481254e+01	1.1329696e-01
3.6503063e+01	8.5538284e-02
3.6524872e+01	2.3135737e-01
3.6546681e+01	5.4471395e-02
3.6568490e+01	-1.8044618e-01
3.6590299e+01	-1.5194752e-01
3.6612108e+01	-1.3708415e-01
3.6633917e+01	-1.1517706e-01
3.6655726e+01	-5.9127224e-02
3.6677535e+01	2.4567402e-01
3.6699344e+01	4.2083255e-03
3.6721152e+01	3.3583403e-02
3.6742961e+01	-1.3119309e-01
3.6764770e+01	1.9837835e-01
3.6786579e+01	1.9374184e-01
3.6808388e+01	3.5165904e-02
3.6830197e+01	-2.6249164e-01
3.6852006e+01	-2.4417759e-01
3.6873815e+01	-5.9046113e-02
3.6895624e+01	2.0315803e-02
3.6917433e+01	-7.4583562e-02
3.6939242e+01	1.1499541e-01
3.6961051e+01	1.1367062e-01
3.6982860e+01	1.0975499e-01
3.7004669e+01	1.1554861e-01
3.7026478e+01	2.3120947e-01
3.7048287e+01	4.9645303e-01
3.7070095e+01	4.2208272e-01
3.7091904e+01	-3.1084793e-01
3.7113713e+01	-1.7604886e-01
3.7135522e+01	-1.4014940e-01
3.7157331e+01	7.0703106e-02
3.7179140e+01	3.6513550e-02
3.7200949e+01	1.2763505e-02
3.7222758e+01	9.3151227e-02
3.7244567e+01	1.6473035e-01
3.7266376e+01	1.8040314e-01
3.7288185e+01	-1.1929586e-01
3.7309994e+01	-1.3360097e-01
3.7331803e+01	-1.6753355e-01
3.7353612e+01	-7.7224055e-02
3.7375421e+01	-3.1565813e-02
3.7397230e+01	-3.2005844e-02
3.7419038e+01	2.2899717e-01
3.7440847e+01	5.9032457e-01
3.7462656e+01	1.2330062e+00
3.7484465e+01	1.8921282e+00
3.7506274e+01	2.1552616e+00
3.7528083e+01	1.9172835e+00
3.7549892e+01	1.8407548e+00
3.7571701e+01	1.8173326e+00
3.7593510e+01	1.2989920e+00
3.7615319e+01	1.1688671e+00
3.7637128e+01	6.7625787e-01
3.7658937e+01	2.2794336e-01
3.7680746e+01	-8.9440209e-03
3.7702555e+01	-2.3493452e-01
3.7724364e+01	-2.0697565e-01
3.7746173e+01	-2.3437988e-01
3.7767981e+01	-3.6956372e-03
3.7789790e+01	2.0352417e-01
3.7811599e+01	3.5753665e-02
3.7833408e+01	1.9573450e-01
3.7855217e+01	1.3910822e-01
3.7877026e+01	2.6698082e-01
3.7898835e+01	1.1500989e-01
3.7920644e+01	8.0614795e-02
3.7942453e+01	3.1642919e-01
3.7964262e+01	3.8231648e-01
3.7986071e+01	-4.4418275e-02
3.8007880e+01	-1.1809383e-01
3.8029689e+01	-2.5731627e-01
3.8051498e+01	-2.3462574e-01
3.8073307e+01	-8.8792314e-02
3.8095116e+01	-1.0077728e-01
3.8116925e+01	-1.9039395e-01
3.8138733e+01	-3.3043108e-02
3.8160542e+01	2.1025974e-01
3.8182351e+01	-2.9715365e-02
3.8204160e+01	-1.6842207e-01
3.8225969e+01	-5.8759368e-02
3.8247778e+01	1.9410955e-01
3.8269587e+01	1.4029518e-01
3.8291396e+01	2.3355938e-02
3.8313205e+01	1.2070811e-01
3.8335014e+01	1.7130734e-01
3.8356823e+01	1.8224168e-01
3.8378632e+01	-2.5184998e-02
3.8400441e+01	-1.7568175e-01
3.8422250e+01	7.6730093e-02
3.8444059e+01	-1.5260700e-01
3.8465868e+01	-9.0650539e-02
3.8487676e+01	-4.2852531e-02
3.8509485e+01	-2.1637035e-02
3.8531294e+01	-4.1864619e-02
3.8553103e+01	-8.7360329e-02
3.8574912e+01	7.8052358e-02
3.8596721e+01	1.9112020e-01
3.8618530e+01	1.2319567e-01
3.8640339e+01	-8.2767988e-02
3.8662148e+01	1.0912703e-02
3.8683957e+01	2.5282337e-02
3.8705766e+01	-9.3157561e-02
3.8727575e+01	-1.3025311e-01
3.8749384e+01	-3.4468900e-02
3.8771193e+01	8.1550731e-02
3.8793002e+01	6.1946548e-02
3.8814811e+01	-6.2253766e-03
3.8836619e+01	-1.0398119e-01
3.8858428e+01	1.8237819e-01
3.8880237e+01	7.7849235e-02
3.8902046e+01	-8.3280978e-02
3.8923855e+01	-1.1744099e-01
3.8945664e+01	-3.0547114e-02
3.8967473e+01	1.2181246e-01
3.8989282e+01	-4.3144061e-02
3.9011091e+01	-9.1603796e-02
3.9032900e+01	-7.9631655e-02
3.9054709e+01	2.2459217e-01
3.9076518e+01	1.2327003e-01
3.9098327e+01	-5.9875137e-02
3.9120136e+01	-2.2925308e-03
3.9141945e+01	8.0138580e-02
3.9163754e+01	3.1428232e-02
3.9185562e+01	-1.1129071e-02
3.9207371e+01	-2.5169048e-01
3.9229180e+01	-4.8367262e-01
3.9250989e+01	1.9797484e-02
3.9272798e+01	2.8144821e-01
3.9294607e+01	2.2102551e-01
3.9316416e+01	1.8727937e-01
3.9338225e+01	1.9606685e-01
3.9360034e+01	5.5213150e-02
3.9381843e+01	1.0330430e-02
3.9403652e+01	5.1524718e-02
3.9425461e+01	-3.6071666e-02
3.9447270e+01	-2.7562567e-01
3.9469079e+01	-2.5346776e-01
3.9490888e+01	-1.0680392e-01
3.9512697e+01	2.2768871e-01
3.9534505e+01	6.5611456e-02
3.9556314e+01	-3.4583107e-01
3.9578123e+01	9.1202829e-02
3.9599932e+01	2.7323353e-01
3.9621741e+01	1.6029426e-01
3.9643550e+01	2.5560107e-01
3.9665359e+01	-6.0019382e-02
3.9687168e+01	-2.2621813e-02
3.9708977e+01	-6.9882115e-03
3.9730786e+01	8.8158768e-02
3.9752595e+01	-2.6433897e-02
3.9774404e+01	-1.8428402e-02
3.9796213e+01	-5.4157601e-02
3.9818022e+01	-1.6519071e-01
3.9839831e+01	-3.7735637e-02
3.9861640e+01	-4.0885227e-02
3.9883449e+01	8.8450619e-02
3.9905257e+01	2.4663193e-01
3.9927066e+01	-4.0856950e-02
3.9948875e+01	-1.5399030e-01
3.9970684e+01	-1.8690945e-01
3.9992493e+01	2.1288895e-01
4.0014302e+01	-4.4236997e-03
4.0036111e+01	-5.1817655e-02
4.0057920e+01	7.6282064e-02
4.0079729e+01	-3.9014239e-02
4.0101538e+01	-4.1031571e-02
4.0123347e+01	-2.1938375e-02
4.0145156e+01	3.0599871e-01
4.0166965e+01	7.1122623e-02
4.0188774e+01	-9.2857630e-02
4.0210583e+01	-2.5491811e-01
4.0232392e+01	-1.9544536e-01
4.0254200e+01	7.3352243e-02
4.0276009e+01	2.0422599e-01
4.0297818e+01	1.7674089e-01
4.0319627e+01	8.4279388e-02
4.0341436e+01	-1.2498464e-01
4.0363245e+01	-7.1210769e-03
4.0385054e+01	2.2545881e-01
4.0406863e+01	-9.8236184e-02
4.0428672e+01	-7.7219895e-02
4.0450481e+01	1.9294367e-01
4.0472290e+01	2.8959665e-02
4.0494099e+01	-4.7649890e-02
4.0515908e+01	-2.5656370e-01
4.0537717e+01	2.8221927e-02
4.0559526e+01	1.2209724e-02
4.0581335e+01	-2.1858481e-01
4.0603143e+01	9.3883602e-02
4.0624952e+01	-3.3508722e-02
4.0646761e+01	-7.0555592e-02
4.0668570e+01	9.6194273e-02
4.0690379e+01	8.1201133e-02
4.0712188e+01	2.0834329e-01
4.0733997e+01	3.0462678e-01
4.0755806e+01	7.8388236e-02
4.0777615e+01	-1.1637461e-01
4.0799424e+01	-1.2899829e-01
4.0821233e+01	-1.6924977e-01
4.0843042e+01	-1.7369357e-01
4.0864851e+01	1.2482133e-02
4.0886660e+01	1.4321692e-02
4.0908469e+01	-2.0208881e-01
4.0930278e+01	2.3778727e-01
4.0952086e+01	6.2402769e-01
4.0973895e+01	7.9668763e-01
4.0995704e+01	1.2211989e-01
4.1017513e+01	2.0129297e-01
4.1039322e+01	2.5958333e-01
4.1061131e+01	5.4965313e-02
4.1082940e+01	-1.3786620e-01
4.1104749e+01	-1.4569628e-01
4.1126558e+01	-3.7923894e-02
4.1148367e+01	2.8777106e-02
4.1170176e+01	9.5391132e-03
4.1191985e+01	-1.1592115e-01
4.1213794e+01	-1.2293236e-01
4.1235603e+01	1.2429428e-01
4.1257412e+01	8.4458747e-02
4.1279221e+01	-6.1839170e-02
4.1301029e+01	-6.0562315e-02
4.1322838e+01	1.4440886e-01
4.1344647e+01	-1.3352026e-01
4.1366456e+01	3.8882359e-02
4.1388265e+01	-4.4720570e-03
4.1410074e+01	-1.4188811e-01
4.1431883e+01	1.6270146e-01
4.1453692e+01	5.8127908e-01
4.1475501e+01	5.2446453e-01
4.1497310e+01	1.5419318e-02
4.1519119e+01	6.2837268e-02
4.1540928e+01	-1.4625372e-01
4.1562737e+01	1.1356768e-01
4.1584546e+01	-4.4084776e-03
4.1606355e+01	6.4448289e-02
4.1628164e+01	-2.4785479e-01
4.1649972e+01	-5.3791017e-03
4.1671781e+01	1.5238769e-01
4.1693590e+01	-2.9780300e-01
4.1715399e+01	-1.6112115e-01
4.1737208e+01	3.6617979e-02
4.1759017e+01	1.2359952e-01
4.1780826e+01	3.2135581e-01
4.1802635e+01	1.1121571e-01
4.1824444e+01	1.6589893e-01
4.1846253e+01	1.6853493e-02
4.1868062e+01	6.6324928e-02
4.1889871e+01	1.4524816e-01
4.1911680e+01	1.1933374e-01
4.1933489e+01	3.2139639e-02
4.1955298e+01	-5.4585389e-02
4.1977107e+01	-4.1885956e-04
4.1998916e+01	-1.8817571e-01
4.2020724e+01	1.5388078e-02
4.2042533e+01	-1.5747520e-01
4.2064342e+01	-1.6232011e-01
4.2086151e+01	-1.2160842e-01
4.2107960e+01	-2.3755252e-01
4.2129769e+01	1.5550424e-01
4.2151578e+01	6.6831841e-02
4.2173387e+01	-1.9977411e-01
4.2195196e+01	-2.6720693e-03
4.2217005e+01	-1.5487524e-02
4.2238814e+01	3.8899963e-02
4.2260623e+01	2.0673051e-01
4.2282432e+01	1.9260881e-01
4.2304241e+01	2.1347321e-01
4.2326050e+01	-1.9134825e-01
4.2347859e+01	-2.3934716e-02
4.2369667e+01	7.8071725e-02
4.2391476e+01	1.2064207e-01
4.2413285e+01	-9.3998605e-02
4.2435094e+01	-3.5024686e-02
4.2456903e+01	-1.8571901e-01
4.2478712e+01	-1.4350781e-01
4.2500521e+01	7.6640891e-03
4.2522330e+01	-2.4290969e-02
4.2544139e+01	-4.4281658e-02
4.2565948e+01	4.7819292e-02
4.2587757e+01	8.0862528e-01
4.2609566e+01	5.2845093e-01
4.2631375e+01	3.1628097e-01
4.2653184e+01	2.1619603e-01
4.2674993e+01	2.6132041e-01
4.2696802e+01	6.5239438e-02
4.2718610e+01	-5.9624678e-02
4.2740419e+01	2.8408955e-01
4.2762228e+01	1.7944916e-01
4.2784037e+01	-2.5645835e-01
4.2805846e+01	-2.2506752e-01
4.2827655e+01	-1.6044934e-01
4.2849464e+01	-1.6397370e-01
4.2871273e+01	-2.7413506e-02
4.2893082e+01	9.9462818e-02
4.2914891e+01	1.8702882e-01
4.2936700e+01	7.5688500e-02
4.2958509e+01	-1.1998262e-01
4.2980318e+01	-3.4802887e-01
4.3002127e+01	3.3432722e-03
4.3023936e+01	2.9493527e-01
4.3045745e+01	5.4662235e-01
4.3067553e+01	2.0741503e-01
4.3089362e+01	-3.2254778e-01
4.3111171e+01	1.0605850e-01
4.3132980e+01	1.0300000e-01
4.3154789e+01	2.6293411e-01
4.3176598e+01	-1.5081231e-01
4.3198407e+01	-1.9698901e-01
4.3220216e+01	4.2223970e-02
4.3242025e+01	-1.8987030e-01
4.3263834e+01	6.4499681e-02
4.3285643e+01	-5.9076776e-02
4.3307452e+01	8.6222310e-02
4.3329261e+01	4.2960223e-01
4.3351070e+01	1.1992513e-01
4.3372879e+01	1.2780213e-01
4.3394688e+01	-1.0679566e-01
4.3416496e+01	1.8187493e-01
4.3438305e+01	3.6335729e-01
4.3460114e+01	4.7967733e-01
4.3481923e+01	1.1888284e-01
4.3503732e+01	-1.9165308e-01
4.3525541e+01	-9.1651463e-02
4.3547350e+01	-1.9090815e-01
4.3569159e+01	-3.3362068e-01
4.3590968e+01	2.3185183e-01
4.3612777e+01	2.2700588e-01
4.3634586e+01	2.5563491e-02
4.3656395e+01	9.1672006e-02
4.3678204e+01	-1.1601619e-01
4.3700013e+01	1.5482391e-01
4.3721822e+01	-2.5028405e-01
4.3743631e+01	-4.6906029e-02
4.3765439e+01	-1.2066824e-01
4.3787248e+01	-2.0353533e-01
4.3809057e+01	8.6898808e-02
4.3830866e+01	2.0649359e-01
4.3852675e+01	3.7212026e-01
4.3874484e+01	1.7307551e-01
4.3896293e+01	2.7480610e-01
4.3918102e+01	1.3552534e-01
4.3939911e+01	-7.2076920e-02
4.3961720e+01	-6.7443492e-02
4.3983529e+01	-2.0427477e-02
4.4005338e+01	3.6325246e-02
4.4027147e+01	-9.9799975e-02
4.4048956e+01	-3.1299686e-01
4.4070765e+01	-2.6275318e-01
4.4092574e+01	1.4841653e-01
4.4114383e+01	-1.7084393e-01
4.4136191e+01	6.5921221e-02
4.4158000e+01	3.8442228e-01
4.4179809e+01	1.0591324e-01
4.4201618e+01	3.1385718e-01
4.4223427e+01	7.5830910e-01
4.4245236e+01	7.1704571e-01
4.4267045e+01	1.4240068e+00
4.4288854e+01	1.0361778e+00
4.4310663e+01	8.5001305e-01
4.4332472e+01	1.4372087e-01
4.4354281e+01	-6.4819258e-02
4.4376090e+01	6.0663460e-02
4.4397899e+01	-3.1617645e-01
4.4419708e+01	-1.1906242e-01
4.4441517e+01	1.1245130e-01
4.4463326e+01	-4.1433357e-02
4.4485134e+01	2.1960527e-02
4.4506943e+01	2.4931707e-01
4.4528752e+01	1.8605074e-02
4.4550561e+01	-1.0113944e-01
4.4572370e+01	4.3728724e-02
4.4594179e+01	2.7308403e-02
4.4615988e+01	3.7095405e-01
4.4637797e+01	1.9575821e-01
4.4659606e+01	-1.0336940e-01
4.4681415e+01	6.0889730e-02
4.4703224e+01	2.1320068e-02
4.4725033e+01	-2.1503530e-01
4.4746842e+01	6.4622670e-02
4.4768651e+01	-8.0422271e-02
4.4790460e+01	-1.9587775e-01
4.4812269e+01	-2.7687046e-01
4.4834077e+01	-9.6945053e-02
4.4855886e+01	2.1732979e-01
4.4877695e+01	1.4945918e-01
4.4899504e+01	7.9581125e-02
4.4921313e+01	1.9268564e-01
4.4943122e+01	1.1416243e-01
4.4964931e+01	2.4302064e-02
4.4986740e+01	-2.3700233e-01