Image file: \\Gfs05\g45\SAXS\2020_12\HDF5\2020-12.10_Kevin_day2_SN\2020-12-10_Max_Cu123_SN_000017_data_000110.h5
ImageIntegration1d_chi_output; Output_Directory= \\Gfs05\g45\SAXS\2020_12\Processed\2020-12-09_Kevin_day1_SN\Chi-Sample-7
Profile = Radial, StartAzimuth = 0.0, EndAzimuth = 360.0, Sam_Det_distance = 250.818474293, InnerRadius = 15.0, OuterRadius = 2400.0, Lambda = 30, Ratio = 0.001, Itermax = 100
2400
2.0013229e+00	-2.7257560e-02
2.0231319e+00	3.2958659e-02
2.0449408e+00	7.7428865e-02
2.0667497e+00	2.0821879e-02
2.0885587e+00	-8.1505575e-03
2.1103676e+00	-1.0083238e-01
2.1321765e+00	-1.0221446e-01
2.1539855e+00	1.1471987e-01
2.1757944e+00	4.1407802e-01
2.1976034e+00	3.7042210e-01
2.2194123e+00	1.8474382e-02
2.2412212e+00	-7.0946965e-02
2.2630302e+00	-6.1829848e-02
2.2848391e+00	-2.2989804e-03
2.3066480e+00	-4.4251356e-02
2.3284570e+00	5.8813259e-02
2.3502659e+00	7.5943863e-02
2.3720749e+00	1.0387997e-01
2.3938838e+00	-1.7861646e-02
2.4156927e+00	1.5079133e-02
2.4375017e+00	4.2081302e-02
2.4593106e+00	-9.4024579e-02
2.4811196e+00	-5.7579741e-03
2.5029285e+00	2.6841536e-02
2.5247374e+00	5.6630061e-02
2.5465464e+00	-9.4406929e-02
2.5683553e+00	1.0112462e-02
2.5901642e+00	3.3811760e-02
2.6119732e+00	-1.2190089e-01
2.6337821e+00	5.4113387e-02
2.6555911e+00	-3.9155306e-02
2.6774000e+00	-1.2549406e-02
2.6992089e+00	5.1588229e-02
2.7210179e+00	1.8497625e-02
2.7428268e+00	3.0969177e-01
2.7646358e+00	7.2382732e-02
2.7864447e+00	-1.1083237e-01
2.8082536e+00	1.0368198e-01
2.8300626e+00	-1.1996947e-01
2.8518715e+00	-8.0263014e-02
2.8736804e+00	1.0878992e-01
2.8954894e+00	1.8187297e-01
2.9172983e+00	3.3699071e-02
2.9391073e+00	-3.2416739e-02
2.9609162e+00	-1.5510597e-01
2.9827251e+00	-4.6120162e-02
3.0045341e+00	-7.3782750e-02
3.0263430e+00	2.2470617e-02
3.0481519e+00	1.8428323e-02
3.0699609e+00	2.1890098e-01
3.0917698e+00	1.5127157e-01
3.1135788e+00	2.3704697e-02
3.1353877e+00	5.1400306e-03
3.1571966e+00	-2.5374433e-02
3.1790056e+00	1.0045627e-01
3.2008145e+00	-1.8166678e-02
3.2226235e+00	-2.9415003e-01
3.2444324e+00	-1.7252350e-01
3.2662413e+00	4.0178171e-02
3.2880503e+00	1.3801301e-01
3.3098592e+00	2.2196267e-01
3.3316681e+00	1.0976493e-01
3.3534771e+00	6.6693041e-02
3.3752860e+00	-6.9525350e-02
3.3970950e+00	-1.9076600e-01
3.4189039e+00	8.9898412e-02
3.4407128e+00	9.7742068e-02
3.4625218e+00	-4.7396804e-02
3.4843307e+00	1.1607670e-02
3.5061396e+00	-3.7926304e-02
3.5279486e+00	-7.1402607e-02
3.5497575e+00	-9.8836510e-02
3.5715665e+00	1.5140740e-01
3.5933754e+00	1.6407283e-01
3.6151843e+00	-7.3626446e-03
3.6369933e+00	5.4440059e-02
3.6588022e+00	9.4731163e-02
3.6806112e+00	-1.9532131e-01
3.7024201e+00	-1.0568223e-01
3.7242290e+00	-5.9113779e-02
3.7460380e+00	-6.9293619e-02
3.7678469e+00	1.1881957e-01
3.7896558e+00	1.3051446e-01
3.8114648e+00	-1.7024846e-02
3.8332737e+00	6.5947434e-05
3.8550827e+00	-1.7366873e-02
3.8768916e+00	-5.2905219e-02
3.8987005e+00	1.7432738e-01
3.9205095e+00	2.8489738e-01
3.9423184e+00	-1.4301192e-02
3.9641273e+00	-1.2037129e-01
3.9859363e+00	-9.9885656e-02
4.0077452e+00	8.7767209e-02
4.0295542e+00	4.6410811e-03
4.0513631e+00	-4.8148021e-02
4.0731720e+00	3.2345492e-02
4.0949810e+00	7.8422583e-02
4.1167899e+00	1.3041542e-01
4.1385989e+00	-5.0599823e-02
4.1604078e+00	-3.6616604e-02
4.1822167e+00	1.0297528e-03
4.2040257e+00	-4.7977133e-02
4.2258346e+00	-9.0967912e-02
4.2476435e+00	1.7019443e-02
4.2694525e+00	8.8873939e-02
4.2912614e+00	-1.7419283e-02
4.3130704e+00	-1.5296275e-01
4.3348793e+00	1.7971140e-02
4.3566882e+00	2.0270767e-01
4.3784972e+00	1.0078467e-01
4.4003061e+00	-7.3892314e-02
4.4221151e+00	4.7926746e-02
4.4439240e+00	5.6319577e-02
4.4657329e+00	3.0527988e-03
4.4875419e+00	-3.9835439e-02
4.5093508e+00	-7.7534577e-02
4.5311597e+00	-1.4685803e-02
4.5529687e+00	-5.7786183e-02
4.5747776e+00	2.1763268e-02
4.5965866e+00	-9.8807569e-03
4.6183955e+00	-2.2098686e-03
4.6402044e+00	-1.6391688e-02
4.6620134e+00	-4.3111279e-02
4.6838223e+00	1.7801118e-01
4.7056312e+00	9.5422986e-02
4.7274402e+00	1.7505602e-02
4.7492491e+00	-1.7398305e-01
4.7710581e+00	-8.2870786e-03
4.7928670e+00	4.6023820e-02
4.8146759e+00	1.1483685e-01
4.8364849e+00	-8.4662445e-02
4.8582938e+00	1.5411633e-02
4.8801028e+00	6.8215318e-03
4.9019117e+00	-8.1281773e-02
4.9237206e+00	4.2766737e-02
4.9455296e+00	3.1815127e-02
4.9673385e+00	1.0904883e-02
4.9891474e+00	5.1988232e-02
5.0109564e+00	-1.1351632e-01
5.0327653e+00	-2.0765392e-02
5.0545743e+00	7.8507118e-02
5.0763832e+00	-1.9803077e-02
5.0981921e+00	-5.1496932e-02
5.1200011e+00	9.9979156e-02
5.1418100e+00	-1.1011918e-01
5.1636189e+00	-1.8778134e-01
5.1854279e+00	4.7460752e-02
5.2072368e+00	1.6487050e-01
5.2290458e+00	1.0994050e-01
5.2508547e+00	1.4096770e-01
5.2726636e+00	1.5982468e-01
5.2944726e+00	-3.3977491e-02
5.3162815e+00	-1.8221247e-01
5.3380905e+00	3.2224074e-02
5.3598994e+00	-6.7823831e-02
5.3817083e+00	-8.7516924e-02
5.4035173e+00	-1.2526459e-01
5.4253262e+00	-1.6450427e-01
5.4471351e+00	8.3285928e-02
5.4689441e+00	1.0333732e-01
5.4907530e+00	7.1129979e-02
5.5125620e+00	9.5729863e-02
5.5343709e+00	7.7434281e-02
5.5561798e+00	-9.2626146e-02
5.5779888e+00	6.5936350e-02
5.5997977e+00	1.6822798e-02
5.6216066e+00	1.1834319e-01
5.6434156e+00	9.8161188e-02
5.6652245e+00	-1.9265706e-01
5.6870335e+00	-1.5012911e-01
5.7088424e+00	4.8854362e-02
5.7306513e+00	4.2400904e-02
5.7524603e+00	-1.8099946e-01
5.7742692e+00	-1.3901524e-01
5.7960782e+00	1.9715432e-01
5.8178871e+00	1.0925473e-01
5.8396960e+00	1.1049044e-02
5.8615050e+00	6.1759791e-02
5.8833139e+00	8.7520971e-02
5.9051228e+00	-3.1567573e-02
5.9269318e+00	7.9689804e-02
5.9487407e+00	2.2411395e-02
5.9705497e+00	-9.9228362e-02
5.9923586e+00	-1.2247383e-01
6.0141675e+00	-5.6608998e-02
6.0359765e+00	9.7879459e-02
6.0577854e+00	3.5985324e-02
6.0795944e+00	-3.0783012e-02
6.1014033e+00	-1.8778216e-02
6.1232122e+00	-7.8905460e-02
6.1450212e+00	1.2318249e-01
6.1668301e+00	7.4317000e-03
6.1886390e+00	-6.7144804e-02
6.2104480e+00	-4.6901236e-02
6.2322569e+00	3.8646911e-02
6.2540659e+00	4.7361954e-02
6.2758748e+00	9.5964335e-02
6.2976837e+00	7.4259190e-03
6.3194927e+00	-6.7158109e-02
6.3413016e+00	-1.1790262e-01
6.3631105e+00	1.6612367e-01
6.3849195e+00	1.6487698e-01
6.4067284e+00	3.0370384e-02
6.4285374e+00	-1.1907166e-01
6.4503463e+00	-4.6021144e-02
6.4721552e+00	-2.2465518e-01
6.4939642e+00	4.6877612e-02
6.5157731e+00	1.3408367e-04
6.5375821e+00	8.0783417e-02
6.5593910e+00	1.0101933e-01
6.5811999e+00	-1.7018561e-01
6.6030089e+00	2.9068986e-03
6.6248178e+00	1.4579495e-01
6.6466267e+00	1.4431905e-02
6.6684357e+00	8.3336131e-02
6.6902446e+00	1.1408706e-01
6.7120536e+00	7.6473330e-02
6.7338625e+00	-1.8102954e-01
6.7556714e+00	-9.7039492e-02
6.7774804e+00	-1.0311522e-01
6.7992893e+00	-3.1296006e-02
6.8210982e+00	7.8663823e-02
6.8429072e+00	1.3852527e-02
6.8647161e+00	1.1041777e-01
6.8865251e+00	-2.3765478e-02
6.9083340e+00	-7.5446051e-03
6.9301429e+00	-4.3266410e-02
6.9519519e+00	-8.7313504e-02
6.9737608e+00	-2.7458665e-03
6.9955698e+00	1.3191067e-01
7.0173787e+00	1.1267166e-01
7.0391876e+00	-6.2908620e-02
7.0609966e+00	-7.2677328e-02
7.0828055e+00	-4.3619119e-02
7.1046144e+00	2.4785453e-01
7.1264234e+00	3.9721531e-02
7.1482323e+00	-2.3836658e-02
7.1700413e+00	1.4146112e-02
7.1918502e+00	1.9010968e-02
7.2136591e+00	-1.3972040e-01
7.2354681e+00	2.1064715e-02
7.2572770e+00	6.0846271e-02
7.2790859e+00	7.1496094e-02
7.3008949e+00	-1.0183555e-01
7.3227038e+00	-7.6754722e-02
7.3445128e+00	3.6354799e-02
7.3663217e+00	7.8255358e-02
7.3881306e+00	-1.2721951e-02
7.4099396e+00	6.9510227e-02
7.4317485e+00	5.5081874e-02
7.4535575e+00	-8.5628854e-02
7.4753664e+00	5.5722071e-02
7.4971753e+00	-1.1274834e-01
7.5189843e+00	-1.6872209e-01
7.5407932e+00	1.0088194e-01
7.5626021e+00	1.1961088e-01
7.5844111e+00	8.2618551e-02
7.6062200e+00	6.4493282e-03
7.6280290e+00	-9.9420895e-02
7.6498379e+00	6.4802198e-02
7.6716468e+00	-1.3733629e-01
7.6934558e+00	-3.8137285e-03
7.7152647e+00	1.2246427e-01
7.7370737e+00	4.5541067e-02
7.7588826e+00	-1.2361174e-01
7.7806915e+00	1.1856068e-01
7.8025005e+00	2.3493375e-02
7.8243094e+00	5.6514393e-02
7.8461183e+00	-2.0125590e-01
7.8679273e+00	-2.2488097e-01
7.8897362e+00	1.0868427e-01
7.9115452e+00	1.0853388e-01
7.9333541e+00	1.2908020e-01
7.9551630e+00	5.4509975e-02
7.9769720e+00	5.0893063e-03
7.9987809e+00	-3.7718792e-04
8.0205898e+00	-5.0081230e-02
8.0423988e+00	-1.4734599e-01
8.0642077e+00	-1.1549681e-01
8.0860167e+00	7.9053429e-02
8.1078256e+00	1.2875655e-01
8.1296345e+00	1.0200752e-01
8.1514435e+00	-7.4279263e-02
8.1732524e+00	-1.3241934e-01
8.1950614e+00	2.0253636e-01
8.2168703e+00	6.7773756e-02
8.2386792e+00	-1.6254972e-02
8.2604882e+00	-7.5856779e-02
8.2822971e+00	-5.7992894e-03
8.3041060e+00	1.0155905e-01
8.3259150e+00	-1.0996212e-01
8.3477239e+00	-8.1771152e-02
8.3695329e+00	1.7752586e-01
8.3913418e+00	5.2475158e-02
8.4131507e+00	-9.7767745e-02
8.4349597e+00	6.3959623e-02
8.4567686e+00	-1.8576585e-02
8.4785775e+00	-8.9585097e-03
8.5003865e+00	4.8194397e-02
8.5221954e+00	4.1741957e-02
8.5440044e+00	-6.0988892e-02
8.5658133e+00	-5.7688062e-02
8.5876222e+00	-2.6454981e-02
8.6094312e+00	9.2847356e-02
8.6312401e+00	-3.9318804e-02
8.6530491e+00	-6.7778519e-02
8.6748580e+00	6.1115182e-02
8.6966669e+00	-2.3568758e-03
8.7184759e+00	-1.2757015e-01
8.7402848e+00	-8.0457638e-02
8.7620937e+00	7.0867858e-02
8.7839027e+00	1.5235712e-01
8.8057116e+00	2.4143059e-01
8.8275206e+00	2.5000894e-01
8.8493295e+00	4.1761887e-02
8.8711384e+00	-7.2220349e-02
8.8929474e+00	6.3062938e-02
8.9147563e+00	-1.6901761e-01
8.9365652e+00	-8.4316972e-03
8.9583742e+00	2.7138982e-01
8.9801831e+00	3.0112283e-01
9.0019921e+00	-4.3035830e-02
9.0238010e+00	-1.6021568e-01
9.0456099e+00	7.8855698e-02
9.0674189e+00	1.9652419e-01
9.0892278e+00	2.6667696e-01
9.1110368e+00	6.5997743e-02
9.1328457e+00	-8.6015075e-02
9.1546546e+00	5.9257851e-02
9.1764636e+00	-1.1119128e-01
9.1982725e+00	-3.2459303e-02
9.2200814e+00	-3.9709866e-02
9.2418904e+00	8.3701752e-02
9.2636993e+00	-1.2236666e-01
9.2855083e+00	-2.1322480e-02
9.3073172e+00	3.3620647e-02
9.3291261e+00	5.3408272e-02
9.3509351e+00	9.1568999e-02
9.3727440e+00	-1.7386080e-02
9.3945530e+00	4.8372436e-02
9.4163619e+00	1.5826797e-01
9.4381708e+00	-5.8802780e-02
9.4599798e+00	-8.0852085e-02
9.4817887e+00	-5.1105620e-02
9.5035976e+00	-6.1459335e-02
9.5254066e+00	1.9415801e-02
9.5472155e+00	1.3677999e-01
9.5690245e+00	-5.0268986e-02
9.5908334e+00	-8.8309196e-02
9.6126423e+00	-8.5447625e-02
9.6344513e+00	8.3633083e-02
9.6562602e+00	4.9099222e-02
9.6780691e+00	1.4688204e-01
9.6998781e+00	-3.8299761e-02
9.7216870e+00	-1.6008762e-01
9.7434960e+00	8.8128093e-02
9.7653049e+00	2.0705818e-01
9.7871138e+00	-8.1938200e-04
9.8089228e+00	-1.4285675e-01
9.8307317e+00	-1.2546811e-02
9.8525407e+00	-4.6377636e-02
9.8743496e+00	-1.0177751e-01
9.8961585e+00	1.0759763e-01
9.9179675e+00	3.6991121e-01
9.9397764e+00	1.5481806e-01
9.9615853e+00	4.2394688e-02
9.9833943e+00	1.5349568e-02
1.0005203e+01	-9.1493187e-02
1.0027012e+01	2.2446128e-02
1.0048821e+01	-7.2977291e-02
1.0070630e+01	2.5817880e-01
1.0092439e+01	2.5920782e-01
1.0114248e+01	9.8939557e-02
1.0136057e+01	-3.7038399e-03
1.0157866e+01	3.0885182e-02
1.0179675e+01	-1.9801530e-02
1.0201484e+01	-5.7916625e-02
1.0223293e+01	-5.5610246e-02
1.0245102e+01	1.2788520e-02
1.0266910e+01	-8.9382536e-03
1.0288719e+01	-1.6872782e-01
1.0310528e+01	3.1924159e-02
1.0332337e+01	1.0132352e+00
1.0354146e+01	1.7472621e+00
1.0375955e+01	1.7732554e+00
1.0397764e+01	2.3306607e+00
1.0419573e+01	2.6904848e+00
1.0441382e+01	3.2111244e+00
1.0463191e+01	4.1141709e+00
1.0485000e+01	5.5909942e+00
1.0506809e+01	7.0223769e+00
1.0528618e+01	8.0394156e+00
1.0550427e+01	7.7170941e+00
1.0572236e+01	7.0287878e+00
1.0594045e+01	7.2521396e+00
1.0615853e+01	7.5406051e+00
1.0637662e+01	7.4671510e+00
1.0659471e+01	6.8366558e+00
1.0681280e+01	6.0640613e+00
1.0703089e+01	4.0838231e+00
1.0724898e+01	2.3402249e+00
1.0746707e+01	1.9090573e+00
1.0768516e+01	1.3773531e+00
1.0790325e+01	8.9436276e-01
1.0812134e+01	4.8466207e-01
1.0833943e+01	1.9142166e-01
1.0855752e+01	2.5736392e-01
1.0877561e+01	-3.4302566e-03
1.0899370e+01	-1.3463402e-01
1.0921179e+01	2.1436623e-03
1.0942988e+01	4.4539253e-01
1.0964796e+01	4.1902896e-01
1.0986605e+01	4.3736576e-02
1.1008414e+01	2.9814347e-01
1.1030223e+01	7.9650036e-01
1.1052032e+01	9.1873826e-01
1.1073841e+01	1.2077002e+00
1.1095650e+01	1.1582081e+00
1.1117459e+01	1.2431880e+00
1.1139268e+01	1.3951990e+00
1.1161077e+01	1.8274870e+00
1.1182886e+01	2.0156001e+00
1.1204695e+01	2.3302252e+00
1.1226504e+01	2.5854744e+00
1.1248313e+01	2.4714206e+00
1.1270122e+01	1.0592089e+00
1.1291931e+01	6.4103131e-01
1.1313740e+01	1.4943178e-01
1.1335548e+01	1.2703030e-01
1.1357357e+01	-1.2846353e-02
1.1379166e+01	-1.1436033e-01
1.1400975e+01	-2.2962601e-01
1.1422784e+01	2.8453068e-02
1.1444593e+01	2.2113355e-01
1.1466402e+01	-3.5812921e-02
1.1488211e+01	-1.1265168e-01
1.1510020e+01	-3.6335906e-02
1.1531829e+01	9.7966109e-02
1.1553638e+01	7.7237658e-02
1.1575447e+01	-1.2379698e-01
1.1597256e+01	9.3677821e-02
1.1619065e+01	9.5598092e-02
1.1640874e+01	-7.7541451e-02
1.1662683e+01	-7.6099892e-02
1.1684491e+01	-1.2708797e-01
1.1706300e+01	2.3327688e-01
1.1728109e+01	3.9459834e-01
1.1749918e+01	1.5967578e-01
1.1771727e+01	-6.4683413e-02
1.1793536e+01	-4.6145325e-02
1.1815345e+01	3.3985063e-01
1.1837154e+01	1.2563265e-01
1.1858963e+01	3.3816123e-02
1.1880772e+01	-7.2915457e-02
1.1902581e+01	8.8473990e-02
1.1924390e+01	4.1372663e-02
1.1946199e+01	3.5693346e-02
1.1968008e+01	-5.8121878e-02
1.1989817e+01	3.2021667e-01
1.2011626e+01	-7.4324525e-03
1.2033434e+01	-2.2816961e-01
1.2055243e+01	-3.1667755e-02
1.2077052e+01	-9.0941163e-02
1.2098861e+01	2.8727854e-02
1.2120670e+01	1.9748608e-01
1.2142479e+01	7.4396187e-02
1.2164288e+01	1.2674952e-01
1.2186097e+01	5.0217162e-03
1.2207906e+01	-1.4219516e-01
1.2229715e+01	-1.3316315e-01
1.2251524e+01	4.7785461e-02
1.2273333e+01	8.2207035e-02
1.2295142e+01	8.4851468e-02
1.2316951e+01	2.8178701e-01
1.2338760e+01	6.5522055e-02
1.2360569e+01	-6.5318020e-02
1.2382377e+01	8.2494620e-03
1.2404186e+01	1.3006300e-01
1.2425995e+01	-1.0787936e-01
1.2447804e+01	-1.0732162e-01
1.2469613e+01	-1.5623302e-01
1.2491422e+01	2.9748401e-02
1.2513231e+01	-4.6227093e-03
1.2535040e+01	6.2785420e-02
1.2556849e+01	1.8563447e-02
1.2578658e+01	-9.2913176e-03
1.2600467e+01	1.6240531e-01
1.2622276e+01	-1.9936127e-02
1.2644085e+01	1.3103628e-01
1.2665894e+01	6.6791416e-02
1.2687703e+01	-1.9919875e-01
1.2709512e+01	-1.8254081e-01
1.2731320e+01	3.3645642e-03
1.2753129e+01	1.8047736e-01
1.2774938e+01	6.8328624e-02
1.2796747e+01	3.2206978e-02
1.2818556e+01	-9.1442886e-02
1.2840365e+01	-2.6922750e-01
1.2862174e+01	7.2926425e-02
1.2883983e+01	1.0939042e-01
1.2905792e+01	1.5378607e-01
1.2927601e+01	6.3679694e-02
1.2949410e+01	-1.2495430e-01
1.2971219e+01	-3.4395761e-02
1.2993028e+01	1.0037645e-01
1.3014837e+01	2.5845339e-01
1.3036646e+01	5.5780646e-01
1.3058455e+01	7.8249070e-01
1.3080264e+01	8.8661870e-01
1.3102072e+01	4.3290602e-01
1.3123881e+01	-5.6978751e-02
1.3145690e+01	9.1158287e-02
1.3167499e+01	2.8960827e-02
1.3189308e+01	-2.8256991e-03
1.3211117e+01	1.8703321e-02
1.3232926e+01	1.5314956e-01
1.3254735e+01	1.1561792e-01
1.3276544e+01	1.1014505e-02
1.3298353e+01	-1.9470292e-01
1.3320162e+01	-3.1662497e-01
1.3341971e+01	-4.9478217e-01
1.3363780e+01	8.2639114e-02
1.3385589e+01	1.2632924e-01
1.3407398e+01	8.6645471e-02
1.3429207e+01	1.1692317e-01
1.3451015e+01	1.1584444e-01
1.3472824e+01	1.2746217e-01
1.3494633e+01	4.8100169e-03
1.3516442e+01	-8.3303081e-02
1.3538251e+01	-6.1492222e-02
1.3560060e+01	1.1168093e-01
1.3581869e+01	9.4908986e-02
1.3603678e+01	1.9430979e-01
1.3625487e+01	-2.9343045e-02
1.3647296e+01	-2.3245902e-02
1.3669105e+01	-8.1846668e-02
1.3690914e+01	-1.1277794e-01
1.3712723e+01	7.8255275e-04
1.3734532e+01	-1.9378096e-03
1.3756341e+01	3.7231292e-02
1.3778150e+01	3.5193681e-02
1.3799958e+01	-4.2271997e-02
1.3821767e+01	-1.4130076e-03
1.3843576e+01	-8.4999139e-02
1.3865385e+01	1.2631885e-01
1.3887194e+01	-2.5166797e-02
1.3909003e+01	-5.7951498e-02
1.3930812e+01	1.2161665e-01
1.3952621e+01	8.5637766e-02
1.3974430e+01	-1.2593315e-01
1.3996239e+01	5.6291735e-02
1.4018048e+01	-8.9165103e-02
1.4039857e+01	-5.6136749e-02
1.4061666e+01	2.6090586e-02
1.4083475e+01	1.0302341e-01
1.4105284e+01	2.6870462e-02
1.4127093e+01	-2.4534629e-02
1.4148901e+01	-1.8457784e-01
1.4170710e+01	7.0566104e-02
1.4192519e+01	1.5141201e-01
1.4214328e+01	-3.8413904e-02
1.4236137e+01	-1.8309960e-01
1.4257946e+01	1.9235863e-02
1.4279755e+01	-2.0163322e-02
1.4301564e+01	1.7772761e-01
1.4323373e+01	1.2917098e-01
1.4345182e+01	5.1108157e-02
1.4366991e+01	1.3376275e-01
1.4388800e+01	-1.8814597e-01
1.4410609e+01	-5.1334046e-02
1.4432418e+01	1.7009496e-01
1.4454227e+01	-6.2449893e-02
1.4476036e+01	-8.8416831e-02
1.4497844e+01	-1.2600287e-01
1.4519653e+01	1.1956903e-02
1.4541462e+01	2.4987354e-02
1.4563271e+01	1.3833662e-02
1.4585080e+01	2.0714980e-01
1.4606889e+01	7.3397692e-02
1.4628698e+01	-1.0676559e-01
1.4650507e+01	-1.2548594e-01
1.4672316e+01	5.9604433e-02
1.4694125e+01	2.3163007e-02
1.4715934e+01	-4.4115998e-02
1.4737743e+01	5.2988908e-02
1.4759552e+01	-1.2018830e-02
1.4781361e+01	-2.1838581e-02
1.4803170e+01	7.1943491e-02
1.4824979e+01	3.9056261e-01
1.4846787e+01	9.5893039e-01
1.4868596e+01	1.6426887e+00
1.4890405e+01	1.8758943e+00
1.4912214e+01	1.5455951e+00
1.4934023e+01	1.1835958e+00
1.4955832e+01	1.1717675e+00
1.4977641e+01	1.4428578e+00
1.4999450e+01	1.7533726e+00
1.5021259e+01	2.0385898e+00
1.5043068e+01	2.1373642e+00
1.5064877e+01	1.9767915e+00
1.5086686e+01	1.6324568e+00
1.5108495e+01	1.2650947e+00
1.5130304e+01	8.7336623e-01
1.5152113e+01	4.4318809e-01
1.5173922e+01	3.2589153e-02
1.5195731e+01	-6.1131194e-02
1.5217539e+01	4.7669583e-02
1.5239348e+01	3.8722475e-03
1.5261157e+01	-1.5110610e-01
1.5282966e+01	-1.3778123e-01
1.5304775e+01	9.3651899e-02
1.5326584e+01	1.3612293e-01
1.5348393e+01	7.9260974e-02
1.5370202e+01	1.2075969e-01
1.5392011e+01	5.3164354e-02
1.5413820e+01	-5.4588127e-03
1.5435629e+01	-1.5473114e-01
1.5457438e+01	-7.7860241e-02
1.5479247e+01	4.2221925e-02
1.5501056e+01	9.1331365e-02
1.5522865e+01	-1.3090657e-01
1.5544674e+01	-1.0804800e-01
1.5566482e+01	-1.0232063e-01
1.5588291e+01	-2.4424771e-02
1.5610100e+01	9.9363754e-02
1.5631909e+01	1.3201968e-01
1.5653718e+01	1.1114970e-01
1.5675527e+01	1.5618994e-01
1.5697336e+01	4.3141163e-02
1.5719145e+01	-6.1830809e-02
1.5740954e+01	-8.5178062e-02
1.5762763e+01	-4.3366127e-02
1.5784572e+01	-9.3580583e-02
1.5806381e+01	8.5203946e-02
1.5828190e+01	2.2391920e-02
1.5849999e+01	-7.6966952e-02
1.5871808e+01	3.4481887e-02
1.5893617e+01	-1.2138881e-01
1.5915425e+01	-8.9150701e-02
1.5937234e+01	1.5907472e-01
1.5959043e+01	9.9838331e-02
1.5980852e+01	-6.8032588e-02
1.6002661e+01	4.6050325e-02
1.6024470e+01	-4.3222382e-03
1.6046279e+01	4.7124887e-02
1.6068088e+01	9.4644752e-02
1.6089897e+01	-1.6789392e-02
1.6111706e+01	-1.9033659e-01
1.6133515e+01	-8.0343736e-02
1.6155324e+01	8.9253780e-02
1.6177133e+01	-8.8378640e-02
1.6198942e+01	3.7159131e-02
1.6220751e+01	1.4730988e-01
1.6242560e+01	8.1048576e-02
1.6264368e+01	-3.9603760e-02
1.6286177e+01	2.2214440e-01
1.6307986e+01	3.7131299e-03
1.6329795e+01	-1.2634186e-01
1.6351604e+01	-1.8624943e-01
1.6373413e+01	2.8029857e-02
1.6395222e+01	2.2953668e-01
1.6417031e+01	7.9816756e-02
1.6438840e+01	-2.1097960e-02
1.6460649e+01	-4.4016362e-02
1.6482458e+01	7.7832359e-02
1.6504267e+01	-1.1493577e-03
1.6526076e+01	2.4115115e-03
1.6547885e+01	6.0658244e-02
1.6569694e+01	-5.3950135e-02
1.6591503e+01	-1.3890706e-01
1.6613311e+01	5.5486836e-02
1.6635120e+01	2.7250754e-03
1.6656929e+01	5.4688356e-03
1.6678738e+01	-1.9170539e-01
1.6700547e+01	-1.2724407e-01
1.6722356e+01	6.3452480e-02
1.6744165e+01	6.5731269e-02
1.6765974e+01	1.2549641e-01
1.6787783e+01	1.2543656e-01
1.6809592e+01	1.4846968e-01
1.6831401e+01	1.6112932e-01
1.6853210e+01	9.5705101e-02
1.6875019e+01	-1.2561881e-01
1.6896828e+01	-1.1355525e-01
1.6918637e+01	-1.9629488e-01
1.6940446e+01	8.1813632e-02
1.6962254e+01	-6.8983252e-02
1.6984063e+01	-3.8718420e-02
1.7005872e+01	3.4963258e-02
1.7027681e+01	9.7455927e-02
1.7049490e+01	2.9029428e-02
1.7071299e+01	-5.8042288e-02
1.7093108e+01	-8.5062360e-02
1.7114917e+01	-6.4652678e-02
1.7136726e+01	5.5836960e-02
1.7158535e+01	2.8609392e-02
1.7180344e+01	-1.4062832e-03
1.7202153e+01	2.0720849e-02
1.7223962e+01	4.0116514e-02
1.7245771e+01	6.9335713e-02
1.7267580e+01	1.6534130e-02
1.7289389e+01	7.4892131e-03
1.7311198e+01	-1.0837134e-01
1.7333006e+01	-1.2192600e-01
1.7354815e+01	-1.8960532e-03
1.7376624e+01	7.2749262e-02
1.7398433e+01	6.8025820e-02
1.7420242e+01	7.5942001e-03
1.7442051e+01	6.0457551e-03
1.7463860e+01	-3.2752817e-02
1.7485669e+01	-2.6171975e-02
1.7507478e+01	-6.8368027e-02
1.7529287e+01	1.7683752e-01
1.7551096e+01	1.6868469e-01
1.7572905e+01	-9.8322249e-02
1.7594714e+01	-4.7957392e-02
1.7616523e+01	6.1415313e-02
1.7638332e+01	-8.6839057e-02
1.7660141e+01	1.7024568e-02
1.7681949e+01	5.8529589e-02
1.7703758e+01	-6.4135633e-02
1.7725567e+01	-1.0509310e-01
1.7747376e+01	-4.7995431e-02
1.7769185e+01	8.1868667e-02
1.7790994e+01	-6.8192359e-03
1.7812803e+01	8.9044360e-02
1.7834612e+01	4.0650984e-02
1.7856421e+01	-9.4769598e-04
1.7878230e+01	1.3406063e-04
1.7900039e+01	-5.2482462e-02
1.7921848e+01	9.5665560e-02
1.7943657e+01	4.2128300e-03
1.7965466e+01	-1.1968772e-01
1.7987275e+01	-2.1379336e-02
1.8009084e+01	6.1876158e-02
1.8030892e+01	-2.3305970e-02
1.8052701e+01	-4.2702377e-02
1.8074510e+01	-4.9272433e-02
1.8096319e+01	9.6294322e-02
1.8118128e+01	1.1791221e-01
1.8139937e+01	-1.9355931e-02
1.8161746e+01	-8.1967791e-02
1.8183555e+01	8.3585939e-03
1.8205364e+01	-2.8578910e-03
1.8227173e+01	1.2703567e-02
1.8248982e+01	-1.2476709e-01
1.8270791e+01	7.2142575e-02
1.8292600e+01	-5.2722361e-03
1.8314409e+01	7.9974719e-02
1.8336218e+01	5.1063196e-02
1.8358027e+01	-6.8586839e-02
1.8379835e+01	-6.1038275e-02
1.8401644e+01	-4.7496197e-02
1.8423453e+01	-7.2523558e-02
1.8445262e+01	-3.3041667e-02
1.8467071e+01	1.4804322e-01
1.8488880e+01	3.0890364e-01
1.8510689e+01	6.9946674e-02
1.8532498e+01	8.6212241e-02
1.8554307e+01	8.0087435e-02
1.8576116e+01	-1.0614657e-01
1.8597925e+01	-2.5427092e-01
1.8619734e+01	6.2696208e-02
1.8641543e+01	1.9816237e-01
1.8663352e+01	6.2672634e-02
1.8685161e+01	-1.4403314e-02
1.8706970e+01	1.9551510e-02
1.8728778e+01	-2.6728269e-02
1.8750587e+01	-2.9679485e-03
1.8772396e+01	1.1308352e-01
1.8794205e+01	3.9103984e-02
1.8816014e+01	-1.1311076e-03
1.8837823e+01	-2.1346224e-01
1.8859632e+01	-1.1813627e-01
1.8881441e+01	5.7505367e-02
1.8903250e+01	-3.5463073e-02
1.8925059e+01	2.5882612e-02
1.8946868e+01	1.4690512e-01
1.8968677e+01	-1.2845073e-01
1.8990486e+01	-2.6422442e-02
1.9012295e+01	8.0714042e-02
1.9034104e+01	8.2343928e-02
1.9055913e+01	2.8450457e-02
1.9077721e+01	-4.9397039e-02
1.9099530e+01	2.8431858e-02
1.9121339e+01	4.8182579e-02
1.9143148e+01	1.2479251e-02
1.9164957e+01	-8.8074490e-02
1.9186766e+01	-6.9586061e-02
1.9208575e+01	-1.4576362e-02
1.9230384e+01	-4.9048176e-02
1.9252193e+01	-2.2968822e-03
1.9274002e+01	7.3127530e-02
1.9295811e+01	-6.2372476e-02
1.9317620e+01	2.1132222e-02
1.9339429e+01	5.9771364e-02
1.9361238e+01	2.3043163e-03
1.9383047e+01	4.0117752e-02
1.9404856e+01	1.2548659e-02
1.9426665e+01	1.1475566e-01
1.9448473e+01	1.3829304e-01
1.9470282e+01	-1.5429869e-01
1.9492091e+01	-5.3699760e-02
1.9513900e+01	-1.7666519e-01
1.9535709e+01	-2.4159536e-02
1.9557518e+01	1.7784846e-01
1.9579327e+01	9.3145768e-02
1.9601136e+01	2.4581899e-02
1.9622945e+01	-1.2887497e-01
1.9644754e+01	-1.5103431e-02
1.9666563e+01	3.0238642e-02
1.9688372e+01	4.0285333e-02
1.9710181e+01	1.9584624e-02
1.9731990e+01	-9.2615383e-02
1.9753799e+01	1.1273739e-01
1.9775608e+01	-7.8987059e-02
1.9797416e+01	-7.1623899e-02
1.9819225e+01	-4.3968741e-02
1.9841034e+01	-9.2653139e-02
1.9862843e+01	2.7108400e-02
1.9884652e+01	1.9424953e-01
1.9906461e+01	2.5697643e-01
1.9928270e+01	1.2295205e-01
1.9950079e+01	1.0792708e-01
1.9971888e+01	2.6622476e-01
1.9993697e+01	1.4399310e-01
2.0015506e+01	-2.2529725e-01
2.0037315e+01	-1.7074039e-01
2.0059124e+01	-1.9069526e-02
2.0080933e+01	1.9090420e-02
2.0102742e+01	-5.2073474e-03
2.0124551e+01	1.2188076e-01
2.0146359e+01	-1.5779333e-02
2.0168168e+01	-1.3411622e-01
2.0189977e+01	-1.4030403e-01
2.0211786e+01	4.1284547e-02
2.0233595e+01	-2.6538478e-02
2.0255404e+01	-3.7009887e-02
2.0277213e+01	9.6589558e-02
2.0299022e+01	2.0046515e-01
2.0320831e+01	7.7791946e-02
2.0342640e+01	8.8867017e-02
2.0364449e+01	2.1915302e-02
2.0386258e+01	-1.2966373e-01
2.0408067e+01	-1.6957297e-01
2.0429876e+01	4.9778700e-02
2.0451685e+01	9.5600789e-02
2.0473494e+01	2.4950996e-01
2.0495302e+01	4.7734376e-01
2.0517111e+01	4.8818672e-01
2.0538920e+01	4.9294567e-01
2.0560729e+01	5.2207896e-01
2.0582538e+01	2.6388986e-01
2.0604347e+01	-9.1310621e-02
2.0626156e+01	1.5361059e-02
2.0647965e+01	-3.2161136e-02
2.0669774e+01	8.2109577e-03
2.0691583e+01	-2.0682064e-02
2.0713392e+01	3.3338229e-02
2.0735201e+01	-5.4989887e-02
2.0757010e+01	3.0909255e-02
2.0778819e+01	6.0797800e-02
2.0800628e+01	-2.2566399e-02
2.0822437e+01	-1.0520464e-02
2.0844245e+01	6.4138120e-02
2.0866054e+01	-1.0279283e-01
2.0887863e+01	-1.1011556e-01
2.0909672e+01	-1.0326083e-02
2.0931481e+01	9.8921893e-02
2.0953290e+01	3.3473349e-01
2.0975099e+01	5.8361056e-01
2.0996908e+01	1.1744457e+00
2.1018717e+01	1.8800281e+00
2.1040526e+01	2.4616082e+00
2.1062335e+01	2.6861313e+00
2.1084144e+01	2.1883486e+00
2.1105953e+01	1.6061416e+00
2.1127762e+01	1.7018025e+00
2.1149571e+01	2.0564977e+00
2.1171380e+01	3.0297505e+00
2.1193188e+01	4.6694701e+00
2.1214997e+01	6.5844840e+00
2.1236806e+01	8.0903964e+00
2.1258615e+01	8.9818447e+00
2.1280424e+01	9.2196441e+00
2.1302233e+01	8.7293010e+00
2.1324042e+01	7.4489057e+00
2.1345851e+01	5.6505926e+00
2.1367660e+01	3.8794469e+00
2.1389469e+01	2.2043720e+00
2.1411278e+01	8.1292214e-01
2.1433087e+01	2.1973572e-01
2.1454896e+01	-1.3639798e-01
2.1476705e+01	4.1283270e-02
2.1498514e+01	1.2898017e-01
2.1520323e+01	4.1928462e-01
2.1542132e+01	7.3777843e-01
2.1563940e+01	9.1711586e-01
2.1585749e+01	9.3793316e-01
2.1607558e+01	7.7737057e-01
2.1629367e+01	5.8952135e-01
2.1651176e+01	6.4565075e-01
2.1672985e+01	3.2164826e-02
2.1694794e+01	-1.6029940e-01
2.1716603e+01	1.3296290e-02
2.1738412e+01	-3.8759653e-02
2.1760221e+01	3.0640035e-02
2.1782030e+01	2.7752003e-02
2.1803839e+01	-9.8567483e-02
2.1825648e+01	2.3537048e-02
2.1847457e+01	5.9835406e-02
2.1869266e+01	4.0297277e-02
2.1891075e+01	-3.1456430e-02
2.1912883e+01	-6.3194077e-02
2.1934692e+01	5.6497914e-02
2.1956501e+01	7.9176128e-02
2.1978310e+01	-3.7648125e-02
2.2000119e+01	-8.7508247e-02
2.2021928e+01	-4.2913046e-03
2.2043737e+01	8.8952273e-02
2.2065546e+01	-1.0850109e-01
2.2087355e+01	3.2612976e-02
2.2109164e+01	1.4649435e-01
2.2130973e+01	-4.1786720e-02
2.2152782e+01	8.6545256e-02
2.2174591e+01	6.2990082e-02
2.2196400e+01	-1.3108461e-01
2.2218209e+01	-2.0272615e-01
2.2240018e+01	-2.0361513e-02
2.2261826e+01	1.6354686e-01
2.2283635e+01	1.7429680e-02
2.2305444e+01	-7.9476885e-02
2.2327253e+01	8.7026838e-02
2.2349062e+01	1.8954940e-01
2.2370871e+01	-6.9466400e-04
2.2392680e+01	-1.0198519e-01
2.2414489e+01	-2.9576878e-02
2.2436298e+01	2.4912838e-02
2.2458107e+01	-1.0683180e-02
2.2479916e+01	-7.4210802e-02
2.2501725e+01	-2.2663183e-02
2.2523534e+01	3.1583829e-02
2.2545343e+01	1.4363325e-01
2.2567152e+01	8.2634985e-03
2.2588961e+01	-3.4191103e-02
2.2610769e+01	9.7468867e-02
2.2632578e+01	6.4903921e-02
2.2654387e+01	-5.7510708e-02
2.2676196e+01	-1.3925955e-01
2.2698005e+01	-3.8740611e-02
2.2719814e+01	-5.5339014e-02
2.2741623e+01	1.3390876e-02
2.2763432e+01	6.7908811e-02
2.2785241e+01	9.5984200e-02
2.2807050e+01	-3.4550131e-03
2.2828859e+01	-2.0396414e-01
2.2850668e+01	4.8443499e-02
2.2872477e+01	6.1065399e-02
2.2894286e+01	5.4080983e-02
2.2916095e+01	1.0908002e-01
2.2937904e+01	-7.4982191e-02
2.2959712e+01	-9.9855032e-02
2.2981521e+01	1.7878149e-02
2.3003330e+01	-1.9727361e-03
2.3025139e+01	8.6895848e-02
2.3046948e+01	-7.1803900e-02
2.3068757e+01	4.1888258e-02
2.3090566e+01	-1.6656378e-02
2.3112375e+01	1.5787820e-02
2.3134184e+01	-9.3198143e-03
2.3155993e+01	7.3655085e-02
2.3177802e+01	2.9353192e-02
2.3199611e+01	2.7750526e-03
2.3221420e+01	8.1791413e-02
2.3243229e+01	-8.9218332e-02
2.3265038e+01	-9.3810446e-02
2.3286847e+01	-9.9589542e-02
2.3308655e+01	-6.2465490e-02
2.3330464e+01	-3.0173743e-02
2.3352273e+01	1.2564958e-02
2.3374082e+01	1.9391506e-01
2.3395891e+01	1.1568211e-01
2.3417700e+01	-1.4412135e-02
2.3439509e+01	-1.5112197e-01
2.3461318e+01	-9.5788782e-02
2.3483127e+01	1.2604540e-01
2.3504936e+01	6.2284422e-01
2.3526745e+01	9.7137999e-01
2.3548554e+01	8.4300695e-01
2.3570363e+01	4.2161834e-01
2.3592172e+01	5.2646404e-02
2.3613981e+01	1.2734578e-03
2.3635790e+01	4.6278206e-02
2.3657599e+01	8.3612497e-01
2.3679407e+01	1.8217951e+00
2.3701216e+01	3.5224058e+00
2.3723025e+01	4.9394744e+00
2.3744834e+01	6.2000353e+00
2.3766643e+01	7.3626068e+00
2.3788452e+01	8.9998981e+00
2.3810261e+01	9.7946815e+00
2.3832070e+01	9.7389775e+00
2.3853879e+01	8.7750722e+00
2.3875688e+01	7.2046760e+00
2.3897497e+01	5.5312312e+00
2.3919306e+01	4.2114461e+00
2.3941115e+01	2.7025281e+00
2.3962924e+01	1.6153303e+00
2.3984733e+01	9.3867719e-01
2.4006542e+01	5.9214199e-01
2.4028350e+01	2.5321704e-01
2.4050159e+01	3.7653457e-02
2.4071968e+01	-7.9801070e-02
2.4093777e+01	8.1614007e-02
2.4115586e+01	-8.4026075e-02
2.4137395e+01	-1.3082328e-01
2.4159204e+01	7.7287968e-02
2.4181013e+01	9.9936909e-02
2.4202822e+01	1.0374537e-02
2.4224631e+01	-1.9344904e-02
2.4246440e+01	-1.7001227e-01
2.4268249e+01	-8.8315124e-02
2.4290058e+01	-3.3454008e-02
2.4311867e+01	-2.2518920e-02
2.4333676e+01	9.7726667e-02
2.4355485e+01	8.7988335e-02
2.4377293e+01	2.7069794e-02
2.4399102e+01	6.0704225e-02
2.4420911e+01	2.3686616e-02
2.4442720e+01	-9.3737003e-02
2.4464529e+01	-1.8415769e-01
2.4486338e+01	3.9454807e-02
2.4508147e+01	8.1204279e-02
2.4529956e+01	1.5960101e-01
2.4551765e+01	1.9460191e-01
2.4573574e+01	3.8005534e-01
2.4595383e+01	5.2652467e-01
2.4617192e+01	8.2027473e-01
2.4639001e+01	9.1761019e-01
2.4660810e+01	1.5343069e-01
2.4682619e+01	-5.7950103e-02
2.4704428e+01	1.2514353e-02
2.4726236e+01	-1.7019624e-01
2.4748045e+01	-1.0104339e-01
2.4769854e+01	-1.9681448e-02
2.4791663e+01	4.3048116e-02
2.4813472e+01	1.5405934e-01
2.4835281e+01	-1.1655961e-03
2.4857090e+01	-2.4770271e-01
2.4878899e+01	-8.9626250e-02
2.4900708e+01	1.2351131e-01
2.4922517e+01	1.2014472e-01
2.4944326e+01	2.5365844e-02
2.4966135e+01	4.6914729e-02
2.4987944e+01	1.7033677e-02
2.5009753e+01	-1.1532591e-01
2.5031562e+01	3.6540333e-03
2.5053371e+01	-3.8795407e-02
2.5075179e+01	1.6179262e-02
2.5096988e+01	-1.0054888e-01
2.5118797e+01	9.0802672e-03
2.5140606e+01	1.2432119e-03
2.5162415e+01	1.0287385e-02
2.5184224e+01	1.1908584e-01
2.5206033e+01	1.3955745e-01
2.5227842e+01	-7.4753250e-02
2.5249651e+01	-2.6482876e-02
2.5271460e+01	4.4427331e-02
2.5293269e+01	-1.0494970e-01
2.5315078e+01	8.8679756e-02
2.5336887e+01	8.1233542e-02
2.5358696e+01	-4.6431218e-02
2.5380505e+01	5.1343774e-03
2.5402314e+01	2.7633708e-03
2.5424123e+01	-7.8301039e-02
2.5445931e+01	-3.1666612e-02
2.5467740e+01	-6.0039436e-02
2.5489549e+01	2.4991349e-02
2.5511358e+01	4.2073432e-02
2.5533167e+01	1.9031617e-01
2.5554976e+01	1.0154145e-02
2.5576785e+01	1.8450976e-03
2.5598594e+01	-7.0132008e-02
2.5620403e+01	-4.4758612e-02
2.5642212e+01	-1.1028683e-01
2.5664021e+01	-2.4084145e-03
2.5685830e+01	-5.5400060e-02
2.5707639e+01	-7.3706308e-02
2.5729448e+01	6.6803458e-02
2.5751257e+01	1.2053434e-01
2.5773066e+01	6.7316491e-02
2.5794874e+01	2.7274240e-01
2.5816683e+01	2.0112809e-01
2.5838492e+01	-4.4339654e-02
2.5860301e+01	-1.7950571e-01
2.5882110e+01	-1.5584521e-02
2.5903919e+01	9.3841949e-02
2.5925728e+01	4.4712973e-01
2.5947537e+01	7.2110657e-01
2.5969346e+01	1.2216681e+00
2.5991155e+01	1.6938488e+00
2.6012964e+01	2.1132815e+00
2.6034773e+01	2.4512886e+00
2.6056582e+01	2.8435277e+00
2.6078391e+01	2.5836645e+00
2.6100200e+01	2.4861416e+00
2.6122009e+01	2.3023965e+00
2.6143817e+01	1.5878419e+00
2.6165626e+01	1.1399833e+00
2.6187435e+01	7.7230439e-01
2.6209244e+01	3.7716273e-01
2.6231053e+01	4.0373792e-01
2.6252862e+01	1.7588890e-01
2.6274671e+01	4.3992692e-02
2.6296480e+01	-3.4798273e-02
2.6318289e+01	-2.1513347e-01
2.6340098e+01	-8.4445044e-02
2.6361907e+01	-7.2902033e-02
2.6383716e+01	3.4052032e-02
2.6405525e+01	1.3046330e-01
2.6427334e+01	6.7082700e-02
2.6449143e+01	-1.6970436e-02
2.6470952e+01	7.6541285e-02
2.6492760e+01	3.4103431e-02
2.6514569e+01	-2.4783208e-01
2.6536378e+01	-5.5805206e-02
2.6558187e+01	-3.0171873e-02
2.6579996e+01	7.3705676e-02
2.6601805e+01	7.1982314e-02
2.6623614e+01	9.0453167e-02
2.6645423e+01	1.2790549e-01
2.6667232e+01	1.6363566e-01
2.6689041e+01	3.0270309e-01
2.6710850e+01	2.1661153e-01
2.6732659e+01	-9.4981344e-02
2.6754468e+01	-5.5298226e-02
2.6776277e+01	-1.6589704e-01
2.6798086e+01	-1.9413094e-01
2.6819895e+01	-1.3665823e-01
2.6841703e+01	6.7120770e-02
2.6863512e+01	3.2017594e-01
2.6885321e+01	4.4314294e-01
2.6907130e+01	3.1425146e-01
2.6928939e+01	2.1783563e-01
2.6950748e+01	1.0154610e-01
2.6972557e+01	-1.6096382e-02
2.6994366e+01	9.5920227e-02
2.7016175e+01	1.2043800e-01
2.7037984e+01	2.2995588e-03
2.7059793e+01	2.8296303e-02
2.7081602e+01	-1.4827490e-01
2.7103411e+01	9.7209958e-03
2.7125220e+01	-1.6136054e-01
2.7147029e+01	3.1793592e-02
2.7168838e+01	1.3706511e-01
2.7190646e+01	-1.0824381e-01
2.7212455e+01	-8.9262137e-02
2.7234264e+01	1.7169093e-02
2.7256073e+01	1.4837948e-02
2.7277882e+01	4.2424660e-02
2.7299691e+01	9.2701045e-02
2.7321500e+01	3.8363591e-02
2.7343309e+01	-3.7858117e-02
2.7365118e+01	-2.3499025e-02
2.7386927e+01	-9.6897743e-02
2.7408736e+01	-2.5046159e-02
2.7430545e+01	-5.4261489e-02
2.7452354e+01	8.6557335e-02
2.7474163e+01	5.3247574e-02
2.7495972e+01	6.4715963e-02
2.7517781e+01	6.2014975e-02
2.7539590e+01	-5.5882614e-02
2.7561398e+01	-5.2216440e-02
2.7583207e+01	-8.2266898e-02
2.7605016e+01	5.1636329e-03
2.7626825e+01	-1.0704334e-02
2.7648634e+01	-4.2028099e-02
2.7670443e+01	4.6535456e-02
2.7692252e+01	2.5152380e-01
2.7714061e+01	3.9923693e-01
2.7735870e+01	6.5397835e-01
2.7757679e+01	7.2554840e-01
2.7779488e+01	9.0209340e-01
2.7801297e+01	6.6307269e-01
2.7823106e+01	4.6207259e-01
2.7844915e+01	3.1115838e-01
2.7866724e+01	1.4600407e-01
2.7888533e+01	5.1602737e-04
2.7910341e+01	8.5917730e-02
2.7932150e+01	-5.0742520e-02
2.7953959e+01	-2.6648283e-02
2.7975768e+01	-8.9121242e-02
2.7997577e+01	-7.7773990e-03
2.8019386e+01	-4.2456346e-02
2.8041195e+01	-8.8066736e-02
2.8063004e+01	3.0959402e-02
2.8084813e+01	-1.6742702e-02
2.8106622e+01	-4.1109772e-02
2.8128431e+01	9.9444052e-02
2.8150240e+01	-4.2258634e-02
2.8172049e+01	-1.5106369e-01
2.8193858e+01	1.9943505e-01
2.8215667e+01	2.6702714e-01
2.8237476e+01	1.6564758e-01
2.8259284e+01	7.8906048e-02
2.8281093e+01	-8.3563251e-02
2.8302902e+01	2.6368610e-02
2.8324711e+01	2.6221668e-02
2.8346520e+01	-1.2424101e-01
2.8368329e+01	-1.6255148e-01
2.8390138e+01	-9.3098541e-02
2.8411947e+01	1.2333131e-01
2.8433756e+01	3.9874605e-02
2.8455565e+01	8.4361228e-02
2.8477374e+01	3.1600673e-01
2.8499183e+01	5.3967097e-01
2.8520992e+01	7.3713469e-01
2.8542801e+01	7.7962981e-01
2.8564610e+01	9.2503727e-01
2.8586419e+01	5.8626498e-01
2.8608227e+01	4.9517689e-01
2.8630036e+01	4.3265270e-01
2.8651845e+01	1.8763031e-01
2.8673654e+01	1.1550579e-01
2.8695463e+01	3.7694364e-02
2.8717272e+01	-7.4234334e-02
2.8739081e+01	-2.0178912e-01
2.8760890e+01	-4.6754711e-02
2.8782699e+01	-6.8354558e-02
2.8804508e+01	3.2343821e-02
2.8826317e+01	1.0288797e-01
2.8848126e+01	1.3340168e-01
2.8869935e+01	-1.4034346e-01
2.8891744e+01	-6.8290781e-02
2.8913553e+01	9.2071420e-02
2.8935362e+01	-4.5665221e-02
2.8957170e+01	-4.9611968e-02
2.8978979e+01	1.8634521e-02
2.9000788e+01	-1.0682923e-01
2.9022597e+01	8.9553811e-02
2.9044406e+01	2.0407746e-01
2.9066215e+01	1.1777705e-01
2.9088024e+01	-3.8976400e-02
2.9109833e+01	-1.3711308e-01
2.9131642e+01	-3.0385538e-03
2.9153451e+01	5.5188948e-02
2.9175260e+01	4.3976338e-02
2.9197069e+01	-9.5530930e-03
2.9218878e+01	-8.8570426e-02
2.9240687e+01	-4.7866665e-02
2.9262496e+01	-6.1612765e-02
2.9284305e+01	3.2247314e-02
2.9306113e+01	7.9850900e-02
2.9327922e+01	-4.5956229e-02
2.9349731e+01	1.5399980e-01
2.9371540e+01	9.4136145e-02
2.9393349e+01	4.5267224e-02
2.9415158e+01	-9.9315640e-02
2.9436967e+01	-2.7941921e-02
2.9458776e+01	-2.2827813e-02
2.9480585e+01	7.8170287e-02
2.9502394e+01	2.0548335e-02
2.9524203e+01	-1.4600977e-01
2.9546012e+01	-2.2458131e-02
2.9567821e+01	1.7297064e-02
2.9589630e+01	4.5463655e-02
2.9611439e+01	-8.5335600e-02
2.9633248e+01	-5.9748185e-02
2.9655057e+01	-6.2735380e-02
2.9676865e+01	-4.5610343e-02
2.9698674e+01	4.5464477e-02
2.9720483e+01	1.4790941e-01
2.9742292e+01	4.5834948e-01
2.9764101e+01	5.2542382e-01
2.9785910e+01	6.1389538e-01
2.9807719e+01	3.9306588e-01
2.9829528e+01	1.4263498e-01
2.9851337e+01	-9.4956612e-02
2.9873146e+01	-1.0653612e-02
2.9894955e+01	2.8817124e-01
2.9916764e+01	3.8633796e-01
2.9938573e+01	8.4500331e-01
2.9960382e+01	1.6559094e+00
2.9982191e+01	2.4624514e+00
3.0004000e+01	3.6413754e+00
3.0025808e+01	4.4869605e+00
3.0047617e+01	5.4238809e+00
3.0069426e+01	6.1740486e+00
3.0091235e+01	6.9705629e+00
3.0113044e+01	7.2561218e+00
3.0134853e+01	6.9371475e+00
3.0156662e+01	5.9085950e+00
3.0178471e+01	4.5752206e+00
3.0200280e+01	3.3160643e+00
3.0222089e+01	2.0278553e+00
3.0243898e+01	1.0491276e+00
3.0265707e+01	6.7235649e-01
3.0287516e+01	1.3789801e-01
3.0309325e+01	2.9892765e-03
3.0331134e+01	7.1559720e-02
3.0352943e+01	5.2123280e-02
3.0374751e+01	4.7793710e-03
3.0396560e+01	-2.3922714e-01
3.0418369e+01	-7.7383417e-02
3.0440178e+01	-1.1266240e-01
3.0461987e+01	-4.7704930e-02
3.0483796e+01	1.1000736e-01
3.0505605e+01	2.3176444e-01
3.0527414e+01	9.7471425e-02
3.0549223e+01	9.4547808e-02
3.0571032e+01	-9.5743162e-02
3.0592841e+01	-9.7599574e-02
3.0614650e+01	-1.1164134e-01
3.0636459e+01	-3.2326287e-02
3.0658268e+01	-1.6629107e-01
3.0680077e+01	4.9735600e-02
3.0701886e+01	1.2318300e-01
3.0723694e+01	4.5900007e-02
3.0745503e+01	8.8601424e-02
3.0767312e+01	1.2423446e-01
3.0789121e+01	9.7768008e-02
3.0810930e+01	1.1623383e-01
3.0832739e+01	3.6210577e-02
3.0854548e+01	-1.6761147e-01
3.0876357e+01	-1.8123653e-01
3.0898166e+01	5.7506184e-02
3.0919975e+01	-3.2813526e-03
3.0941784e+01	2.7008736e-02
3.0963593e+01	1.2530556e-02
3.0985402e+01	-4.0774963e-02
3.1007211e+01	-2.0690645e-02
3.1029020e+01	5.6323257e-02
3.1050829e+01	7.4766221e-03
3.1072637e+01	-8.0179253e-02
3.1094446e+01	-2.3018176e-03
3.1116255e+01	-4.7428229e-02
3.1138064e+01	-4.3099026e-02
3.1159873e+01	2.5823633e-02
3.1181682e+01	6.0276640e-02
3.1203491e+01	1.3548497e-01
3.1225300e+01	-5.9047483e-02
3.1247109e+01	-8.6250991e-02
3.1268918e+01	8.7544941e-02
3.1290727e+01	-1.8544472e-02
3.1312536e+01	-4.1949274e-03
3.1334345e+01	6.4661494e-02
3.1356154e+01	2.3487356e-02
3.1377963e+01	2.2929285e-02
3.1399772e+01	6.7784311e-03
3.1421580e+01	-2.6718503e-01
3.1443389e+01	-7.7649458e-02
3.1465198e+01	5.5090967e-02
3.1487007e+01	3.6301005e-02
3.1508816e+01	3.5028968e-02
3.1530625e+01	2.2066768e-01
3.1552434e+01	5.7362246e-01
3.1574243e+01	7.2271092e-01
3.1596052e+01	7.6850934e-01
3.1617861e+01	5.5259002e-01
3.1639670e+01	2.6105624e-01
3.1661479e+01	-9.7677255e-02
3.1683288e+01	-1.9371969e-03
3.1705097e+01	-3.9445662e-02
3.1726906e+01	9.2192756e-02
3.1748715e+01	5.6103372e-01
3.1770524e+01	1.1655393e+00
3.1792332e+01	2.0628681e+00
3.1814141e+01	3.0123168e+00
3.1835950e+01	3.9422850e+00
3.1857759e+01	4.8538422e+00
3.1879568e+01	5.6447963e+00
3.1901377e+01	6.3762687e+00
3.1923186e+01	6.8125872e+00
3.1944995e+01	7.0561402e+00
3.1966804e+01	6.8566066e+00
3.1988613e+01	5.9687249e+00
3.2010422e+01	4.6285216e+00
3.2032231e+01	3.4078786e+00
3.2054040e+01	2.3014733e+00
3.2075849e+01	1.4470635e+00
3.2097658e+01	6.9144664e-01
3.2119467e+01	4.0456151e-01
3.2141275e+01	1.7192568e-01
3.2163084e+01	1.6794969e-01
3.2184893e+01	-6.7243202e-02
3.2206702e+01	-1.4954190e-01
3.2228511e+01	-1.1245529e-01
3.2250320e+01	-2.8925890e-03
3.2272129e+01	7.0168284e-02
3.2293938e+01	7.6771716e-02
3.2315747e+01	-1.8884809e-02
3.2337556e+01	-6.7749740e-02
3.2359365e+01	-3.7285565e-02
3.2381174e+01	-1.0725188e-01
3.2402983e+01	3.9711966e-02
3.2424792e+01	3.2844488e-02
3.2446601e+01	9.6779212e-02
3.2468410e+01	-1.2384363e-01
3.2490218e+01	-3.7186652e-02
3.2512027e+01	8.8004484e-02
3.2533836e+01	4.6540841e-03
3.2555645e+01	-3.7175572e-02
3.2577454e+01	2.2880928e-02
3.2599263e+01	5.0462582e-02
3.2621072e+01	1.3671301e-01
3.2642881e+01	6.4848655e-02
3.2664690e+01	3.2478340e-02
3.2686499e+01	-9.9345074e-02
3.2708308e+01	-8.6061914e-02
3.2730117e+01	-4.1036249e-02
3.2751926e+01	-7.3884727e-02
3.2773735e+01	6.5635286e-02
3.2795544e+01	-5.1996139e-02
3.2817353e+01	3.0159729e-02
3.2839161e+01	1.4334829e-01
3.2860970e+01	8.7979449e-02
3.2882779e+01	-1.7587158e-01
3.2904588e+01	-7.6839865e-02
3.2926397e+01	3.6003901e-02
3.2948206e+01	5.4956963e-02
3.2970015e+01	5.3663905e-02
3.2991824e+01	2.6455256e-02
3.3013633e+01	-6.0702316e-02
3.3035442e+01	-4.1003985e-02
3.3057251e+01	-4.2769921e-03
3.3079060e+01	7.4820628e-02
3.3100869e+01	-1.2425878e-01
3.3122678e+01	-1.8365025e-02
3.3144487e+01	3.2888910e-02
3.3166296e+01	2.7271676e-02
3.3188104e+01	6.3214168e-02
3.3209913e+01	-2.7594607e-02
3.3231722e+01	2.7944154e-02
3.3253531e+01	3.7495477e-02
3.3275340e+01	9.5152291e-03
3.3297149e+01	-4.1646167e-03
3.3318958e+01	1.2605382e-02
3.3340767e+01	1.2752230e-01
3.3362576e+01	4.8202979e-02
3.3384385e+01	-1.6357974e-01
3.3406194e+01	-1.2704618e-01
3.3428003e+01	1.7042947e-02
3.3449812e+01	-8.2370328e-02
3.3471621e+01	-1.1728063e-01
3.3493430e+01	-6.9236238e-02
3.3515239e+01	-3.7722391e-03
3.3537047e+01	1.6510730e-02
3.3558856e+01	-6.7181392e-02
3.3580665e+01	6.5534353e-02
3.3602474e+01	1.0602287e-01
3.3624283e+01	1.0134399e-01
3.3646092e+01	1.3480105e-01
3.3667901e+01	1.5881671e-01
3.3689710e+01	5.8797699e-02
3.3711519e+01	5.0939428e-02
3.3733328e+01	9.4722244e-02
3.3755137e+01	-7.2597320e-02
3.3776946e+01	-3.0610354e-02
3.3798755e+01	-7.5413438e-02
3.3820564e+01	-9.3214411e-02
3.3842373e+01	-1.3736771e-01
3.3864182e+01	-5.8292906e-02
3.3885991e+01	7.4472653e-03
3.3907799e+01	2.6008660e-02
3.3929608e+01	5.1695366e-02
3.3951417e+01	2.9081426e-02
3.3973226e+01	-1.3991648e-02
3.3995035e+01	1.8397846e-02
3.4016844e+01	-7.9759463e-02
3.4038653e+01	-1.0101957e-01
3.4060462e+01	1.3568812e-02
3.4082271e+01	3.0130769e-03
3.4104080e+01	3.4592351e-02
3.4125889e+01	6.4100494e-02
3.4147698e+01	5.1877316e-02
3.4169507e+01	1.5183279e-01
3.4191316e+01	5.0395392e-02
3.4213125e+01	-4.6639944e-02
3.4234934e+01	-6.9670291e-02
3.4256742e+01	-1.3257662e-01
3.4278551e+01	7.7130073e-03
3.4300360e+01	8.3755661e-02
3.4322169e+01	-1.5957213e-02
3.4343978e+01	-1.4210601e-01
3.4365787e+01	7.4926280e-02
3.4387596e+01	3.4495453e-02
3.4409405e+01	-1.0660205e-02
3.4431214e+01	3.0837485e-03
3.4453023e+01	-1.5066297e-02
3.4474832e+01	-3.3078570e-02
3.4496641e+01	1.2780543e-01
3.4518450e+01	5.9807216e-02
3.4540259e+01	5.0811942e-02
3.4562068e+01	-8.1183093e-02
3.4583877e+01	-1.1264622e-01
3.4605685e+01	-1.4820017e-02
3.4627494e+01	1.0726364e-01
3.4649303e+01	-2.3245606e-02
3.4671112e+01	-5.9707351e-02
3.4692921e+01	-6.1926915e-02
3.4714730e+01	6.5049143e-02
3.4736539e+01	4.2141020e-02
3.4758348e+01	-3.3167528e-02
3.4780157e+01	-3.7568742e-02
3.4801966e+01	2.6341159e-03
3.4823775e+01	1.7131947e-01
3.4845584e+01	2.0344094e-02
3.4867393e+01	-1.1406557e-01
3.4889202e+01	3.3071097e-04
3.4911011e+01	4.3617171e-02
3.4932820e+01	-8.6395821e-04
3.4954628e+01	-8.8002007e-02
3.4976437e+01	-2.3956550e-02
3.4998246e+01	6.8165938e-02
3.5020055e+01	6.1188952e-02
3.5041864e+01	3.8282633e-03
3.5063673e+01	3.3415982e-02
3.5085482e+01	-1.0525175e-02
3.5107291e+01	3.9123309e-03
3.5129100e+01	-7.4259511e-02
3.5150909e+01	-6.0225896e-02
3.5172718e+01	-6.9917093e-02
3.5194527e+01	-2.1919321e-02
3.5216336e+01	1.0621735e-01
3.5238145e+01	6.7289425e-03
3.5259954e+01	2.5080551e-02
3.5281763e+01	1.0538440e-01
3.5303571e+01	-1.8732562e-02
3.5325380e+01	-2.7481927e-04
3.5347189e+01	8.3720048e-02
3.5368998e+01	1.1730599e-02
3.5390807e+01	-1.2513234e-01
3.5412616e+01	-1.1510127e-02
3.5434425e+01	-2.3351164e-02
3.5456234e+01	5.2738400e-02
3.5478043e+01	-9.1475789e-02
3.5499852e+01	-6.9434715e-02
3.5521661e+01	-5.0764448e-02
3.5543470e+01	-6.2285991e-02
3.5565279e+01	1.3346261e-02
3.5587088e+01	1.2898164e-01
3.5608897e+01	3.8939631e-02
3.5630706e+01	6.4109220e-02
3.5652514e+01	9.0710879e-02
3.5674323e+01	3.2874959e-02
3.5696132e+01	3.3567154e-02
3.5717941e+01	-2.0940137e-02
3.5739750e+01	4.7553308e-02
3.5761559e+01	1.7861156e-02
3.5783368e+01	-3.6361779e-02
3.5805177e+01	-9.5310495e-02
3.5826986e+01	-2.8602536e-02
3.5848795e+01	1.9678308e-02
3.5870604e+01	6.4103064e-02
3.5892413e+01	1.3569363e-01
3.5914222e+01	5.3319784e-03
3.5936031e+01	-1.4054012e-01
3.5957840e+01	-2.8584132e-01
3.5979649e+01	-4.4746669e-01
3.6001458e+01	1.0340073e-01
3.6023266e+01	1.8061047e-01
3.6045075e+01	1.3030600e-01
3.6066884e+01	1.8561115e-01
3.6088693e+01	1.5444513e-01
3.6110502e+01	8.2628562e-02
3.6132311e+01	4.5641829e-02
3.6154120e+01	4.1636477e-02
3.6175929e+01	-6.8924054e-02
3.6197738e+01	6.1510288e-02
3.6219547e+01	5.3953603e-02
3.6241356e+01	2.3133913e-02
3.6263165e+01	-1.0143608e-01
3.6284974e+01	-1.7641943e-01
3.6306783e+01	-9.5002226e-02
3.6328592e+01	4.2669059e-02
3.6350401e+01	-1.1999457e-01
3.6372209e+01	-4.6073494e-02
3.6394018e+01	4.2591597e-02
3.6415827e+01	4.3343209e-02
3.6437636e+01	1.0425504e-01
3.6459445e+01	1.6827823e-01
3.6481254e+01	9.7447695e-02
3.6503063e+01	-3.1692351e-02
3.6524872e+01	3.5406755e-02
3.6546681e+01	-5.6978515e-02
3.6568490e+01	-4.6586388e-03
3.6590299e+01	-1.3831731e-01
3.6612108e+01	-1.6544614e-01
3.6633917e+01	1.0434073e-01
3.6655726e+01	6.7184982e-02
3.6677535e+01	2.4526208e-01
3.6699344e+01	6.6152582e-01
3.6721152e+01	7.9553136e-01
3.6742961e+01	1.0579239e+00
3.6764770e+01	1.4895104e+00
3.6786579e+01	1.7712303e+00
3.6808388e+01	2.0754685e+00
3.6830197e+01	2.2922542e+00
3.6852006e+01	2.6219377e+00
3.6873815e+01	2.7456269e+00
3.6895624e+01	2.8963801e+00
3.6917433e+01	2.8578724e+00
3.6939242e+01	2.5808459e+00
3.6961051e+01	2.2926259e+00
3.6982860e+01	1.7977333e+00
3.7004669e+01	1.6178915e+00
3.7026478e+01	1.4635415e+00
3.7048287e+01	1.1667964e+00
3.7070095e+01	1.0369995e+00
3.7091904e+01	3.1958482e-01
3.7113713e+01	-1.1274245e-01
3.7135522e+01	1.6446957e-01
3.7157331e+01	8.9067317e-04
3.7179140e+01	-4.4197325e-02
3.7200949e+01	4.3441738e-02
3.7222758e+01	9.6674692e-02
3.7244567e+01	1.8345558e-01
3.7266376e+01	-1.2670334e-01
3.7288185e+01	-1.3059067e-01
3.7309994e+01	-1.3801575e-01
3.7331803e+01	-8.1685001e-02
3.7353612e+01	-7.1740554e-04
3.7375421e+01	-7.5154702e-03
3.7397230e+01	1.0008918e-01
3.7419038e+01	-2.2778858e-02
3.7440847e+01	1.4801175e-01
3.7462656e+01	7.5309105e-01
3.7484465e+01	1.1213017e+00
3.7506274e+01	8.3449340e-01
3.7528083e+01	2.1695677e-01
3.7549892e+01	9.5769476e-02
3.7571701e+01	-5.9344247e-02
3.7593510e+01	-1.2685715e-01
3.7615319e+01	-1.6263265e-03
3.7637128e+01	1.6185957e-01
3.7658937e+01	7.2288011e-02
3.7680746e+01	-1.6893857e-01
3.7702555e+01	-1.8449337e-01
3.7724364e+01	-5.1850313e-02
3.7746173e+01	-4.5958612e-02
3.7767981e+01	3.9044345e-02
3.7789790e+01	5.9462553e-02
3.7811599e+01	5.1782023e-02
3.7833408e+01	1.9901209e-01
3.7855217e+01	4.8217714e-02
3.7877026e+01	-2.3648606e-02
3.7898835e+01	-6.2402028e-02
3.7920644e+01	2.7441100e-01
3.7942453e+01	4.8222162e-01
3.7964262e+01	4.1676004e-01
3.7986071e+01	1.7413633e-01
3.8007880e+01	1.5288826e-01
3.8029689e+01	-8.4912322e-02
3.8051498e+01	-5.2767262e-02
3.8073307e+01	-8.2488297e-02
3.8095116e+01	-7.0128789e-02
3.8116925e+01	-8.2433822e-02
3.8138733e+01	2.7578773e-01
3.8160542e+01	6.7921245e-01
3.8182351e+01	5.6409236e-01
3.8204160e+01	9.6902846e-01
3.8225969e+01	1.4470754e+00
3.8247778e+01	1.6794537e+00
3.8269587e+01	2.1155220e+00
3.8291396e+01	2.3539509e+00
3.8313205e+01	2.6754571e+00
3.8335014e+01	2.9426031e+00
3.8356823e+01	3.1803706e+00
3.8378632e+01	3.0281831e+00
3.8400441e+01	2.7878582e+00
3.8422250e+01	2.5216527e+00
3.8444059e+01	2.2361270e+00
3.8465868e+01	1.6231538e+00
3.8487676e+01	1.0330047e+00
3.8509485e+01	5.0833834e-01
3.8531294e+01	1.9738426e-01
3.8553103e+01	1.3048015e-01
3.8574912e+01	1.4908707e-02
3.8596721e+01	2.6283741e-03
3.8618530e+01	-7.9449185e-02
3.8640339e+01	-7.6137742e-03
3.8662148e+01	-1.0241524e-01
3.8683957e+01	-1.2326496e-01
3.8705766e+01	-1.8514067e-01
3.8727575e+01	1.6490258e-01
3.8749384e+01	1.2519303e-01
3.8771193e+01	1.2803274e-01
3.8793002e+01	1.2367213e-01
3.8814811e+01	3.3555219e-02
3.8836619e+01	-7.7129760e-02
3.8858428e+01	-1.1810933e-01
3.8880237e+01	-2.0395641e-01
3.8902046e+01	3.6036919e-02
3.8923855e+01	8.3195090e-02
3.8945664e+01	4.9294781e-02
3.8967473e+01	-3.7029746e-02
3.8989282e+01	1.0275821e-02
3.9011091e+01	2.9993516e-02
3.9032900e+01	2.5968556e-02
3.9054709e+01	8.0842165e-02
3.9076518e+01	-1.0351152e-02
3.9098327e+01	-9.8399865e-02
3.9120136e+01	-1.0598979e-01
3.9141945e+01	2.8994009e-02
3.9163754e+01	1.3940825e-01
3.9185562e+01	-3.5133254e-02
3.9207371e+01	-5.2128262e-02
3.9229180e+01	5.1841980e-02
3.9250989e+01	-1.2471970e-01
3.9272798e+01	5.5740182e-02
3.9294607e+01	1.0180932e-01
3.9316416e+01	-5.8989199e-02
3.9338225e+01	-3.0364474e-03
3.9360034e+01	8.5744316e-02
3.9381843e+01	9.3162910e-02
3.9403652e+01	2.7649369e-01
3.9425461e+01	6.8557151e-02
3.9447270e+01	-1.7251196e-01
3.9469079e+01	-4.3637205e-02
3.9490888e+01	1.1285822e-01
3.9512697e+01	-1.5520688e-01
3.9534505e+01	-1.2843810e-01
3.9556314e+01	-3.7178505e-02
3.9578123e+01	-1.7940904e-01
3.9599932e+01	4.8320026e-02
3.9621741e+01	2.8172712e-02
3.9643550e+01	7.2426015e-02
3.9665359e+01	1.6504622e-01
3.9687168e+01	1.3026358e-01
3.9708977e+01	6.0748644e-01
3.9730786e+01	6.6910852e-01
3.9752595e+01	8.9611045e-01
3.9774404e+01	1.0202798e+00
3.9796213e+01	1.3810933e+00
3.9818022e+01	1.6324303e+00
3.9839831e+01	1.5638856e+00
3.9861640e+01	1.3303078e+00
3.9883449e+01	1.1858284e+00
3.9905257e+01	1.0362031e+00
3.9927066e+01	7.1254538e-01
3.9948875e+01	1.8020193e-01
3.9970684e+01	8.7434319e-02
3.9992493e+01	-2.4985578e-02
4.0014302e+01	1.6043537e-02
4.0036111e+01	-1.3601377e-01
4.0057920e+01	-8.5594400e-02
4.0079729e+01	3.1278441e-02
4.0101538e+01	-2.2002863e-01
4.0123347e+01	-1.4244495e-02
4.0145156e+01	2.6622337e-03
4.0166965e+01	4.0478297e-02
4.0188774e+01	7.3215839e-02
4.0210583e+01	1.4815677e-01
4.0232392e+01	-1.0618816e-01
4.0254200e+01	-2.6201967e-02
4.0276009e+01	1.3292173e-01
4.0297818e+01	4.6952115e-02
4.0319627e+01	-1.0552186e-01
4.0341436e+01	-1.8841337e-01
4.0363245e+01	1.5795959e-01
4.0385054e+01	3.8010544e-01
4.0406863e+01	3.2350980e-01
4.0428672e+01	1.8104490e-01
4.0450481e+01	-1.0618519e-01
4.0472290e+01	3.7703067e-02
4.0494099e+01	2.8485947e-01
4.0515908e+01	-4.8570925e-02
4.0537717e+01	6.9983524e-02
4.0559526e+01	1.9773892e-01
4.0581335e+01	-2.8104063e-01
4.0603143e+01	-1.6940089e-02
4.0624952e+01	4.7205956e-03
4.0646761e+01	4.4977647e-02
4.0668570e+01	8.5062059e-03
4.0690379e+01	1.3626112e-01
4.0712188e+01	2.3497826e-01
4.0733997e+01	1.6731806e-01
4.0755806e+01	-1.5635663e-01
4.0777615e+01	-1.1342902e-01
4.0799424e+01	-1.3012950e-01
4.0821233e+01	-1.1211868e-01
4.0843042e+01	9.7521360e-02
4.0864851e+01	1.2560566e-01
4.0886660e+01	-1.1085761e-01
4.0908469e+01	1.6927946e-01
4.0930278e+01	7.5798872e-02
4.0952086e+01	-4.5891032e-02
4.0973895e+01	-3.1036063e-02
4.0995704e+01	-2.8482902e-02
4.1017513e+01	-1.2382304e-02
4.1039322e+01	-5.3522194e-02
4.1061131e+01	5.0673816e-02
4.1082940e+01	1.6486666e-01
4.1104749e+01	3.1913017e-01
4.1126558e+01	-1.6867432e-01
4.1148367e+01	7.1809559e-02
4.1170176e+01	2.8102630e-02
4.1191985e+01	-7.5816652e-02
4.1213794e+01	-2.4492232e-02
4.1235603e+01	4.7353791e-02
4.1257412e+01	2.3833214e-01
4.1279221e+01	-5.4596774e-02
4.1301029e+01	5.4187098e-02
4.1322838e+01	1.1773318e-01
4.1344647e+01	-1.4267804e-01
4.1366456e+01	2.9997084e-01
4.1388265e+01	5.0097109e-02
4.1410074e+01	-5.4510828e-02
4.1431883e+01	4.3362136e-03
4.1453692e+01	2.6256926e-02
4.1475501e+01	-7.9827291e-02
4.1497310e+01	-3.0596306e-02
4.1519119e+01	1.3365257e-01
4.1540928e+01	-1.0470471e-01
4.1562737e+01	-1.4909713e-01
4.1584546e+01	-4.5596740e-02
4.1606355e+01	6.5509237e-02
4.1628164e+01	1.5474790e-01
4.1649972e+01	5.3785054e-02
4.1671781e+01	1.3287798e-01
4.1693590e+01	-1.2561488e-01
4.1715399e+01	-2.6839369e-01
4.1737208e+01	2.0331745e-01
4.1759017e+01	3.6313784e-01
4.1780826e+01	5.3601004e-02
4.1802635e+01	2.9799185e-01
4.1824444e+01	1.1920446e-01
4.1846253e+01	3.3826610e-01
4.1868062e+01	2.7687524e-01
4.1889871e+01	6.9905427e-02
4.1911680e+01	-5.5024334e-02
4.1933489e+01	1.3385742e-01
4.1955298e+01	9.4515793e-02
4.1977107e+01	-3.0694470e-02
4.1998916e+01	-4.7527009e-01
4.2020724e+01	-3.6132239e-02
4.2042533e+01	3.7905234e-02
4.2064342e+01	9.1372291e-02
4.2086151e+01	-6.5955519e-02
4.2107960e+01	1.3099261e-01
4.2129769e+01	5.4828559e-02
4.2151578e+01	1.5859108e-02
4.2173387e+01	2.1729116e-01
4.2195196e+01	2.8820027e-01
4.2217005e+01	-7.4306663e-02
4.2238814e+01	-1.2108323e-01
4.2260623e+01	-2.7195080e-03
4.2282432e+01	4.0023659e-03
4.2304241e+01	-1.7009621e-01
4.2326050e+01	2.0295798e-01
4.2347859e+01	5.2987397e-01
4.2369667e+01	7.1830618e-02
4.2391476e+01	5.7630475e-01
4.2413285e+01	1.0305061e+00
4.2435094e+01	1.2159402e+00
4.2456903e+01	1.3171546e+00
4.2478712e+01	1.8907797e+00
4.2500521e+01	1.9715140e+00
4.2522330e+01	2.4582561e+00
4.2544139e+01	2.6066113e+00
4.2565948e+01	2.7002083e+00
4.2587757e+01	2.9912356e+00
4.2609566e+01	2.6470125e+00
4.2631375e+01	2.5827536e+00
4.2653184e+01	2.3440065e+00
4.2674993e+01	2.0186475e+00
4.2696802e+01	1.4500383e+00
4.2718610e+01	1.4359912e+00
4.2740419e+01	8.8730481e-01
4.2762228e+01	9.1875162e-01
4.2784037e+01	9.5345811e-01
4.2805846e+01	5.2327778e-01
4.2827655e+01	4.7284912e-01
4.2849464e+01	9.6741371e-02
4.2871273e+01	5.4883861e-03
4.2893082e+01	5.6843328e-01
4.2914891e+01	-1.1606646e-01
4.2936700e+01	2.6515314e-02
4.2958509e+01	1.6863646e-01
4.2980318e+01	-1.1047199e-01
4.3002127e+01	3.0129804e-02
4.3023936e+01	-1.7144090e-02
4.3045745e+01	1.3110788e-01
4.3067553e+01	-5.0509777e-02
4.3089362e+01	-1.0360695e-01
4.3111171e+01	-1.2211741e-01
4.3132980e+01	1.0956840e-01
4.3154789e+01	-1.9703451e-01
4.3176598e+01	1.8624771e-01
4.3198407e+01	1.4206369e-01
4.3220216e+01	9.7324427e-02
4.3242025e+01	2.5413923e-01
4.3263834e+01	-2.7367270e-01
4.3285643e+01	-6.3622514e-02
4.3307452e+01	-9.0295925e-02
4.3329261e+01	1.2131564e-01
4.3351070e+01	3.5490831e-01
4.3372879e+01	5.0988538e-01
4.3394688e+01	2.9514107e-01
4.3416496e+01	1.5739175e-01
4.3438305e+01	1.4012706e-01
4.3460114e+01	2.3970455e-01
4.3481923e+01	3.8033965e-01
4.3503732e+01	-1.4856395e-01
4.3525541e+01	-1.3433295e-01
4.3547350e+01	-5.7424020e-02
4.3569159e+01	1.8396482e-01
4.3590968e+01	-1.0256779e-01
4.3612777e+01	5.0809039e-02
4.3634586e+01	5.5829491e-01
4.3656395e+01	9.6155389e-01
4.3678204e+01	1.2483456e+00
4.3700013e+01	1.6816296e+00
4.3721822e+01	2.3504515e+00
4.3743631e+01	3.0428490e+00
4.3765439e+01	3.6270936e+00
4.3787248e+01	4.1317829e+00
4.3809057e+01	4.5958466e+00
4.3830866e+01	5.1678662e+00
4.3852675e+01	6.0386723e+00
4.3874484e+01	6.1124386e+00
4.3896293e+01	5.8618216e+00
4.3918102e+01	5.3277830e+00
4.3939911e+01	4.8072254e+00
4.3961720e+01	3.8413904e+00
4.3983529e+01	2.6369805e+00
4.4005338e+01	1.5888743e+00
4.4027147e+01	1.1603236e+00
4.4048956e+01	4.6783383e-01
4.4070765e+01	1.0140765e-01
4.4092574e+01	4.3568482e-02
4.4114383e+01	1.0878425e-01
4.4136191e+01	5.8384905e-02
4.4158000e+01	7.0147934e-02
4.4179809e+01	-2.9277086e-01
4.4201618e+01	-1.9757792e-01
4.4223427e+01	1.2274935e-01
4.4245236e+01	3.9589432e-02
4.4267045e+01	-1.2476288e-01
4.4288854e+01	1.5635926e-01
4.4310663e+01	2.8405831e-01
4.4332472e+01	8.3542011e-03
4.4354281e+01	-1.5203409e-01
4.4376090e+01	-1.4021752e-01
4.4397899e+01	3.2847201e-03
4.4419708e+01	7.3628219e-02
4.4441517e+01	1.0513828e-01
4.4463326e+01	3.1656692e-01
4.4485134e+01	1.2536774e-01
4.4506943e+01	1.4994820e-02
4.4528752e+01	7.0075899e-02
4.4550561e+01	-4.0741491e-01
4.4572370e+01	1.9698966e-01
4.4594179e+01	1.2176138e-01
4.4615988e+01	8.7752121e-02
4.4637797e+01	-3.1135507e-02
4.4659606e+01	1.2903721e-01
4.4681415e+01	4.5271224e-01
4.4703224e+01	4.3021512e-01
4.4725033e+01	4.5302591e-01
4.4746842e+01	7.0308619e-02
4.4768651e+01	-3.1461730e-01
4.4790460e+01	-7.8961461e-02
4.4812269e+01	1.4780374e-01
4.4834077e+01	2.6120665e-01
4.4855886e+01	-3.4094819e-02
4.4877695e+01	-6.5567673e-02
4.4899504e+01	3.2663903e-01
4.4921313e+01	3.0308642e-01
4.4943122e+01	4.6539774e-01
4.4964931e+01	5.2059198e-02
4.4986740e+01	5.0610428e-01