Image file: \\Gfs05\g45\SAXS\2020_12\HDF5\2020-12.10_Kevin_day2_SN\2020-12-10_Max_Cu123_SN_000017_data_000031.h5
ImageIntegration1d_chi_output; Output_Directory= \\Gfs05\g45\SAXS\2020_12\Processed\2020-12-09_Kevin_day1_SN\Chi-Sample-7
Profile = Radial, StartAzimuth = 0.0, EndAzimuth = 360.0, Sam_Det_distance = 250.818474293, InnerRadius = 15.0, OuterRadius = 2400.0, Lambda = 30, Ratio = 0.001, Itermax = 100
2400
2.0013229e+00	-1.2968366e-01
2.0231319e+00	1.2467356e-01
2.0449408e+00	-8.1276113e-03
2.0667497e+00	-3.5428818e-02
2.0885587e+00	1.1838492e-01
2.1103676e+00	8.4949876e-02
2.1321765e+00	3.4305452e-01
2.1539855e+00	1.5705764e-01
2.1757944e+00	-3.1526627e-01
2.1976034e+00	-4.7365688e-02
2.2194123e+00	-3.1587236e-02
2.2412212e+00	1.2600569e-01
2.2630302e+00	-1.5214804e-01
2.2848391e+00	-8.4459549e-02
2.3066480e+00	2.0375653e-01
2.3284570e+00	5.9060453e-02
2.3502659e+00	1.1355351e-01
2.3720749e+00	-1.0342276e-01
2.3938838e+00	-2.5951132e-01
2.4156927e+00	1.6919000e-01
2.4375017e+00	6.4504711e-02
2.4593106e+00	1.0341402e-02
2.4811196e+00	1.8065712e-01
2.5029285e+00	-1.4092016e-01
2.5247374e+00	4.4429745e-02
2.5465464e+00	-1.6130782e-01
2.5683553e+00	1.3193560e-01
2.5901642e+00	3.7001027e-01
2.6119732e+00	1.4366210e-01
2.6337821e+00	7.3897072e-02
2.6555911e+00	-1.5312691e-01
2.6774000e+00	-7.8578224e-02
2.6992089e+00	-8.1888155e-02
2.7210179e+00	1.2836784e-01
2.7428268e+00	4.2631456e-02
2.7646358e+00	3.1639122e-02
2.7864447e+00	-1.3736331e-01
2.8082536e+00	-8.5546035e-02
2.8300626e+00	6.1683360e-02
2.8518715e+00	-3.8758886e-04
2.8736804e+00	9.1371667e-03
2.8954894e+00	-3.2709424e-02
2.9172983e+00	-7.5227419e-02
2.9391073e+00	3.9148781e-02
2.9609162e+00	2.6107088e-01
2.9827251e+00	1.0636903e-01
3.0045341e+00	1.2839411e-01
3.0263430e+00	1.5624543e-02
3.0481519e+00	-1.0643826e-01
3.0699609e+00	-1.6385530e-02
3.0917698e+00	-1.3377787e-01
3.1135788e+00	2.0694810e-02
3.1353877e+00	1.2641267e-01
3.1571966e+00	-9.9517210e-02
3.1790056e+00	-1.7748601e-01
3.2008145e+00	2.8903599e-01
3.2226235e+00	3.1937065e-01
3.2444324e+00	1.3981082e-01
3.2662413e+00	-2.1023293e-01
3.2880503e+00	1.6617146e-02
3.3098592e+00	2.6553752e-01
3.3316681e+00	3.9051802e-01
3.3534771e+00	1.4674513e-01
3.3752860e+00	4.7140585e-02
3.3970950e+00	3.4361597e-01
3.4189039e+00	-8.0488386e-02
3.4407128e+00	1.0591378e-01
3.4625218e+00	-1.6596782e-02
3.4843307e+00	-3.5801003e-01
3.5061396e+00	-3.3202284e-03
3.5279486e+00	1.2690903e-01
3.5497575e+00	-1.4157433e-01
3.5715665e+00	1.1959897e-01
3.5933754e+00	4.2985816e-01
3.6151843e+00	2.9608796e-01
3.6369933e+00	9.6416051e-02
3.6588022e+00	-1.5317059e-02
3.6806112e+00	4.4697175e-01
3.7024201e+00	1.3242768e-01
3.7242290e+00	-1.0839657e-01
3.7460380e+00	-1.8434560e-01
3.7678469e+00	2.1894691e-01
3.7896558e+00	-2.7706888e-02
3.8114648e+00	3.1307302e-02
3.8332737e+00	1.2124572e-01
3.8550827e+00	-1.0060844e-01
3.8768916e+00	-5.5598350e-02
3.8987005e+00	-1.3613585e-01
3.9205095e+00	1.6523387e-01
3.9423184e+00	2.4894732e-01
3.9641273e+00	-8.1695360e-02
3.9859363e+00	-1.6785745e-01
4.0077452e+00	-7.4515481e-02
4.0295542e+00	-2.0118839e-02
4.0513631e+00	1.4914747e-01
4.0731720e+00	1.7243848e-01
4.0949810e+00	1.0322484e-01
4.1167899e+00	-1.4726639e-01
4.1385989e+00	-1.2184725e-01
4.1604078e+00	2.4816000e-01
4.1822167e+00	3.7278449e-02
4.2040257e+00	7.0099507e-02
4.2258346e+00	-5.3724111e-02
4.2476435e+00	3.5096889e-02
4.2694525e+00	9.5611988e-02
4.2912614e+00	-6.6503864e-02
4.3130704e+00	-1.5156908e-01
4.3348793e+00	-1.9449381e-01
4.3566882e+00	7.9578958e-02
4.3784972e+00	1.7142034e-01
4.4003061e+00	-4.1459734e-02
4.4221151e+00	2.8909576e-02
4.4439240e+00	3.2782044e-01
4.4657329e+00	3.5465941e-01
4.4875419e+00	2.3512357e-01
4.5093508e+00	7.9205373e-02
4.5311597e+00	-2.8297281e-01
4.5529687e+00	-2.4173680e-01
4.5747776e+00	1.5844200e-01
4.5965866e+00	7.7490032e-02
4.6183955e+00	-1.1178869e-02
4.6402044e+00	1.9515502e-01
4.6620134e+00	1.0538565e-01
4.6838223e+00	-1.5096217e-01
4.7056312e+00	-1.9947344e-02
4.7274402e+00	4.7776153e-02
4.7492491e+00	-8.8193294e-02
4.7710581e+00	-4.8287501e-02
4.7928670e+00	-5.6460905e-02
4.8146759e+00	1.1163400e-01
4.8364849e+00	-2.7878840e-02
4.8582938e+00	-6.7894378e-02
4.8801028e+00	-1.4420906e-02
4.9019117e+00	1.4711190e-01
4.9237206e+00	1.4024559e-01
4.9455296e+00	-9.5409852e-03
4.9673385e+00	-8.9486705e-02
4.9891474e+00	-6.4406771e-02
5.0109564e+00	1.0119512e-01
5.0327653e+00	9.6572596e-02
5.0545743e+00	-4.0369642e-02
5.0763832e+00	-1.9446214e-01
5.0981921e+00	-3.5814445e-02
5.1200011e+00	-1.4653082e-02
5.1418100e+00	1.7598957e-01
5.1636189e+00	4.2151111e-02
5.1854279e+00	-1.0644695e-01
5.2072368e+00	9.5317188e-02
5.2290458e+00	2.8672867e-03
5.2508547e+00	-2.6400089e-02
5.2726636e+00	-1.7720480e-01
5.2944726e+00	-9.6935324e-02
5.3162815e+00	1.0970860e-01
5.3380905e+00	3.9659309e-01
5.3598994e+00	1.4657753e-01
5.3817083e+00	1.7060125e-01
5.4035173e+00	2.2755271e-01
5.4253262e+00	-8.7213681e-02
5.4471351e+00	-2.3206098e-01
5.4689441e+00	-8.1740529e-02
5.4907530e+00	1.2910677e-02
5.5125620e+00	-3.1370112e-02
5.5343709e+00	4.2504880e-02
5.5561798e+00	-1.3315504e-03
5.5779888e+00	8.5093006e-02
5.5997977e+00	1.3624028e-01
5.6216066e+00	-6.0138210e-02
5.6434156e+00	2.9403645e-02
5.6652245e+00	-1.9507011e-02
5.6870335e+00	-9.0440023e-02
5.7088424e+00	-1.6305056e-01
5.7306513e+00	1.1911150e-01
5.7524603e+00	2.9943418e-01
5.7742692e+00	1.1099990e-01
5.7960782e+00	-1.0061709e-01
5.8178871e+00	-6.7872625e-02
5.8396960e+00	1.0589402e-01
5.8615050e+00	-4.4306533e-02
5.8833139e+00	-8.8368755e-02
5.9051228e+00	3.3115108e-02
5.9269318e+00	5.7540400e-03
5.9487407e+00	-3.7247909e-02
5.9705497e+00	4.3340883e-01
5.9923586e+00	2.0711378e-01
6.0141675e+00	1.5827204e-01
6.0359765e+00	4.7085449e-02
6.0577854e+00	-1.3953159e-01
6.0795944e+00	2.5881905e-02
6.1014033e+00	-1.2863021e-01
6.1232122e+00	-1.0591228e-01
6.1450212e+00	4.2397781e-01
6.1668301e+00	4.3380832e-01
6.1886390e+00	8.7317245e-02
6.2104480e+00	-7.3465922e-02
6.2322569e+00	1.6020490e-02
6.2540659e+00	8.2194531e-02
6.2758748e+00	3.5538426e-02
6.2976837e+00	-1.7575447e-02
6.3194927e+00	-1.9730185e-01
6.3413016e+00	5.1659756e-02
6.3631105e+00	-3.3514381e-02
6.3849195e+00	6.4541984e-02
6.4067284e+00	1.6258259e-01
6.4285374e+00	7.5769422e-02
6.4503463e+00	-4.6483197e-02
6.4721552e+00	-4.2422651e-02
6.4939642e+00	-4.0156527e-02
6.5157731e+00	-1.3082398e-01
6.5375821e+00	-2.6682734e-03
6.5593910e+00	2.1690794e-01
6.5811999e+00	2.7968184e-01
6.6030089e+00	2.0736983e-01
6.6248178e+00	-1.4476621e-02
6.6466267e+00	-3.1213468e-01
6.6684357e+00	-1.5668241e-01
6.6902446e+00	6.5814606e-02
6.7120536e+00	2.6461409e-02
6.7338625e+00	3.5220832e-02
6.7556714e+00	2.0495027e-01
6.7774804e+00	1.4299646e-01
6.7992893e+00	-1.4558659e-02
6.8210982e+00	8.4528348e-02
6.8429072e+00	-6.1342252e-02
6.8647161e+00	-2.2264045e-01
6.8865251e+00	-2.2366066e-02
6.9083340e+00	4.8192403e-02
6.9301429e+00	6.7502400e-02
6.9519519e+00	6.4004667e-03
6.9737608e+00	-2.0759096e-01
6.9955698e+00	-1.7152743e-01
7.0173787e+00	1.7881805e-03
7.0391876e+00	1.1817048e-01
7.0609966e+00	7.9572575e-02
7.0828055e+00	2.1020982e-01
7.1046144e+00	9.4121602e-02
7.1264234e+00	8.2906960e-02
7.1482323e+00	2.7898196e-01
7.1700413e+00	5.7989399e-01
7.1918502e+00	3.2130983e-01
7.2136591e+00	-8.4920946e-02
7.2354681e+00	-3.9940084e-01
7.2572770e+00	-2.9612068e-02
7.2790859e+00	4.9308453e-01
7.3008949e+00	4.2107751e-01
7.3227038e+00	1.1495611e-01
7.3445128e+00	6.9852513e-02
7.3663217e+00	2.8069360e-02
7.3881306e+00	5.6042865e-02
7.4099396e+00	6.6805490e-02
7.4317485e+00	-1.3407189e-02
7.4535575e+00	7.1404958e-02
7.4753664e+00	-1.5910348e-01
7.4971753e+00	-5.9523647e-02
7.5189843e+00	-6.5483320e-02
7.5407932e+00	-3.0519753e-02
7.5626021e+00	1.2510204e-01
7.5844111e+00	-2.1685284e-02
7.6062200e+00	-8.7993141e-02
7.6280290e+00	1.7662430e-01
7.6498379e+00	8.3305598e-02
7.6716468e+00	-1.9007078e-01
7.6934558e+00	-1.1349366e-01
7.7152647e+00	1.6017375e-01
7.7370737e+00	3.1390711e-01
7.7588826e+00	2.8301445e-01
7.7806915e+00	9.0994759e-02
7.8025005e+00	3.9517347e-03
7.8243094e+00	-2.1076885e-01
7.8461183e+00	-8.6797740e-02
7.8679273e+00	2.8673192e-01
7.8897362e+00	1.2478985e-01
7.9115452e+00	-9.3925411e-03
7.9333541e+00	1.3410870e-01
7.9551630e+00	1.8154220e-02
7.9769720e+00	-1.7727629e-01
7.9987809e+00	-1.5399386e-01
8.0205898e+00	-5.0522375e-02
8.0423988e+00	3.2508276e-02
8.0642077e+00	1.7054367e-01
8.0860167e+00	3.2472453e-01
8.1078256e+00	2.9513399e-02
8.1296345e+00	-2.7648583e-01
8.1514435e+00	1.5772409e-01
8.1732524e+00	2.3298162e-01
8.1950614e+00	6.1722752e-02
8.2168703e+00	8.9446455e-02
8.2386792e+00	5.5908927e-02
8.2604882e+00	-2.4290275e-01
8.2822971e+00	-1.8379849e-03
8.3041060e+00	-8.7884455e-02
8.3259150e+00	3.7710351e-02
8.3477239e+00	4.8384025e-02
8.3695329e+00	-1.1304183e-01
8.3913418e+00	4.4356119e-01
8.4131507e+00	1.3897126e-01
8.4349597e+00	-5.3753192e-02
8.4567686e+00	4.3880669e-02
8.4785775e+00	-1.8434144e-02
8.5003865e+00	6.5076589e-02
8.5221954e+00	-5.0954981e-02
8.5440044e+00	-1.2041187e-01
8.5658133e+00	3.7236757e-02
8.5876222e+00	-1.0129573e-01
8.6094312e+00	-1.7910311e-02
8.6312401e+00	1.9768825e-01
8.6530491e+00	9.4444654e-02
8.6748580e+00	-8.3791469e-02
8.6966669e+00	1.5264853e-01
8.7184759e+00	1.3350909e-02
8.7402848e+00	-2.3214491e-01
8.7620937e+00	1.3208837e-01
8.7839027e+00	1.6199219e-01
8.8057116e+00	4.6505861e-01
8.8275206e+00	7.5777643e-02
8.8493295e+00	-3.3753341e-01
8.8711384e+00	5.2324774e-02
8.8929474e+00	3.0773562e-01
8.9147563e+00	4.8266972e-01
8.9365652e+00	4.6031399e-01
8.9583742e+00	6.5906530e-01
8.9801831e+00	4.8774595e-01
9.0019921e+00	1.0102896e-01
9.0238010e+00	-1.2850876e-01
9.0456099e+00	-1.3059115e-01
9.0674189e+00	-1.4314672e-01
9.0892278e+00	2.0143286e-01
9.1110368e+00	3.8990334e-01
9.1328457e+00	2.1393563e-01
9.1546546e+00	8.8287698e-02
9.1764636e+00	-5.7034690e-02
9.1982725e+00	3.2857470e-01
9.2200814e+00	-5.1283534e-03
9.2418904e+00	-2.2578650e-01
9.2636993e+00	5.2429323e-02
9.2855083e+00	1.4249037e-01
9.3073172e+00	2.9548629e-02
9.3291261e+00	1.0594453e-01
9.3509351e+00	4.1616726e-02
9.3727440e+00	-4.2511769e-02
9.3945530e+00	3.3319300e-01
9.4163619e+00	-1.5342662e-01
9.4381708e+00	-2.4363089e-01
9.4599798e+00	2.4527000e-01
9.4817887e+00	1.1792889e-01
9.5035976e+00	-6.4749267e-02
9.5254066e+00	-4.1822548e-03
9.5472155e+00	1.3825390e-01
9.5690245e+00	-1.8950759e-01
9.5908334e+00	1.2208854e-01
9.6126423e+00	2.1390345e-01
9.6344513e+00	3.3191714e-01
9.6562602e+00	-1.7015070e-01
9.6780691e+00	-4.0937298e-02
9.6998781e+00	3.7891177e-01
9.7216870e+00	1.9494807e-02
9.7434960e+00	-7.9802764e-02
9.7653049e+00	7.5112229e-02
9.7871138e+00	5.0006460e-01
9.8089228e+00	4.2652666e-01
9.8307317e+00	6.1909744e-01
9.8525407e+00	5.0445418e-01
9.8743496e+00	1.1893829e-01
9.8961585e+00	-6.9813376e-02
9.9179675e+00	3.6617036e-01
9.9397764e+00	3.9197227e-01
9.9615853e+00	1.1232399e-01
9.9833943e+00	-2.7217498e-01
1.0005203e+01	-9.9435416e-02
1.0027012e+01	1.6563637e-01
1.0048821e+01	-1.0383733e-02
1.0070630e+01	7.6348829e-02
1.0092439e+01	2.6584936e-01
1.0114248e+01	1.0631078e-01
1.0136057e+01	-4.1649297e-02
1.0157866e+01	8.9410326e-03
1.0179675e+01	-2.5096842e-03
1.0201484e+01	-7.2950380e-02
1.0223293e+01	-9.9769445e-02
1.0245102e+01	1.5524091e-01
1.0266910e+01	-1.8456194e-02
1.0288719e+01	-1.0221102e-01
1.0310528e+01	-7.8600152e-02
1.0332337e+01	1.1106335e+00
1.0354146e+01	2.3644637e+00
1.0375955e+01	2.6955421e+00
1.0397764e+01	2.8477062e+00
1.0419573e+01	3.1875359e+00
1.0441382e+01	3.9375598e+00
1.0463191e+01	4.7996396e+00
1.0485000e+01	5.9817768e+00
1.0506809e+01	7.5887023e+00
1.0528618e+01	9.0538677e+00
1.0550427e+01	1.0081950e+01
1.0572236e+01	1.0588217e+01
1.0594045e+01	1.0918658e+01
1.0615853e+01	1.0468813e+01
1.0637662e+01	1.0233520e+01
1.0659471e+01	9.7869230e+00
1.0681280e+01	8.2257434e+00
1.0703089e+01	6.0093250e+00
1.0724898e+01	4.5185376e+00
1.0746707e+01	3.1883658e+00
1.0768516e+01	2.1718112e+00
1.0790325e+01	1.7852457e+00
1.0812134e+01	1.2170547e+00
1.0833943e+01	3.8112211e-01
1.0855752e+01	6.8463461e-02
1.0877561e+01	-2.1233461e-02
1.0899370e+01	-1.8734026e-01
1.0921179e+01	2.7669868e-01
1.0942988e+01	5.0740958e-01
1.0964796e+01	6.6362998e-02
1.0986605e+01	1.4286948e-02
1.1008414e+01	1.5830939e-01
1.1030223e+01	4.2131507e-01
1.1052032e+01	8.8167459e-01
1.1073841e+01	1.0674002e+00
1.1095650e+01	9.3755613e-01
1.1117459e+01	1.2214496e+00
1.1139268e+01	1.7581939e+00
1.1161077e+01	1.6792033e+00
1.1182886e+01	2.1087729e+00
1.1204695e+01	3.0585391e+00
1.1226504e+01	3.4010600e+00
1.1248313e+01	3.3059229e+00
1.1270122e+01	1.7176381e+00
1.1291931e+01	1.3840567e+00
1.1313740e+01	9.3199210e-01
1.1335548e+01	6.7255144e-01
1.1357357e+01	5.9926099e-01
1.1379166e+01	6.0504677e-01
1.1400975e+01	-7.1150534e-02
1.1422784e+01	-2.1154941e-01
1.1444593e+01	1.2503383e-01
1.1466402e+01	2.0103150e-01
1.1488211e+01	-6.9183156e-03
1.1510020e+01	-2.1928317e-01
1.1531829e+01	-9.9806282e-02
1.1553638e+01	1.3470954e-01
1.1575447e+01	5.8436021e-02
1.1597256e+01	3.3971746e-01
1.1619065e+01	1.9272986e-01
1.1640874e+01	-1.5633645e-01
1.1662683e+01	3.8705821e-02
1.1684491e+01	-2.2308972e-02
1.1706300e+01	-1.4198735e-01
1.1728109e+01	-1.6155798e-02
1.1749918e+01	1.4554296e-01
1.1771727e+01	1.5689122e-01
1.1793536e+01	1.8265385e-01
1.1815345e+01	-1.5049116e-01
1.1837154e+01	-2.0838921e-01
1.1858963e+01	-9.9232446e-02
1.1880772e+01	1.5556725e-01
1.1902581e+01	2.1816408e-02
1.1924390e+01	1.0168688e-01
1.1946199e+01	-2.3065797e-02
1.1968008e+01	1.1813387e-01
1.1989817e+01	3.5281655e-02
1.2011626e+01	-9.2842277e-02
1.2033434e+01	-1.2587140e-01
1.2055243e+01	-2.6844082e-01
1.2077052e+01	-7.7714125e-02
1.2098861e+01	9.6471102e-02
1.2120670e+01	1.6780829e-01
1.2142479e+01	2.4906777e-01
1.2164288e+01	-1.1719873e-01
1.2186097e+01	7.4068495e-02
1.2207906e+01	5.1445542e-02
1.2229715e+01	2.2866764e-01
1.2251524e+01	1.1240609e-01
1.2273333e+01	4.6319428e-02
1.2295142e+01	1.0423147e-01
1.2316951e+01	-2.9006918e-01
1.2338760e+01	-5.7135625e-02
1.2360569e+01	-8.4613006e-02
1.2382377e+01	-1.1941853e-01
1.2404186e+01	1.0797661e-01
1.2425995e+01	-6.0208400e-02
1.2447804e+01	-1.8352157e-03
1.2469613e+01	3.4354878e-02
1.2491422e+01	1.8441568e-01
1.2513231e+01	4.6647026e-02
1.2535040e+01	5.3876408e-02
1.2556849e+01	-2.3215967e-01
1.2578658e+01	-7.7421511e-02
1.2600467e+01	2.3155521e-01
1.2622276e+01	-1.4355193e-01
1.2644085e+01	3.5556672e-03
1.2665894e+01	2.1815451e-01
1.2687703e+01	9.0581793e-02
1.2709512e+01	3.9111791e-02
1.2731320e+01	-4.8230970e-03
1.2753129e+01	-1.2789379e-01
1.2774938e+01	5.1794359e-02
1.2796747e+01	2.1005792e-01
1.2818556e+01	-1.8467193e-01
1.2840365e+01	-1.4330751e-01
1.2862174e+01	-7.5286453e-02
1.2883983e+01	6.5308385e-02
1.2905792e+01	7.2285200e-02
1.2927601e+01	3.1012749e-01
1.2949410e+01	-7.8514461e-02
1.2971219e+01	6.3520869e-02
1.2993028e+01	7.5156749e-03
1.3014837e+01	-1.1444231e-01
1.3036646e+01	1.3345455e-01
1.3058455e+01	6.1272942e-01
1.3080264e+01	1.0413554e+00
1.3102072e+01	9.2105879e-01
1.3123881e+01	1.6895669e-01
1.3145690e+01	1.7697632e-01
1.3167499e+01	3.6039051e-01
1.3189308e+01	3.7456294e-01
1.3211117e+01	5.5737062e-01
1.3232926e+01	8.4688792e-01
1.3254735e+01	6.8836425e-01
1.3276544e+01	5.0510304e-01
1.3298353e+01	3.5822600e-02
1.3320162e+01	-3.5715124e-01
1.3341971e+01	-4.0169320e-01
1.3363780e+01	3.4751503e-01
1.3385589e+01	4.6982456e-01
1.3407398e+01	1.3286895e-01
1.3429207e+01	-1.2650266e-01
1.3451015e+01	1.7809210e-01
1.3472824e+01	1.3091215e-01
1.3494633e+01	1.4711144e-01
1.3516442e+01	1.9562464e-01
1.3538251e+01	-1.1030518e-01
1.3560060e+01	-1.0883081e-01
1.3581869e+01	2.6110517e-02
1.3603678e+01	1.4823398e-01
1.3625487e+01	-2.2366054e-02
1.3647296e+01	5.4225343e-02
1.3669105e+01	1.0211903e-01
1.3690914e+01	1.7897589e-02
1.3712723e+01	-1.2594263e-01
1.3734532e+01	-9.6773466e-02
1.3756341e+01	-8.4151894e-02
1.3778150e+01	-3.3222439e-02
1.3799958e+01	-5.3040989e-02
1.3821767e+01	-4.9085675e-02
1.3843576e+01	1.6259979e-01
1.3865385e+01	-5.7713762e-02
1.3887194e+01	4.5546575e-02
1.3909003e+01	1.0405190e-01
1.3930812e+01	1.2621258e-01
1.3952621e+01	-3.2871253e-02
1.3974430e+01	-2.1654209e-01
1.3996239e+01	-2.1388381e-02
1.4018048e+01	-9.0104541e-02
1.4039857e+01	7.2237384e-02
1.4061666e+01	2.5301444e-01
1.4083475e+01	1.4936903e-01
1.4105284e+01	8.4370194e-02
1.4127093e+01	-1.3795317e-01
1.4148901e+01	-1.1176740e-01
1.4170710e+01	-9.8821570e-02
1.4192519e+01	8.6222563e-02
1.4214328e+01	9.5942962e-02
1.4236137e+01	-1.9826351e-01
1.4257946e+01	3.3146342e-02
1.4279755e+01	1.8091045e-01
1.4301564e+01	3.2430478e-01
1.4323373e+01	3.3725775e-01
1.4345182e+01	9.9515639e-03
1.4366991e+01	-2.5029379e-02
1.4388800e+01	4.8450219e-02
1.4410609e+01	-2.6322648e-02
1.4432418e+01	1.8008562e-01
1.4454227e+01	7.4850420e-02
1.4476036e+01	-1.1448592e-01
1.4497844e+01	-1.1841113e-01
1.4519653e+01	-1.9759803e-01
1.4541462e+01	1.9730406e-02
1.4563271e+01	2.2527372e-01
1.4585080e+01	-2.8617594e-02
1.4606889e+01	-5.3748284e-02
1.4628698e+01	8.5260166e-02
1.4650507e+01	-1.1988973e-01
1.4672316e+01	-2.0381898e-01
1.4694125e+01	-7.0858516e-02
1.4715934e+01	3.9576668e-02
1.4737743e+01	7.7501014e-02
1.4759552e+01	3.1270290e-02
1.4781361e+01	7.5540832e-02
1.4803170e+01	7.9103138e-02
1.4824979e+01	1.4249038e-01
1.4846787e+01	6.8461082e-01
1.4868596e+01	1.3306662e+00
1.4890405e+01	1.6451511e+00
1.4912214e+01	1.6299072e+00
1.4934023e+01	1.3805200e+00
1.4955832e+01	1.0132830e+00
1.4977641e+01	1.1443680e+00
1.4999450e+01	1.1668114e+00
1.5021259e+01	7.8296393e-01
1.5043068e+01	5.5827908e-01
1.5064877e+01	6.7164945e-01
1.5086686e+01	6.0412083e-01
1.5108495e+01	9.2520801e-02
1.5130304e+01	-1.6620627e-01
1.5152113e+01	-1.6220378e-01
1.5173922e+01	-4.7830026e-02
1.5195731e+01	8.1298400e-02
1.5217539e+01	4.4211596e-02
1.5239348e+01	6.3460452e-02
1.5261157e+01	-8.9476844e-02
1.5282966e+01	-9.8915959e-03
1.5304775e+01	1.3794706e-01
1.5326584e+01	3.6707435e-01
1.5348393e+01	4.4574927e-01
1.5370202e+01	4.8454646e-01
1.5392011e+01	4.0753425e-01
1.5413820e+01	1.9388047e-02
1.5435629e+01	-6.1362057e-02
1.5457438e+01	-8.4220644e-02
1.5479247e+01	-1.2373468e-02
1.5501056e+01	1.7327765e-01
1.5522865e+01	1.1952190e-01
1.5544674e+01	-5.9417315e-02
1.5566482e+01	-1.4944398e-01
1.5588291e+01	7.8125947e-02
1.5610100e+01	3.6709382e-01
1.5631909e+01	6.6185248e-01
1.5653718e+01	6.4445054e-01
1.5675527e+01	6.1635030e-01
1.5697336e+01	2.9545368e-01
1.5719145e+01	3.9281679e-02
1.5740954e+01	-6.3837371e-02
1.5762763e+01	-1.3672073e-02
1.5784572e+01	2.2037326e-02
1.5806381e+01	-8.6888141e-02
1.5828190e+01	-3.4720093e-02
1.5849999e+01	-3.5146279e-02
1.5871808e+01	-1.6792478e-01
1.5893617e+01	1.0662222e-01
1.5915425e+01	1.0521493e-01
1.5937234e+01	1.2532246e-01
1.5959043e+01	-1.2053761e-01
1.5980852e+01	3.6591505e-03
1.6002661e+01	-4.1539161e-02
1.6024470e+01	1.2050794e-02
1.6046279e+01	1.9682033e-01
1.6068088e+01	9.3634881e-02
1.6089897e+01	-6.9200872e-02
1.6111706e+01	-2.7529992e-01
1.6133515e+01	3.6289311e-03
1.6155324e+01	-1.2779486e-02
1.6177133e+01	1.0292090e-01
1.6198942e+01	1.4965271e-01
1.6220751e+01	8.6564783e-02
1.6242560e+01	-1.0094245e-02
1.6264368e+01	-1.2948269e-01
1.6286177e+01	4.2606246e-02
1.6307986e+01	-3.9152761e-02
1.6329795e+01	-1.5895075e-01
1.6351604e+01	4.0738670e-02
1.6373413e+01	2.2755714e-01
1.6395222e+01	1.1408723e-01
1.6417031e+01	-2.8392495e-02
1.6438840e+01	-7.3455483e-02
1.6460649e+01	-9.4522404e-02
1.6482458e+01	-1.1644690e-01
1.6504267e+01	-1.7095245e-02
1.6526076e+01	-1.2907365e-02
1.6547885e+01	1.5724412e-01
1.6569694e+01	2.9178140e-01
1.6591503e+01	6.6893434e-01
1.6613311e+01	1.6022509e+00
1.6635120e+01	2.3312796e+00
1.6656929e+01	2.2914773e+00
1.6678738e+01	1.9927246e+00
1.6700547e+01	1.8840362e+00
1.6722356e+01	1.9915437e+00
1.6744165e+01	2.5903029e+00
1.6765974e+01	2.9048063e+00
1.6787783e+01	3.1046188e+00
1.6809592e+01	3.4057970e+00
1.6831401e+01	3.1045164e+00
1.6853210e+01	2.6169379e+00
1.6875019e+01	1.7964431e+00
1.6896828e+01	8.4396170e-01
1.6918637e+01	4.2135033e-01
1.6940446e+01	1.7602468e-01
1.6962254e+01	-1.1753259e-01
1.6984063e+01	1.6057305e-02
1.7005872e+01	-7.0823304e-02
1.7027681e+01	-1.2664816e-01
1.7049490e+01	2.9226282e-02
1.7071299e+01	1.1352195e-01
1.7093108e+01	9.6290674e-02
1.7114917e+01	-1.2189217e-02
1.7136726e+01	-4.4702840e-02
1.7158535e+01	7.6717572e-02
1.7180344e+01	-5.5388772e-02
1.7202153e+01	-3.9832885e-02
1.7223962e+01	-7.2543094e-02
1.7245771e+01	-1.3698962e-01
1.7267580e+01	6.2280912e-02
1.7289389e+01	1.4637404e-01
1.7311198e+01	-1.0020269e-01
1.7333006e+01	1.9560534e-03
1.7354815e+01	4.1628398e-02
1.7376624e+01	3.0727353e-02
1.7398433e+01	-3.2654519e-02
1.7420242e+01	1.2921550e-01
1.7442051e+01	1.1912094e-01
1.7463860e+01	-7.4737753e-02
1.7485669e+01	-7.5687045e-02
1.7507478e+01	-1.2494620e-02
1.7529287e+01	-7.8451740e-02
1.7551096e+01	-4.5503609e-02
1.7572905e+01	6.0925163e-02
1.7594714e+01	2.8999108e-02
1.7616523e+01	8.5700424e-03
1.7638332e+01	-5.0619796e-02
1.7660141e+01	-2.5731218e-04
1.7681949e+01	1.4455328e-01
1.7703758e+01	1.9533353e-02
1.7725567e+01	-1.9340346e-01
1.7747376e+01	4.5629877e-03
1.7769185e+01	1.1465556e-01
1.7790994e+01	5.3550277e-02
1.7812803e+01	1.7512385e-02
1.7834612e+01	-1.0552296e-01
1.7856421e+01	-4.4507008e-02
1.7878230e+01	1.6081150e-02
1.7900039e+01	1.7298322e-02
1.7921848e+01	1.3443748e-01
1.7943657e+01	-1.2276467e-01
1.7965466e+01	-9.5642864e-02
1.7987275e+01	-6.2118872e-02
1.8009084e+01	8.2343264e-02
1.8030892e+01	7.1255569e-02
1.8052701e+01	1.1232447e-01
1.8074510e+01	-8.1791504e-02
1.8096319e+01	2.4584893e-02
1.8118128e+01	1.9995783e-01
1.8139937e+01	-2.7896975e-03
1.8161746e+01	-1.2864978e-01
1.8183555e+01	3.2711360e-02
1.8205364e+01	1.4882641e-02
1.8227173e+01	-6.8106592e-02
1.8248982e+01	6.6698995e-02
1.8270791e+01	-1.4563157e-01
1.8292600e+01	-9.8803251e-02
1.8314409e+01	7.8360249e-02
1.8336218e+01	3.5409326e-02
1.8358027e+01	5.6493351e-03
1.8379835e+01	-2.3301724e-01
1.8401644e+01	4.9540947e-03
1.8423453e+01	1.2603205e-01
1.8445262e+01	-2.0066531e-02
1.8467071e+01	5.2458647e-01
1.8488880e+01	6.0033248e-01
1.8510689e+01	6.2443812e-01
1.8532498e+01	4.2530367e-01
1.8554307e+01	2.5481672e-01
1.8576116e+01	1.1865790e-01
1.8597925e+01	-1.3529582e-02
1.8619734e+01	4.3600747e-02
1.8641543e+01	3.8807887e-01
1.8663352e+01	4.3469923e-01
1.8685161e+01	1.5794661e-01
1.8706970e+01	9.2399999e-02
1.8728778e+01	1.0432492e-01
1.8750587e+01	-5.6258127e-02
1.8772396e+01	-1.0276318e-01
1.8794205e+01	-1.8549662e-01
1.8816014e+01	-1.7456566e-01
1.8837823e+01	-1.1038741e-01
1.8859632e+01	-1.0576114e-01
1.8881441e+01	1.3282127e-02
1.8903250e+01	2.0784483e-02
1.8925059e+01	9.9957186e-02
1.8946868e+01	7.8169440e-02
1.8968677e+01	5.6735545e-02
1.8990486e+01	3.1829889e-02
1.9012295e+01	1.1355427e-01
1.9034104e+01	1.8460609e-01
1.9055913e+01	1.7871276e-02
1.9077721e+01	-2.1279731e-01
1.9099530e+01	-1.8053409e-01
1.9121339e+01	-1.0798629e-01
1.9143148e+01	4.2014613e-02
1.9164957e+01	1.1503038e-01
1.9186766e+01	1.0972759e-01
1.9208575e+01	5.9070084e-02
1.9230384e+01	-3.1293052e-01
1.9252193e+01	-1.3775766e-01
1.9274002e+01	1.3135623e-01
1.9295811e+01	8.2120482e-02
1.9317620e+01	1.9705530e-01
1.9339429e+01	3.5793538e-01
1.9361238e+01	9.2292819e-02
1.9383047e+01	-1.4486296e-02
1.9404856e+01	-1.0769523e-02
1.9426665e+01	1.4378498e-01
1.9448473e+01	4.8275657e-02
1.9470282e+01	7.1960170e-03
1.9492091e+01	-1.5704207e-01
1.9513900e+01	-1.4240218e-01
1.9535709e+01	4.2444735e-02
1.9557518e+01	-1.9140686e-02
1.9579327e+01	-8.7717205e-02
1.9601136e+01	9.0983885e-02
1.9622945e+01	-6.9676202e-02
1.9644754e+01	-3.9971777e-02
1.9666563e+01	-2.2271130e-02
1.9688372e+01	-1.1666382e-01
1.9710181e+01	2.9086384e-02
1.9731990e+01	4.3052243e-02
1.9753799e+01	1.5306306e-01
1.9775608e+01	1.0422269e-01
1.9797416e+01	8.1663758e-02
1.9819225e+01	-9.0620552e-02
1.9841034e+01	-2.2053993e-01
1.9862843e+01	8.9871225e-02
1.9884652e+01	7.5816827e-02
1.9906461e+01	-9.7274723e-02
1.9928270e+01	1.9687174e-01
1.9950079e+01	2.2359755e-01
1.9971888e+01	1.0893720e-01
1.9993697e+01	1.4178462e-01
2.0015506e+01	-8.5608943e-02
2.0037315e+01	-3.2804709e-01
2.0059124e+01	-2.4638918e-01
2.0080933e+01	-1.0026170e-01
2.0102742e+01	-7.3493142e-02
2.0124551e+01	1.5029370e-01
2.0146359e+01	3.4021531e-01
2.0168168e+01	1.8972021e-01
2.0189977e+01	6.7844719e-03
2.0211786e+01	-4.8294979e-02
2.0233595e+01	1.9671702e-01
2.0255404e+01	5.2630484e-01
2.0277213e+01	1.3509330e+00
2.0299022e+01	1.7252355e+00
2.0320831e+01	2.0535485e+00
2.0342640e+01	2.3524389e+00
2.0364449e+01	2.2889839e+00
2.0386258e+01	1.9232785e+00
2.0408067e+01	1.7847328e+00
2.0429876e+01	1.5979578e+00
2.0451685e+01	1.5654125e+00
2.0473494e+01	1.8012471e+00
2.0495302e+01	1.9548115e+00
2.0517111e+01	1.9046479e+00
2.0538920e+01	1.7341073e+00
2.0560729e+01	1.6851916e+00
2.0582538e+01	1.5117381e+00
2.0604347e+01	1.0415518e+00
2.0626156e+01	6.2990162e-01
2.0647965e+01	1.9820873e-01
2.0669774e+01	5.2018523e-02
2.0691583e+01	-2.1419478e-02
2.0713392e+01	5.9269448e-02
2.0735201e+01	-1.6154358e-01
2.0757010e+01	-1.7189799e-01
2.0778819e+01	9.4634288e-03
2.0800628e+01	6.8387836e-03
2.0822437e+01	-1.3315070e-01
2.0844245e+01	-1.0351734e-01
2.0866054e+01	-6.2904285e-02
2.0887863e+01	1.2066057e-01
2.0909672e+01	1.1663261e-01
2.0931481e+01	1.0979602e-02
2.0953290e+01	1.0898969e-01
2.0975099e+01	7.2025572e-01
2.0996908e+01	1.0684565e+00
2.1018717e+01	1.6637318e+00
2.1040526e+01	2.3761333e+00
2.1062335e+01	3.0449498e+00
2.1084144e+01	3.4164811e+00
2.1105953e+01	3.7872818e+00
2.1127762e+01	3.7110467e+00
2.1149571e+01	3.9068535e+00
2.1171380e+01	4.5552251e+00
2.1193188e+01	5.2408031e+00
2.1214997e+01	6.3733453e+00
2.1236806e+01	7.1881714e+00
2.1258615e+01	7.8809701e+00
2.1280424e+01	8.1072443e+00
2.1302233e+01	7.8088877e+00
2.1324042e+01	7.3846869e+00
2.1345851e+01	6.9783518e+00
2.1367660e+01	6.1459390e+00
2.1389469e+01	5.1609984e+00
2.1411278e+01	4.2742086e+00
2.1433087e+01	3.2928915e+00
2.1454896e+01	2.9101617e+00
2.1476705e+01	2.6784300e+00
2.1498514e+01	3.2539681e+00
2.1520323e+01	3.9439768e+00
2.1542132e+01	4.5214879e+00
2.1563940e+01	5.1415130e+00
2.1585749e+01	4.8967999e+00
2.1607558e+01	4.4421123e+00
2.1629367e+01	3.6290151e+00
2.1651176e+01	2.8127979e+00
2.1672985e+01	1.9540685e+00
2.1694794e+01	1.1033106e+00
2.1716603e+01	3.4831092e-01
2.1738412e+01	1.8601429e-01
2.1760221e+01	-2.1380150e-02
2.1782030e+01	-8.7067499e-02
2.1803839e+01	-6.6531699e-02
2.1825648e+01	-3.8754804e-02
2.1847457e+01	-2.6050658e-02
2.1869266e+01	-3.8307925e-02
2.1891075e+01	5.5974626e-03
2.1912883e+01	-2.3278167e-02
2.1934692e+01	1.5961925e-01
2.1956501e+01	1.2236312e-01
2.1978310e+01	-7.9508159e-03
2.2000119e+01	-1.1089779e-01
2.2021928e+01	-1.3334636e-01
2.2043737e+01	-1.2330773e-01
2.2065546e+01	1.7540258e-01
2.2087355e+01	1.0376509e-01
2.2109164e+01	-4.3648687e-02
2.2130973e+01	-4.3383735e-02
2.2152782e+01	2.6432261e-02
2.2174591e+01	2.8011086e-02
2.2196400e+01	5.1660542e-03
2.2218209e+01	-1.0726635e-01
2.2240018e+01	1.0674845e-01
2.2261826e+01	2.8598283e-02
2.2283635e+01	9.8862060e-02
2.2305444e+01	-1.0628259e-01
2.2327253e+01	7.4419805e-02
2.2349062e+01	-3.4574797e-02
2.2370871e+01	-8.9465636e-02
2.2392680e+01	-8.5995114e-02
2.2414489e+01	3.8175162e-02
2.2436298e+01	1.6634968e-01
2.2458107e+01	2.0746581e-02
2.2479916e+01	-6.3684710e-02
2.2501725e+01	-5.5147556e-02
2.2523534e+01	-7.0920545e-03
2.2545343e+01	-1.4008657e-02
2.2567152e+01	1.0618830e-01
2.2588961e+01	-1.0224702e-01
2.2610769e+01	1.7335544e-02
2.2632578e+01	2.2638073e-02
2.2654387e+01	3.7983138e-02
2.2676196e+01	-1.2603728e-01
2.2698005e+01	-1.7664209e-02
2.2719814e+01	1.9324370e-02
2.2741623e+01	1.1920875e-01
2.2763432e+01	1.1619463e-01
2.2785241e+01	8.6052350e-02
2.2807050e+01	1.2804626e-02
2.2828859e+01	-1.3372350e-01
2.2850668e+01	-1.3190895e-01
2.2872477e+01	-8.1267341e-02
2.2894286e+01	-3.1145451e-03
2.2916095e+01	4.2880057e-02
2.2937904e+01	4.7369759e-02
2.2959712e+01	2.7333085e-02
2.2981521e+01	8.7453750e-02
2.3003330e+01	5.1699124e-02
2.3025139e+01	-6.7018543e-02
2.3046948e+01	6.0364720e-02
2.3068757e+01	-9.4945695e-02
2.3090566e+01	-1.2751280e-01
2.3112375e+01	-4.6175094e-02
2.3134184e+01	7.8486135e-02
2.3155993e+01	3.2018813e-01
2.3177802e+01	2.1007405e-01
2.3199611e+01	1.3045536e-01
2.3221420e+01	-9.9958334e-02
2.3243229e+01	-2.0522769e-01
2.3265038e+01	-4.7867593e-03
2.3286847e+01	-1.5619272e-01
2.3308655e+01	1.0166862e-01
2.3330464e+01	2.1214742e-02
2.3352273e+01	-2.1392312e-02
2.3374082e+01	7.9617143e-02
2.3395891e+01	1.9691289e-02
2.3417700e+01	-4.9012061e-02
2.3439509e+01	6.6396147e-02
2.3461318e+01	5.5460698e-03
2.3483127e+01	3.8322273e-01
2.3504936e+01	6.0100259e-01
2.3526745e+01	1.0926576e+00
2.3548554e+01	1.1974535e+00
2.3570363e+01	1.6636578e+00
2.3592172e+01	2.0776562e+00
2.3613981e+01	2.5157925e+00
2.3635790e+01	3.3997022e+00
2.3657599e+01	4.3246331e+00
2.3679407e+01	4.9515157e+00
2.3701216e+01	5.6531018e+00
2.3723025e+01	5.7747170e+00
2.3744834e+01	6.2775790e+00
2.3766643e+01	6.8644704e+00
2.3788452e+01	8.1292729e+00
2.3810261e+01	9.1802892e+00
2.3832070e+01	9.5610509e+00
2.3853879e+01	9.4054517e+00
2.3875688e+01	8.9878912e+00
2.3897497e+01	8.1186461e+00
2.3919306e+01	6.7721571e+00
2.3941115e+01	5.5278758e+00
2.3962924e+01	4.0392839e+00
2.3984733e+01	2.5659221e+00
2.4006542e+01	1.5882380e+00
2.4028350e+01	7.9892221e-01
2.4050159e+01	5.7212250e-01
2.4071968e+01	2.2327148e-01
2.4093777e+01	7.5664125e-02
2.4115586e+01	1.0014252e-02
2.4137395e+01	-2.0405467e-01
2.4159204e+01	-1.7491134e-01
2.4181013e+01	-8.2136883e-03
2.4202822e+01	8.0786665e-02
2.4224631e+01	2.8363057e-01
2.4246440e+01	5.3471035e-02
2.4268249e+01	-3.8486626e-02
2.4290058e+01	-3.7560595e-02
2.4311867e+01	-2.3781883e-01
2.4333676e+01	1.0372907e-01
2.4355485e+01	6.7887861e-03
2.4377293e+01	-1.0478441e-01
2.4399102e+01	1.0363486e-01
2.4420911e+01	1.3521248e-01
2.4442720e+01	3.6367813e-02
2.4464529e+01	-1.2440687e-03
2.4486338e+01	-2.8296756e-03
2.4508147e+01	2.9925894e-02
2.4529956e+01	-3.5841263e-02
2.4551765e+01	1.2562166e-01
2.4573574e+01	3.9453851e-01
2.4595383e+01	5.8417472e-01
2.4617192e+01	7.4857928e-01
2.4639001e+01	8.4548421e-01
2.4660810e+01	1.9697048e-01
2.4682619e+01	7.3323075e-02
2.4704428e+01	5.8578941e-03
2.4726236e+01	-2.2706394e-01
2.4748045e+01	-1.1030723e-01
2.4769854e+01	-3.5352002e-02
2.4791663e+01	-5.6669664e-02
2.4813472e+01	-5.2848688e-03
2.4835281e+01	1.0782011e-01
2.4857090e+01	4.1227958e-02
2.4878899e+01	-1.6300381e-01
2.4900708e+01	-1.5234689e-01
2.4922517e+01	1.3002339e-01
2.4944326e+01	9.1599789e-02
2.4966135e+01	-1.0652564e-01
2.4987944e+01	2.0941265e-02
2.5009753e+01	7.0135224e-02
2.5031562e+01	8.5879697e-02
2.5053371e+01	-1.6734324e-03
2.5075179e+01	9.7307505e-02
2.5096988e+01	-4.4159115e-02
2.5118797e+01	-1.8619396e-01
2.5140606e+01	-1.9126336e-01
2.5162415e+01	8.5764735e-02
2.5184224e+01	1.7179078e-01
2.5206033e+01	-4.9938325e-02
2.5227842e+01	5.0206217e-02
2.5249651e+01	8.3873201e-02
2.5271460e+01	1.6368423e-01
2.5293269e+01	1.5574050e-01
2.5315078e+01	1.6162847e-02
2.5336887e+01	-1.2996395e-01
2.5358696e+01	-2.1648660e-02
2.5380505e+01	-1.8772310e-01
2.5402314e+01	-5.1167072e-02
2.5424123e+01	5.9595026e-02
2.5445931e+01	-6.0484277e-02
2.5467740e+01	1.8753283e-03
2.5489549e+01	9.9368718e-02
2.5511358e+01	1.2234354e-02
2.5533167e+01	-7.2044072e-02
2.5554976e+01	5.7911145e-02
2.5576785e+01	4.0329676e-02
2.5598594e+01	3.8512082e-02
2.5620403e+01	-8.6484629e-02
2.5642212e+01	-6.4529392e-03
2.5664021e+01	1.5675081e-02
2.5685830e+01	-8.6080804e-02
2.5707639e+01	-4.4944174e-02
2.5729448e+01	-3.9338662e-02
2.5751257e+01	3.1921590e-02
2.5773066e+01	-7.3721931e-02
2.5794874e+01	9.0788849e-02
2.5816683e+01	1.4904391e-01
2.5838492e+01	8.2436856e-02
2.5860301e+01	5.7471800e-03
2.5882110e+01	-1.8526196e-02
2.5903919e+01	-5.1124602e-02
2.5925728e+01	-1.1391537e-01
2.5947537e+01	-2.0022531e-01
2.5969346e+01	-1.9626131e-01
2.5991155e+01	8.0179881e-02
2.6012964e+01	1.0442051e-01
2.6034773e+01	2.0989240e-01
2.6056582e+01	1.5539691e-01
2.6078391e+01	1.5615942e-01
2.6100200e+01	2.3317871e-01
2.6122009e+01	3.7728297e-02
2.6143817e+01	-3.5123153e-02
2.6165626e+01	9.1514441e-03
2.6187435e+01	2.9947285e-02
2.6209244e+01	1.6648083e-02
2.6231053e+01	-1.2621545e-01
2.6252862e+01	-1.9674927e-01
2.6274671e+01	-6.7873369e-02
2.6296480e+01	-1.5434247e-01
2.6318289e+01	-1.6176538e-01
2.6340098e+01	2.0001074e-01
2.6361907e+01	3.9214777e-01
2.6383716e+01	5.1807220e-01
2.6405525e+01	8.6089694e-01
2.6427334e+01	8.4564149e-01
2.6449143e+01	4.7523437e-01
2.6470952e+01	2.9467508e-01
2.6492760e+01	1.2801295e-01
2.6514569e+01	-1.9631484e-02
2.6536378e+01	1.8775363e-02
2.6558187e+01	9.3014887e-02
2.6579996e+01	3.6919214e-01
2.6601805e+01	6.0659590e-01
2.6623614e+01	9.6593348e-01
2.6645423e+01	1.3536111e+00
2.6667232e+01	1.2447870e+00
2.6689041e+01	1.0063303e+00
2.6710850e+01	6.3806425e-01
2.6732659e+01	3.7511810e-01
2.6754468e+01	-8.2294479e-02
2.6776277e+01	-4.2124915e-02
2.6798086e+01	7.1206079e-02
2.6819895e+01	-1.3251170e-01
2.6841703e+01	-1.1901475e-01
2.6863512e+01	1.7585932e-01
2.6885321e+01	4.1673783e-01
2.6907130e+01	4.8851890e-01
2.6928939e+01	5.0858590e-01
2.6950748e+01	7.3566454e-01
2.6972557e+01	4.4249434e-01
2.6994366e+01	2.1656982e-01
2.7016175e+01	1.2941488e-01
2.7037984e+01	9.5822063e-02
2.7059793e+01	-3.8112641e-02
2.7081602e+01	-1.1781619e-01
2.7103411e+01	-1.8987764e-02
2.7125220e+01	3.6355405e-02
2.7147029e+01	-2.0037253e-01
2.7168838e+01	-2.1426958e-01
2.7190646e+01	1.2591525e-01
2.7212455e+01	8.9968290e-02
2.7234264e+01	6.5329367e-02
2.7256073e+01	5.5581773e-02
2.7277882e+01	-1.2193961e-01
2.7299691e+01	1.2620347e-02
2.7321500e+01	2.2197185e-02
2.7343309e+01	4.0564641e-02
2.7365118e+01	-1.1729151e-01
2.7386927e+01	-1.0736881e-01
2.7408736e+01	3.9672683e-02
2.7430545e+01	-1.4448432e-02
2.7452354e+01	-5.3242392e-02
2.7474163e+01	1.2169698e-02
2.7495972e+01	2.6529887e-01
2.7517781e+01	3.5317531e-01
2.7539590e+01	2.2796297e-02
2.7561398e+01	-3.2889897e-02
2.7583207e+01	9.9426171e-02
2.7605016e+01	-2.2109388e-02
2.7626825e+01	-1.9804013e-02
2.7648634e+01	1.3550725e-01
2.7670443e+01	4.7618591e-01
2.7692252e+01	8.3059369e-01
2.7714061e+01	1.0275439e+00
2.7735870e+01	1.5035948e+00
2.7757679e+01	1.8656008e+00
2.7779488e+01	1.9632371e+00
2.7801297e+01	1.6892140e+00
2.7823106e+01	1.4447038e+00
2.7844915e+01	1.1821119e+00
2.7866724e+01	8.7799947e-01
2.7888533e+01	6.2583789e-01
2.7910341e+01	4.3103343e-01
2.7932150e+01	8.7921711e-02
2.7953959e+01	-1.6788299e-01
2.7975768e+01	1.0587730e-02
2.7997577e+01	5.7212847e-03
2.8019386e+01	9.1502846e-02
2.8041195e+01	-1.9634802e-02
2.8063004e+01	-1.7519863e-01
2.8084813e+01	-4.7351677e-02
2.8106622e+01	1.6236894e-02
2.8128431e+01	-3.8908328e-02
2.8150240e+01	1.2212225e-02
2.8172049e+01	-3.0670589e-02
2.8193858e+01	4.8811582e-01
2.8215667e+01	3.7502977e-01
2.8237476e+01	3.5837902e-01
2.8259284e+01	5.9749535e-01
2.8281093e+01	5.7121548e-01
2.8302902e+01	4.2961367e-01
2.8324711e+01	1.7948334e-01
2.8346520e+01	1.9467332e-02
2.8368329e+01	6.7681754e-02
2.8390138e+01	-6.9668636e-02
2.8411947e+01	-1.4186323e-01
2.8433756e+01	1.4428935e-01
2.8455565e+01	3.4982410e-01
2.8477374e+01	6.4795743e-01
2.8499183e+01	1.1611780e+00
2.8520992e+01	1.5180782e+00
2.8542801e+01	1.6630872e+00
2.8564610e+01	1.7933214e+00
2.8586419e+01	1.7317210e+00
2.8608227e+01	1.5742894e+00
2.8630036e+01	1.3466289e+00
2.8651845e+01	8.5469072e-01
2.8673654e+01	3.9244422e-01
2.8695463e+01	7.1102679e-02
2.8717272e+01	1.7498652e-01
2.8739081e+01	-6.6852643e-02
2.8760890e+01	-1.0380309e-01
2.8782699e+01	1.5894798e-02
2.8804508e+01	1.3499412e-02
2.8826317e+01	-2.3131149e-01
2.8848126e+01	-1.0518319e-01
2.8869935e+01	6.2851385e-02
2.8891744e+01	5.2677119e-02
2.8913553e+01	-5.5838734e-02
2.8935362e+01	4.4392661e-02
2.8957170e+01	7.2920829e-02
2.8978979e+01	5.3210617e-02
2.9000788e+01	1.5614211e-01
2.9022597e+01	-1.0182257e-01
2.9044406e+01	-5.9837958e-02
2.9066215e+01	-3.6788570e-03
2.9088024e+01	3.7780967e-02
2.9109833e+01	-9.8584788e-02
2.9131642e+01	-6.3796745e-02
2.9153451e+01	-1.2785701e-02
2.9175260e+01	1.5644155e-01
2.9197069e+01	2.6512957e-02
2.9218878e+01	2.9357126e-02
2.9240687e+01	4.1567503e-02
2.9262496e+01	-1.8030590e-01
2.9284305e+01	2.7406471e-02
2.9306113e+01	9.4945329e-02
2.9327922e+01	4.9474586e-02
2.9349731e+01	-4.8207425e-02
2.9371540e+01	-1.6122849e-01
2.9393349e+01	7.9797891e-02
2.9415158e+01	1.3129939e-01
2.9436967e+01	-8.3184919e-03
2.9458776e+01	-9.6188838e-02
2.9480585e+01	-2.0392785e-02
2.9502394e+01	1.3808748e-01
2.9524203e+01	-6.0753044e-02
2.9546012e+01	1.5450093e-01
2.9567821e+01	3.5712198e-02
2.9589630e+01	-2.5027322e-02
2.9611439e+01	-9.5145622e-02
2.9633248e+01	-1.1529506e-01
2.9655057e+01	-1.5987285e-01
2.9676865e+01	-3.7429250e-02
2.9698674e+01	-3.2082563e-02
2.9720483e+01	-1.6621094e-02
2.9742292e+01	-5.8003904e-03
2.9764101e+01	-1.1845476e-02
2.9785910e+01	1.8782573e-01
2.9807719e+01	2.2171474e-01
2.9829528e+01	2.0807459e-01
2.9851337e+01	-5.5750128e-02
2.9873146e+01	-1.4643002e-01
2.9894955e+01	-1.0330693e-01
2.9916764e+01	6.6100144e-02
2.9938573e+01	1.6984946e-01
2.9960382e+01	4.3376277e-01
2.9982191e+01	1.0669333e+00
3.0004000e+01	1.6496477e+00
3.0025808e+01	1.9989104e+00
3.0047617e+01	2.3402712e+00
3.0069426e+01	2.7557074e+00
3.0091235e+01	2.8735169e+00
3.0113044e+01	2.9182390e+00
3.0134853e+01	2.7195614e+00
3.0156662e+01	2.3398927e+00
3.0178471e+01	1.9318524e+00
3.0200280e+01	1.4383062e+00
3.0222089e+01	7.5752057e-01
3.0243898e+01	3.5410513e-01
3.0265707e+01	1.4271044e-01
3.0287516e+01	6.7651631e-03
3.0309325e+01	-1.0443744e-02
3.0331134e+01	-1.1801446e-01
3.0352943e+01	-2.0357440e-01
3.0374751e+01	2.2623565e-02
3.0396560e+01	2.0646037e-01
3.0418369e+01	-6.1758174e-02
3.0440178e+01	-4.4682848e-02
3.0461987e+01	2.9905605e-02
3.0483796e+01	7.5641222e-02
3.0505605e+01	2.7824181e-03
3.0527414e+01	-2.3602096e-01
3.0549223e+01	-4.3617668e-02
3.0571032e+01	7.5670883e-02
3.0592841e+01	-9.1482449e-02
3.0614650e+01	1.6070673e-02
3.0636459e+01	-1.1216382e-02
3.0658268e+01	4.9235269e-02
3.0680077e+01	6.2613984e-02
3.0701886e+01	4.6072886e-02
3.0723694e+01	-7.8387753e-03
3.0745503e+01	3.6462173e-02
3.0767312e+01	1.0458289e-01
3.0789121e+01	1.0930983e-01
3.0810930e+01	5.9290070e-02
3.0832739e+01	2.6600933e-02
3.0854548e+01	-5.7073517e-02
3.0876357e+01	-1.5946828e-01
3.0898166e+01	5.2984502e-02
3.0919975e+01	8.1025186e-02
3.0941784e+01	-2.8736379e-02
3.0963593e+01	-5.2143816e-02
3.0985402e+01	3.0844897e-03
3.1007211e+01	3.1331661e-02
3.1029020e+01	-3.4783834e-02
3.1050829e+01	1.3874604e-02
3.1072637e+01	-1.0815626e-02
3.1094446e+01	-1.9737263e-01
3.1116255e+01	-9.7240406e-02
3.1138064e+01	-5.0562879e-02
3.1159873e+01	7.4633005e-02
3.1181682e+01	7.1313110e-02
3.1203491e+01	-5.3635760e-02
3.1225300e+01	8.5304451e-02
3.1247109e+01	3.3659047e-02
3.1268918e+01	1.9000739e-01
3.1290727e+01	-5.1802103e-02
3.1312536e+01	6.9060399e-02
3.1334345e+01	1.5739184e-01
3.1356154e+01	-8.6735559e-03
3.1377963e+01	-1.1786674e-01
3.1399772e+01	-6.6038872e-02
3.1421580e+01	-8.6536480e-02
3.1443389e+01	-4.5911322e-02
3.1465198e+01	2.7523982e-02
3.1487007e+01	-1.5983459e-02
3.1508816e+01	-1.5104521e-01
3.1530625e+01	-1.6298655e-01
3.1552434e+01	-2.0162058e-02
3.1574243e+01	1.8583749e-01
3.1596052e+01	1.7900480e-01
3.1617861e+01	1.3120629e-01
3.1639670e+01	6.2279360e-03
3.1661479e+01	7.5080527e-02
3.1683288e+01	4.7111623e-02
3.1705097e+01	-9.1434714e-02
3.1726906e+01	-1.8494573e-01
3.1748715e+01	1.1801377e-01
3.1770524e+01	6.4556878e-01
3.1792332e+01	8.1129516e-01
3.1814141e+01	1.1443433e+00
3.1835950e+01	1.8338848e+00
3.1857759e+01	2.2109648e+00
3.1879568e+01	2.5386910e+00
3.1901377e+01	2.7341047e+00
3.1923186e+01	2.6824744e+00
3.1944995e+01	2.6760505e+00
3.1966804e+01	2.5665103e+00
3.1988613e+01	2.3012905e+00
3.2010422e+01	1.6756293e+00
3.2032231e+01	1.2007782e+00
3.2054040e+01	5.5045273e-01
3.2075849e+01	1.4766219e-01
3.2097658e+01	1.2082045e-01
3.2119467e+01	-7.4104587e-02
3.2141275e+01	-7.9559292e-02
3.2163084e+01	-1.5073370e-02
3.2184893e+01	-8.8384003e-02
3.2206702e+01	-5.2710414e-02
3.2228511e+01	-1.0114609e-01
3.2250320e+01	7.1380884e-02
3.2272129e+01	9.8146258e-03
3.2293938e+01	7.7258324e-02
3.2315747e+01	3.4125627e-02
3.2337556e+01	4.3692558e-02
3.2359365e+01	-7.1622501e-03
3.2381174e+01	-1.1265174e-01
3.2402983e+01	-2.4326415e-02
3.2424792e+01	-4.4159586e-03
3.2446601e+01	1.2800197e-02
3.2468410e+01	1.2017363e-01
3.2490218e+01	-1.8176287e-01
3.2512027e+01	-1.4420943e-01
3.2533836e+01	5.7951583e-04
3.2555645e+01	1.5124338e-01
3.2577454e+01	1.0733129e-01
3.2599263e+01	4.5081513e-02
3.2621072e+01	7.7822868e-02
3.2642881e+01	6.1071781e-02
3.2664690e+01	7.4623898e-02
3.2686499e+01	-7.1409641e-02
3.2708308e+01	-7.5915464e-02
3.2730117e+01	-2.1544838e-01
3.2751926e+01	-8.1629160e-02
3.2773735e+01	1.3056600e-01
3.2795544e+01	9.4399450e-02
3.2817353e+01	3.9822352e-02
3.2839161e+01	1.4807320e-02
3.2860970e+01	1.9604171e-02
3.2882779e+01	-4.3221788e-02
3.2904588e+01	2.9671886e-02
3.2926397e+01	-7.9013293e-02
3.2948206e+01	-1.1362068e-01
3.2970015e+01	7.7201672e-02
3.2991824e+01	1.2376883e-01
3.3013633e+01	-5.1573946e-02
3.3035442e+01	-3.4045154e-03
3.3057251e+01	-3.2176210e-02
3.3079060e+01	-6.5726036e-02
3.3100869e+01	3.0130890e-02
3.3122678e+01	6.2523772e-02
3.3144487e+01	1.0522473e-01
3.3166296e+01	-1.0521904e-01
3.3188104e+01	-6.9708190e-02
3.3209913e+01	-3.1604359e-02
3.3231722e+01	3.4705898e-02
3.3253531e+01	-6.6485149e-02
3.3275340e+01	2.6791174e-02
3.3297149e+01	1.4076718e-01
3.3318958e+01	1.0553579e-01
3.3340767e+01	1.0091261e-01
3.3362576e+01	-1.7206045e-02
3.3384385e+01	5.8559874e-02
3.3406194e+01	-2.9331258e-01
3.3428003e+01	-3.3723169e-01
3.3449812e+01	-3.2441677e-02
3.3471621e+01	2.6919302e-02
3.3493430e+01	3.1950821e-02
3.3515239e+01	1.3885583e-01
3.3537047e+01	1.2889191e-01
3.3558856e+01	1.1665389e-01
3.3580665e+01	8.3097198e-02
3.3602474e+01	3.2125353e-02
3.3624283e+01	-6.7943787e-02
3.3646092e+01	9.7747495e-04
3.3667901e+01	4.3346104e-02
3.3689710e+01	2.5754530e-02
3.3711519e+01	-3.1002967e-02
3.3733328e+01	-5.9971099e-02
3.3755137e+01	-1.3196480e-01
3.3776946e+01	-3.5731537e-02
3.3798755e+01	-5.9791467e-03
3.3820564e+01	-2.3553068e-02
3.3842373e+01	8.6435316e-02
3.3864182e+01	1.5521312e-01
3.3885991e+01	5.7887617e-02
3.3907799e+01	2.8132246e-02
3.3929608e+01	-2.7994888e-02
3.3951417e+01	-9.1139521e-02
3.3973226e+01	-4.7208866e-02
3.3995035e+01	-4.6202530e-02
3.4016844e+01	2.4759866e-02
3.4038653e+01	-5.5229860e-02
3.4060462e+01	1.7195113e-02
3.4082271e+01	1.6646996e-02
3.4104080e+01	-1.4464685e-01
3.4125889e+01	2.6033303e-02
3.4147698e+01	1.0330059e-01
3.4169507e+01	1.0612393e-01
3.4191316e+01	1.0649854e-02
3.4213125e+01	-1.3416111e-01
3.4234934e+01	9.2101218e-02
3.4256742e+01	5.4770914e-02
3.4278551e+01	1.6627407e-02
3.4300360e+01	-1.0972103e-01
3.4322169e+01	-9.9821239e-03
3.4343978e+01	6.4757508e-02
3.4365787e+01	-7.6033985e-03
3.4387596e+01	-4.7807877e-02
3.4409405e+01	9.0201823e-03
3.4431214e+01	-1.3591152e-02
3.4453023e+01	6.9440072e-02
3.4474832e+01	1.3801386e-02
3.4496641e+01	-1.4414171e-01
3.4518450e+01	-6.6737840e-03
3.4540259e+01	1.0467216e-01
3.4562068e+01	-7.1310686e-02
3.4583877e+01	8.6916797e-02
3.4605685e+01	-5.3089761e-02
3.4627494e+01	-1.7889384e-01
3.4649303e+01	5.6488125e-02
3.4671112e+01	1.2957975e-01
3.4692921e+01	8.4927178e-02
3.4714730e+01	-2.0443335e-03
3.4736539e+01	5.3590535e-02
3.4758348e+01	1.2804915e-01
3.4780157e+01	-8.0368530e-02
3.4801966e+01	-1.4021123e-01
3.4823775e+01	-6.5727162e-02
3.4845584e+01	1.4450128e-03
3.4867393e+01	-1.0744901e-01
3.4889202e+01	-3.8152611e-02
3.4911011e+01	7.8244147e-02
3.4932820e+01	5.8482313e-02
3.4954628e+01	1.6240761e-01
3.4976437e+01	8.2799970e-02
3.4998246e+01	2.2734894e-03
3.5020055e+01	-5.1443896e-02
3.5041864e+01	-9.3534921e-02
3.5063673e+01	2.6566852e-02
3.5085482e+01	-6.3784675e-02
3.5107291e+01	-7.1495534e-02
3.5129100e+01	5.0695843e-02
3.5150909e+01	3.8636704e-02
3.5172718e+01	-7.3928995e-02
3.5194527e+01	-5.9456904e-02
3.5216336e+01	-5.9654867e-02
3.5238145e+01	1.6299591e-02
3.5259954e+01	1.9736859e-02
3.5281763e+01	7.3190228e-02
3.5303571e+01	8.1890720e-02
3.5325380e+01	1.0328489e-01
3.5347189e+01	3.8464133e-02
3.5368998e+01	3.8883002e-02
3.5390807e+01	-3.8218875e-02
3.5412616e+01	5.5507387e-02
3.5434425e+01	-4.4441030e-02
3.5456234e+01	-1.4699427e-01
3.5478043e+01	-1.5227075e-01
3.5499852e+01	9.4317783e-03
3.5521661e+01	-1.1030588e-01
3.5543470e+01	1.2835298e-02
3.5565279e+01	8.2216908e-02
3.5587088e+01	3.4954587e-02
3.5608897e+01	-4.2593596e-02
3.5630706e+01	1.0662160e-01
3.5652514e+01	1.1655456e-01
3.5674323e+01	2.4692455e-01
3.5696132e+01	-5.7291173e-02
3.5717941e+01	1.3530178e-01
3.5739750e+01	1.2025490e-01
3.5761559e+01	-5.8715856e-02
3.5783368e+01	-1.0730378e-01
3.5805177e+01	-4.0570541e-02
3.5826986e+01	2.6372702e-02
3.5848795e+01	-4.0845527e-02
3.5870604e+01	-6.5135195e-02
3.5892413e+01	9.0557588e-02
3.5914222e+01	9.2516337e-02
3.5936031e+01	-2.0669756e-01
3.5957840e+01	-2.6719043e-01
3.5979649e+01	-2.9367572e-01
3.6001458e+01	-1.6993519e-02
3.6023266e+01	2.7359124e-01
3.6045075e+01	2.2463459e-01
3.6066884e+01	7.6117416e-02
3.6088693e+01	2.4873987e-01
3.6110502e+01	1.4889290e-01
3.6132311e+01	1.4648644e-01
3.6154120e+01	-1.9662185e-02
3.6175929e+01	5.5765605e-02
3.6197738e+01	2.3237923e-01
3.6219547e+01	-1.5118873e-01
3.6241356e+01	-8.6164933e-02
3.6263165e+01	-7.4575557e-03
3.6284974e+01	-2.4290010e-02
3.6306783e+01	5.6311579e-02
3.6328592e+01	-2.6570186e-01
3.6350401e+01	-1.5604108e-01
3.6372209e+01	-2.7473140e-02
3.6394018e+01	6.4787179e-02
3.6415827e+01	2.8927222e-02
3.6437636e+01	1.2371260e-01
3.6459445e+01	4.2108713e-02
3.6481254e+01	1.1874143e-01
3.6503063e+01	2.1821631e-01
3.6524872e+01	-2.0044169e-02
3.6546681e+01	6.9994953e-02
3.6568490e+01	1.9841922e-01
3.6590299e+01	-5.3838878e-02
3.6612108e+01	-9.4975841e-02
3.6633917e+01	-1.6039016e-01
3.6655726e+01	-3.2711783e-01
3.6677535e+01	-2.2873592e-02
3.6699344e+01	-4.1551277e-02
3.6721152e+01	-5.0268560e-03
3.6742961e+01	2.0901208e-01
3.6764770e+01	2.7096930e-01
3.6786579e+01	1.6299172e-01
3.6808388e+01	-7.1544193e-03
3.6830197e+01	-7.9324003e-02
3.6852006e+01	9.9735255e-02
3.6873815e+01	4.5989323e-02
3.6895624e+01	-3.1151832e-02
3.6917433e+01	-4.5480571e-02
3.6939242e+01	5.9912489e-02
3.6961051e+01	-7.2894893e-02
3.6982860e+01	4.6600304e-02
3.7004669e+01	3.3685844e-01
3.7026478e+01	3.7690328e-01
3.7048287e+01	2.3837335e-01
3.7070095e+01	3.1296027e-01
3.7091904e+01	-1.0341725e-02
3.7113713e+01	-1.9655758e-01
3.7135522e+01	-1.4664489e-01
3.7157331e+01	-1.3661352e-02
3.7179140e+01	1.2201734e-01
3.7200949e+01	-7.2826581e-02
3.7222758e+01	3.7685593e-02
3.7244567e+01	-6.6006379e-02
3.7266376e+01	8.8600975e-03
3.7288185e+01	1.6157029e-01
3.7309994e+01	1.0279167e-01
3.7331803e+01	-2.6335967e-01
3.7353612e+01	-1.6581440e-01
3.7375421e+01	7.2238448e-02
3.7397230e+01	2.5651190e-01
3.7419038e+01	9.4997275e-02
3.7440847e+01	4.0554609e-01
3.7462656e+01	8.5749056e-01
3.7484465e+01	1.4001434e+00
3.7506274e+01	1.3711095e+00
3.7528083e+01	7.1145443e-01
3.7549892e+01	8.3749306e-01
3.7571701e+01	5.8998103e-01
3.7593510e+01	5.6567201e-01
3.7615319e+01	2.3158698e-01
3.7637128e+01	7.9622734e-02
3.7658937e+01	-7.2659350e-02
3.7680746e+01	-1.9843051e-01
3.7702555e+01	-1.3419549e-01
3.7724364e+01	-1.0576774e-01
3.7746173e+01	3.3270282e-02
3.7767981e+01	-1.0685555e-01
3.7789790e+01	-2.9335473e-02
3.7811599e+01	1.0292287e-01
3.7833408e+01	2.6787101e-01
3.7855217e+01	7.2806657e-02
3.7877026e+01	1.3185398e-01
3.7898835e+01	1.4926307e-01
3.7920644e+01	1.5356668e-01
3.7942453e+01	1.9684352e-01
3.7964262e+01	2.2214864e-01
3.7986071e+01	-1.9811235e-02
3.8007880e+01	-1.4554967e-01
3.8029689e+01	-4.0096415e-02
3.8051498e+01	-1.5437769e-01
3.8073307e+01	-1.3334683e-01
3.8095116e+01	-1.4145537e-01
3.8116925e+01	-1.6297514e-01
3.8138733e+01	-1.6254092e-01
3.8160542e+01	-1.1685009e-01
3.8182351e+01	1.1282988e-01
3.8204160e+01	1.6426931e-01
3.8225969e+01	-2.9865700e-02
3.8247778e+01	7.6651468e-02
3.8269587e+01	-5.0436682e-02
3.8291396e+01	2.0438243e-02
3.8313205e+01	1.3499023e-01
3.8335014e+01	6.7405708e-02
3.8356823e+01	8.3533444e-02
3.8378632e+01	2.2664624e-01
3.8400441e+01	1.9716431e-01
3.8422250e+01	-6.3591679e-02
3.8444059e+01	-1.0708638e-01
3.8465868e+01	7.9419708e-02
3.8487676e+01	7.1935320e-04
3.8509485e+01	-1.1639073e-01
3.8531294e+01	5.7282234e-02
3.8553103e+01	2.6567462e-02
3.8574912e+01	-1.6063234e-01
3.8596721e+01	-6.2919406e-02
3.8618530e+01	-1.4033668e-01
3.8640339e+01	8.7146440e-03
3.8662148e+01	1.2923213e-01
3.8683957e+01	-2.5323633e-02
3.8705766e+01	-1.6729160e-01
3.8727575e+01	-1.7610228e-02
3.8749384e+01	1.1686633e-01
3.8771193e+01	3.2628379e-02
3.8793002e+01	4.5826206e-02
3.8814811e+01	9.9212262e-02
3.8836619e+01	3.6304057e-02
3.8858428e+01	-5.7784840e-02
3.8880237e+01	-1.9836337e-02
3.8902046e+01	6.0022230e-02
3.8923855e+01	2.6468172e-02
3.8945664e+01	-1.9626440e-01
3.8967473e+01	9.2576977e-02
3.8989282e+01	-6.9476159e-02
3.9011091e+01	2.5927194e-02
3.9032900e+01	1.9201039e-01
3.9054709e+01	4.1742054e-02
3.9076518e+01	3.6458943e-01
3.9098327e+01	2.9571757e-01
3.9120136e+01	-4.4300631e-02
3.9141945e+01	-2.1365574e-01
3.9163754e+01	-2.6840332e-01
3.9185562e+01	1.3689037e-03
3.9207371e+01	3.0936981e-02
3.9229180e+01	1.3298039e-01
3.9250989e+01	2.1961582e-01
3.9272798e+01	7.0241975e-03
3.9294607e+01	3.8770841e-02
3.9316416e+01	-1.1431267e-01
3.9338225e+01	1.3754019e-01
3.9360034e+01	1.9585613e-01
3.9381843e+01	3.4312768e-01
3.9403652e+01	1.5673487e-01
3.9425461e+01	-3.3688860e-01
3.9447270e+01	-1.3206603e-01
3.9469079e+01	-9.0299114e-02
3.9490888e+01	-9.6021514e-02
3.9512697e+01	6.6830686e-02
3.9534505e+01	1.9674677e-01
3.9556314e+01	1.1978075e-01
3.9578123e+01	4.7645292e-03
3.9599932e+01	5.9238281e-02
3.9621741e+01	-1.0515439e-01
3.9643550e+01	-2.3096341e-01
3.9665359e+01	6.2128101e-02
3.9687168e+01	2.7918882e-01
3.9708977e+01	1.1920238e-01
3.9730786e+01	-1.4366304e-01
3.9752595e+01	-2.7395419e-03
3.9774404e+01	1.1757843e-01
3.9796213e+01	-5.3813387e-02
3.9818022e+01	1.2691813e-01
3.9839831e+01	8.7360271e-02
3.9861640e+01	-5.8849606e-02
3.9883449e+01	1.2049469e-01
3.9905257e+01	-5.8933570e-02
3.9927066e+01	-3.1505162e-02
3.9948875e+01	-3.5498980e-02
3.9970684e+01	-1.0536841e-01
3.9992493e+01	1.7559582e-01
4.0014302e+01	1.0534393e-01
4.0036111e+01	-7.7688213e-02
4.0057920e+01	-1.0226222e-01
4.0079729e+01	-1.3492456e-01
4.0101538e+01	-4.2666253e-02
4.0123347e+01	1.1794997e-01
4.0145156e+01	-1.1446073e-02
4.0166965e+01	-7.9731842e-02
4.0188774e+01	-1.0455169e-01
4.0210583e+01	1.0804632e-01
4.0232392e+01	7.6051864e-02
4.0254200e+01	3.2188689e-02
4.0276009e+01	-1.2895426e-01
4.0297818e+01	1.8010169e-01
4.0319627e+01	1.9545524e-02
4.0341436e+01	-7.4411922e-02
4.0363245e+01	1.2287828e-01
4.0385054e+01	-8.0764031e-02
4.0406863e+01	-5.3462529e-03
4.0428672e+01	7.4451905e-02
4.0450481e+01	-1.4404828e-01
4.0472290e+01	3.3590250e-02
4.0494099e+01	1.6575023e-02
4.0515908e+01	-1.4306102e-02
4.0537717e+01	3.6381487e-02
4.0559526e+01	-1.5186199e-02
4.0581335e+01	-1.0842119e-01
4.0603143e+01	1.3898220e-02
4.0624952e+01	7.8288468e-02
4.0646761e+01	-2.5861291e-02
4.0668570e+01	1.2965236e-01
4.0690379e+01	1.1712926e-01
4.0712188e+01	-7.1555587e-02
4.0733997e+01	1.1241920e-01
4.0755806e+01	2.5520674e-02
4.0777615e+01	-1.1727422e-01
4.0799424e+01	-2.3638776e-01
4.0821233e+01	-6.0080346e-02
4.0843042e+01	-7.1751779e-02
4.0864851e+01	1.9161022e-01
4.0886660e+01	-4.5025826e-02
4.0908469e+01	1.1599888e-02
4.0930278e+01	1.1252840e-01
4.0952086e+01	-7.9935156e-02
4.0973895e+01	-3.5129678e-03
4.0995704e+01	-1.0719168e-02
4.1017513e+01	8.1528056e-02
4.1039322e+01	3.6871429e-02
4.1061131e+01	1.3321913e-01
4.1082940e+01	-1.0726391e-01
4.1104749e+01	-1.3638368e-01
4.1126558e+01	1.8114401e-01
4.1148367e+01	9.3979305e-02
4.1170176e+01	6.3862518e-02
4.1191985e+01	-7.3630474e-02
4.1213794e+01	-6.5995399e-02
4.1235603e+01	-9.1706127e-02
4.1257412e+01	-1.2130922e-01
4.1279221e+01	4.0921324e-01
4.1301029e+01	1.4419861e-01
4.1322838e+01	-1.2597812e-03
4.1344647e+01	2.1584864e-02
4.1366456e+01	4.0177281e-02
4.1388265e+01	1.8400257e-01
4.1410074e+01	-3.5882767e-01
4.1431883e+01	1.1708149e-01
4.1453692e+01	1.6830794e-01
4.1475501e+01	-7.1097388e-03
4.1497310e+01	2.7441931e-02
4.1519119e+01	-3.4631882e-02
4.1540928e+01	-1.9341959e-02
4.1562737e+01	7.9186524e-03
4.1584546e+01	-1.5126792e-01
4.1606355e+01	-1.2454102e-01
4.1628164e+01	4.3351131e-02
4.1649972e+01	3.6380482e-02
4.1671781e+01	-7.1620343e-02
4.1693590e+01	-1.1980072e-01
4.1715399e+01	6.3921802e-02
4.1737208e+01	3.4164482e-01
4.1759017e+01	5.9085531e-01
4.1780826e+01	1.9108997e-01
4.1802635e+01	2.2481785e-01
4.1824444e+01	4.5935710e-02
4.1846253e+01	2.8282527e-01
4.1868062e+01	1.6019961e-01
4.1889871e+01	-4.6716182e-02
4.1911680e+01	1.4045772e-02
4.1933489e+01	-4.0417089e-02
4.1955298e+01	-1.8381852e-01
4.1977107e+01	4.6160279e-02
4.1998916e+01	-7.4084640e-02
4.2020724e+01	-2.3100204e-02
4.2042533e+01	-8.8204336e-02
4.2064342e+01	-1.5450455e-01
4.2086151e+01	2.1794937e-01
4.2107960e+01	1.7845071e-01
4.2129769e+01	-1.9254820e-02
4.2151578e+01	-4.3884516e-02
4.2173387e+01	-1.9165242e-01
4.2195196e+01	1.1206360e-01
4.2217005e+01	2.8284202e-01
4.2238814e+01	1.1988473e-01
4.2260623e+01	1.4238848e-01
4.2282432e+01	4.7082353e-02
4.2304241e+01	-2.7934269e-01
4.2326050e+01	-9.4695025e-02
4.2347859e+01	-2.9166611e-02
4.2369667e+01	-2.0591327e-01
4.2391476e+01	4.7007641e-03
4.2413285e+01	1.0700298e-01
4.2435094e+01	-6.9678568e-02
4.2456903e+01	-9.1493890e-03
4.2478712e+01	1.6377510e-01
4.2500521e+01	-1.1607588e-01
4.2522330e+01	-1.8039468e-02
4.2544139e+01	1.7659217e-01
4.2565948e+01	3.1253364e-01
4.2587757e+01	3.7859345e-01
4.2609566e+01	4.5726765e-01
4.2631375e+01	1.7498832e-01
4.2653184e+01	1.9020301e-01
4.2674993e+01	3.1060140e-01
4.2696802e+01	1.2268875e-01
4.2718610e+01	-2.4634199e-01
4.2740419e+01	-6.6861898e-02
4.2762228e+01	-6.6148658e-02
4.2784037e+01	1.0839924e-01
4.2805846e+01	7.2209733e-02
4.2827655e+01	-7.9251855e-02
4.2849464e+01	4.4471041e-02
4.2871273e+01	-5.0133742e-02
4.2893082e+01	-2.2806463e-01
4.2914891e+01	4.1104578e-03
4.2936700e+01	2.1260272e-01
4.2958509e+01	9.7536557e-02
4.2980318e+01	-4.5856593e-02
4.3002127e+01	-1.4717843e-01
4.3023936e+01	7.5551245e-02
4.3045745e+01	-1.2323154e-01
4.3067553e+01	8.0377566e-02
4.3089362e+01	7.8041413e-02
4.3111171e+01	-7.1434885e-02
4.3132980e+01	-3.5698018e-02
4.3154789e+01	-1.7392802e-01
4.3176598e+01	1.8475435e-01
4.3198407e+01	2.0828785e-01
4.3220216e+01	3.6512130e-01
4.3242025e+01	9.4938836e-02
4.3263834e+01	-2.5145022e-01
4.3285643e+01	-1.3764896e-01
4.3307452e+01	4.3476316e-01
4.3329261e+01	2.2900886e-01
4.3351070e+01	-8.4825835e-02
4.3372879e+01	2.9092598e-02
4.3394688e+01	1.3466779e-01
4.3416496e+01	3.9939697e-02
4.3438305e+01	6.8850868e-02
4.3460114e+01	3.8280218e-01
4.3481923e+01	2.3303360e-01
4.3503732e+01	5.7223757e-02
4.3525541e+01	-8.0844889e-02
4.3547350e+01	9.3637546e-02
4.3569159e+01	2.9539323e-02
4.3590968e+01	-3.6444305e-01
4.3612777e+01	-2.7548656e-01
4.3634586e+01	-2.5898075e-02
4.3656395e+01	-3.4448596e-02
4.3678204e+01	1.2897952e-01
4.3700013e+01	-1.2929845e-01
4.3721822e+01	4.2975999e-02
4.3743631e+01	8.0385124e-02
4.3765439e+01	-6.4291746e-02
4.3787248e+01	-5.6680270e-02
4.3809057e+01	7.8331403e-02
4.3830866e+01	2.1804786e-01
4.3852675e+01	1.7042558e-01
4.3874484e+01	1.6181058e-01
4.3896293e+01	1.7975192e-01
4.3918102e+01	1.5032246e-01
4.3939911e+01	8.1900953e-02
4.3961720e+01	-8.6205440e-02
4.3983529e+01	8.9918948e-02
4.4005338e+01	-3.4846106e-02
4.4027147e+01	-3.8795083e-01
4.4048956e+01	-1.5435758e-01
4.4070765e+01	-3.8855018e-02
4.4092574e+01	-2.1331661e-02
4.4114383e+01	3.5678947e-01
4.4136191e+01	3.5422283e-01
4.4158000e+01	6.4775832e-01
4.4179809e+01	3.7274248e-01
4.4201618e+01	1.0391146e-01
4.4223427e+01	-8.6056538e-02
4.4245236e+01	5.3845572e-01
4.4267045e+01	3.8603061e-01
4.4288854e+01	-5.7237709e-02
4.4310663e+01	2.0133373e-01
4.4332472e+01	-3.4238773e-02
4.4354281e+01	-1.7278999e-02
4.4376090e+01	-7.7053105e-02
4.4397899e+01	-1.5490381e-01
4.4419708e+01	1.1840415e-01
4.4441517e+01	1.1131356e-02
4.4463326e+01	1.0883706e-01
4.4485134e+01	-8.4909837e-02
4.4506943e+01	-7.8365043e-02
4.4528752e+01	1.6904062e-01
4.4550561e+01	2.6025057e-02
4.4572370e+01	-7.7697587e-03
4.4594179e+01	4.2778193e-02
4.4615988e+01	3.6000262e-01
4.4637797e+01	4.7239481e-01
4.4659606e+01	5.9484506e-01
4.4681415e+01	3.6888435e-01
4.4703224e+01	-1.4918285e-01
4.4725033e+01	1.9600092e-01
4.4746842e+01	2.0794721e-02
4.4768651e+01	2.9037794e-02
4.4790460e+01	5.9494981e-02
4.4812269e+01	-1.3551574e-01
4.4834077e+01	3.0196797e-03
4.4855886e+01	7.4519285e-02
4.4877695e+01	-2.3604436e-01
4.4899504e+01	3.6381587e-01
4.4921313e+01	2.9820323e-01
4.4943122e+01	-9.2251007e-02
4.4964931e+01	-1.1359157e-02
4.4986740e+01	2.1891012e-01