Image file: \\Gfs05\g45\SAXS\2020_12\HDF5\2020-12.10_Kevin_day2_SN\2020-12-10_Max_Cu123_SN_000017_data_000184.h5
ImageIntegration1d_chi_output; Output_Directory= \\Gfs05\g45\SAXS\2020_12\Processed\2020-12-09_Kevin_day1_SN\Chi-Sample-7
Profile = Radial, StartAzimuth = 0.0, EndAzimuth = 360.0, Sam_Det_distance = 250.818474293, InnerRadius = 15.0, OuterRadius = 2400.0, Lambda = 30, Ratio = 0.001, Itermax = 100
2400
2.0013229e+00	1.0363334e-01
2.0231319e+00	-1.1542546e-01
2.0449408e+00	1.8141152e-02
2.0667497e+00	-2.0503601e-01
2.0885587e+00	2.0329269e-01
2.1103676e+00	1.4288944e-01
2.1321765e+00	3.0542676e-01
2.1539855e+00	1.0041929e-01
2.1757944e+00	-1.5484383e-01
2.1976034e+00	-4.7338518e-02
2.2194123e+00	2.1749469e-01
2.2412212e+00	1.3453371e-01
2.2630302e+00	2.6533411e-02
2.2848391e+00	-6.6710501e-02
2.3066480e+00	-2.0860077e-01
2.3284570e+00	9.1542162e-02
2.3502659e+00	4.3955218e-01
2.3720749e+00	5.5008799e-03
2.3938838e+00	-2.1776493e-01
2.4156927e+00	1.0728750e-01
2.4375017e+00	1.1451474e-01
2.4593106e+00	2.7918384e-02
2.4811196e+00	-1.5899588e-02
2.5029285e+00	-5.2888524e-02
2.5247374e+00	5.0574750e-02
2.5465464e+00	4.4923088e-01
2.5683553e+00	3.7531081e-01
2.5901642e+00	3.7246888e-02
2.6119732e+00	5.8490952e-02
2.6337821e+00	-7.9192851e-02
2.6555911e+00	2.0681938e-02
2.6774000e+00	7.2182228e-02
2.6992089e+00	-7.3214539e-02
2.7210179e+00	-1.2176785e-01
2.7428268e+00	5.4903951e-02
2.7646358e+00	-2.6096686e-02
2.7864447e+00	-2.2855336e-02
2.8082536e+00	3.8363763e-02
2.8300626e+00	1.2252668e-01
2.8518715e+00	-3.4800479e-03
2.8736804e+00	7.5322144e-02
2.8954894e+00	6.9696635e-03
2.9172983e+00	-2.0970050e-01
2.9391073e+00	5.8327733e-02
2.9609162e+00	2.7755346e-01
2.9827251e+00	-4.2821625e-02
3.0045341e+00	-8.6109227e-02
3.0263430e+00	8.2358788e-02
3.0481519e+00	1.9859568e-04
3.0699609e+00	3.2160604e-02
3.0917698e+00	5.1157612e-02
3.1135788e+00	-1.4193284e-02
3.1353877e+00	6.2598262e-02
3.1571966e+00	1.9385268e-02
3.1790056e+00	-1.4504792e-01
3.2008145e+00	-1.9670940e-01
3.2226235e+00	1.0434158e-01
3.2444324e+00	2.9873777e-01
3.2662413e+00	2.4647753e-01
3.2880503e+00	5.3249624e-02
3.3098592e+00	-8.9556174e-02
3.3316681e+00	8.3667835e-02
3.3534771e+00	1.4029530e-01
3.3752860e+00	7.7351629e-02
3.3970950e+00	7.2104579e-02
3.4189039e+00	-1.9902044e-01
3.4407128e+00	-2.0445546e-01
3.4625218e+00	-8.7010539e-02
3.4843307e+00	9.3526461e-02
3.5061396e+00	1.4735875e-01
3.5279486e+00	2.9653394e-01
3.5497575e+00	4.1440043e-01
3.5715665e+00	1.4673677e-01
3.5933754e+00	-7.2359943e-02
3.6151843e+00	-2.5074117e-02
3.6369933e+00	-3.4394525e-02
3.6588022e+00	6.6763137e-03
3.6806112e+00	-4.1377195e-02
3.7024201e+00	-1.4641579e-01
3.7242290e+00	1.0387049e-01
3.7460380e+00	2.9679806e-01
3.7678469e+00	9.7402128e-02
3.7896558e+00	1.3880152e-01
3.8114648e+00	8.5997193e-02
3.8332737e+00	-9.7969629e-02
3.8550827e+00	-1.3138671e-01
3.8768916e+00	-1.2981435e-01
3.8987005e+00	1.4502571e-02
3.9205095e+00	2.9748125e-01
3.9423184e+00	8.1160561e-02
3.9641273e+00	-1.1314253e-01
3.9859363e+00	5.0571435e-02
4.0077452e+00	2.2391601e-03
4.0295542e+00	2.5895579e-01
4.0513631e+00	1.4098395e-01
4.0731720e+00	-1.1243223e-01
4.0949810e+00	-1.9213361e-02
4.1167899e+00	1.1032753e-01
4.1385989e+00	-4.0605636e-02
4.1604078e+00	-2.7690043e-02
4.1822167e+00	1.7104104e-02
4.2040257e+00	5.6159044e-02
4.2258346e+00	5.6929305e-02
4.2476435e+00	-8.7741484e-02
4.2694525e+00	2.4053518e-03
4.2912614e+00	-2.1129006e-01
4.3130704e+00	1.0326936e-01
4.3348793e+00	3.1393067e-01
4.3566882e+00	1.4106163e-01
4.3784972e+00	-6.6746958e-02
4.4003061e+00	1.4592581e-01
4.4221151e+00	5.3322936e-01
4.4439240e+00	2.9341083e-01
4.4657329e+00	-8.3803204e-02
4.4875419e+00	-4.8196536e-02
4.5093508e+00	-2.0673181e-01
4.5311597e+00	-9.8780617e-02
4.5529687e+00	8.4394486e-02
4.5747776e+00	1.3602543e-01
4.5965866e+00	1.7931645e-01
4.6183955e+00	7.7800104e-02
4.6402044e+00	5.2221360e-02
4.6620134e+00	-2.3124227e-01
4.6838223e+00	-1.0596176e-01
4.7056312e+00	1.5376996e-01
4.7274402e+00	4.3101853e-02
4.7492491e+00	4.8788115e-02
4.7710581e+00	-2.2307612e-02
4.7928670e+00	5.4100118e-02
4.8146759e+00	2.4037081e-01
4.8364849e+00	3.1720814e-01
4.8582938e+00	2.1267164e-03
4.8801028e+00	-2.3213534e-01
4.9019117e+00	-4.2856657e-02
4.9237206e+00	1.7296395e-01
4.9455296e+00	1.5912715e-02
4.9673385e+00	-2.8539237e-02
4.9891474e+00	-2.3244491e-01
5.0109564e+00	1.2875744e-01
5.0327653e+00	1.1807071e-01
5.0545743e+00	-1.2280066e-01
5.0763832e+00	1.1491304e-01
5.0981921e+00	9.2016746e-02
5.1200011e+00	1.0769268e-01
5.1418100e+00	-2.5337479e-02
5.1636189e+00	-6.7584077e-02
5.1854279e+00	-2.1108443e-01
5.2072368e+00	1.6837156e-01
5.2290458e+00	1.0066014e-01
5.2508547e+00	1.6444203e-02
5.2726636e+00	-3.1726456e-02
5.2944726e+00	-2.7321786e-01
5.3162815e+00	-3.1159036e-02
5.3380905e+00	1.8044124e-01
5.3598994e+00	1.3827127e-01
5.3817083e+00	1.0304762e-02
5.4035173e+00	1.4705457e-01
5.4253262e+00	2.0650574e-01
5.4471351e+00	-5.8047215e-02
5.4689441e+00	-2.0791811e-01
5.4907530e+00	5.7454709e-02
5.5125620e+00	-1.8583154e-01
5.5343709e+00	-1.6936563e-01
5.5561798e+00	1.8666001e-01
5.5779888e+00	4.3617944e-01
5.5997977e+00	8.5148882e-02
5.6216066e+00	1.2811385e-01
5.6434156e+00	2.6035934e-02
5.6652245e+00	1.3500873e-01
5.6870335e+00	7.9047843e-02
5.7088424e+00	-6.5798044e-02
5.7306513e+00	-2.3264381e-01
5.7524603e+00	-9.5047465e-02
5.7742692e+00	1.3540177e-01
5.7960782e+00	2.5626569e-01
5.8178871e+00	2.2780600e-02
5.8396960e+00	3.1184547e-01
5.8615050e+00	2.9125718e-01
5.8833139e+00	5.7576704e-02
5.9051228e+00	-2.0315511e-01
5.9269318e+00	2.5507362e-01
5.9487407e+00	8.4910579e-02
5.9705497e+00	-9.1370837e-02
5.9923586e+00	-6.9375777e-02
6.0141675e+00	3.4311066e-02
6.0359765e+00	2.2444115e-01
6.0577854e+00	4.0395152e-02
6.0795944e+00	-8.3386511e-02
6.1014033e+00	1.3897409e-01
6.1232122e+00	-1.0121284e-01
6.1450212e+00	-5.0888473e-02
6.1668301e+00	-4.8743410e-02
6.1886390e+00	2.1615536e-02
6.2104480e+00	1.3794283e-01
6.2322569e+00	-4.7787507e-02
6.2540659e+00	-7.5066505e-02
6.2758748e+00	8.4095210e-02
6.2976837e+00	6.6473894e-02
6.3194927e+00	2.1377313e-02
6.3413016e+00	5.9809736e-02
6.3631105e+00	-9.8781046e-03
6.3849195e+00	-3.1979393e-03
6.4067284e+00	9.0314212e-03
6.4285374e+00	-1.0558738e-01
6.4503463e+00	3.3864851e-02
6.4721552e+00	-1.4248231e-01
6.4939642e+00	-6.7445321e-02
6.5157731e+00	5.9096715e-02
6.5375821e+00	9.1329473e-02
6.5593910e+00	3.6185286e-02
6.5811999e+00	-1.2331542e-01
6.6030089e+00	-8.8339899e-02
6.6248178e+00	-2.8339834e-03
6.6466267e+00	1.5892188e-01
6.6684357e+00	1.5755859e-01
6.6902446e+00	-1.1505128e-01
6.7120536e+00	1.0381192e-01
6.7338625e+00	4.6027729e-02
6.7556714e+00	7.6525125e-02
6.7774804e+00	1.4759401e-02
6.7992893e+00	-1.4253751e-01
6.8210982e+00	-6.0888530e-02
6.8429072e+00	3.2816195e-03
6.8647161e+00	1.0626390e-02
6.8865251e+00	2.6950027e-02
6.9083340e+00	8.1417283e-02
6.9301429e+00	-1.5256335e-01
6.9519519e+00	2.8400076e-02
6.9737608e+00	9.5887924e-02
6.9955698e+00	-2.7290475e-01
7.0173787e+00	1.5981863e-01
7.0391876e+00	3.2097424e-02
7.0609966e+00	-1.3693290e-01
7.0828055e+00	6.2513480e-02
7.1046144e+00	1.2185676e-01
7.1264234e+00	4.9731768e-03
7.1482323e+00	-1.1455644e-01
7.1700413e+00	4.8602262e-02
7.1918502e+00	1.0241701e-01
7.2136591e+00	6.2148430e-02
7.2354681e+00	-3.6765098e-02
7.2572770e+00	8.1364650e-02
7.2790859e+00	-6.9255153e-02
7.3008949e+00	-9.8051215e-02
7.3227038e+00	1.2052789e-01
7.3445128e+00	2.7335173e-01
7.3663217e+00	-8.2247184e-02
7.3881306e+00	-2.0636295e-01
7.4099396e+00	3.7942621e-02
7.4317485e+00	9.2612479e-02
7.4535575e+00	4.7522927e-02
7.4753664e+00	-6.9805387e-04
7.4971753e+00	-1.2207121e-01
7.5189843e+00	2.2176994e-01
7.5407932e+00	4.0991280e-01
7.5626021e+00	2.9992863e-01
7.5844111e+00	1.0123770e-01
7.6062200e+00	-6.5963371e-04
7.6280290e+00	3.7174122e-03
7.6498379e+00	1.0949257e-01
7.6716468e+00	-1.8108614e-01
7.6934558e+00	-7.0588435e-02
7.7152647e+00	-7.0128871e-02
7.7370737e+00	7.0375896e-03
7.7588826e+00	-5.6371758e-02
7.7806915e+00	4.9252223e-02
7.8025005e+00	6.9462268e-02
7.8243094e+00	3.2174714e-02
7.8461183e+00	-7.9123329e-02
7.8679273e+00	1.1554608e-01
7.8897362e+00	1.5941502e-01
7.9115452e+00	1.8301987e-01
7.9333541e+00	-1.2267491e-01
7.9551630e+00	-1.8123881e-02
7.9769720e+00	1.1032646e-01
7.9987809e+00	-2.1973177e-01
8.0205898e+00	-1.0736542e-01
8.0423988e+00	1.8810600e-01
8.0642077e+00	5.0998706e-02
8.0860167e+00	-9.9263105e-02
8.1078256e+00	-2.1440276e-01
8.1296345e+00	1.2372096e-01
8.1514435e+00	1.2479404e-01
8.1732524e+00	-8.1912702e-02
8.1950614e+00	7.0129333e-02
8.2168703e+00	2.2746886e-01
8.2386792e+00	-5.5605906e-02
8.2604882e+00	6.1136330e-02
8.2822971e+00	4.2603935e-02
8.3041060e+00	-1.5469413e-01
8.3259150e+00	-3.3725090e-02
8.3477239e+00	3.6911026e-01
8.3695329e+00	1.0454772e-01
8.3913418e+00	1.6827346e-02
8.4131507e+00	4.9655992e-02
8.4349597e+00	2.7560200e-01
8.4567686e+00	-3.3741927e-02
8.4785775e+00	8.9356367e-02
8.5003865e+00	-7.7619815e-02
8.5221954e+00	-1.7133353e-01
8.5440044e+00	-7.6388379e-03
8.5658133e+00	6.7217293e-02
8.5876222e+00	3.0280022e-01
8.6094312e+00	7.6969754e-05
8.6312401e+00	-1.0972908e-01
8.6530491e+00	1.0890490e-01
8.6748580e+00	3.1884420e-01
8.6966669e+00	6.5710230e-02
8.7184759e+00	-2.6670014e-02
8.7402848e+00	-3.2182463e-02
8.7620937e+00	2.8338539e-01
8.7839027e+00	1.5089525e-01
8.8057116e+00	2.0824434e-02
8.8275206e+00	-2.2106914e-01
8.8493295e+00	-8.1635746e-02
8.8711384e+00	9.8426295e-02
8.8929474e+00	-1.4524438e-02
8.9147563e+00	6.3092911e-02
8.9365652e+00	-1.0922810e-01
8.9583742e+00	1.2834447e-02
8.9801831e+00	9.7728229e-02
9.0019921e+00	-2.3479949e-02
9.0238010e+00	9.3503295e-02
9.0456099e+00	1.3881147e-01
9.0674189e+00	-8.3226840e-02
9.0892278e+00	-5.1500935e-02
9.1110368e+00	-1.8279918e-01
9.1328457e+00	1.5170428e-01
9.1546546e+00	2.8627056e-01
9.1764636e+00	4.9447727e-01
9.1982725e+00	5.5598920e-01
9.2200814e+00	4.3095742e-01
9.2418904e+00	-7.9015282e-02
9.2636993e+00	3.3734550e-02
9.2855083e+00	3.2482891e-01
9.3073172e+00	-8.1968944e-02
9.3291261e+00	-3.5002087e-02
9.3509351e+00	1.8404540e-01
9.3727440e+00	8.1924602e-02
9.3945530e+00	5.3023642e-01
9.4163619e+00	6.9877477e-02
9.4381708e+00	7.3818810e-02
9.4599798e+00	-1.3253703e-01
9.4817887e+00	-2.6286436e-01
9.5035976e+00	6.4154316e-02
9.5254066e+00	4.6697464e-01
9.5472155e+00	1.0859336e-01
9.5690245e+00	8.1992335e-02
9.5908334e+00	-7.7701571e-03
9.6126423e+00	-8.6498217e-02
9.6344513e+00	5.3832763e-02
9.6562602e+00	1.2555390e-02
9.6780691e+00	-7.3446834e-02
9.6998781e+00	8.7059882e-03
9.7216870e+00	-1.0358369e-02
9.7434960e+00	2.8860723e-01
9.7653049e+00	1.5090983e-01
9.7871138e+00	1.7350328e-01
9.8089228e+00	-2.8828085e-01
9.8307317e+00	1.2848067e-02
9.8525407e+00	-5.4957002e-02
9.8743496e+00	7.8149588e-02
9.8961585e+00	9.9441916e-02
9.9179675e+00	-1.3458736e-01
9.9397764e+00	1.2800535e-01
9.9615853e+00	2.5833678e-01
9.9833943e+00	8.2870991e-02
1.0005203e+01	-2.2242661e-01
1.0027012e+01	2.0677808e-03
1.0048821e+01	3.8220178e-02
1.0070630e+01	2.4817678e-01
1.0092439e+01	-1.4938013e-02
1.0114248e+01	-5.9722260e-02
1.0136057e+01	1.4466458e-02
1.0157866e+01	-8.7601356e-03
1.0179675e+01	8.0533578e-02
1.0201484e+01	7.4658901e-02
1.0223293e+01	1.4546314e-01
1.0245102e+01	-2.7148857e-02
1.0266910e+01	-3.2310468e-02
1.0288719e+01	-8.0150667e-02
1.0310528e+01	-2.0783998e-01
1.0332337e+01	1.3439615e+00
1.0354146e+01	2.1751915e+00
1.0375955e+01	3.1374910e+00
1.0397764e+01	4.1952328e+00
1.0419573e+01	4.8776597e+00
1.0441382e+01	6.4229496e+00
1.0463191e+01	9.6251924e+00
1.0485000e+01	1.4944009e+01
1.0506809e+01	2.2469145e+01
1.0528618e+01	2.8568984e+01
1.0550427e+01	3.0056019e+01
1.0572236e+01	2.8158283e+01
1.0594045e+01	2.7363944e+01
1.0615853e+01	2.9285896e+01
1.0637662e+01	3.1809456e+01
1.0659471e+01	3.2586159e+01
1.0681280e+01	2.9309172e+01
1.0703089e+01	2.0964780e+01
1.0724898e+01	1.2622823e+01
1.0746707e+01	6.9962955e+00
1.0768516e+01	3.6839379e+00
1.0790325e+01	2.5343068e+00
1.0812134e+01	1.6691561e+00
1.0833943e+01	6.1083970e-01
1.0855752e+01	6.1565334e-01
1.0877561e+01	4.0410286e-01
1.0899370e+01	7.7840079e-03
1.0921179e+01	2.7029627e-02
1.0942988e+01	7.6714587e-02
1.0964796e+01	7.7000849e-02
1.0986605e+01	4.3434704e-01
1.1008414e+01	8.5480043e-01
1.1030223e+01	8.5187304e-01
1.1052032e+01	1.1051719e+00
1.1073841e+01	1.4362650e+00
1.1095650e+01	1.7468563e+00
1.1117459e+01	1.9596940e+00
1.1139268e+01	2.0713629e+00
1.1161077e+01	2.2857851e+00
1.1182886e+01	3.0461077e+00
1.1204695e+01	3.2812736e+00
1.1226504e+01	3.5804808e+00
1.1248313e+01	3.1682514e+00
1.1270122e+01	1.5513844e+00
1.1291931e+01	1.0036488e+00
1.1313740e+01	5.6738263e-01
1.1335548e+01	4.4685886e-01
1.1357357e+01	-1.7670066e-01
1.1379166e+01	-5.6090218e-02
1.1400975e+01	4.1860904e-02
1.1422784e+01	1.8174663e-01
1.1444593e+01	-1.1259842e-02
1.1466402e+01	7.9828258e-02
1.1488211e+01	-8.9559358e-02
1.1510020e+01	1.4070805e-01
1.1531829e+01	-9.8984711e-02
1.1553638e+01	-2.6143717e-02
1.1575447e+01	3.9802467e-03
1.1597256e+01	-3.0783703e-02
1.1619065e+01	-3.9659906e-02
1.1640874e+01	-1.1014314e-01
1.1662683e+01	-6.2247342e-03
1.1684491e+01	1.7547026e-01
1.1706300e+01	4.7638025e-02
1.1728109e+01	1.0018302e-01
1.1749918e+01	3.2709118e-01
1.1771727e+01	4.2724501e-01
1.1793536e+01	1.3209489e-02
1.1815345e+01	-5.8047079e-02
1.1837154e+01	9.8400288e-02
1.1858963e+01	-9.0345974e-02
1.1880772e+01	-2.8101940e-01
1.1902581e+01	-2.7890247e-02
1.1924390e+01	-7.3453871e-05
1.1946199e+01	7.5622154e-02
1.1968008e+01	1.1814819e-01
1.1989817e+01	-2.9533598e-02
1.2011626e+01	1.9775793e-01
1.2033434e+01	5.8252820e-02
1.2055243e+01	-3.9283679e-03
1.2077052e+01	1.1811897e-01
1.2098861e+01	-7.9304768e-02
1.2120670e+01	-1.1130911e-03
1.2142479e+01	-1.9806031e-01
1.2164288e+01	-2.1802693e-02
1.2186097e+01	1.3590849e-01
1.2207906e+01	-8.6517811e-02
1.2229715e+01	-1.0011636e-01
1.2251524e+01	1.5626972e-01
1.2273333e+01	1.2172344e-02
1.2295142e+01	1.9940124e-01
1.2316951e+01	6.1902291e-02
1.2338760e+01	-2.9310838e-03
1.2360569e+01	-1.0125763e-01
1.2382377e+01	-7.3810520e-02
1.2404186e+01	9.5022125e-02
1.2425995e+01	1.2314519e-01
1.2447804e+01	-3.1131540e-01
1.2469613e+01	1.1273211e-01
1.2491422e+01	3.3612064e-01
1.2513231e+01	-3.1527411e-02
1.2535040e+01	3.4239780e-02
1.2556849e+01	6.1222039e-01
1.2578658e+01	5.7515718e-01
1.2600467e+01	-3.7090143e-02
1.2622276e+01	1.6256998e-01
1.2644085e+01	6.8981869e-02
1.2665894e+01	-1.1021893e-01
1.2687703e+01	-1.0507474e-01
1.2709512e+01	5.8717939e-02
1.2731320e+01	1.0312089e-01
1.2753129e+01	-7.4003099e-02
1.2774938e+01	-3.0467001e-02
1.2796747e+01	6.9716350e-03
1.2818556e+01	6.2822593e-03
1.2840365e+01	-1.0139064e-01
1.2862174e+01	-3.0057613e-02
1.2883983e+01	-3.8657149e-03
1.2905792e+01	1.8230236e-01
1.2927601e+01	-9.3489398e-02
1.2949410e+01	8.1951344e-02
1.2971219e+01	8.1102996e-02
1.2993028e+01	3.3909346e-01
1.3014837e+01	4.8753643e-01
1.3036646e+01	3.2380483e-01
1.3058455e+01	2.8203311e-01
1.3080264e+01	4.4746041e-01
1.3102072e+01	5.1653331e-01
1.3123881e+01	5.3512778e-03
1.3145690e+01	1.6054778e-01
1.3167499e+01	-1.0755383e-01
1.3189308e+01	-5.8569712e-03
1.3211117e+01	1.1293391e-01
1.3232926e+01	1.8756136e-01
1.3254735e+01	-4.4222939e-02
1.3276544e+01	-1.3899102e-01
1.3298353e+01	2.1022659e-02
1.3320162e+01	-1.3127241e-01
1.3341971e+01	-3.6728350e-01
1.3363780e+01	1.2654178e-01
1.3385589e+01	4.7166158e-01
1.3407398e+01	3.7164894e-01
1.3429207e+01	6.9832452e-01
1.3451015e+01	6.4049429e-01
1.3472824e+01	3.9270226e-01
1.3494633e+01	3.6934039e-01
1.3516442e+01	2.3758097e-01
1.3538251e+01	-3.2357002e-02
1.3560060e+01	2.8124364e-02
1.3581869e+01	1.9451597e-01
1.3603678e+01	1.7846057e-01
1.3625487e+01	1.1622086e-01
1.3647296e+01	2.7872749e-01
1.3669105e+01	1.0506278e-01
1.3690914e+01	-1.0447069e-01
1.3712723e+01	-2.7555415e-01
1.3734532e+01	-1.0519463e-01
1.3756341e+01	1.1745497e-01
1.3778150e+01	-2.9233958e-02
1.3799958e+01	7.6834414e-02
1.3821767e+01	2.8119681e-01
1.3843576e+01	1.1557485e-01
1.3865385e+01	1.4557930e-02
1.3887194e+01	1.2318974e-02
1.3909003e+01	-2.0325225e-01
1.3930812e+01	-8.4099719e-02
1.3952621e+01	2.1764648e-02
1.3974430e+01	-1.6410026e-02
1.3996239e+01	-4.1340026e-03
1.4018048e+01	7.7954982e-02
1.4039857e+01	1.1048982e-01
1.4061666e+01	-4.8688938e-02
1.4083475e+01	-1.1468319e-01
1.4105284e+01	1.0254262e-01
1.4127093e+01	1.0631167e-01
1.4148901e+01	8.2224331e-02
1.4170710e+01	-4.8018205e-02
1.4192519e+01	-1.6530134e-01
1.4214328e+01	3.6993606e-02
1.4236137e+01	-5.4056590e-03
1.4257946e+01	-5.9665780e-02
1.4279755e+01	-2.0106428e-02
1.4301564e+01	-1.2495855e-02
1.4323373e+01	8.8571390e-02
1.4345182e+01	-1.9591228e-03
1.4366991e+01	7.7486609e-02
1.4388800e+01	-1.5470195e-02
1.4410609e+01	-1.4763928e-02
1.4432418e+01	1.8453723e-01
1.4454227e+01	-9.1252124e-03
1.4476036e+01	8.0535253e-02
1.4497844e+01	-1.2285102e-01
1.4519653e+01	-3.4058704e-02
1.4541462e+01	-9.0785584e-02
1.4563271e+01	-6.2587699e-02
1.4585080e+01	-1.5515153e-02
1.4606889e+01	-1.6647211e-02
1.4628698e+01	3.0832573e-02
1.4650507e+01	1.9889078e-02
1.4672316e+01	5.9033396e-02
1.4694125e+01	-7.8092538e-02
1.4715934e+01	-5.1715081e-02
1.4737743e+01	6.5086178e-02
1.4759552e+01	4.8292997e-02
1.4781361e+01	3.5387250e-02
1.4803170e+01	7.3341983e-01
1.4824979e+01	1.7786983e+00
1.4846787e+01	3.1159583e+00
1.4868596e+01	4.8013283e+00
1.4890405e+01	5.9200429e+00
1.4912214e+01	6.0469357e+00
1.4934023e+01	5.5120514e+00
1.4955832e+01	5.0533633e+00
1.4977641e+01	5.2706312e+00
1.4999450e+01	5.6750296e+00
1.5021259e+01	6.3243751e+00
1.5043068e+01	7.0014033e+00
1.5064877e+01	7.2179206e+00
1.5086686e+01	6.9114828e+00
1.5108495e+01	5.3296334e+00
1.5130304e+01	3.7148599e+00
1.5152113e+01	2.2155999e+00
1.5173922e+01	1.1310801e+00
1.5195731e+01	3.8586592e-01
1.5217539e+01	3.8907702e-01
1.5239348e+01	1.1641962e-01
1.5261157e+01	9.9878396e-02
1.5282966e+01	-1.7773777e-01
1.5304775e+01	-2.8984686e-02
1.5326584e+01	-1.2431362e-01
1.5348393e+01	8.3177782e-02
1.5370202e+01	1.7798452e-01
1.5392011e+01	-8.0035517e-02
1.5413820e+01	-1.5277643e-01
1.5435629e+01	9.7762229e-02
1.5457438e+01	9.8207374e-02
1.5479247e+01	-1.6660439e-01
1.5501056e+01	1.7819227e-01
1.5522865e+01	2.0446112e-01
1.5544674e+01	4.9817227e-02
1.5566482e+01	-2.1764530e-01
1.5588291e+01	-3.2492242e-02
1.5610100e+01	1.6977846e-01
1.5631909e+01	-8.6930629e-02
1.5653718e+01	-6.9668809e-02
1.5675527e+01	1.3875904e-01
1.5697336e+01	-7.9069055e-02
1.5719145e+01	-3.4242851e-02
1.5740954e+01	2.1036020e-01
1.5762763e+01	1.5000952e-01
1.5784572e+01	-1.7326894e-02
1.5806381e+01	-4.4450754e-02
1.5828190e+01	2.1792310e-02
1.5849999e+01	-7.1020168e-02
1.5871808e+01	6.6325045e-02
1.5893617e+01	-6.0720845e-02
1.5915425e+01	-1.3771334e-01
1.5937234e+01	2.2851646e-02
1.5959043e+01	1.9015572e-02
1.5980852e+01	-3.2122547e-02
1.6002661e+01	8.7857139e-02
1.6024470e+01	2.1280467e-01
1.6046279e+01	1.2977628e-01
1.6068088e+01	-8.3966990e-02
1.6089897e+01	-8.9787291e-02
1.6111706e+01	2.2048616e-03
1.6133515e+01	7.7736042e-03
1.6155324e+01	-1.3571307e-02
1.6177133e+01	-7.1490754e-02
1.6198942e+01	-1.1696697e-03
1.6220751e+01	-3.6184321e-02
1.6242560e+01	8.1759597e-03
1.6264368e+01	1.0592843e-01
1.6286177e+01	-3.4352686e-02
1.6307986e+01	1.0150525e-01
1.6329795e+01	5.7525390e-02
1.6351604e+01	-4.3171451e-02
1.6373413e+01	-5.6388787e-02
1.6395222e+01	-7.9697617e-02
1.6417031e+01	-9.5387771e-02
1.6438840e+01	1.4095520e-01
1.6460649e+01	1.9435112e-02
1.6482458e+01	-2.4533670e-02
1.6504267e+01	1.7717112e-01
1.6526076e+01	1.8103010e-02
1.6547885e+01	-4.9848773e-02
1.6569694e+01	-2.2872859e-02
1.6591503e+01	-1.1880476e-01
1.6613311e+01	-2.7693078e-02
1.6635120e+01	1.5240582e-02
1.6656929e+01	-4.8236821e-02
1.6678738e+01	4.9338459e-03
1.6700547e+01	-3.1164898e-02
1.6722356e+01	8.6752284e-02
1.6744165e+01	6.9617998e-02
1.6765974e+01	3.6616728e-02
1.6787783e+01	9.3237751e-02
1.6809592e+01	3.3532445e-02
1.6831401e+01	-2.6345845e-02
1.6853210e+01	-1.1569082e-01
1.6875019e+01	5.9824448e-03
1.6896828e+01	2.4157115e-02
1.6918637e+01	9.6979278e-02
1.6940446e+01	-2.5698696e-02
1.6962254e+01	-1.0935299e-01
1.6984063e+01	-1.6131472e-01
1.7005872e+01	-5.9112052e-02
1.7027681e+01	9.6483938e-02
1.7049490e+01	1.3968815e-01
1.7071299e+01	3.8084449e-02
1.7093108e+01	8.4976101e-02
1.7114917e+01	-1.1682495e-01
1.7136726e+01	6.5606609e-02
1.7158535e+01	4.0587132e-02
1.7180344e+01	4.6355336e-02
1.7202153e+01	-2.6107856e-02
1.7223962e+01	-2.0298196e-01
1.7245771e+01	5.0962314e-03
1.7267580e+01	5.8085951e-02
1.7289389e+01	-5.3341137e-02
1.7311198e+01	-6.4544912e-02
1.7333006e+01	6.9833083e-03
1.7354815e+01	4.4383299e-02
1.7376624e+01	7.3362480e-02
1.7398433e+01	-3.3543409e-02
1.7420242e+01	2.8614968e-02
1.7442051e+01	1.1563050e-01
1.7463860e+01	5.7067665e-02
1.7485669e+01	-5.2730017e-02
1.7507478e+01	-1.4398149e-01
1.7529287e+01	-1.2537152e-01
1.7551096e+01	5.9209464e-02
1.7572905e+01	1.4823394e-01
1.7594714e+01	5.1402405e-02
1.7616523e+01	3.9757896e-02
1.7638332e+01	-3.8602295e-02
1.7660141e+01	-1.6822535e-01
1.7681949e+01	1.7290726e-02
1.7703758e+01	2.6912943e-01
1.7725567e+01	1.4052532e-01
1.7747376e+01	2.4195517e-01
1.7769185e+01	-1.6778635e-03
1.7790994e+01	-7.8198152e-02
1.7812803e+01	-1.0663123e-01
1.7834612e+01	-9.5231357e-02
1.7856421e+01	-2.4885686e-03
1.7878230e+01	1.7092023e-01
1.7900039e+01	8.1131997e-02
1.7921848e+01	-1.1291432e-02
1.7943657e+01	-1.1910183e-01
1.7965466e+01	7.1415013e-02
1.7987275e+01	-7.8504751e-02
1.8009084e+01	1.0473251e-01
1.8030892e+01	6.0759935e-02
1.8052701e+01	1.6399286e-02
1.8074510e+01	7.8592084e-02
1.8096319e+01	-1.0529446e-01
1.8118128e+01	-1.1017044e-01
1.8139937e+01	-9.9080322e-02
1.8161746e+01	1.1334161e-01
1.8183555e+01	-3.1706463e-02
1.8205364e+01	-1.6555734e-02
1.8227173e+01	8.2222910e-02
1.8248982e+01	4.2475967e-02
1.8270791e+01	-2.6976218e-03
1.8292600e+01	-1.3793388e-01
1.8314409e+01	5.7284968e-02
1.8336218e+01	7.2853409e-02
1.8358027e+01	-3.2845875e-03
1.8379835e+01	-1.2398830e-01
1.8401644e+01	-7.1047676e-02
1.8423453e+01	1.2675178e-02
1.8445262e+01	1.2505604e-01
1.8467071e+01	5.0689104e-02
1.8488880e+01	3.0663590e-03
1.8510689e+01	8.7041373e-02
1.8532498e+01	1.4556467e-01
1.8554307e+01	-7.2273173e-02
1.8576116e+01	-2.1892376e-01
1.8597925e+01	1.9242302e-01
1.8619734e+01	6.3590760e-02
1.8641543e+01	-1.0620242e-01
1.8663352e+01	-7.3272061e-02
1.8685161e+01	-3.2038258e-03
1.8706970e+01	1.7826069e-01
1.8728778e+01	2.2498055e-01
1.8750587e+01	-6.5837471e-03
1.8772396e+01	-1.6389312e-01
1.8794205e+01	-9.8566300e-02
1.8816014e+01	-4.5571953e-02
1.8837823e+01	2.6445587e-02
1.8859632e+01	1.2302353e-01
1.8881441e+01	1.7992953e-01
1.8903250e+01	7.8364980e-02
1.8925059e+01	-7.4664015e-02
1.8946868e+01	-6.8654517e-02
1.8968677e+01	-8.9492131e-02
1.8990486e+01	6.0929645e-02
1.9012295e+01	-4.6499870e-02
1.9034104e+01	6.1015914e-02
1.9055913e+01	2.5941061e-02
1.9077721e+01	2.8282114e-02
1.9099530e+01	-4.6896227e-02
1.9121339e+01	-5.6176643e-02
1.9143148e+01	-2.4831119e-02
1.9164957e+01	6.4025456e-02
1.9186766e+01	-7.8887654e-02
1.9208575e+01	7.8004090e-02
1.9230384e+01	2.9233505e-02
1.9252193e+01	6.4073526e-02
1.9274002e+01	4.3982176e-03
1.9295811e+01	-1.6204763e-01
1.9317620e+01	-7.0996588e-02
1.9339429e+01	3.5713138e-03
1.9361238e+01	-3.4106765e-02
1.9383047e+01	1.6004949e-01
1.9404856e+01	5.0451711e-02
1.9426665e+01	2.0104880e-01
1.9448473e+01	8.8097007e-02
1.9470282e+01	-1.6806155e-02
1.9492091e+01	-1.7727725e-01
1.9513900e+01	-1.7128128e-02
1.9535709e+01	-3.4671415e-02
1.9557518e+01	1.3008171e-01
1.9579327e+01	3.2432234e-03
1.9601136e+01	-8.4254432e-02
1.9622945e+01	-6.2506744e-02
1.9644754e+01	4.0232995e-02
1.9666563e+01	6.9289637e-02
1.9688372e+01	-1.1158010e-01
1.9710181e+01	-2.1015200e-02
1.9731990e+01	3.3156253e-01
1.9753799e+01	1.8802527e-01
1.9775608e+01	-7.7094459e-03
1.9797416e+01	-1.2028402e-01
1.9819225e+01	1.2401486e-01
1.9841034e+01	9.6178820e-02
1.9862843e+01	4.1136802e-03
1.9884652e+01	-1.1891679e-01
1.9906461e+01	-1.4923270e-01
1.9928270e+01	-2.0505433e-02
1.9950079e+01	5.2531023e-02
1.9971888e+01	1.9160766e-01
1.9993697e+01	8.6407848e-02
2.0015506e+01	3.5647888e-02
2.0037315e+01	-2.2934727e-03
2.0059124e+01	2.8560598e-02
2.0080933e+01	-5.8983724e-02
2.0102742e+01	-1.5192586e-01
2.0124551e+01	1.1094545e-01
2.0146359e+01	3.7537613e-02
2.0168168e+01	-9.3447566e-02
2.0189977e+01	-6.9629550e-02
2.0211786e+01	5.4908881e-02
2.0233595e+01	6.8430557e-02
2.0255404e+01	-1.4505688e-01
2.0277213e+01	-7.1777991e-02
2.0299022e+01	7.5760793e-02
2.0320831e+01	2.3785930e-01
2.0342640e+01	2.6544013e-01
2.0364449e+01	6.3495318e-02
2.0386258e+01	5.2917332e-03
2.0408067e+01	2.3848645e-02
2.0429876e+01	6.7052235e-02
2.0451685e+01	-1.0297181e-01
2.0473494e+01	-2.0839584e-01
2.0495302e+01	8.5998515e-04
2.0517111e+01	1.3963503e-01
2.0538920e+01	2.7783803e-01
2.0560729e+01	3.4702910e-01
2.0582538e+01	-1.1969702e-02
2.0604347e+01	5.2847218e-02
2.0626156e+01	3.9032029e-02
2.0647965e+01	8.7670960e-02
2.0669774e+01	1.1306680e-02
2.0691583e+01	-8.2615303e-02
2.0713392e+01	-6.6915588e-02
2.0735201e+01	-1.5996220e-02
2.0757010e+01	7.9856884e-02
2.0778819e+01	-9.4805450e-02
2.0800628e+01	-1.2475529e-01
2.0822437e+01	8.9367252e-02
2.0844245e+01	6.7714568e-03
2.0866054e+01	2.0960897e-02
2.0887863e+01	3.2215384e-01
2.0909672e+01	4.9583882e-01
2.0931481e+01	9.8183219e-01
2.0953290e+01	1.4236377e+00
2.0975099e+01	2.3308639e+00
2.0996908e+01	4.1035327e+00
2.1018717e+01	6.6968746e+00
2.1040526e+01	1.0155595e+01
2.1062335e+01	1.2008889e+01
2.1084144e+01	1.1755360e+01
2.1105953e+01	1.0301065e+01
2.1127762e+01	9.2586170e+00
2.1149571e+01	8.9533615e+00
2.1171380e+01	9.6368981e+00
2.1193188e+01	1.1402995e+01
2.1214997e+01	1.3441310e+01
2.1236806e+01	1.5416542e+01
2.1258615e+01	1.6855695e+01
2.1280424e+01	1.8130212e+01
2.1302233e+01	1.8486466e+01
2.1324042e+01	1.7251205e+01
2.1345851e+01	1.4569185e+01
2.1367660e+01	1.0643757e+01
2.1389469e+01	6.6278577e+00
2.1411278e+01	3.5044303e+00
2.1433087e+01	1.9121493e+00
2.1454896e+01	9.9921533e-01
2.1476705e+01	2.8622510e-01
2.1498514e+01	-1.9416699e-02
2.1520323e+01	-3.0213874e-02
2.1542132e+01	-1.4551053e-01
2.1563940e+01	1.2487980e-01
2.1585749e+01	1.0204387e-01
2.1607558e+01	7.2892054e-03
2.1629367e+01	1.1394170e-01
2.1651176e+01	1.3777972e-01
2.1672985e+01	-2.6608225e-02
2.1694794e+01	-7.1227998e-02
2.1716603e+01	-8.7747080e-02
2.1738412e+01	5.9549549e-03
2.1760221e+01	-4.3568294e-03
2.1782030e+01	6.4459483e-02
2.1803839e+01	-3.3640150e-02
2.1825648e+01	-2.9384648e-01
2.1847457e+01	-9.5094763e-03
2.1869266e+01	9.4214762e-02
2.1891075e+01	-5.7806214e-02
2.1912883e+01	4.0826058e-02
2.1934692e+01	1.0796047e-01
2.1956501e+01	-4.5167755e-02
2.1978310e+01	1.0119626e-01
2.2000119e+01	-1.8646535e-02
2.2021928e+01	1.1617029e-01
2.2043737e+01	-6.3611788e-02
2.2065546e+01	-1.2620484e-01
2.2087355e+01	-4.4608980e-02
2.2109164e+01	7.5389419e-02
2.2130973e+01	1.0224341e-01
2.2152782e+01	-7.0343508e-02
2.2174591e+01	-1.3981637e-03
2.2196400e+01	-7.1150973e-02
2.2218209e+01	9.3889188e-02
2.2240018e+01	5.1876784e-02
2.2261826e+01	2.9706858e-02
2.2283635e+01	-3.6422801e-02
2.2305444e+01	-1.3526294e-01
2.2327253e+01	-4.4650776e-02
2.2349062e+01	1.4889157e-02
2.2370871e+01	9.5387155e-02
2.2392680e+01	3.9794364e-02
2.2414489e+01	1.8578159e-02
2.2436298e+01	-1.0286877e-01
2.2458107e+01	3.4130623e-02
2.2479916e+01	8.3551147e-02
2.2501725e+01	-4.7241985e-03
2.2523534e+01	-2.0689103e-02
2.2545343e+01	-9.3797979e-02
2.2567152e+01	-7.6884126e-02
2.2588961e+01	3.2185527e-02
2.2610769e+01	1.4686053e-01
2.2632578e+01	1.5120390e-01
2.2654387e+01	2.9286645e-02
2.2676196e+01	-8.6832078e-03
2.2698005e+01	-6.2560278e-02
2.2719814e+01	-1.2713106e-01
2.2741623e+01	-1.0048212e-01
2.2763432e+01	1.0368757e-01
2.2785241e+01	2.6139221e-02
2.2807050e+01	-1.4171904e-01
2.2828859e+01	1.3454850e-01
2.2850668e+01	1.4209427e-02
2.2872477e+01	-7.0795454e-02
2.2894286e+01	-9.2289152e-03
2.2916095e+01	4.6421759e-02
2.2937904e+01	2.6296580e-02
2.2959712e+01	1.1190394e-01
2.2981521e+01	1.4267463e-01
2.3003330e+01	-1.0202244e-01
2.3025139e+01	-1.3297408e-01
2.3046948e+01	-1.1424255e-01
2.3068757e+01	3.9326261e-02
2.3090566e+01	1.2772339e-01
2.3112375e+01	9.5546317e-03
2.3134184e+01	-4.6773166e-02
2.3155993e+01	2.1571986e-02
2.3177802e+01	4.7031664e-02
2.3199611e+01	1.4319454e-02
2.3221420e+01	-1.1372169e-01
2.3243229e+01	8.4798970e-02
2.3265038e+01	-4.8071263e-02
2.3286847e+01	-4.5512575e-03
2.3308655e+01	-5.3938018e-02
2.3330464e+01	1.3608970e-02
2.3352273e+01	2.7535268e-01
2.3374082e+01	6.4720047e-01
2.3395891e+01	7.7756563e-01
2.3417700e+01	9.4177741e-01
2.3439509e+01	1.5614731e+00
2.3461318e+01	2.4627349e+00
2.3483127e+01	4.0585441e+00
2.3504936e+01	6.5282370e+00
2.3526745e+01	8.6851859e+00
2.3548554e+01	1.0008751e+01
2.3570363e+01	1.0216491e+01
2.3592172e+01	9.4612216e+00
2.3613981e+01	8.1569558e+00
2.3635790e+01	7.6442663e+00
2.3657599e+01	7.9765592e+00
2.3679407e+01	9.2070849e+00
2.3701216e+01	1.0780771e+01
2.3723025e+01	1.2838012e+01
2.3744834e+01	1.4406408e+01
2.3766643e+01	1.5636576e+01
2.3788452e+01	1.7733770e+01
2.3810261e+01	1.8909572e+01
2.3832070e+01	1.8684622e+01
2.3853879e+01	1.6890732e+01
2.3875688e+01	1.3903302e+01
2.3897497e+01	1.0177512e+01
2.3919306e+01	6.7487676e+00
2.3941115e+01	4.2938261e+00
2.3962924e+01	2.6399226e+00
2.3984733e+01	1.6479716e+00
2.4006542e+01	9.3701737e-01
2.4028350e+01	5.7354805e-01
2.4050159e+01	1.6400395e-01
2.4071968e+01	7.3303185e-02
2.4093777e+01	-1.4434884e-01
2.4115586e+01	4.4195792e-02
2.4137395e+01	2.7712570e-02
2.4159204e+01	-2.7970545e-02
2.4181013e+01	-4.4815110e-02
2.4202822e+01	4.0183111e-02
2.4224631e+01	3.6251666e-02
2.4246440e+01	-4.0353385e-02
2.4268249e+01	-1.2039684e-01
2.4290058e+01	3.8991090e-02
2.4311867e+01	-4.9595733e-02
2.4333676e+01	-2.3264064e-01
2.4355485e+01	-2.7419273e-02
2.4377293e+01	1.6288407e-02
2.4399102e+01	8.3188545e-03
2.4420911e+01	4.4251904e-02
2.4442720e+01	1.5598362e-01
2.4464529e+01	9.7130705e-02
2.4486338e+01	4.7454016e-02
2.4508147e+01	1.8235455e-01
2.4529956e+01	3.2740085e-01
2.4551765e+01	3.5813966e-01
2.4573574e+01	6.8732457e-01
2.4595383e+01	8.4971808e-01
2.4617192e+01	8.8213370e-01
2.4639001e+01	1.0897699e+00
2.4660810e+01	5.1785124e-01
2.4682619e+01	1.5930916e-01
2.4704428e+01	2.2387336e-02
2.4726236e+01	-1.5913812e-01
2.4748045e+01	-1.4160212e-01
2.4769854e+01	-1.1672802e-01
2.4791663e+01	-3.7566172e-02
2.4813472e+01	9.0423847e-02
2.4835281e+01	-1.7683876e-02
2.4857090e+01	-6.5020917e-02
2.4878899e+01	4.0796122e-02
2.4900708e+01	4.7630601e-02
2.4922517e+01	-2.9671797e-02
2.4944326e+01	6.6037340e-02
2.4966135e+01	5.9875925e-02
2.4987944e+01	-1.2784609e-02
2.5009753e+01	2.0564568e-02
2.5031562e+01	4.3327022e-02
2.5053371e+01	-1.1584925e-01
2.5075179e+01	-8.5294217e-02
2.5096988e+01	1.1971266e-01
2.5118797e+01	1.4667778e-01
2.5140606e+01	-1.1714308e-01
2.5162415e+01	-1.0845722e-01
2.5184224e+01	5.8226728e-02
2.5206033e+01	-4.1647829e-02
2.5227842e+01	-4.2475689e-03
2.5249651e+01	2.9714155e-01
2.5271460e+01	2.6746396e-01
2.5293269e+01	1.4297279e-01
2.5315078e+01	-1.0917683e-01
2.5336887e+01	7.8892798e-02
2.5358696e+01	1.0789383e-02
2.5380505e+01	-1.3833057e-02
2.5402314e+01	1.6703579e-02
2.5424123e+01	2.4799065e-02
2.5445931e+01	9.2474760e-02
2.5467740e+01	-1.6492097e-01
2.5489549e+01	-3.3403943e-02
2.5511358e+01	1.5267734e-01
2.5533167e+01	-8.8598719e-02
2.5554976e+01	-1.1055945e-01
2.5576785e+01	-7.9255172e-02
2.5598594e+01	-7.0980025e-02
2.5620403e+01	9.2264363e-02
2.5642212e+01	5.7959004e-02
2.5664021e+01	-3.9895210e-02
2.5685830e+01	1.3126310e-01
2.5707639e+01	2.9591361e-01
2.5729448e+01	7.1525584e-01
2.5751257e+01	1.2847399e+00
2.5773066e+01	1.9509588e+00
2.5794874e+01	2.3246756e+00
2.5816683e+01	2.4556043e+00
2.5838492e+01	2.2872911e+00
2.5860301e+01	2.0857860e+00
2.5882110e+01	1.8063661e+00
2.5903919e+01	1.8573334e+00
2.5925728e+01	2.0643729e+00
2.5947537e+01	2.5075058e+00
2.5969346e+01	3.1609951e+00
2.5991155e+01	3.5819508e+00
2.6012964e+01	4.2111890e+00
2.6034773e+01	4.7375268e+00
2.6056582e+01	4.9587773e+00
2.6078391e+01	5.1750394e+00
2.6100200e+01	5.1340363e+00
2.6122009e+01	4.4477730e+00
2.6143817e+01	3.7761466e+00
2.6165626e+01	2.6127632e+00
2.6187435e+01	1.8360697e+00
2.6209244e+01	1.3635303e+00
2.6231053e+01	1.0178289e+00
2.6252862e+01	4.2139280e-01
2.6274671e+01	2.4516490e-01
2.6296480e+01	-4.0213792e-03
2.6318289e+01	-8.6730734e-03
2.6340098e+01	-7.8171328e-02
2.6361907e+01	-2.0594942e-03
2.6383716e+01	-1.1068522e-02
2.6405525e+01	-1.1757380e-01
2.6427334e+01	5.9149844e-02
2.6449143e+01	9.2042592e-02
2.6470952e+01	1.1955961e-01
2.6492760e+01	-4.5333836e-02
2.6514569e+01	1.4633623e-02
2.6536378e+01	-1.2260002e-01
2.6558187e+01	-5.6667427e-02
2.6579996e+01	-2.7615724e-02
2.6601805e+01	-1.0665357e-01
2.6623614e+01	1.1509633e-01
2.6645423e+01	1.6231122e-01
2.6667232e+01	7.3284997e-02
2.6689041e+01	6.0171241e-02
2.6710850e+01	1.2262860e-01
2.6732659e+01	-1.1581472e-02
2.6754468e+01	-7.1778386e-03
2.6776277e+01	-1.8643872e-01
2.6798086e+01	-2.1932035e-01
2.6819895e+01	4.6025628e-02
2.6841703e+01	1.5228261e-02
2.6863512e+01	-1.8256037e-02
2.6885321e+01	-5.6151260e-02
2.6907130e+01	1.2149635e-02
2.6928939e+01	1.4181494e-01
2.6950748e+01	1.5719083e-01
2.6972557e+01	8.2687713e-02
2.6994366e+01	-4.9985889e-02
2.7016175e+01	2.2481607e-02
2.7037984e+01	-5.0498516e-02
2.7059793e+01	-7.6283141e-02
2.7081602e+01	1.4886639e-02
2.7103411e+01	1.0622172e-02
2.7125220e+01	-6.6766258e-02
2.7147029e+01	6.8292842e-03
2.7168838e+01	-1.4861167e-03
2.7190646e+01	-2.2203607e-02
2.7212455e+01	2.3268137e-02
2.7234264e+01	7.4333025e-02
2.7256073e+01	-6.5050281e-02
2.7277882e+01	-1.9705275e-02
2.7299691e+01	5.3944491e-02
2.7321500e+01	-6.5747207e-02
2.7343309e+01	3.9327657e-02
2.7365118e+01	1.3028429e-01
2.7386927e+01	-3.4702421e-02
2.7408736e+01	-2.2317177e-02
2.7430545e+01	-1.1222251e-01
2.7452354e+01	2.6385428e-02
2.7474163e+01	2.3814074e-02
2.7495972e+01	1.6766307e-02
2.7517781e+01	-5.4261343e-02
2.7539590e+01	-8.2788416e-03
2.7561398e+01	1.0776209e-01
2.7583207e+01	9.4553747e-03
2.7605016e+01	-4.3417018e-02
2.7626825e+01	4.6240313e-02
2.7648634e+01	-5.8569527e-02
2.7670443e+01	-1.3664710e-01
2.7692252e+01	4.3673925e-02
2.7714061e+01	3.2332666e-02
2.7735870e+01	-1.1574310e-01
2.7757679e+01	7.5885998e-02
2.7779488e+01	3.4695631e-01
2.7801297e+01	1.2165297e-01
2.7823106e+01	2.1696740e-01
2.7844915e+01	1.1095261e-01
2.7866724e+01	-4.9712029e-02
2.7888533e+01	-6.5184737e-02
2.7910341e+01	-1.5752169e-02
2.7932150e+01	-1.4320554e-02
2.7953959e+01	1.1521486e-02
2.7975768e+01	-5.5417760e-02
2.7997577e+01	7.7347542e-03
2.8019386e+01	2.4168668e-03
2.8041195e+01	-5.0607928e-02
2.8063004e+01	-6.6010573e-02
2.8084813e+01	3.4576429e-02
2.8106622e+01	1.3196653e-01
2.8128431e+01	-8.4589352e-02
2.8150240e+01	-2.2672978e-02
2.8172049e+01	-8.9962740e-02
2.8193858e+01	-1.8004801e-02
2.8215667e+01	1.0187718e-01
2.8237476e+01	6.6640216e-02
2.8259284e+01	-8.5196096e-03
2.8281093e+01	-4.6493043e-02
2.8302902e+01	-5.3531161e-02
2.8324711e+01	8.7506211e-02
2.8346520e+01	1.8482415e-01
2.8368329e+01	3.6508599e-02
2.8390138e+01	-3.2518303e-02
2.8411947e+01	-1.1439576e-01
2.8433756e+01	-6.7396599e-02
2.8455565e+01	-1.2987588e-02
2.8477374e+01	2.0696604e-03
2.8499183e+01	-5.9499959e-02
2.8520992e+01	-2.2168434e-02
2.8542801e+01	3.1296142e-02
2.8564610e+01	3.8972509e-01
2.8586419e+01	1.9688162e-01
2.8608227e+01	9.7333116e-02
2.8630036e+01	1.4317557e-01
2.8651845e+01	3.7298167e-02
2.8673654e+01	-7.2958104e-02
2.8695463e+01	-2.0377630e-02
2.8717272e+01	3.5453790e-02
2.8739081e+01	-1.1242191e-01
2.8760890e+01	-1.6847930e-01
2.8782699e+01	-8.3185726e-02
2.8804508e+01	8.5207429e-02
2.8826317e+01	8.1156333e-02
2.8848126e+01	2.9615413e-02
2.8869935e+01	-1.4455731e-01
2.8891744e+01	4.1694658e-02
2.8913553e+01	-6.6574662e-02
2.8935362e+01	7.7996480e-02
2.8957170e+01	1.7292560e-01
2.8978979e+01	1.8088603e-02
2.9000788e+01	-3.1993522e-02
2.9022597e+01	-5.2961733e-03
2.9044406e+01	-5.3627861e-02
2.9066215e+01	2.2313223e-02
2.9088024e+01	1.2283601e-01
2.9109833e+01	-2.9282149e-02
2.9131642e+01	-1.4778195e-01
2.9153451e+01	-5.4985852e-03
2.9175260e+01	1.8901376e-01
2.9197069e+01	-2.3931034e-02
2.9218878e+01	-2.3485471e-02
2.9240687e+01	2.0512114e-02
2.9262496e+01	-3.6395312e-02
2.9284305e+01	1.3576390e-02
2.9306113e+01	-3.9048023e-02
2.9327922e+01	4.5020673e-02
2.9349731e+01	-3.2091247e-02
2.9371540e+01	-2.1155127e-02
2.9393349e+01	1.1056784e-01
2.9415158e+01	-7.4813914e-02
2.9436967e+01	6.7130525e-02
2.9458776e+01	1.1501451e-01
2.9480585e+01	-6.3725179e-02
2.9502394e+01	6.3374884e-02
2.9524203e+01	-5.6725116e-02
2.9546012e+01	-2.4320774e-01
2.9567821e+01	-1.3019616e-01
2.9589630e+01	1.3963587e-03
2.9611439e+01	5.3059331e-02
2.9633248e+01	1.8866379e-01
2.9655057e+01	1.0466692e-01
2.9676865e+01	3.8203664e-01
2.9698674e+01	8.2133551e-01
2.9720483e+01	1.5779819e+00
2.9742292e+01	2.4508980e+00
2.9764101e+01	3.2975453e+00
2.9785910e+01	4.0927070e+00
2.9807719e+01	4.4694185e+00
2.9829528e+01	4.2087070e+00
2.9851337e+01	3.9627570e+00
2.9873146e+01	3.5546008e+00
2.9894955e+01	3.1939356e+00
2.9916764e+01	3.2943088e+00
2.9938573e+01	3.7716667e+00
2.9960382e+01	4.5098156e+00
2.9982191e+01	5.4226139e+00
3.0004000e+01	6.6427799e+00
3.0025808e+01	7.7911199e+00
3.0047617e+01	8.9264462e+00
3.0069426e+01	9.9309032e+00
3.0091235e+01	1.0641782e+01
3.0113044e+01	1.1241296e+01
3.0134853e+01	1.1278816e+01
3.0156662e+01	1.0712188e+01
3.0178471e+01	9.1630632e+00
3.0200280e+01	6.9893969e+00
3.0222089e+01	4.7267505e+00
3.0243898e+01	3.1487934e+00
3.0265707e+01	1.8297568e+00
3.0287516e+01	1.1025562e+00
3.0309325e+01	6.8195472e-01
3.0331134e+01	3.2291980e-01
3.0352943e+01	9.1631737e-02
3.0374751e+01	2.3797197e-02
3.0396560e+01	-2.6931126e-02
3.0418369e+01	6.4147675e-02
3.0440178e+01	-8.6052345e-02
3.0461987e+01	-8.4035790e-02
3.0483796e+01	-7.2684130e-02
3.0505605e+01	2.6303077e-02
3.0527414e+01	8.6657268e-03
3.0549223e+01	8.5996877e-02
3.0571032e+01	-6.0230719e-02
3.0592841e+01	-6.8238295e-02
3.0614650e+01	-5.8339829e-02
3.0636459e+01	1.1104893e-01
3.0658268e+01	1.8441452e-02
3.0680077e+01	-2.5957089e-02
3.0701886e+01	-3.7977628e-02
3.0723694e+01	-7.7906416e-02
3.0745503e+01	1.9734366e-01
3.0767312e+01	1.1503228e-01
3.0789121e+01	-1.8473797e-02
3.0810930e+01	-8.4249492e-02
3.0832739e+01	9.8491569e-02
3.0854548e+01	4.5054793e-02
3.0876357e+01	6.9980988e-02
3.0898166e+01	9.1222992e-05
3.0919975e+01	-1.1792223e-01
3.0941784e+01	-1.2548613e-01
3.0963593e+01	7.8858367e-02
3.0985402e+01	3.6682858e-02
3.1007211e+01	3.0749284e-02
3.1029020e+01	-2.5584960e-03
3.1050829e+01	-5.3372653e-02
3.1072637e+01	-5.6457190e-02
3.1094446e+01	-1.3401496e-02
3.1116255e+01	9.6301487e-02
3.1138064e+01	-5.5391888e-02
3.1159873e+01	-7.3960460e-05
3.1181682e+01	-5.6641325e-03
3.1203491e+01	-5.1813469e-03
3.1225300e+01	5.3340029e-02
3.1247109e+01	5.8002126e-02
3.1268918e+01	-1.5533096e-01
3.1290727e+01	5.9524051e-02
3.1312536e+01	1.3089080e-02
3.1334345e+01	4.5678457e-03
3.1356154e+01	3.9759727e-02
3.1377963e+01	-4.6815905e-02
3.1399772e+01	-8.4051217e-02
3.1421580e+01	4.6891638e-02
3.1443389e+01	3.3877933e-02
3.1465198e+01	3.2449591e-01
3.1487007e+01	6.7498534e-01
3.1508816e+01	9.5445931e-01
3.1530625e+01	1.7597189e+00
3.1552434e+01	2.6993442e+00
3.1574243e+01	3.5874813e+00
3.1596052e+01	4.0665523e+00
3.1617861e+01	4.4387012e+00
3.1639670e+01	4.2396222e+00
3.1661479e+01	3.7691212e+00
3.1683288e+01	3.3585355e+00
3.1705097e+01	3.1574871e+00
3.1726906e+01	3.1358730e+00
3.1748715e+01	3.6239653e+00
3.1770524e+01	4.1874441e+00
3.1792332e+01	4.9954736e+00
3.1814141e+01	5.9167218e+00
3.1835950e+01	6.8699607e+00
3.1857759e+01	7.9770344e+00
3.1879568e+01	8.9003361e+00
3.1901377e+01	9.8416718e+00
3.1923186e+01	1.0548285e+01
3.1944995e+01	1.1123021e+01
3.1966804e+01	1.1103560e+01
3.1988613e+01	9.9493932e+00
3.2010422e+01	8.3696502e+00
3.2032231e+01	6.3431316e+00
3.2054040e+01	4.1261296e+00
3.2075849e+01	2.6604543e+00
3.2097658e+01	1.5071057e+00
3.2119467e+01	7.8693493e-01
3.2141275e+01	4.8777706e-01
3.2163084e+01	3.0671217e-01
3.2184893e+01	1.0504723e-01
3.2206702e+01	8.9367619e-02
3.2228511e+01	2.6937628e-02
3.2250320e+01	-8.2252128e-02
3.2272129e+01	-3.2757896e-02
3.2293938e+01	-8.6346478e-02
3.2315747e+01	-5.1363310e-02
3.2337556e+01	-7.9987882e-02
3.2359365e+01	6.4099396e-03
3.2381174e+01	1.8314241e-02
3.2402983e+01	-1.5653175e-02
3.2424792e+01	8.2951609e-02
3.2446601e+01	-4.3518229e-04
3.2468410e+01	3.8584528e-02
3.2490218e+01	-1.4499697e-02
3.2512027e+01	4.8856899e-02
3.2533836e+01	-3.0558051e-02
3.2555645e+01	-5.7293634e-03
3.2577454e+01	-4.5468819e-02
3.2599263e+01	-1.6759145e-01
3.2621072e+01	1.7340781e-01
3.2642881e+01	1.9444139e-01
3.2664690e+01	1.3773893e-01
3.2686499e+01	-1.1390270e-01
3.2708308e+01	-1.0598893e-01
3.2730117e+01	2.7214578e-03
3.2751926e+01	8.8874262e-03
3.2773735e+01	4.6673876e-03
3.2795544e+01	-3.7440926e-02
3.2817353e+01	2.1290490e-01
3.2839161e+01	3.2773976e-01
3.2860970e+01	9.3724669e-02
3.2882779e+01	2.4153000e-03
3.2904588e+01	-4.7531396e-03
3.2926397e+01	-8.8358827e-02
3.2948206e+01	-3.9274699e-02
3.2970015e+01	-2.9586590e-03
3.2991824e+01	-1.6063001e-02
3.3013633e+01	-6.8643530e-02
3.3035442e+01	1.0631892e-01
3.3057251e+01	-1.7141758e-02
3.3079060e+01	5.6075950e-02
3.3100869e+01	6.2132458e-02
3.3122678e+01	-6.9409015e-02
3.3144487e+01	-4.5713882e-02
3.3166296e+01	3.2387052e-03
3.3188104e+01	-2.2975128e-02
3.3209913e+01	-8.2180416e-03
3.3231722e+01	1.7858606e-02
3.3253531e+01	-8.0112916e-02
3.3275340e+01	-7.8226101e-02
3.3297149e+01	5.1185681e-02
3.3318958e+01	2.8721428e-01
3.3340767e+01	9.3960886e-02
3.3362576e+01	1.5738421e-01
3.3384385e+01	7.7274440e-02
3.3406194e+01	-1.9505688e-02
3.3428003e+01	-5.0491387e-02
3.3449812e+01	-1.6111519e-01
3.3471621e+01	-1.8158106e-01
3.3493430e+01	9.3000469e-02
3.3515239e+01	1.7599456e-01
3.3537047e+01	3.1675751e-01
3.3558856e+01	4.6600305e-01
3.3580665e+01	6.4011688e-01
3.3602474e+01	7.5032868e-01
3.3624283e+01	8.5047613e-01
3.3646092e+01	1.2052699e+00
3.3667901e+01	1.3296966e+00
3.3689710e+01	1.3584609e+00
3.3711519e+01	1.2461885e+00
3.3733328e+01	1.0124541e+00
3.3755137e+01	7.4960827e-01
3.3776946e+01	4.7583471e-01
3.3798755e+01	9.7601087e-02
3.3820564e+01	-7.0831963e-02
3.3842373e+01	4.1482525e-02
3.3864182e+01	3.6940214e-02
3.3885991e+01	1.1471491e-02
3.3907799e+01	7.1946170e-02
3.3929608e+01	-6.6366521e-02
3.3951417e+01	-1.0259677e-01
3.3973226e+01	-9.6303952e-02
3.3995035e+01	-5.3261728e-02
3.4016844e+01	-5.1612855e-02
3.4038653e+01	2.7545826e-02
3.4060462e+01	7.2002413e-02
3.4082271e+01	1.3169701e-01
3.4104080e+01	2.7739503e-02
3.4125889e+01	7.4797352e-02
3.4147698e+01	-2.0543408e-02
3.4169507e+01	-8.0953583e-02
3.4191316e+01	-1.4165872e-01
3.4213125e+01	4.1130801e-02
3.4234934e+01	7.4554455e-02
3.4256742e+01	-7.0145964e-02
3.4278551e+01	9.4892172e-02
3.4300360e+01	6.2404320e-02
3.4322169e+01	-8.3337211e-02
3.4343978e+01	-9.1272528e-02
3.4365787e+01	-3.0799117e-02
3.4387596e+01	1.2321971e-01
3.4409405e+01	1.7289708e-02
3.4431214e+01	6.0267739e-02
3.4453023e+01	-8.8682184e-03
3.4474832e+01	1.4711519e-02
3.4496641e+01	-8.9074086e-02
3.4518450e+01	-1.2993232e-01
3.4540259e+01	8.3621426e-02
3.4562068e+01	6.4543712e-02
3.4583877e+01	8.5464253e-02
3.4605685e+01	-1.2449566e-01
3.4627494e+01	-4.3939380e-02
3.4649303e+01	1.1927749e-01
3.4671112e+01	1.0132146e-01
3.4692921e+01	-4.3700135e-02
3.4714730e+01	-2.0613802e-01
3.4736539e+01	-7.5930798e-02
3.4758348e+01	1.2517220e-01
3.4780157e+01	1.0371832e-01
3.4801966e+01	1.6789422e-01
3.4823775e+01	-4.1612353e-02
3.4845584e+01	-8.3159874e-02
3.4867393e+01	-6.0941276e-02
3.4889202e+01	4.0230218e-02
3.4911011e+01	-2.5608668e-02
3.4932820e+01	3.3886752e-02
3.4954628e+01	5.8053232e-02
3.4976437e+01	-4.8383226e-02
3.4998246e+01	-8.3083097e-02
3.5020055e+01	-1.3303059e-01
3.5041864e+01	8.1580236e-02
3.5063673e+01	8.2538579e-02
3.5085482e+01	1.4219305e-01
3.5107291e+01	4.3054919e-02
3.5129100e+01	-6.7870721e-02
3.5150909e+01	-1.1050479e-01
3.5172718e+01	7.3944757e-02
3.5194527e+01	-2.5163684e-02
3.5216336e+01	-3.7928592e-02
3.5238145e+01	1.7008001e-03
3.5259954e+01	-1.1001401e-01
3.5281763e+01	1.0975787e-01
3.5303571e+01	-1.0734690e-02
3.5325380e+01	5.7103258e-02
3.5347189e+01	-6.8342872e-02
3.5368998e+01	-1.4778279e-02
3.5390807e+01	1.3829955e-01
3.5412616e+01	1.0659030e-01
3.5434425e+01	5.9651839e-02
3.5456234e+01	-6.3666812e-02
3.5478043e+01	-3.0579631e-03
3.5499852e+01	-1.6023711e-01
3.5521661e+01	-5.5396959e-02
3.5543470e+01	-2.4120150e-03
3.5565279e+01	-5.6667689e-02
3.5587088e+01	-8.1693098e-02
3.5608897e+01	1.6191071e-03
3.5630706e+01	1.0268608e-01
3.5652514e+01	8.2684098e-02
3.5674323e+01	5.6211540e-02
3.5696132e+01	2.7847940e-02
3.5717941e+01	2.1470224e-02
3.5739750e+01	-1.7727686e-02
3.5761559e+01	2.2383514e-02
3.5783368e+01	1.1020756e-01
3.5805177e+01	-6.3178724e-02
3.5826986e+01	2.8716543e-02
3.5848795e+01	6.4095786e-02
3.5870604e+01	-1.0703313e-03
3.5892413e+01	-9.2840137e-02
3.5914222e+01	-1.0207733e-01
3.5936031e+01	-2.1401182e-02
3.5957840e+01	-7.7927570e-02
3.5979649e+01	-2.1305346e-03
3.6001458e+01	5.4348316e-01
3.6023266e+01	8.9628865e-01
3.6045075e+01	8.0782770e-01
3.6066884e+01	8.7704404e-01
3.6088693e+01	9.2298644e-01
3.6110502e+01	7.8275163e-01
3.6132311e+01	7.4307037e-01
3.6154120e+01	6.3851140e-01
3.6175929e+01	5.8447247e-01
3.6197738e+01	5.6049930e-01
3.6219547e+01	2.7946950e-01
3.6241356e+01	4.1482429e-02
3.6263165e+01	1.2723143e-02
3.6284974e+01	6.1254423e-02
3.6306783e+01	-5.0129128e-02
3.6328592e+01	9.8212855e-02
3.6350401e+01	-3.6511788e-02
3.6372209e+01	-1.0397374e-01
3.6394018e+01	-1.5966118e-01
3.6415827e+01	-7.1565676e-02
3.6437636e+01	9.5489178e-02
3.6459445e+01	1.3832896e-01
3.6481254e+01	2.9207253e-01
3.6503063e+01	4.6833661e-01
3.6524872e+01	4.0355203e-01
3.6546681e+01	9.2551805e-02
3.6568490e+01	1.3608670e-01
3.6590299e+01	-1.0603972e-04
3.6612108e+01	-1.1783299e-01
3.6633917e+01	-5.1510169e-02
3.6655726e+01	-9.8999711e-04
3.6677535e+01	3.6837864e-01
3.6699344e+01	7.1455682e-01
3.6721152e+01	1.1629244e+00
3.6742961e+01	1.4530281e+00
3.6764770e+01	1.6819718e+00
3.6786579e+01	2.0421594e+00
3.6808388e+01	2.4486837e+00
3.6830197e+01	2.8299384e+00
3.6852006e+01	3.1827865e+00
3.6873815e+01	3.5714948e+00
3.6895624e+01	3.7062670e+00
3.6917433e+01	3.6558090e+00
3.6939242e+01	3.5019256e+00
3.6961051e+01	2.8844817e+00
3.6982860e+01	2.1830841e+00
3.7004669e+01	1.7718695e+00
3.7026478e+01	1.4761199e+00
3.7048287e+01	1.0774491e+00
3.7070095e+01	7.4221687e-01
3.7091904e+01	1.3712704e-01
3.7113713e+01	-2.5079955e-01
3.7135522e+01	1.3753992e-01
3.7157331e+01	2.3594126e-01
3.7179140e+01	1.6594549e-01
3.7200949e+01	-1.3435533e-01
3.7222758e+01	-6.5211178e-02
3.7244567e+01	1.0036399e-02
3.7266376e+01	5.7899143e-02
3.7288185e+01	-5.8059074e-02
3.7309994e+01	-9.1400851e-02
3.7331803e+01	-7.1069291e-03
3.7353612e+01	8.6369400e-02
3.7375421e+01	1.7224467e-02
3.7397230e+01	-7.3343783e-02
3.7419038e+01	-7.8085115e-02
3.7440847e+01	1.8696715e-01
3.7462656e+01	6.7411922e-01
3.7484465e+01	1.0054535e+00
3.7506274e+01	9.4594936e-01
3.7528083e+01	5.1108621e-01
3.7549892e+01	3.3685245e-01
3.7571701e+01	5.4674166e-03
3.7593510e+01	1.3899976e-01
3.7615319e+01	2.6855923e-01
3.7637128e+01	2.1571199e-02
3.7658937e+01	-1.6962951e-01
3.7680746e+01	-9.9631037e-02
3.7702555e+01	1.9388973e-01
3.7724364e+01	1.5746476e-01
3.7746173e+01	-6.0380501e-02
3.7767981e+01	-2.3854967e-02
3.7789790e+01	-3.3242290e-02
3.7811599e+01	-1.0745051e-01
3.7833408e+01	-8.0648132e-02
3.7855217e+01	-1.4955718e-01
3.7877026e+01	2.6821312e-02
3.7898835e+01	1.4149448e-01
3.7920644e+01	1.3697945e-01
3.7942453e+01	3.5699344e-01
3.7964262e+01	5.4474906e-01
3.7986071e+01	3.9175263e-01
3.8007880e+01	3.4314810e-01
3.8029689e+01	2.4782979e-01
3.8051498e+01	1.1646567e-01
3.8073307e+01	-1.5155423e-02
3.8095116e+01	1.4844175e-01
3.8116925e+01	-1.7466487e-01
3.8138733e+01	-2.0282725e-01
3.8160542e+01	1.3668076e-01
3.8182351e+01	4.8068421e-01
3.8204160e+01	9.5766535e-01
3.8225969e+01	1.2302688e+00
3.8247778e+01	1.5463532e+00
3.8269587e+01	2.2564552e+00
3.8291396e+01	2.4466745e+00
3.8313205e+01	2.8929896e+00
3.8335014e+01	3.2467473e+00
3.8356823e+01	3.5296071e+00
3.8378632e+01	3.7191997e+00
3.8400441e+01	3.6933737e+00
3.8422250e+01	3.6027318e+00
3.8444059e+01	3.3120526e+00
3.8465868e+01	2.7162757e+00
3.8487676e+01	1.6491739e+00
3.8509485e+01	9.3699961e-01
3.8531294e+01	7.1039463e-01
3.8553103e+01	2.4052554e-01
3.8574912e+01	6.8260980e-02
3.8596721e+01	-3.0863484e-02
3.8618530e+01	1.1892951e-02
3.8640339e+01	-8.4348692e-02
3.8662148e+01	2.7127024e-02
3.8683957e+01	9.2483874e-02
3.8705766e+01	-1.6014549e-01
3.8727575e+01	-6.0298954e-02
3.8749384e+01	-6.9303253e-02
3.8771193e+01	1.0592840e-01
3.8793002e+01	1.0541754e-01
3.8814811e+01	-7.2499943e-02
3.8836619e+01	5.0507410e-02
3.8858428e+01	-2.7390646e-02
3.8880237e+01	-3.0822838e-02
3.8902046e+01	-3.6861427e-02
3.8923855e+01	1.9591887e-03
3.8945664e+01	1.9510771e-02
3.8967473e+01	-4.5769124e-02
3.8989282e+01	8.2929458e-02
3.9011091e+01	2.0650459e-01
3.9032900e+01	1.4222192e-01
3.9054709e+01	-1.1159286e-01
3.9076518e+01	-1.5934227e-01
3.9098327e+01	1.4477281e-01
3.9120136e+01	3.8650830e-02
3.9141945e+01	-1.3372745e-01
3.9163754e+01	-4.1772519e-03
3.9185562e+01	3.5589667e-02
3.9207371e+01	1.0445963e-01
3.9229180e+01	-1.2604204e-01
3.9250989e+01	-1.3966680e-01
3.9272798e+01	4.3423181e-02
3.9294607e+01	6.4844227e-02
3.9316416e+01	3.2222529e-02
3.9338225e+01	-1.2698081e-01
3.9360034e+01	-3.6232442e-02
3.9381843e+01	1.2087758e-01
3.9403652e+01	2.1981637e-01
3.9425461e+01	4.1762405e-01
3.9447270e+01	9.7291046e-02
3.9469079e+01	2.2835708e-01
3.9490888e+01	4.8164644e-01
3.9512697e+01	-1.0801440e-01
3.9534505e+01	-2.7744047e-01
3.9556314e+01	1.3104850e-03
3.9578123e+01	2.3318739e-02
3.9599932e+01	8.4175953e-02
3.9621741e+01	1.0709686e-01
3.9643550e+01	5.0532923e-01
3.9665359e+01	9.6668505e-01
3.9687168e+01	1.1185110e+00
3.9708977e+01	1.2844849e+00
3.9730786e+01	1.5208115e+00
3.9752595e+01	1.5133184e+00
3.9774404e+01	1.8680954e+00
3.9796213e+01	2.1680172e+00
3.9818022e+01	2.3429796e+00
3.9839831e+01	2.5702002e+00
3.9861640e+01	2.4233919e+00
3.9883449e+01	2.0015164e+00
3.9905257e+01	1.7401203e+00
3.9927066e+01	1.0718854e+00
3.9948875e+01	6.9455349e-01
3.9970684e+01	5.8155723e-01
3.9992493e+01	1.5218836e-01
4.0014302e+01	-8.8875508e-02
4.0036111e+01	1.2148729e-01
4.0057920e+01	2.5828168e-01
4.0079729e+01	-9.2547967e-02
4.0101538e+01	-1.3333953e-01
4.0123347e+01	1.9320820e-02
4.0145156e+01	-6.4571547e-02
4.0166965e+01	-1.5686855e-01
4.0188774e+01	1.1410587e-01
4.0210583e+01	3.4495674e-02
4.0232392e+01	9.2217712e-02
4.0254200e+01	-8.7300319e-03
4.0276009e+01	8.3950858e-02
4.0297818e+01	-2.4321521e-02
4.0319627e+01	2.3277890e-02
4.0341436e+01	-1.1821568e-01
4.0363245e+01	3.0818435e-02
4.0385054e+01	-5.2140724e-02
4.0406863e+01	1.0670158e-01
4.0428672e+01	3.4407611e-02
4.0450481e+01	-1.7629926e-01
4.0472290e+01	9.4703845e-03
4.0494099e+01	3.2715855e-01
4.0515908e+01	6.0678197e-02
4.0537717e+01	1.9818423e-01
4.0559526e+01	-5.7561041e-02
4.0581335e+01	-2.0319052e-01
4.0603143e+01	1.2167614e-01
4.0624952e+01	3.7020256e-02
4.0646761e+01	9.2562067e-02
4.0668570e+01	-1.9253421e-02
4.0690379e+01	-8.5305038e-02
4.0712188e+01	-1.1861344e-02
4.0733997e+01	1.0865033e-01
4.0755806e+01	2.2693630e-02
4.0777615e+01	1.7589618e-01
4.0799424e+01	-1.7002961e-01
4.0821233e+01	-1.7539356e-01
4.0843042e+01	1.1831514e-01
4.0864851e+01	3.6776701e-02
4.0886660e+01	-2.5413864e-03
4.0908469e+01	2.9308201e-02
4.0930278e+01	-1.0826962e-01
4.0952086e+01	-8.0649268e-02
4.0973895e+01	9.9886449e-03
4.0995704e+01	2.2239652e-01
4.1017513e+01	7.0216463e-02
4.1039322e+01	1.3506201e-01
4.1061131e+01	-8.7539591e-02
4.1082940e+01	-1.0653865e-02
4.1104749e+01	-1.8766071e-03
4.1126558e+01	-1.9029386e-01
4.1148367e+01	6.9219816e-02
4.1170176e+01	1.4160095e-01
4.1191985e+01	-3.1414404e-02
4.1213794e+01	7.2705958e-02
4.1235603e+01	9.1912806e-02
4.1257412e+01	-5.2882646e-02
4.1279221e+01	-5.1134614e-02
4.1301029e+01	-1.1492803e-01
4.1322838e+01	-8.5454847e-02
4.1344647e+01	6.2954794e-02
4.1366456e+01	8.2089956e-02
4.1388265e+01	1.6545352e-01
4.1410074e+01	1.3582197e-01
4.1431883e+01	-2.8202322e-01
4.1453692e+01	-7.9342772e-02
4.1475501e+01	5.6189320e-02
4.1497310e+01	3.6760529e-02
4.1519119e+01	3.9882449e-02
4.1540928e+01	-6.8543970e-02
4.1562737e+01	3.8488643e-02
4.1584546e+01	3.2927108e-01
4.1606355e+01	2.8109550e-01
4.1628164e+01	2.1220425e-01
4.1649972e+01	-1.4120966e-01
4.1671781e+01	-1.5666717e-01
4.1693590e+01	2.8853681e-02
4.1715399e+01	7.5462048e-02
4.1737208e+01	-7.0852213e-02
4.1759017e+01	9.5830930e-02
4.1780826e+01	7.3864882e-02
4.1802635e+01	1.1047822e-01
4.1824444e+01	-9.3728027e-03
4.1846253e+01	3.7185591e-01
4.1868062e+01	7.9833754e-01
4.1889871e+01	3.1904975e-01
4.1911680e+01	4.9711827e-03
4.1933489e+01	-1.2768535e-01
4.1955298e+01	-2.0093447e-01
4.1977107e+01	7.8395273e-02
4.1998916e+01	5.8801210e-03
4.2020724e+01	9.4593189e-02
4.2042533e+01	1.7375093e-01
4.2064342e+01	-1.0346646e-01
4.2086151e+01	-2.2908392e-02
4.2107960e+01	2.6305441e-02
4.2129769e+01	4.5217841e-01
4.2151578e+01	5.6032096e-01
4.2173387e+01	3.5007950e-01
4.2195196e+01	2.5972918e-01
4.2217005e+01	6.7588522e-02
4.2238814e+01	1.1801672e-01
4.2260623e+01	-3.3182727e-01
4.2282432e+01	-7.5266807e-02
4.2304241e+01	8.3163680e-02
4.2326050e+01	2.7495305e-02
4.2347859e+01	-9.9610508e-02
4.2369667e+01	8.4776338e-02
4.2391476e+01	-6.7889133e-03
4.2413285e+01	1.2132150e-01
4.2435094e+01	8.9702738e-01
4.2456903e+01	9.4868958e-01
4.2478712e+01	8.7835500e-01
4.2500521e+01	8.4627250e-01
4.2522330e+01	1.3297760e+00
4.2544139e+01	1.8925882e+00
4.2565948e+01	2.1991532e+00
4.2587757e+01	2.0517198e+00
4.2609566e+01	2.0094598e+00
4.2631375e+01	1.8228622e+00
4.2653184e+01	1.4534427e+00
4.2674993e+01	1.2025764e+00
4.2696802e+01	9.5797094e-01
4.2718610e+01	7.8246634e-01
4.2740419e+01	7.5538645e-01
4.2762228e+01	5.0890512e-01
4.2784037e+01	3.6124424e-01
4.2805846e+01	-1.0316045e-01
4.2827655e+01	7.7867551e-02
4.2849464e+01	-1.1099677e-01
4.2871273e+01	3.1495000e-02
4.2893082e+01	1.5291502e-01
4.2914891e+01	1.8463874e-01
4.2936700e+01	-3.9772581e-02
4.2958509e+01	1.0393030e-02
4.2980318e+01	2.6046738e-02
4.3002127e+01	-7.3640198e-03
4.3023936e+01	-2.1339015e-01
4.3045745e+01	2.5148564e-01
4.3067553e+01	-1.3803139e-01
4.3089362e+01	1.8522157e-01
4.3111171e+01	3.9731329e-01
4.3132980e+01	7.0370758e-02
4.3154789e+01	-1.4519238e-01
4.3176598e+01	1.0485834e-01
4.3198407e+01	8.6513041e-02
4.3220216e+01	-3.4738967e-02
4.3242025e+01	7.6108833e-02
4.3263834e+01	-1.0557563e-01
4.3285643e+01	-1.0674869e-01
4.3307452e+01	2.4961342e-02
4.3329261e+01	4.4940826e-01
4.3351070e+01	3.3885348e-01
4.3372879e+01	4.0224483e-01
4.3394688e+01	9.3784367e-01
4.3416496e+01	1.4086131e+00
4.3438305e+01	1.3567961e+00
4.3460114e+01	1.6108378e+00
4.3481923e+01	1.3077343e+00
4.3503732e+01	1.4088055e+00
4.3525541e+01	1.1190057e+00
4.3547350e+01	6.4247579e-01
4.3569159e+01	-1.2225411e-01
4.3590968e+01	8.2381050e-02
4.3612777e+01	1.3006232e-01
4.3634586e+01	6.6375732e-01
4.3656395e+01	9.6159178e-01
4.3678204e+01	1.6607824e+00
4.3700013e+01	1.9687659e+00
4.3721822e+01	2.4509099e+00
4.3743631e+01	2.9474183e+00
4.3765439e+01	3.6149256e+00
4.3787248e+01	4.1167736e+00
4.3809057e+01	5.2229820e+00
4.3830866e+01	6.0002095e+00
4.3852675e+01	6.4415008e+00
4.3874484e+01	6.6752446e+00
4.3896293e+01	6.9918577e+00
4.3918102e+01	6.5294287e+00
4.3939911e+01	5.7559623e+00
4.3961720e+01	4.9068613e+00
4.3983529e+01	3.5328493e+00
4.4005338e+01	2.1750231e+00
4.4027147e+01	1.4676784e+00
4.4048956e+01	8.3550178e-01
4.4070765e+01	2.2485807e-01
4.4092574e+01	-1.3287053e-02
4.4114383e+01	2.5312711e-02
4.4136191e+01	1.1247014e-01
4.4158000e+01	-1.1572900e-01
4.4179809e+01	-1.7098043e-01
4.4201618e+01	-1.5135359e-02
4.4223427e+01	7.7006293e-02
4.4245236e+01	2.8198267e-01
4.4267045e+01	-7.1819579e-02
4.4288854e+01	6.3184519e-02
4.4310663e+01	3.9900758e-01
4.4332472e+01	4.2939962e-01
4.4354281e+01	2.4038182e-01
4.4376090e+01	1.1581350e-01
4.4397899e+01	-1.4886612e-01
4.4419708e+01	-2.1374010e-01
4.4441517e+01	2.6626960e-01
4.4463326e+01	9.1424729e-02
4.4485134e+01	-7.4210619e-02
4.4506943e+01	1.6096898e-01
4.4528752e+01	4.5033028e-01
4.4550561e+01	1.2955781e-01
4.4572370e+01	-2.1830133e-01
4.4594179e+01	1.0486216e-02
4.4615988e+01	1.0087147e-01
4.4637797e+01	-3.2859348e-02
4.4659606e+01	-1.1089523e-01
4.4681415e+01	1.6141258e-01
4.4703224e+01	6.7370621e-01
4.4725033e+01	7.3603225e-01
4.4746842e+01	5.8821229e-01
4.4768651e+01	4.8910393e-01
4.4790460e+01	8.5590655e-02
4.4812269e+01	5.1509909e-02
4.4834077e+01	4.7265068e-01
4.4855886e+01	2.5330070e-01
4.4877695e+01	-2.6515962e-01
4.4899504e+01	-3.5529894e-02
4.4921313e+01	1.3062191e-01
4.4943122e+01	1.0995582e-02
4.4964931e+01	4.3146374e-01
4.4986740e+01	5.2611422e-01