Image file: \\Gfs05\g45\SAXS\2020_12\HDF5\2020-12.10_Kevin_day2_SN\2020-12-10_Max_Cu123_SN_000017_data_000121.h5
ImageIntegration1d_chi_output; Output_Directory= \\Gfs05\g45\SAXS\2020_12\Processed\2020-12-09_Kevin_day1_SN\Chi-Sample-7
Profile = Radial, StartAzimuth = 0.0, EndAzimuth = 360.0, Sam_Det_distance = 250.818474293, InnerRadius = 15.0, OuterRadius = 2400.0, Lambda = 30, Ratio = 0.001, Itermax = 100
2400
2.0013229e+00	5.2066574e-01
2.0231319e+00	3.0061506e-01
2.0449408e+00	-5.1495842e-02
2.0667497e+00	4.6318601e-02
2.0885587e+00	8.0393383e-02
2.1103676e+00	-1.0668164e-01
2.1321765e+00	2.0984301e-02
2.1539855e+00	2.6019717e-02
2.1757944e+00	-1.1225597e-01
2.1976034e+00	-1.2419435e-02
2.2194123e+00	8.5297842e-03
2.2412212e+00	-3.9364431e-02
2.2630302e+00	1.5299712e-01
2.2848391e+00	1.5755352e-01
2.3066480e+00	7.6301553e-02
2.3284570e+00	-7.4023690e-02
2.3502659e+00	-4.0770459e-02
2.3720749e+00	1.3945920e-01
2.3938838e+00	7.9476492e-02
2.4156927e+00	-2.6018156e-01
2.4375017e+00	-7.6380908e-02
2.4593106e+00	4.1339002e-03
2.4811196e+00	-8.4221586e-02
2.5029285e+00	1.2421551e-01
2.5247374e+00	2.5672126e-01
2.5465464e+00	6.5180104e-02
2.5683553e+00	2.6628987e-01
2.5901642e+00	4.4091666e-01
2.6119732e+00	3.2150976e-01
2.6337821e+00	-2.9404320e-02
2.6555911e+00	9.5053513e-02
2.6774000e+00	-6.9448408e-02
2.6992089e+00	-1.0212074e-01
2.7210179e+00	1.1936944e-01
2.7428268e+00	-1.0787608e-01
2.7646358e+00	-1.1709732e-01
2.7864447e+00	1.0354071e-01
2.8082536e+00	7.1511187e-02
2.8300626e+00	1.1216469e-01
2.8518715e+00	-3.8647664e-02
2.8736804e+00	-9.5771300e-02
2.8954894e+00	5.4026139e-02
2.9172983e+00	4.5240233e-02
2.9391073e+00	-2.5470995e-02
2.9609162e+00	-4.2638906e-03
2.9827251e+00	1.6937452e-03
3.0045341e+00	2.2578207e-01
3.0263430e+00	3.1326851e-02
3.0481519e+00	-5.3237994e-02
3.0699609e+00	-9.9059282e-02
3.0917698e+00	-9.2046610e-02
3.1135788e+00	8.4775260e-02
3.1353877e+00	8.9121620e-02
3.1571966e+00	8.2940285e-02
3.1790056e+00	-7.5042755e-02
3.2008145e+00	-1.0826830e-01
3.2226235e+00	4.0470117e-03
3.2444324e+00	6.8423992e-03
3.2662413e+00	6.5526386e-02
3.2880503e+00	1.2643284e-01
3.3098592e+00	-5.0589180e-02
3.3316681e+00	-4.4361177e-03
3.3534771e+00	-1.2571953e-01
3.3752860e+00	1.0121872e-01
3.3970950e+00	3.6573435e-01
3.4189039e+00	4.6323531e-04
3.4407128e+00	3.4674490e-02
3.4625218e+00	2.1481482e-01
3.4843307e+00	-1.2405126e-01
3.5061396e+00	-9.8133941e-02
3.5279486e+00	4.3109563e-02
3.5497575e+00	3.8392303e-01
3.5715665e+00	2.8693964e-01
3.5933754e+00	1.4818572e-01
3.6151843e+00	3.2997120e-02
3.6369933e+00	-8.2797394e-02
3.6588022e+00	6.0625073e-02
3.6806112e+00	-4.3649878e-02
3.7024201e+00	-7.3965997e-02
3.7242290e+00	-5.8320476e-02
3.7460380e+00	-3.2823384e-04
3.7678469e+00	7.0843481e-02
3.7896558e+00	7.4349343e-02
3.8114648e+00	1.6013548e-01
3.8332737e+00	-2.2999799e-02
3.8550827e+00	-9.4896459e-02
3.8768916e+00	-1.2150929e-01
3.8987005e+00	1.3615797e-01
3.9205095e+00	3.6234282e-01
3.9423184e+00	-2.9923182e-02
3.9641273e+00	-7.3824540e-02
3.9859363e+00	5.6201193e-02
4.0077452e+00	8.6428028e-02
4.0295542e+00	-2.7247962e-02
4.0513631e+00	-1.0614798e-01
4.0731720e+00	2.1074528e-02
4.0949810e+00	3.1372287e-02
4.1167899e+00	1.6630364e-01
4.1385989e+00	9.1358693e-02
4.1604078e+00	-1.2854350e-01
4.1822167e+00	-8.9866978e-02
4.2040257e+00	-3.4764050e-02
4.2258346e+00	3.8584361e-02
4.2476435e+00	1.2999365e-01
4.2694525e+00	-7.1259744e-02
4.2912614e+00	-1.6988193e-01
4.3130704e+00	4.3320386e-03
4.3348793e+00	8.2823834e-02
4.3566882e+00	4.5975956e-02
4.3784972e+00	7.8377602e-02
4.4003061e+00	9.3979537e-02
4.4221151e+00	4.6363752e-02
4.4439240e+00	7.6406246e-02
4.4657329e+00	-1.4635010e-01
4.4875419e+00	-1.6992972e-01
4.5093508e+00	-6.1088770e-02
4.5311597e+00	8.7147906e-02
4.5529687e+00	3.1764249e-03
4.5747776e+00	3.4900512e-02
4.5965866e+00	6.2373181e-02
4.6183955e+00	-2.7185204e-02
4.6402044e+00	-3.0558598e-02
4.6620134e+00	-1.1749528e-01
4.6838223e+00	-9.4783796e-03
4.7056312e+00	4.0299365e-02
4.7274402e+00	1.3173986e-01
4.7492491e+00	7.1684662e-02
4.7710581e+00	3.7018508e-02
4.7928670e+00	-1.6669673e-01
4.8146759e+00	4.0203916e-03
4.8364849e+00	9.2130845e-02
4.8582938e+00	-1.2638019e-01
4.8801028e+00	4.5610498e-02
4.9019117e+00	3.0565706e-02
4.9237206e+00	-2.4947236e-02
4.9455296e+00	4.4583424e-02
4.9673385e+00	-6.5726474e-02
4.9891474e+00	2.0048042e-02
5.0109564e+00	-1.7847854e-04
5.0327653e+00	7.4851185e-02
5.0545743e+00	1.6287419e-01
5.0763832e+00	-4.6164756e-04
5.0981921e+00	-1.0313219e-01
5.1200011e+00	-1.8176494e-01
5.1418100e+00	-5.7547527e-03
5.1636189e+00	2.9642297e-02
5.1854279e+00	-2.8565245e-02
5.2072368e+00	-2.8223892e-02
5.2290458e+00	1.1495152e-01
5.2508547e+00	3.2648747e-01
5.2726636e+00	1.9323149e-01
5.2944726e+00	6.9175499e-02
5.3162815e+00	-3.0330170e-02
5.3380905e+00	4.5505622e-02
5.3598994e+00	-4.8151470e-02
5.3817083e+00	-6.0865841e-02
5.4035173e+00	3.1886744e-02
5.4253262e+00	9.0009051e-02
5.4471351e+00	-1.2367366e-02
5.4689441e+00	-1.4564437e-01
5.4907530e+00	-4.8998946e-02
5.5125620e+00	-2.4170323e-02
5.5343709e+00	-1.0758083e-01
5.5561798e+00	6.2311384e-02
5.5779888e+00	1.9529110e-01
5.5997977e+00	2.8976729e-02
5.6216066e+00	3.7384740e-02
5.6434156e+00	4.0235400e-03
5.6652245e+00	1.4931204e-01
5.6870335e+00	3.9604268e-02
5.7088424e+00	-9.1344407e-02
5.7306513e+00	-6.9320107e-02
5.7524603e+00	-2.8831511e-04
5.7742692e+00	2.5192387e-01
5.7960782e+00	1.4858396e-01
5.8178871e+00	-7.4173959e-02
5.8396960e+00	-2.0850543e-01
5.8615050e+00	-4.5556798e-02
5.8833139e+00	1.0352078e-01
5.9051228e+00	5.7121271e-02
5.9269318e+00	6.2119540e-02
5.9487407e+00	7.4602820e-02
5.9705497e+00	-4.5849865e-02
5.9923586e+00	-8.4241462e-03
6.0141675e+00	1.3359124e-01
6.0359765e+00	-1.4116792e-01
6.0577854e+00	-1.2956077e-01
6.0795944e+00	-3.8853887e-02
6.1014033e+00	4.8695766e-02
6.1232122e+00	8.1141903e-02
6.1450212e+00	2.8595796e-01
6.1668301e+00	2.4683255e-01
6.1886390e+00	1.8480873e-01
6.2104480e+00	4.4244380e-04
6.2322569e+00	3.7251019e-02
6.2540659e+00	-2.7793934e-02
6.2758748e+00	-1.7754591e-01
6.2976837e+00	2.0018585e-02
6.3194927e+00	-8.6457983e-03
6.3413016e+00	-6.8256748e-02
6.3631105e+00	6.0751934e-02
6.3849195e+00	-2.4067615e-02
6.4067284e+00	1.2761733e-01
6.4285374e+00	2.9227252e-02
6.4503463e+00	5.2602258e-02
6.4721552e+00	5.4341115e-02
6.4939642e+00	-3.8278786e-02
6.5157731e+00	-1.8087982e-01
6.5375821e+00	-5.4522853e-02
6.5593910e+00	-2.5712463e-02
6.5811999e+00	1.1137484e-01
6.6030089e+00	1.5384014e-01
6.6248178e+00	2.0587595e-02
6.6466267e+00	-1.2727194e-01
6.6684357e+00	-4.5228541e-03
6.6902446e+00	-1.5753182e-02
6.7120536e+00	1.1419160e-01
6.7338625e+00	-4.2656285e-02
6.7556714e+00	-8.7314370e-02
6.7774804e+00	-2.1430745e-02
6.7992893e+00	2.4513791e-02
6.8210982e+00	5.2606318e-02
6.8429072e+00	1.3657456e-01
6.8647161e+00	8.0888751e-02
6.8865251e+00	8.0650130e-02
6.9083340e+00	-2.3093313e-01
6.9301429e+00	-1.3986071e-01
6.9519519e+00	-3.2779548e-02
6.9737608e+00	1.1817541e-01
6.9955698e+00	-1.0340620e-02
7.0173787e+00	-4.0620431e-02
7.0391876e+00	6.4373527e-02
7.0609966e+00	1.0888836e-01
7.0828055e+00	-5.5649435e-03
7.1046144e+00	-1.2543999e-01
7.1264234e+00	1.1190591e-01
7.1482323e+00	5.1286971e-01
7.1700413e+00	3.7201054e-01
7.1918502e+00	2.5921137e-01
7.2136591e+00	6.9331106e-02
7.2354681e+00	-1.6597426e-01
7.2572770e+00	-3.1164794e-02
7.2790859e+00	-2.5250131e-02
7.3008949e+00	-1.0762155e-01
7.3227038e+00	6.2197831e-02
7.3445128e+00	9.8461192e-02
7.3663217e+00	1.0153398e-01
7.3881306e+00	1.7078978e-01
7.4099396e+00	-6.4261876e-02
7.4317485e+00	6.5489897e-02
7.4535575e+00	6.8356752e-02
7.4753664e+00	-1.3841330e-01
7.4971753e+00	-2.6746862e-01
7.5189843e+00	-1.0863842e-02
7.5407932e+00	1.5296301e-01
7.5626021e+00	5.9504706e-02
7.5844111e+00	6.3998026e-02
7.6062200e+00	-4.4729624e-02
7.6280290e+00	-1.3368002e-01
7.6498379e+00	1.1535062e-01
7.6716468e+00	8.1102027e-02
7.6934558e+00	-1.0985524e-01
7.7152647e+00	1.3622849e-02
7.7370737e+00	8.9460829e-03
7.7588826e+00	1.2730919e-01
7.7806915e+00	1.1025127e-01
7.8025005e+00	-1.8778273e-01
7.8243094e+00	-7.7213181e-02
7.8461183e+00	1.4576995e-01
7.8679273e+00	-5.9396764e-02
7.8897362e+00	-6.8533069e-02
7.9115452e+00	9.0334827e-02
7.9333541e+00	-2.9733132e-02
7.9551630e+00	1.2475922e-01
7.9769720e+00	-3.2191346e-02
7.9987809e+00	-2.3097152e-02
8.0205898e+00	4.7421031e-02
8.0423988e+00	-6.1068144e-02
8.0642077e+00	-3.5430683e-02
8.0860167e+00	-4.6023318e-02
8.1078256e+00	3.0043976e-01
8.1296345e+00	3.1344205e-01
8.1514435e+00	7.5527953e-02
8.1732524e+00	-2.8759392e-02
8.1950614e+00	1.6521885e-01
8.2168703e+00	2.4405268e-01
8.2386792e+00	-6.0840495e-02
8.2604882e+00	-7.7297784e-02
8.2822971e+00	-9.5117612e-02
8.3041060e+00	1.0072895e-01
8.3259150e+00	-6.8468732e-02
8.3477239e+00	9.7888646e-02
8.3695329e+00	8.6878396e-02
8.3913418e+00	-1.3943159e-01
8.4131507e+00	-3.1289376e-03
8.4349597e+00	9.0359415e-02
8.4567686e+00	2.3317169e-01
8.4785775e+00	4.1076060e-01
8.5003865e+00	4.9327427e-02
8.5221954e+00	-1.9039704e-01
8.5440044e+00	8.0211229e-03
8.5658133e+00	3.6042413e-02
8.5876222e+00	4.6748454e-02
8.6094312e+00	-4.3565410e-02
8.6312401e+00	-5.2265526e-02
8.6530491e+00	-8.5060496e-02
8.6748580e+00	4.9543868e-02
8.6966669e+00	5.0010908e-02
8.7184759e+00	1.9041206e-01
8.7402848e+00	1.2038564e-01
8.7620937e+00	9.1948288e-02
8.7839027e+00	-1.0273617e-01
8.8057116e+00	-1.2905777e-01
8.8275206e+00	-7.4161150e-03
8.8493295e+00	5.2150042e-02
8.8711384e+00	-3.6992119e-02
8.8929474e+00	-8.0671046e-03
8.9147563e+00	-9.5101828e-02
8.9365652e+00	-1.2074158e-01
8.9583742e+00	7.4576235e-02
8.9801831e+00	1.0763188e-01
9.0019921e+00	1.3583477e-01
9.0238010e+00	6.6595608e-02
9.0456099e+00	4.2279720e-02
9.0674189e+00	-1.4927629e-01
9.0892278e+00	4.6659842e-02
9.1110368e+00	-5.3695808e-02
9.1328457e+00	5.1114064e-02
9.1546546e+00	-8.8980763e-02
9.1764636e+00	-1.6538053e-01
9.1982725e+00	1.2239937e-01
9.2200814e+00	2.0880720e-01
9.2418904e+00	-2.4169260e-02
9.2636993e+00	8.9883605e-02
9.2855083e+00	1.0974856e-01
9.3073172e+00	-3.0184476e-02
9.3291261e+00	-2.8867531e-01
9.3509351e+00	9.9470906e-02
9.3727440e+00	1.0328053e-01
9.3945530e+00	3.1520712e-01
9.4163619e+00	4.0705226e-01
9.4381708e+00	-1.6828781e-02
9.4599798e+00	4.2973192e-02
9.4817887e+00	3.0929889e-01
9.5035976e+00	5.7459052e-03
9.5254066e+00	-1.3769548e-01
9.5472155e+00	9.0767901e-03
9.5690245e+00	8.2143596e-02
9.5908334e+00	-2.0140162e-02
9.6126423e+00	2.0114245e-01
9.6344513e+00	3.2591323e-01
9.6562602e+00	4.4450439e-01
9.6780691e+00	-2.8053912e-02
9.6998781e+00	-1.4810701e-01
9.7216870e+00	-4.1784577e-02
9.7434960e+00	1.9241956e-01
9.7653049e+00	1.8048495e-01
9.7871138e+00	9.6743216e-03
9.8089228e+00	-7.4215937e-04
9.8307317e+00	1.6285885e-01
9.8525407e+00	-8.7928612e-02
9.8743496e+00	2.9545503e-02
9.8961585e+00	-2.2135997e-02
9.9179675e+00	-1.0841216e-01
9.9397764e+00	-6.8673648e-02
9.9615853e+00	6.6469504e-02
9.9833943e+00	-1.9072901e-02
1.0005203e+01	2.8770238e-02
1.0027012e+01	6.0865325e-02
1.0048821e+01	-6.7937459e-02
1.0070630e+01	8.9899020e-02
1.0092439e+01	2.7284186e-02
1.0114248e+01	3.5825196e-02
1.0136057e+01	1.6996914e-01
1.0157866e+01	-1.1060203e-01
1.0179675e+01	-3.7041839e-03
1.0201484e+01	2.0805444e-01
1.0223293e+01	-1.6372075e-02
1.0245102e+01	-8.8683668e-02
1.0266910e+01	9.7022033e-02
1.0288719e+01	-1.5409466e-01
1.0310528e+01	-7.3342399e-02
1.0332337e+01	1.0189066e+00
1.0354146e+01	1.6125297e+00
1.0375955e+01	1.8620332e+00
1.0397764e+01	2.2562263e+00
1.0419573e+01	2.7597044e+00
1.0441382e+01	2.9305258e+00
1.0463191e+01	3.6919208e+00
1.0485000e+01	5.1972826e+00
1.0506809e+01	6.5838395e+00
1.0528618e+01	7.1949280e+00
1.0550427e+01	7.0840512e+00
1.0572236e+01	6.9575804e+00
1.0594045e+01	7.3043051e+00
1.0615853e+01	8.0641104e+00
1.0637662e+01	8.0779926e+00
1.0659471e+01	7.5492782e+00
1.0681280e+01	6.3217163e+00
1.0703089e+01	4.5947912e+00
1.0724898e+01	2.8046963e+00
1.0746707e+01	1.6834989e+00
1.0768516e+01	1.0625673e+00
1.0790325e+01	8.4000666e-01
1.0812134e+01	4.0151642e-01
1.0833943e+01	7.8462847e-02
1.0855752e+01	-2.7076859e-02
1.0877561e+01	4.5009140e-02
1.0899370e+01	3.1193375e-01
1.0921179e+01	3.1745508e-01
1.0942988e+01	7.7827734e-02
1.0964796e+01	-9.2748955e-02
1.0986605e+01	4.9047364e-02
1.1008414e+01	6.1399951e-01
1.1030223e+01	1.0364336e+00
1.1052032e+01	8.9865469e-01
1.1073841e+01	1.0008289e+00
1.1095650e+01	1.2046173e+00
1.1117459e+01	1.5127951e+00
1.1139268e+01	1.8475002e+00
1.1161077e+01	2.2653938e+00
1.1182886e+01	2.5957950e+00
1.1204695e+01	2.6077568e+00
1.1226504e+01	2.7360575e+00
1.1248313e+01	2.5689000e+00
1.1270122e+01	1.2994654e+00
1.1291931e+01	9.2551990e-01
1.1313740e+01	5.2158753e-01
1.1335548e+01	1.5753340e-01
1.1357357e+01	-1.5795151e-01
1.1379166e+01	3.5977496e-02
1.1400975e+01	2.0490817e-01
1.1422784e+01	-6.3112918e-02
1.1444593e+01	1.3762236e-01
1.1466402e+01	-1.2333743e-01
1.1488211e+01	-1.8184382e-01
1.1510020e+01	2.3748682e-01
1.1531829e+01	3.2444658e-01
1.1553638e+01	1.0315041e-01
1.1575447e+01	-2.8310117e-02
1.1597256e+01	-9.3671976e-03
1.1619065e+01	-2.5699837e-02
1.1640874e+01	3.9631878e-02
1.1662683e+01	3.2014030e-02
1.1684491e+01	5.4514290e-02
1.1706300e+01	8.8442917e-02
1.1728109e+01	-1.7352000e-03
1.1749918e+01	-2.6778032e-01
1.1771727e+01	-7.7098947e-02
1.1793536e+01	1.0923944e-01
1.1815345e+01	1.2532407e-01
1.1837154e+01	5.8202368e-02
1.1858963e+01	4.8218099e-03
1.1880772e+01	2.4902338e-01
1.1902581e+01	8.4717622e-02
1.1924390e+01	-1.7984599e-01
1.1946199e+01	-4.1238758e-02
1.1968008e+01	-5.0933150e-02
1.1989817e+01	2.1817455e-01
1.2011626e+01	2.7119443e-01
1.2033434e+01	8.8971955e-02
1.2055243e+01	-2.8313615e-02
1.2077052e+01	-2.0234359e-01
1.2098861e+01	1.0375401e-01
1.2120670e+01	7.6782956e-02
1.2142479e+01	-6.4711066e-02
1.2164288e+01	1.7240269e-01
1.2186097e+01	-4.5842918e-03
1.2207906e+01	-1.1657976e-01
1.2229715e+01	5.5758156e-02
1.2251524e+01	1.7346126e-01
1.2273333e+01	-9.5405307e-02
1.2295142e+01	2.7974093e-02
1.2316951e+01	4.2006102e-02
1.2338760e+01	1.0440647e-01
1.2360569e+01	3.7549572e-02
1.2382377e+01	-3.7423742e-02
1.2404186e+01	-1.4533053e-01
1.2425995e+01	-1.8613786e-01
1.2447804e+01	1.8411250e-01
1.2469613e+01	1.4338938e-01
1.2491422e+01	1.9246496e-03
1.2513231e+01	-2.4628546e-02
1.2535040e+01	2.5484787e-01
1.2556849e+01	3.2457844e-01
1.2578658e+01	-1.2473602e-01
1.2600467e+01	1.5126437e-04
1.2622276e+01	7.0179834e-02
1.2644085e+01	-8.9357794e-02
1.2665894e+01	7.7003162e-02
1.2687703e+01	2.3116895e-02
1.2709512e+01	7.6271917e-02
1.2731320e+01	4.8636686e-03
1.2753129e+01	4.4999392e-02
1.2774938e+01	-3.8334519e-02
1.2796747e+01	-1.2611915e-01
1.2818556e+01	1.0653575e-01
1.2840365e+01	2.2868535e-01
1.2862174e+01	-1.8974540e-01
1.2883983e+01	-1.2416401e-02
1.2905792e+01	3.6940628e-01
1.2927601e+01	5.1926089e-02
1.2949410e+01	9.7746950e-02
1.2971219e+01	5.2179738e-01
1.2993028e+01	5.8219730e-01
1.3014837e+01	4.9276053e-01
1.3036646e+01	4.9019487e-01
1.3058455e+01	3.8931683e-01
1.3080264e+01	4.2370658e-01
1.3102072e+01	5.4339220e-01
1.3123881e+01	3.4340859e-02
1.3145690e+01	-1.6735361e-02
1.3167499e+01	2.0517445e-02
1.3189308e+01	3.4167258e-01
1.3211117e+01	1.2904646e-01
1.3232926e+01	1.7038273e-02
1.3254735e+01	1.8355846e-01
1.3276544e+01	-1.0142498e-01
1.3298353e+01	-3.7107930e-02
1.3320162e+01	-4.0900551e-02
1.3341971e+01	-1.9384955e-01
1.3363780e+01	5.2330825e-01
1.3385589e+01	8.3374870e-01
1.3407398e+01	1.0098315e+00
1.3429207e+01	1.1065244e+00
1.3451015e+01	1.1224101e+00
1.3472824e+01	1.1113273e+00
1.3494633e+01	1.0953638e+00
1.3516442e+01	1.0162992e+00
1.3538251e+01	9.4206441e-01
1.3560060e+01	6.8749800e-01
1.3581869e+01	7.9235774e-01
1.3603678e+01	1.0085744e+00
1.3625487e+01	7.4964957e-01
1.3647296e+01	4.3539811e-01
1.3669105e+01	2.7043868e-01
1.3690914e+01	1.5027104e-01
1.3712723e+01	8.3178252e-03
1.3734532e+01	9.4609628e-02
1.3756341e+01	-2.3759704e-02
1.3778150e+01	-1.9812983e-02
1.3799958e+01	-2.0160452e-01
1.3821767e+01	1.4155336e-02
1.3843576e+01	1.0003239e-01
1.3865385e+01	-1.7952297e-02
1.3887194e+01	-9.3606333e-02
1.3909003e+01	1.4695463e-01
1.3930812e+01	1.0137700e-01
1.3952621e+01	7.3027859e-02
1.3974430e+01	-1.7678635e-02
1.3996239e+01	-1.4255210e-01
1.4018048e+01	8.3575668e-02
1.4039857e+01	-1.1184740e-01
1.4061666e+01	-6.7486193e-02
1.4083475e+01	1.3996957e-01
1.4105284e+01	-1.4503587e-02
1.4127093e+01	-2.1861735e-02
1.4148901e+01	-8.8638894e-02
1.4170710e+01	-2.2732840e-02
1.4192519e+01	3.1230100e-02
1.4214328e+01	1.3106388e-01
1.4236137e+01	-6.3225081e-02
1.4257946e+01	-6.5644574e-02
1.4279755e+01	6.1064782e-02
1.4301564e+01	1.1501822e-01
1.4323373e+01	8.3132524e-02
1.4345182e+01	-7.9786724e-02
1.4366991e+01	5.9565509e-02
1.4388800e+01	5.6882588e-02
1.4410609e+01	-1.3600445e-01
1.4432418e+01	-1.3782551e-01
1.4454227e+01	-1.1337707e-01
1.4476036e+01	1.0971155e-01
1.4497844e+01	9.8869142e-02
1.4519653e+01	-7.2653167e-03
1.4541462e+01	5.6133851e-03
1.4563271e+01	1.6355037e-01
1.4585080e+01	-1.7910443e-03
1.4606889e+01	-8.3028271e-02
1.4628698e+01	4.4647882e-02
1.4650507e+01	-1.9106991e-02
1.4672316e+01	-7.0732694e-03
1.4694125e+01	1.8617103e-02
1.4715934e+01	-1.3347030e-01
1.4737743e+01	-4.3978773e-02
1.4759552e+01	3.7433549e-03
1.4781361e+01	-7.6373269e-04
1.4803170e+01	1.3766957e-01
1.4824979e+01	3.0359731e-01
1.4846787e+01	6.6025197e-01
1.4868596e+01	1.2723884e+00
1.4890405e+01	1.4981824e+00
1.4912214e+01	1.1378797e+00
1.4934023e+01	8.7497028e-01
1.4955832e+01	8.9802387e-01
1.4977641e+01	1.2835473e+00
1.4999450e+01	1.7320554e+00
1.5021259e+01	1.9885530e+00
1.5043068e+01	2.0571059e+00
1.5064877e+01	1.9102609e+00
1.5086686e+01	1.5617658e+00
1.5108495e+01	1.2572375e+00
1.5130304e+01	8.7681878e-01
1.5152113e+01	4.0092445e-01
1.5173922e+01	6.4916337e-02
1.5195731e+01	-2.0032956e-02
1.5217539e+01	3.1274773e-02
1.5239348e+01	-4.0788979e-02
1.5261157e+01	7.3291290e-02
1.5282966e+01	-8.7523744e-02
1.5304775e+01	-1.2352236e-01
1.5326584e+01	6.4025440e-02
1.5348393e+01	-5.4560168e-03
1.5370202e+01	6.1036552e-02
1.5392011e+01	2.9357408e-01
1.5413820e+01	2.3311497e-01
1.5435629e+01	2.8545572e-04
1.5457438e+01	3.6504500e-02
1.5479247e+01	-4.3765455e-02
1.5501056e+01	-4.8169468e-02
1.5522865e+01	-1.4439819e-01
1.5544674e+01	-1.0714505e-01
1.5566482e+01	1.2018178e-01
1.5588291e+01	1.2544950e-01
1.5610100e+01	3.9899342e-02
1.5631909e+01	8.9768721e-02
1.5653718e+01	3.8267849e-02
1.5675527e+01	-7.0774569e-02
1.5697336e+01	-7.3575382e-02
1.5719145e+01	5.3096440e-02
1.5740954e+01	5.3998181e-02
1.5762763e+01	-4.3384288e-02
1.5784572e+01	-2.9427747e-02
1.5806381e+01	-9.3662279e-02
1.5828190e+01	1.1447847e-01
1.5849999e+01	-3.5658239e-02
1.5871808e+01	-7.3650964e-02
1.5893617e+01	-1.2073140e-02
1.5915425e+01	1.2943957e-01
1.5937234e+01	1.2337158e-01
1.5959043e+01	-1.5323036e-01
1.5980852e+01	-8.5247234e-02
1.6002661e+01	-6.1276377e-02
1.6024470e+01	7.9917257e-02
1.6046279e+01	6.9798925e-02
1.6068088e+01	1.2137523e-01
1.6089897e+01	1.3739399e-01
1.6111706e+01	-7.6385465e-02
1.6133515e+01	-9.3600434e-02
1.6155324e+01	-4.2954271e-02
1.6177133e+01	-1.7242481e-02
1.6198942e+01	-9.2025199e-02
1.6220751e+01	-2.2239261e-02
1.6242560e+01	-2.8821159e-02
1.6264368e+01	1.6939944e-01
1.6286177e+01	1.5567909e-01
1.6307986e+01	1.0849975e-01
1.6329795e+01	1.3311291e-02
1.6351604e+01	-2.2218696e-01
1.6373413e+01	8.5005629e-02
1.6395222e+01	2.1158931e-02
1.6417031e+01	-1.4089051e-01
1.6438840e+01	-7.5033325e-02
1.6460649e+01	7.0655168e-02
1.6482458e+01	1.2338251e-01
1.6504267e+01	6.2493597e-02
1.6526076e+01	2.6684479e-02
1.6547885e+01	2.9126037e-02
1.6569694e+01	-2.9190688e-03
1.6591503e+01	-6.6176166e-02
1.6613311e+01	-2.5259405e-02
1.6635120e+01	-7.1003366e-02
1.6656929e+01	-1.2835414e-01
1.6678738e+01	-1.4890330e-01
1.6700547e+01	3.3646966e-02
1.6722356e+01	1.3605390e-01
1.6744165e+01	1.7627741e-01
1.6765974e+01	3.9317176e-01
1.6787783e+01	4.2117677e-01
1.6809592e+01	1.1646322e-01
1.6831401e+01	4.6607735e-02
1.6853210e+01	7.4730659e-02
1.6875019e+01	1.2159026e-01
1.6896828e+01	-9.1543826e-02
1.6918637e+01	-9.8513338e-02
1.6940446e+01	4.6752287e-02
1.6962254e+01	2.7789243e-02
1.6984063e+01	-1.1763508e-01
1.7005872e+01	-9.1302084e-02
1.7027681e+01	-1.1492807e-01
1.7049490e+01	1.1484891e-02
1.7071299e+01	5.7320558e-02
1.7093108e+01	-3.3585310e-02
1.7114917e+01	8.5885976e-02
1.7136726e+01	1.9248713e-01
1.7158535e+01	-8.0855476e-02
1.7180344e+01	-9.9236489e-03
1.7202153e+01	-1.3366225e-02
1.7223962e+01	2.2333414e-02
1.7245771e+01	1.0797603e-01
1.7267580e+01	5.3150283e-02
1.7289389e+01	-1.0779012e-01
1.7311198e+01	-1.0494622e-02
1.7333006e+01	5.8832139e-03
1.7354815e+01	2.0855309e-02
1.7376624e+01	1.9758188e-03
1.7398433e+01	4.4941798e-02
1.7420242e+01	-3.0743461e-02
1.7442051e+01	-1.1751026e-01
1.7463860e+01	8.3634379e-02
1.7485669e+01	1.1267837e-01
1.7507478e+01	3.3940867e-03
1.7529287e+01	-1.1621802e-01
1.7551096e+01	-1.5268444e-01
1.7572905e+01	5.9652175e-02
1.7594714e+01	5.5141612e-02
1.7616523e+01	1.8500554e-02
1.7638332e+01	9.1030047e-03
1.7660141e+01	4.3010972e-02
1.7681949e+01	-7.2743695e-03
1.7703758e+01	-7.0401933e-03
1.7725567e+01	-4.2532460e-02
1.7747376e+01	-6.0054718e-02
1.7769185e+01	8.0703787e-02
1.7790994e+01	1.0888229e-01
1.7812803e+01	1.3778754e-01
1.7834612e+01	-1.0515715e-01
1.7856421e+01	-6.6929648e-02
1.7878230e+01	-1.5987067e-01
1.7900039e+01	1.4784751e-02
1.7921848e+01	1.6042156e-01
1.7943657e+01	-2.0709909e-02
1.7965466e+01	2.2675973e-02
1.7987275e+01	1.4055709e-02
1.8009084e+01	6.8119335e-02
1.8030892e+01	-9.7453528e-04
1.8052701e+01	-5.6369170e-02
1.8074510e+01	-7.9380395e-02
1.8096319e+01	-1.0121043e-01
1.8118128e+01	4.2889298e-02
1.8139937e+01	6.9264903e-02
1.8161746e+01	6.8601148e-02
1.8183555e+01	1.7447814e-02
1.8205364e+01	1.3703061e-01
1.8227173e+01	8.1252184e-02
1.8248982e+01	-1.0609896e-01
1.8270791e+01	-1.0292240e-01
1.8292600e+01	-9.6196154e-02
1.8314409e+01	8.1263368e-03
1.8336218e+01	9.2430409e-03
1.8358027e+01	-1.8884442e-02
1.8379835e+01	-1.2286200e-01
1.8401644e+01	-2.0921512e-02
1.8423453e+01	1.1529649e-01
1.8445262e+01	7.8207359e-02
1.8467071e+01	3.0287039e-01
1.8488880e+01	3.1186426e-01
1.8510689e+01	1.4801957e-01
1.8532498e+01	1.2239014e-01
1.8554307e+01	-1.5153196e-01
1.8576116e+01	-1.7054392e-01
1.8597925e+01	3.3060070e-02
1.8619734e+01	1.0010620e-02
1.8641543e+01	2.6427387e-02
1.8663352e+01	1.2554302e-01
1.8685161e+01	7.8982459e-02
1.8706970e+01	1.2814738e-01
1.8728778e+01	1.9819227e-02
1.8750587e+01	-9.1513276e-02
1.8772396e+01	-1.3963315e-01
1.8794205e+01	-1.2449213e-01
1.8816014e+01	-3.7370589e-02
1.8837823e+01	7.6961799e-02
1.8859632e+01	-4.2793444e-02
1.8881441e+01	5.8047970e-03
1.8903250e+01	1.1297164e-01
1.8925059e+01	-4.2334951e-02
1.8946868e+01	-8.7434374e-02
1.8968677e+01	-5.7563084e-03
1.8990486e+01	1.3708286e-01
1.9012295e+01	1.1275639e-01
1.9034104e+01	-8.5410982e-02
1.9055913e+01	3.8198808e-02
1.9077721e+01	1.6094668e-02
1.9099530e+01	-6.6322780e-02
1.9121339e+01	-2.1342050e-02
1.9143148e+01	1.2718880e-01
1.9164957e+01	-5.6072351e-02
1.9186766e+01	-1.1477517e-01
1.9208575e+01	2.0133739e-01
1.9230384e+01	-4.1544865e-02
1.9252193e+01	-1.0443471e-01
1.9274002e+01	-3.6645530e-03
1.9295811e+01	-6.9207752e-02
1.9317620e+01	1.1054333e-01
1.9339429e+01	9.7462956e-02
1.9361238e+01	9.9855369e-02
1.9383047e+01	2.3015887e-01
1.9404856e+01	1.0166716e-02
1.9426665e+01	-2.2701696e-02
1.9448473e+01	-7.9683177e-02
1.9470282e+01	6.6967094e-03
1.9492091e+01	5.0622277e-02
1.9513900e+01	-2.5695979e-02
1.9535709e+01	8.4874181e-03
1.9557518e+01	3.8800988e-02
1.9579327e+01	-7.0889119e-02
1.9601136e+01	3.2743153e-02
1.9622945e+01	-3.4200439e-02
1.9644754e+01	-1.2450662e-01
1.9666563e+01	3.9872404e-02
1.9688372e+01	-1.6289403e-02
1.9710181e+01	8.6943593e-02
1.9731990e+01	1.0447572e-02
1.9753799e+01	-6.4063690e-02
1.9775608e+01	-2.6479952e-02
1.9797416e+01	-7.2178301e-03
1.9819225e+01	-3.9947665e-03
1.9841034e+01	3.4931241e-03
1.9862843e+01	-2.7096279e-02
1.9884652e+01	3.5752656e-02
1.9906461e+01	3.0584273e-02
1.9928270e+01	3.4822185e-02
1.9950079e+01	1.2476881e-01
1.9971888e+01	6.6588515e-02
1.9993697e+01	4.0984175e-03
2.0015506e+01	-6.9308828e-02
2.0037315e+01	3.0255045e-02
2.0059124e+01	-1.8804689e-02
2.0080933e+01	-6.2194059e-02
2.0102742e+01	-5.9257311e-03
2.0124551e+01	1.3554389e-03
2.0146359e+01	-5.4372110e-02
2.0168168e+01	-5.5413050e-02
2.0189977e+01	-1.6089303e-01
2.0211786e+01	1.7969040e-02
2.0233595e+01	9.0956321e-02
2.0255404e+01	-2.9313839e-03
2.0277213e+01	1.9547084e-01
2.0299022e+01	3.6493648e-01
2.0320831e+01	1.7205126e-01
2.0342640e+01	2.9181851e-01
2.0364449e+01	1.8282707e-02
2.0386258e+01	-1.8874106e-01
2.0408067e+01	-1.4508214e-05
2.0429876e+01	-2.7780966e-02
2.0451685e+01	-5.8949298e-02
2.0473494e+01	9.5274178e-02
2.0495302e+01	1.2037377e-01
2.0517111e+01	1.0367976e-01
2.0538920e+01	2.2428978e-01
2.0560729e+01	1.5738227e-01
2.0582538e+01	-1.7034908e-02
2.0604347e+01	-2.1813634e-01
2.0626156e+01	-3.0628226e-02
2.0647965e+01	3.0375446e-02
2.0669774e+01	2.4578713e-01
2.0691583e+01	-2.0019992e-02
2.0713392e+01	-1.7363250e-01
2.0735201e+01	1.0814590e-01
2.0757010e+01	2.9344229e-02
2.0778819e+01	-7.7614704e-03
2.0800628e+01	6.1330629e-02
2.0822437e+01	-3.7302050e-03
2.0844245e+01	-2.2160665e-02
2.0866054e+01	-6.0255258e-02
2.0887863e+01	5.7547178e-03
2.0909672e+01	-8.5850865e-02
2.0931481e+01	7.5623377e-02
2.0953290e+01	2.7339033e-01
2.0975099e+01	5.5243766e-01
2.0996908e+01	1.0684968e+00
2.1018717e+01	1.5186591e+00
2.1040526e+01	2.2462830e+00
2.1062335e+01	2.4074609e+00
2.1084144e+01	1.7259622e+00
2.1105953e+01	1.1865502e+00
2.1127762e+01	1.2376503e+00
2.1149571e+01	1.8220110e+00
2.1171380e+01	2.9809356e+00
2.1193188e+01	4.7386445e+00
2.1214997e+01	6.8532360e+00
2.1236806e+01	8.4199767e+00
2.1258615e+01	9.0655568e+00
2.1280424e+01	9.5677308e+00
2.1302233e+01	8.6043891e+00
2.1324042e+01	6.8972000e+00
2.1345851e+01	4.9320749e+00
2.1367660e+01	3.2308702e+00
2.1389469e+01	1.6146503e+00
2.1411278e+01	6.1620660e-01
2.1433087e+01	8.0576492e-02
2.1454896e+01	2.8352346e-02
2.1476705e+01	-3.6080088e-02
2.1498514e+01	3.1788554e-01
2.1520323e+01	4.4962276e-01
2.1542132e+01	8.4808610e-01
2.1563940e+01	9.3481787e-01
2.1585749e+01	8.7257735e-01
2.1607558e+01	6.9413085e-01
2.1629367e+01	3.7878264e-01
2.1651176e+01	3.2326603e-01
2.1672985e+01	7.3836428e-02
2.1694794e+01	-9.7273997e-02
2.1716603e+01	1.4297017e-02
2.1738412e+01	1.4650529e-03
2.1760221e+01	1.2804255e-02
2.1782030e+01	1.2178500e-01
2.1803839e+01	-9.1304167e-02
2.1825648e+01	-6.3117424e-02
2.1847457e+01	-1.1175763e-01
2.1869266e+01	-1.0839305e-01
2.1891075e+01	2.6906192e-02
2.1912883e+01	2.2726098e-01
2.1934692e+01	1.2088463e-01
2.1956501e+01	-6.4586005e-02
2.1978310e+01	6.0532128e-02
2.2000119e+01	6.0408628e-02
2.2021928e+01	5.4017256e-03
2.2043737e+01	1.0299925e-01
2.2065546e+01	1.3751269e-02
2.2087355e+01	-1.2833694e-01
2.2109164e+01	-6.0742427e-02
2.2130973e+01	2.9112597e-02
2.2152782e+01	6.9331799e-05
2.2174591e+01	7.8390435e-02
2.2196400e+01	2.4922555e-03
2.2218209e+01	-4.0175020e-02
2.2240018e+01	-5.4344151e-02
2.2261826e+01	-3.5592190e-02
2.2283635e+01	4.0270908e-02
2.2305444e+01	2.6771115e-02
2.2327253e+01	7.4012989e-02
2.2349062e+01	-3.8155000e-02
2.2370871e+01	1.3008244e-02
2.2392680e+01	-6.2265817e-02
2.2414489e+01	9.0405648e-02
2.2436298e+01	-9.8705326e-02
2.2458107e+01	-1.7140451e-01
2.2479916e+01	5.8601360e-02
2.2501725e+01	1.2714801e-01
2.2523534e+01	8.5481854e-02
2.2545343e+01	1.1333140e-01
2.2567152e+01	7.7152788e-02
2.2588961e+01	-1.2742808e-01
2.2610769e+01	-3.7252575e-02
2.2632578e+01	-1.4875452e-01
2.2654387e+01	-4.0947473e-02
2.2676196e+01	1.2105747e-01
2.2698005e+01	7.1248654e-02
2.2719814e+01	-8.1532370e-02
2.2741623e+01	3.1277042e-03
2.2763432e+01	-1.3794284e-02
2.2785241e+01	-4.0945586e-02
2.2807050e+01	-1.1489044e-02
2.2828859e+01	1.0557190e-01
2.2850668e+01	1.3512339e-01
2.2872477e+01	-5.5485903e-02
2.2894286e+01	-2.8591992e-02
2.2916095e+01	-1.2567157e-03
2.2937904e+01	-1.7251334e-01
2.2959712e+01	4.4308700e-02
2.2981521e+01	2.8627399e-02
2.3003330e+01	6.6980878e-02
2.3025139e+01	1.4760076e-01
2.3046948e+01	4.2363762e-02
2.3068757e+01	-1.7668712e-01
2.3090566e+01	1.5421980e-02
2.3112375e+01	2.4394923e-03
2.3134184e+01	1.1782004e-01
2.3155993e+01	-3.2959943e-02
2.3177802e+01	-8.3110232e-04
2.3199611e+01	-1.9609908e-02
2.3221420e+01	-3.4983162e-02
2.3243229e+01	1.3217153e-01
2.3265038e+01	-1.8074382e-01
2.3286847e+01	-8.9693677e-02
2.3308655e+01	1.2357125e-01
2.3330464e+01	5.2258721e-03
2.3352273e+01	-1.2444290e-01
2.3374082e+01	-1.0480456e-03
2.3395891e+01	3.4368465e-02
2.3417700e+01	4.3025559e-02
2.3439509e+01	1.8366055e-02
2.3461318e+01	-8.9801053e-02
2.3483127e+01	1.3672370e-01
2.3504936e+01	4.0222597e-01
2.3526745e+01	7.2503832e-01
2.3548554e+01	5.7428834e-01
2.3570363e+01	4.2316866e-01
2.3592172e+01	3.1520836e-02
2.3613981e+01	-4.2715080e-03
2.3635790e+01	2.6157810e-01
2.3657599e+01	7.9529735e-01
2.3679407e+01	2.0100313e+00
2.3701216e+01	3.7018550e+00
2.3723025e+01	5.4027034e+00
2.3744834e+01	6.8672778e+00
2.3766643e+01	8.0782890e+00
2.3788452e+01	9.7907112e+00
2.3810261e+01	1.0736615e+01
2.3832070e+01	1.0487833e+01
2.3853879e+01	9.2690890e+00
2.3875688e+01	7.6486515e+00
2.3897497e+01	5.9073812e+00
2.3919306e+01	4.1906392e+00
2.3941115e+01	2.7913166e+00
2.3962924e+01	1.9231443e+00
2.3984733e+01	1.2089514e+00
2.4006542e+01	5.9856600e-01
2.4028350e+01	4.6721014e-01
2.4050159e+01	3.6056486e-01
2.4071968e+01	1.3331504e-02
2.4093777e+01	-1.0407693e-01
2.4115586e+01	6.6880173e-02
2.4137395e+01	-2.9815459e-02
2.4159204e+01	-1.9838812e-02
2.4181013e+01	1.5288648e-01
2.4202822e+01	1.0046462e-01
2.4224631e+01	-1.3262179e-01
2.4246440e+01	-1.4102723e-01
2.4268249e+01	4.8828488e-02
2.4290058e+01	1.1472410e-02
2.4311867e+01	-2.3819942e-03
2.4333676e+01	-8.5249853e-02
2.4355485e+01	7.0800040e-04
2.4377293e+01	1.6916199e-02
2.4399102e+01	1.6081810e-02
2.4420911e+01	-3.5942512e-02
2.4442720e+01	3.0385183e-02
2.4464529e+01	8.6058446e-02
2.4486338e+01	-1.7930780e-02
2.4508147e+01	3.2859667e-03
2.4529956e+01	2.1663439e-01
2.4551765e+01	3.6772829e-02
2.4573574e+01	1.7063602e-01
2.4595383e+01	5.4578332e-01
2.4617192e+01	8.7695493e-01
2.4639001e+01	9.0106101e-01
2.4660810e+01	8.0789715e-02
2.4682619e+01	-1.3219281e-01
2.4704428e+01	-2.0831578e-02
2.4726236e+01	4.3139765e-02
2.4748045e+01	3.4657484e-02
2.4769854e+01	3.8751276e-02
2.4791663e+01	-9.9027802e-02
2.4813472e+01	-1.1907615e-01
2.4835281e+01	1.1277627e-02
2.4857090e+01	-3.8610968e-02
2.4878899e+01	-1.1123455e-01
2.4900708e+01	5.9328487e-03
2.4922517e+01	1.5086488e-01
2.4944326e+01	-3.7987185e-02
2.4966135e+01	-7.5311635e-03
2.4987944e+01	5.5817913e-02
2.5009753e+01	-3.6084226e-02
2.5031562e+01	9.5596597e-02
2.5053371e+01	-5.2323108e-02
2.5075179e+01	-8.4394707e-02
2.5096988e+01	1.2855315e-01
2.5118797e+01	9.8675760e-02
2.5140606e+01	-8.6436721e-02
2.5162415e+01	-1.8580725e-02
2.5184224e+01	-5.2373655e-02
2.5206033e+01	3.3568993e-02
2.5227842e+01	-3.2126883e-02
2.5249651e+01	7.3699885e-02
2.5271460e+01	7.8299870e-02
2.5293269e+01	2.5420991e-02
2.5315078e+01	-3.5934229e-02
2.5336887e+01	-5.1446664e-02
2.5358696e+01	-2.7128857e-02
2.5380505e+01	-7.4174857e-02
2.5402314e+01	-2.3784911e-02
2.5424123e+01	9.9666977e-02
2.5445931e+01	1.0847715e-01
2.5467740e+01	1.4451592e-01
2.5489549e+01	3.6123733e-02
2.5511358e+01	-8.0307838e-02
2.5533167e+01	-1.4108520e-01
2.5554976e+01	-2.1474704e-01
2.5576785e+01	-9.7752692e-03
2.5598594e+01	9.5781454e-02
2.5620403e+01	6.6858970e-02
2.5642212e+01	6.7609169e-02
2.5664021e+01	-1.1934110e-01
2.5685830e+01	-9.2965755e-02
2.5707639e+01	4.4394244e-02
2.5729448e+01	8.0779627e-02
2.5751257e+01	-1.4389547e-02
2.5773066e+01	-1.5333016e-02
2.5794874e+01	1.9087972e-01
2.5816683e+01	1.4581185e-01
2.5838492e+01	-3.9764251e-02
2.5860301e+01	4.8777166e-02
2.5882110e+01	-3.4638138e-02
2.5903919e+01	-6.8196316e-02
2.5925728e+01	5.5747360e-01
2.5947537e+01	9.9604050e-01
2.5969346e+01	1.4613072e+00
2.5991155e+01	2.0262907e+00
2.6012964e+01	2.4187526e+00
2.6034773e+01	2.8467280e+00
2.6056582e+01	3.0624437e+00
2.6078391e+01	3.0724795e+00
2.6100200e+01	3.0988152e+00
2.6122009e+01	2.7754738e+00
2.6143817e+01	2.3206091e+00
2.6165626e+01	1.7410759e+00
2.6187435e+01	1.2341612e+00
2.6209244e+01	8.6988868e-01
2.6231053e+01	6.8283029e-01
2.6252862e+01	3.3053588e-01
2.6274671e+01	2.3555429e-01
2.6296480e+01	-4.2840618e-02
2.6318289e+01	-5.5393239e-02
2.6340098e+01	3.7800623e-02
2.6361907e+01	-1.7066766e-02
2.6383716e+01	8.6696832e-03
2.6405525e+01	-9.2851490e-02
2.6427334e+01	5.5438253e-03
2.6449143e+01	1.2868362e-01
2.6470952e+01	1.4680429e-02
2.6492760e+01	-1.2481541e-01
2.6514569e+01	-2.5705713e-02
2.6536378e+01	2.9559130e-02
2.6558187e+01	7.3961109e-02
2.6579996e+01	1.9469983e-01
2.6601805e+01	3.2830991e-01
2.6623614e+01	3.4912073e-01
2.6645423e+01	6.0900548e-01
2.6667232e+01	6.2007897e-01
2.6689041e+01	3.8197997e-01
2.6710850e+01	2.5911327e-01
2.6732659e+01	1.5267661e-01
2.6754468e+01	2.4052539e-02
2.6776277e+01	-2.2027526e-01
2.6798086e+01	-1.2867726e-01
2.6819895e+01	-6.3648416e-02
2.6841703e+01	-5.3153498e-02
2.6863512e+01	1.3516101e-01
2.6885321e+01	1.7261003e-01
2.6907130e+01	2.9518408e-01
2.6928939e+01	2.7473940e-01
2.6950748e+01	2.5428858e-02
2.6972557e+01	4.2246263e-03
2.6994366e+01	9.1714247e-02
2.7016175e+01	1.4835669e-02
2.7037984e+01	4.2500866e-02
2.7059793e+01	2.3283484e-02
2.7081602e+01	-6.3248444e-02
2.7103411e+01	-9.8806478e-02
2.7125220e+01	-6.3062215e-02
2.7147029e+01	-2.7991846e-02
2.7168838e+01	-6.2428062e-03
2.7190646e+01	-8.9779622e-03
2.7212455e+01	-9.4896326e-02
2.7234264e+01	6.9356047e-02
2.7256073e+01	1.0063015e-01
2.7277882e+01	3.9127147e-02
2.7299691e+01	1.0394275e-01
2.7321500e+01	3.6117866e-02
2.7343309e+01	-5.5400377e-02
2.7365118e+01	-8.6636259e-03
2.7386927e+01	-5.9215214e-02
2.7408736e+01	-4.1427993e-02
2.7430545e+01	-1.1913932e-01
2.7452354e+01	1.1784494e-01
2.7474163e+01	-6.3947864e-02
2.7495972e+01	-2.7603918e-02
2.7517781e+01	2.4937879e-02
2.7539590e+01	8.5064264e-02
2.7561398e+01	1.7960575e-02
2.7583207e+01	-5.4791881e-02
2.7605016e+01	-1.1098687e-01
2.7626825e+01	-1.5441141e-02
2.7648634e+01	9.8492025e-02
2.7670443e+01	1.2645062e-01
2.7692252e+01	3.8685789e-01
2.7714061e+01	4.4282682e-01
2.7735870e+01	5.9820352e-01
2.7757679e+01	8.6233852e-01
2.7779488e+01	8.2069238e-01
2.7801297e+01	8.6085361e-01
2.7823106e+01	6.7171977e-01
2.7844915e+01	5.4381838e-01
2.7866724e+01	1.8987499e-01
2.7888533e+01	-7.7046928e-02
2.7910341e+01	2.6463154e-02
2.7932150e+01	-6.6596248e-02
2.7953959e+01	-3.5781521e-02
2.7975768e+01	3.7467526e-02
2.7997577e+01	1.5896325e-02
2.8019386e+01	-4.5644914e-02
2.8041195e+01	-2.0825295e-03
2.8063004e+01	7.5649204e-02
2.8084813e+01	-3.4636660e-02
2.8106622e+01	4.7054931e-02
2.8128431e+01	-1.5326390e-01
2.8150240e+01	-1.2454573e-01
2.8172049e+01	1.2281065e-01
2.8193858e+01	4.7200878e-02
2.8215667e+01	2.6807631e-03
2.8237476e+01	5.6190673e-02
2.8259284e+01	-9.0103242e-02
2.8281093e+01	6.4131627e-02
2.8302902e+01	1.5297116e-01
2.8324711e+01	4.0082895e-02
2.8346520e+01	-1.8929236e-01
2.8368329e+01	-9.4106036e-02
2.8390138e+01	5.2898170e-02
2.8411947e+01	1.3650627e-01
2.8433756e+01	3.4472498e-01
2.8455565e+01	4.5655375e-01
2.8477374e+01	5.8836607e-01
2.8499183e+01	8.6301140e-01
2.8520992e+01	9.3031017e-01
2.8542801e+01	9.5260182e-01
2.8564610e+01	9.7068979e-01
2.8586419e+01	8.6784153e-01
2.8608227e+01	9.5030946e-01
2.8630036e+01	8.4153902e-01
2.8651845e+01	5.6499866e-01
2.8673654e+01	3.6744881e-01
2.8695463e+01	2.0080788e-01
2.8717272e+01	-2.0073815e-02
2.8739081e+01	-7.2517966e-02
2.8760890e+01	-4.1934553e-02
2.8782699e+01	-2.0498545e-02
2.8804508e+01	3.9680477e-02
2.8826317e+01	3.4599753e-02
2.8848126e+01	7.6407441e-02
2.8869935e+01	-6.6691043e-02
2.8891744e+01	-2.0759516e-02
2.8913553e+01	-4.0699057e-02
2.8935362e+01	4.1818765e-02
2.8957170e+01	1.1707555e-02
2.8978979e+01	-6.6349288e-02
2.9000788e+01	-9.5771768e-02
2.9022597e+01	1.0381345e-01
2.9044406e+01	9.0956939e-02
2.9066215e+01	-3.4506113e-02
2.9088024e+01	4.4699153e-03
2.9109833e+01	4.8369371e-02
2.9131642e+01	-1.0004215e-01
2.9153451e+01	-1.0101466e-01
2.9175260e+01	9.6269423e-02
2.9197069e+01	1.6476171e-01
2.9218878e+01	-1.7987611e-02
2.9240687e+01	1.3309008e-02
2.9262496e+01	-3.2046756e-02
2.9284305e+01	1.8580154e-02
2.9306113e+01	1.6538653e-01
2.9327922e+01	-1.0708446e-01
2.9349731e+01	-9.8108979e-02
2.9371540e+01	1.4102171e-02
2.9393349e+01	2.1342357e-02
2.9415158e+01	-3.2614028e-02
2.9436967e+01	1.7416215e-01
2.9458776e+01	4.9975691e-02
2.9480585e+01	-5.9968229e-02
2.9502394e+01	-4.8066389e-02
2.9524203e+01	-3.7238968e-02
2.9546012e+01	9.5796484e-03
2.9567821e+01	8.1038904e-02
2.9589630e+01	6.1724559e-02
2.9611439e+01	8.5397595e-03
2.9633248e+01	-1.7592292e-01
2.9655057e+01	-3.4152006e-02
2.9676865e+01	-1.1622596e-01
2.9698674e+01	2.9950688e-02
2.9720483e+01	8.6038507e-02
2.9742292e+01	4.5084482e-01
2.9764101e+01	4.3537115e-01
2.9785910e+01	4.0579980e-01
2.9807719e+01	4.0754110e-01
2.9829528e+01	9.8529110e-02
2.9851337e+01	1.1818576e-03
2.9873146e+01	2.6372728e-02
2.9894955e+01	2.6659076e-01
2.9916764e+01	5.6828111e-01
2.9938573e+01	9.3098131e-01
2.9960382e+01	1.8732549e+00
2.9982191e+01	2.9194884e+00
3.0004000e+01	4.0068283e+00
3.0025808e+01	5.2339413e+00
3.0047617e+01	6.2580257e+00
3.0069426e+01	7.1167562e+00
3.0091235e+01	7.7971632e+00
3.0113044e+01	8.1212663e+00
3.0134853e+01	7.7700211e+00
3.0156662e+01	6.9718880e+00
3.0178471e+01	5.7977965e+00
3.0200280e+01	4.3447903e+00
3.0222089e+01	2.9982269e+00
3.0243898e+01	1.8399237e+00
3.0265707e+01	1.1679603e+00
3.0287516e+01	9.3809620e-01
3.0309325e+01	4.6947899e-01
3.0331134e+01	3.5048616e-01
3.0352943e+01	4.2801615e-02
3.0374751e+01	-7.0509217e-02
3.0396560e+01	-1.0938138e-01
3.0418369e+01	1.5374125e-02
3.0440178e+01	1.7781521e-01
3.0461987e+01	-2.0517395e-02
3.0483796e+01	3.3761137e-03
3.0505605e+01	1.8662300e-01
3.0527414e+01	-2.0334838e-02
3.0549223e+01	-6.5625941e-02
3.0571032e+01	3.1175047e-03
3.0592841e+01	-1.5651346e-01
3.0614650e+01	-3.4161546e-02
3.0636459e+01	3.8782624e-02
3.0658268e+01	1.6085766e-01
3.0680077e+01	-7.8093316e-02
3.0701886e+01	-1.8766649e-03
3.0723694e+01	5.2267132e-02
3.0745503e+01	5.3717064e-02
3.0767312e+01	1.1928627e-02
3.0789121e+01	-5.1569230e-02
3.0810930e+01	1.5823669e-01
3.0832739e+01	1.1118616e-01
3.0854548e+01	3.4915388e-02
3.0876357e+01	-1.4099606e-01
3.0898166e+01	-1.2687679e-01
3.0919975e+01	2.6198458e-02
3.0941784e+01	6.2221067e-02
3.0963593e+01	1.3434930e-01
3.0985402e+01	-2.4432034e-02
3.1007211e+01	-1.2532050e-02
3.1029020e+01	2.9919057e-02
3.1050829e+01	-9.2802556e-02
3.1072637e+01	-4.2769937e-02
3.1094446e+01	-5.3635878e-02
3.1116255e+01	-1.7672295e-01
3.1138064e+01	8.6785747e-02
3.1159873e+01	8.5471878e-02
3.1181682e+01	8.5643116e-03
3.1203491e+01	1.1820281e-01
3.1225300e+01	1.4157923e-01
3.1247109e+01	-1.2180719e-01
3.1268918e+01	-8.1633615e-02
3.1290727e+01	-7.9236046e-02
3.1312536e+01	1.1507641e-01
3.1334345e+01	6.2048632e-02
3.1356154e+01	-8.3730955e-02
3.1377963e+01	3.8229141e-02
3.1399772e+01	7.5817235e-02
3.1421580e+01	2.9103364e-02
3.1443389e+01	-4.3737626e-02
3.1465198e+01	-5.8142125e-02
3.1487007e+01	-2.4525043e-02
3.1508816e+01	-6.1707571e-02
3.1530625e+01	3.1401611e-01
3.1552434e+01	4.2424942e-01
3.1574243e+01	4.8070352e-01
3.1596052e+01	4.6685573e-01
3.1617861e+01	4.1883090e-01
3.1639670e+01	2.6571119e-01
3.1661479e+01	5.3962334e-02
3.1683288e+01	2.2294355e-02
3.1705097e+01	-2.0192212e-02
3.1726906e+01	3.4872935e-01
3.1748715e+01	7.7926338e-01
3.1770524e+01	1.1425828e+00
3.1792332e+01	2.1803955e+00
3.1814141e+01	3.2537975e+00
3.1835950e+01	4.3280396e+00
3.1857759e+01	5.0497238e+00
3.1879568e+01	5.9700340e+00
3.1901377e+01	6.8804732e+00
3.1923186e+01	7.4448023e+00
3.1944995e+01	7.7589751e+00
3.1966804e+01	7.4635547e+00
3.1988613e+01	6.4984959e+00
3.2010422e+01	5.0446957e+00
3.2032231e+01	3.5481101e+00
3.2054040e+01	2.2400108e+00
3.2075849e+01	1.3703339e+00
3.2097658e+01	5.9940131e-01
3.2119467e+01	1.7931091e-01
3.2141275e+01	9.0578651e-02
3.2163084e+01	9.6881879e-02
3.2184893e+01	-8.9974235e-02
3.2206702e+01	-1.0797902e-01
3.2228511e+01	-8.4112827e-02
3.2250320e+01	-1.4816838e-02
3.2272129e+01	1.4880340e-02
3.2293938e+01	2.1732570e-02
3.2315747e+01	-3.4451094e-02
3.2337556e+01	3.1120209e-02
3.2359365e+01	-8.0879770e-02
3.2381174e+01	-7.1868173e-02
3.2402983e+01	1.0837163e-01
3.2424792e+01	-3.9333383e-02
3.2446601e+01	-1.3758565e-02
3.2468410e+01	4.2626389e-02
3.2490218e+01	-6.8866002e-02
3.2512027e+01	3.8450461e-03
3.2533836e+01	8.9075568e-02
3.2555645e+01	6.5192638e-02
3.2577454e+01	2.4643837e-02
3.2599263e+01	1.1275456e-01
3.2621072e+01	-4.9894633e-03
3.2642881e+01	-8.4123091e-02
3.2664690e+01	-1.6801307e-01
3.2686499e+01	1.0172775e-01
3.2708308e+01	4.4699943e-02
3.2730117e+01	-5.3884988e-02
3.2751926e+01	4.9908778e-02
3.2773735e+01	-3.9762148e-02
3.2795544e+01	-2.6080945e-02
3.2817353e+01	-3.1120847e-02
3.2839161e+01	-2.3406218e-02
3.2860970e+01	1.4944453e-02
3.2882779e+01	1.0118440e-01
3.2904588e+01	-5.7210101e-02
3.2926397e+01	-3.3366800e-03
3.2948206e+01	1.2264066e-01
3.2970015e+01	-1.7000986e-02
3.2991824e+01	-8.1419981e-02
3.3013633e+01	-3.6804418e-02
3.3035442e+01	2.7051392e-02
3.3057251e+01	1.1209847e-01
3.3079060e+01	3.0354955e-03
3.3100869e+01	-2.3973969e-02
3.3122678e+01	3.0217636e-02
3.3144487e+01	-1.1093049e-01
3.3166296e+01	-9.3324214e-02
3.3188104e+01	2.2349169e-02
3.3209913e+01	1.1893502e-01
3.3231722e+01	-1.2464895e-01
3.3253531e+01	1.1344737e-01
3.3275340e+01	1.1396697e-01
3.3297149e+01	-1.4750877e-02
3.3318958e+01	-2.2023828e-02
3.3340767e+01	5.5075041e-04
3.3362576e+01	-5.8245864e-02
3.3384385e+01	1.2040274e-02
3.3406194e+01	-1.9475709e-02
3.3428003e+01	-1.7296155e-02
3.3449812e+01	-7.6520681e-02
3.3471621e+01	-8.1800808e-02
3.3493430e+01	2.5926391e-02
3.3515239e+01	1.5768332e-01
3.3537047e+01	3.1673826e-01
3.3558856e+01	3.9818778e-01
3.3580665e+01	5.7212190e-01
3.3602474e+01	7.3692781e-01
3.3624283e+01	8.0719869e-01
3.3646092e+01	9.3210571e-01
3.3667901e+01	7.3700306e-01
3.3689710e+01	6.8292792e-01
3.3711519e+01	6.5362445e-01
3.3733328e+01	4.6478985e-01
3.3755137e+01	9.9599281e-02
3.3776946e+01	8.2958175e-02
3.3798755e+01	5.0911722e-02
3.3820564e+01	-2.1585229e-02
3.3842373e+01	-5.1283261e-02
3.3864182e+01	-9.0229293e-03
3.3885991e+01	-4.6738741e-02
3.3907799e+01	1.2375247e-02
3.3929608e+01	-6.5694830e-03
3.3951417e+01	-2.0710805e-01
3.3973226e+01	2.8084164e-02
3.3995035e+01	3.0119374e-02
3.4016844e+01	3.7631260e-02
3.4038653e+01	6.4612679e-02
3.4060462e+01	-3.4270118e-02
3.4082271e+01	-2.3682623e-02
3.4104080e+01	-9.2024737e-03
3.4125889e+01	7.7786273e-03
3.4147698e+01	-2.3558590e-02
3.4169507e+01	1.0597980e-01
3.4191316e+01	-2.5409460e-02
3.4213125e+01	-7.5172024e-03
3.4234934e+01	-1.7525750e-02
3.4256742e+01	3.4660868e-02
3.4278551e+01	-4.7736632e-02
3.4300360e+01	1.2927672e-01
3.4322169e+01	5.3138688e-02
3.4343978e+01	-9.3291499e-02
3.4365787e+01	-9.0795405e-02
3.4387596e+01	3.5189625e-03
3.4409405e+01	-4.4319064e-02
3.4431214e+01	1.0302574e-01
3.4453023e+01	4.9854460e-02
3.4474832e+01	-1.6677430e-01
3.4496641e+01	-2.1559475e-03
3.4518450e+01	1.1548621e-01
3.4540259e+01	-1.9768337e-02
3.4562068e+01	2.3140889e-02
3.4583877e+01	1.4640786e-01
3.4605685e+01	2.2093679e-02
3.4627494e+01	-1.3120899e-01
3.4649303e+01	-8.2744634e-02
3.4671112e+01	4.6928243e-03
3.4692921e+01	3.3265413e-02
3.4714730e+01	2.6184996e-02
3.4736539e+01	-3.0413283e-02
3.4758348e+01	4.0297031e-02
3.4780157e+01	-2.3741322e-02
3.4801966e+01	-8.2678730e-03
3.4823775e+01	5.0196737e-02
3.4845584e+01	9.7642171e-02
3.4867393e+01	-3.5414075e-02
3.4889202e+01	-7.7827242e-02
3.4911011e+01	-5.8425826e-03
3.4932820e+01	-8.0651342e-02
3.4954628e+01	5.4075761e-02
3.4976437e+01	8.7624169e-02
3.4998246e+01	-2.7038847e-02
3.5020055e+01	6.4201677e-02
3.5041864e+01	-2.5880497e-02
3.5063673e+01	-6.6871265e-02
3.5085482e+01	-2.9377332e-02
3.5107291e+01	5.3826343e-02
3.5129100e+01	-1.4194447e-02
3.5150909e+01	-1.5437499e-01
3.5172718e+01	5.6455155e-02
3.5194527e+01	6.2397250e-02
3.5216336e+01	-1.0054593e-02
3.5238145e+01	1.5694656e-02
3.5259954e+01	3.1408436e-03
3.5281763e+01	2.1269617e-03
3.5303571e+01	-4.6562526e-02
3.5325380e+01	7.9841056e-02
3.5347189e+01	1.7605604e-01
3.5368998e+01	3.4955407e-02
3.5390807e+01	8.6983939e-02
3.5412616e+01	-8.5776042e-02
3.5434425e+01	-1.4048382e-01
3.5456234e+01	-9.5558672e-02
3.5478043e+01	-9.7813072e-04
3.5499852e+01	3.3037411e-02
3.5521661e+01	-1.3813881e-02
3.5543470e+01	-5.3846037e-02
3.5565279e+01	-4.6001024e-02
3.5587088e+01	1.0814677e-02
3.5608897e+01	7.6935259e-03
3.5630706e+01	1.1360825e-01
3.5652514e+01	1.7228860e-01
3.5674323e+01	1.7602032e-02
3.5696132e+01	4.9552664e-02
3.5717941e+01	9.8784420e-02
3.5739750e+01	-1.5784957e-02
3.5761559e+01	-5.7681196e-02
3.5783368e+01	-9.1788290e-02
3.5805177e+01	-1.0024877e-02
3.5826986e+01	7.7837843e-02
3.5848795e+01	2.6896500e-02
3.5870604e+01	-9.3914452e-02
3.5892413e+01	2.5256208e-02
3.5914222e+01	2.0283102e-01
3.5936031e+01	-2.3884032e-03
3.5957840e+01	-1.3058508e-01
3.5979649e+01	-1.2148249e-01
3.6001458e+01	4.3928163e-01
3.6023266e+01	6.7812191e-01
3.6045075e+01	8.4365318e-01
3.6066884e+01	8.7734126e-01
3.6088693e+01	8.9956898e-01
3.6110502e+01	7.9744018e-01
3.6132311e+01	6.5113367e-01
3.6154120e+01	6.5048430e-01
3.6175929e+01	6.6155889e-01
3.6197738e+01	5.0625226e-01
3.6219547e+01	2.2659824e-01
3.6241356e+01	1.6444446e-01
3.6263165e+01	2.6783287e-02
3.6284974e+01	1.5156650e-02
3.6306783e+01	9.3386816e-02
3.6328592e+01	-1.5209597e-01
3.6350401e+01	-1.3675818e-01
3.6372209e+01	-5.9861444e-02
3.6394018e+01	-7.6359834e-02
3.6415827e+01	6.4812614e-02
3.6437636e+01	1.0957095e-01
3.6459445e+01	1.5246022e-01
3.6481254e+01	3.5358056e-03
3.6503063e+01	2.9094502e-02
3.6524872e+01	1.6873439e-02
3.6546681e+01	5.2672809e-02
3.6568490e+01	-8.1506186e-02
3.6590299e+01	-5.8749916e-03
3.6612108e+01	-8.0511399e-02
3.6633917e+01	2.9068408e-02
3.6655726e+01	3.2761274e-01
3.6677535e+01	5.2915882e-01
3.6699344e+01	4.9179377e-01
3.6721152e+01	8.6397664e-01
3.6742961e+01	1.4454112e+00
3.6764770e+01	1.6364501e+00
3.6786579e+01	2.0891321e+00
3.6808388e+01	2.3891330e+00
3.6830197e+01	2.7452845e+00
3.6852006e+01	2.9829063e+00
3.6873815e+01	3.0246061e+00
3.6895624e+01	3.2267868e+00
3.6917433e+01	3.1251600e+00
3.6939242e+01	2.9762975e+00
3.6961051e+01	2.3640719e+00
3.6982860e+01	1.9121842e+00
3.7004669e+01	1.5706849e+00
3.7026478e+01	1.3481958e+00
3.7048287e+01	1.3846306e+00
3.7070095e+01	1.0304962e+00
3.7091904e+01	3.2421313e-01
3.7113713e+01	1.1469425e-01
3.7135522e+01	-7.0575692e-02
3.7157331e+01	2.8646646e-02
3.7179140e+01	1.1650284e-01
3.7200949e+01	4.2412339e-02
3.7222758e+01	-1.0388724e-01
3.7244567e+01	2.1900380e-04
3.7266376e+01	-1.4089023e-01
3.7288185e+01	-1.3432754e-01
3.7309994e+01	-1.3676233e-02
3.7331803e+01	1.3117692e-01
3.7353612e+01	-3.8253764e-03
3.7375421e+01	-3.1071916e-02
3.7397230e+01	-6.3471327e-03
3.7419038e+01	1.5648777e-02
3.7440847e+01	5.5588946e-02
3.7462656e+01	5.1213918e-01
3.7484465e+01	9.7267812e-01
3.7506274e+01	8.8288827e-01
3.7528083e+01	1.1884512e-01
3.7549892e+01	2.0924616e-01
3.7571701e+01	8.1865705e-02
3.7593510e+01	-4.4713294e-02
3.7615319e+01	-1.5278049e-01
3.7637128e+01	-7.0556512e-02
3.7658937e+01	-7.6828358e-02
3.7680746e+01	1.2533860e-01
3.7702555e+01	7.1687687e-02
3.7724364e+01	-8.1630899e-02
3.7746173e+01	-5.5169216e-03
3.7767981e+01	-9.2379329e-02
3.7789790e+01	-3.1880389e-02
3.7811599e+01	-4.7273221e-02
3.7833408e+01	7.2802421e-03
3.7855217e+01	8.0362423e-02
3.7877026e+01	5.9363519e-02
3.7898835e+01	8.8609571e-02
3.7920644e+01	6.0416783e-02
3.7942453e+01	4.3285356e-02
3.7964262e+01	1.5219883e-01
3.7986071e+01	-3.6795613e-02
3.8007880e+01	-4.0347773e-02
3.8029689e+01	2.4367583e-02
3.8051498e+01	-6.5840843e-02
3.8073307e+01	-7.8141857e-02
3.8095116e+01	-1.6402287e-01
3.8116925e+01	8.0299186e-02
3.8138733e+01	4.2824581e-01
3.8160542e+01	4.7007626e-01
3.8182351e+01	6.4623925e-01
3.8204160e+01	9.4893690e-01
3.8225969e+01	1.4512333e+00
3.8247778e+01	1.8812716e+00
3.8269587e+01	2.2583809e+00
3.8291396e+01	2.7242952e+00
3.8313205e+01	3.0025367e+00
3.8335014e+01	3.1125115e+00
3.8356823e+01	3.3187657e+00
3.8378632e+01	3.6514834e+00
3.8400441e+01	3.5335397e+00
3.8422250e+01	3.1142537e+00
3.8444059e+01	2.5981935e+00
3.8465868e+01	1.8727082e+00
3.8487676e+01	1.4312000e+00
3.8509485e+01	9.5921287e-01
3.8531294e+01	6.5782398e-01
3.8553103e+01	4.5639743e-01
3.8574912e+01	1.3153833e-01
3.8596721e+01	6.2216773e-02
3.8618530e+01	1.0851920e-01
3.8640339e+01	-1.3108128e-01
3.8662148e+01	-1.1067145e-01
3.8683957e+01	-4.7668750e-02
3.8705766e+01	1.5888302e-02
3.8727575e+01	1.2077774e-01
3.8749384e+01	-1.3446816e-03
3.8771193e+01	3.1665987e-02
3.8793002e+01	-1.6495307e-03
3.8814811e+01	-1.2825843e-01
3.8836619e+01	-2.3514801e-01
3.8858428e+01	1.2617767e-01
3.8880237e+01	9.6372794e-02
3.8902046e+01	8.7439783e-02
3.8923855e+01	3.9334851e-02
3.8945664e+01	-7.0637715e-02
3.8967473e+01	-9.4773282e-02
3.8989282e+01	1.0155810e-01
3.9011091e+01	1.1906334e-01
3.9032900e+01	1.0613467e-01
3.9054709e+01	-1.8350751e-02
3.9076518e+01	-2.6175114e-01
3.9098327e+01	-5.4454835e-03
3.9120136e+01	-5.0527713e-02
3.9141945e+01	6.4752938e-04
3.9163754e+01	2.1581246e-01
3.9185562e+01	-3.7629253e-02
3.9207371e+01	1.2288703e-01
3.9229180e+01	6.1292792e-02
3.9250989e+01	-5.5985192e-02
3.9272798e+01	9.5621036e-03
3.9294607e+01	2.5321512e-02
3.9316416e+01	3.1638765e-02
3.9338225e+01	-9.0295048e-03
3.9360034e+01	-5.1794687e-02
3.9381843e+01	8.1705023e-03
3.9403652e+01	5.4610443e-02
3.9425461e+01	2.4120068e-01
3.9447270e+01	5.6372889e-03
3.9469079e+01	-1.8366112e-01
3.9490888e+01	-4.5646504e-02
3.9512697e+01	9.2962205e-02
3.9534505e+01	-1.3900581e-01
3.9556314e+01	-3.5651828e-02
3.9578123e+01	8.8166342e-02
3.9599932e+01	1.1151281e-01
3.9621741e+01	2.9152579e-02
3.9643550e+01	3.8706265e-01
3.9665359e+01	6.9050615e-01
3.9687168e+01	1.1441374e+00
3.9708977e+01	1.2559748e+00
3.9730786e+01	1.5233276e+00
3.9752595e+01	1.7719632e+00
3.9774404e+01	1.8278559e+00
3.9796213e+01	2.3711260e+00
3.9818022e+01	2.3804799e+00
3.9839831e+01	2.1591209e+00
3.9861640e+01	2.1935223e+00
3.9883449e+01	2.1275664e+00
3.9905257e+01	1.9234327e+00
3.9927066e+01	1.2709754e+00
3.9948875e+01	7.0296479e-01
3.9970684e+01	5.7667630e-01
3.9992493e+01	9.8306220e-02
4.0014302e+01	1.2037587e-01
4.0036111e+01	4.4858909e-02
4.0057920e+01	-1.5337551e-01
4.0079729e+01	9.1030889e-02
4.0101538e+01	-1.8729914e-01
4.0123347e+01	-1.1161455e-01
4.0145156e+01	-2.7880000e-02
4.0166965e+01	-6.8841771e-02
4.0188774e+01	2.1330070e-01
4.0210583e+01	2.8847942e-01
4.0232392e+01	1.2018656e-01
4.0254200e+01	6.9953378e-03
4.0276009e+01	8.6817000e-03
4.0297818e+01	1.3828885e-01
4.0319627e+01	1.9084152e-02
4.0341436e+01	-1.9590332e-01
4.0363245e+01	-5.6037870e-02
4.0385054e+01	1.2113432e-01
4.0406863e+01	1.2368863e-01
4.0428672e+01	-6.9503852e-02
4.0450481e+01	-3.3493048e-02
4.0472290e+01	1.7685463e-01
4.0494099e+01	3.9932723e-02
4.0515908e+01	-7.8984989e-02
4.0537717e+01	-1.0030603e-01
4.0559526e+01	4.9656824e-03
4.0581335e+01	-2.0143371e-02
4.0603143e+01	1.5587105e-01
4.0624952e+01	2.9104160e-02
4.0646761e+01	-1.4844224e-01
4.0668570e+01	-8.4572602e-02
4.0690379e+01	1.1623264e-01
4.0712188e+01	7.6551954e-02
4.0733997e+01	7.2240472e-02
4.0755806e+01	-6.7638487e-02
4.0777615e+01	4.9996171e-02
4.0799424e+01	5.7959866e-02
4.0821233e+01	2.3092384e-02
4.0843042e+01	-2.8824116e-01
4.0864851e+01	-9.6021927e-02
4.0886660e+01	3.0883985e-02
4.0908469e+01	1.7730404e-01
4.0930278e+01	1.0657615e-02
4.0952086e+01	7.7011840e-02
4.0973895e+01	1.1883329e-02
4.0995704e+01	1.6226872e-01
4.1017513e+01	-2.3400600e-02
4.1039322e+01	-5.6334313e-03
4.1061131e+01	3.0461096e-01
4.1082940e+01	1.8878864e-02
4.1104749e+01	-7.6247445e-02
4.1126558e+01	-1.2113124e-01
4.1148367e+01	1.3726533e-02
4.1170176e+01	1.7745358e-01
4.1191985e+01	-4.1121906e-02
4.1213794e+01	5.0009094e-02
4.1235603e+01	-1.5474313e-01
4.1257412e+01	1.3101565e-01
4.1279221e+01	1.0722273e-01
4.1301029e+01	5.7684687e-02
4.1322838e+01	-2.1441980e-01
4.1344647e+01	7.9808151e-02
4.1366456e+01	1.2457747e-02
4.1388265e+01	-1.1157816e-01
4.1410074e+01	-6.7118052e-02
4.1431883e+01	1.7150476e-01
4.1453692e+01	8.9567929e-02
4.1475501e+01	6.9984065e-02
4.1497310e+01	4.3652031e-02
4.1519119e+01	-5.6358898e-02
4.1540928e+01	-1.4560781e-01
4.1562737e+01	3.7034484e-02
4.1584546e+01	-6.6963288e-02
4.1606355e+01	9.8010653e-02
4.1628164e+01	-6.4378105e-02
4.1649972e+01	2.7741832e-01
4.1671781e+01	4.1729143e-01
4.1693590e+01	3.1113488e-01
4.1715399e+01	3.6212698e-02
4.1737208e+01	4.8778049e-01
4.1759017e+01	8.3220696e-01
4.1780826e+01	8.3959149e-01
4.1802635e+01	6.9386444e-01
4.1824444e+01	3.5835117e-01
4.1846253e+01	5.4209305e-01
4.1868062e+01	6.9179532e-01
4.1889871e+01	6.5713916e-01
4.1911680e+01	2.4791575e-01
4.1933489e+01	-4.9521739e-02
4.1955298e+01	7.0489400e-02
4.1977107e+01	-6.9821460e-05
4.1998916e+01	-1.5711586e-01
4.2020724e+01	1.5483817e-01
4.2042533e+01	4.6336283e-02
4.2064342e+01	6.9640257e-02
4.2086151e+01	1.9720362e-01
4.2107960e+01	3.2946109e-01
4.2129769e+01	-6.2572790e-02
4.2151578e+01	-2.0037666e-01
4.2173387e+01	-2.7136729e-02
4.2195196e+01	2.3307302e-01
4.2217005e+01	4.7372466e-01
4.2238814e+01	6.0548224e-02
4.2260623e+01	1.2133019e-01
4.2282432e+01	3.5560114e-01
4.2304241e+01	-1.6060415e-01
4.2326050e+01	-5.0837366e-02
4.2347859e+01	5.0411240e-02
4.2369667e+01	5.7725460e-01
4.2391476e+01	8.5569149e-01
4.2413285e+01	6.2248368e-01
4.2435094e+01	1.0917739e+00
4.2456903e+01	1.5897170e+00
4.2478712e+01	1.5054247e+00
4.2500521e+01	1.9952107e+00
4.2522330e+01	2.3681738e+00
4.2544139e+01	2.4535588e+00
4.2565948e+01	2.7323595e+00
4.2587757e+01	2.6941915e+00
4.2609566e+01	2.7059497e+00
4.2631375e+01	2.2063128e+00
4.2653184e+01	1.6472105e+00
4.2674993e+01	1.1626887e+00
4.2696802e+01	5.9491314e-01
4.2718610e+01	7.4686504e-02
4.2740419e+01	2.9603858e-01
4.2762228e+01	2.4030784e-01
4.2784037e+01	-3.2842506e-02
4.2805846e+01	3.5262160e-01
4.2827655e+01	3.5757547e-01
4.2849464e+01	1.0412714e-01
4.2871273e+01	3.6434890e-02
4.2893082e+01	1.2178757e-01
4.2914891e+01	4.7469845e-02
4.2936700e+01	-7.0583297e-02
4.2958509e+01	-2.2973410e-01
4.2980318e+01	5.6216858e-03
4.3002127e+01	-9.9070883e-02
4.3023936e+01	-2.3561582e-01
4.3045745e+01	8.2436089e-02
4.3067553e+01	1.6864091e-01
4.3089362e+01	1.3551365e-01
4.3111171e+01	2.1677135e-01
4.3132980e+01	2.5326570e-01
4.3154789e+01	1.0031062e-01
4.3176598e+01	-4.3214142e-02
4.3198407e+01	-7.7457497e-03
4.3220216e+01	-5.6865336e-02
4.3242025e+01	1.5044876e-02
4.3263834e+01	-1.2677118e-01
4.3285643e+01	-2.3014286e-01
4.3307452e+01	2.3475128e-02
4.3329261e+01	8.4840504e-02
4.3351070e+01	1.7423904e-01
4.3372879e+01	1.2419798e-01
4.3394688e+01	4.3948307e-01
4.3416496e+01	6.5740592e-01
4.3438305e+01	-1.5371258e-01
4.3460114e+01	1.5146742e-01
4.3481923e+01	2.2304455e-01
4.3503732e+01	3.4073778e-01
4.3525541e+01	1.0693031e-01
4.3547350e+01	-1.4968358e-02
4.3569159e+01	-1.5414798e-01
4.3590968e+01	8.7085195e-02
4.3612777e+01	-6.1256821e-02
4.3634586e+01	4.1807137e-01
4.3656395e+01	7.0296474e-01
4.3678204e+01	1.6965887e+00
4.3700013e+01	2.5253817e+00
4.3721822e+01	3.0490513e+00
4.3743631e+01	3.7132507e+00
4.3765439e+01	3.9857125e+00
4.3787248e+01	4.9115482e+00
4.3809057e+01	5.6510960e+00
4.3830866e+01	6.5872386e+00
4.3852675e+01	7.0949253e+00
4.3874484e+01	7.1774836e+00
4.3896293e+01	7.1672178e+00
4.3918102e+01	6.6806005e+00
4.3939911e+01	6.1580301e+00
4.3961720e+01	4.7649471e+00
4.3983529e+01	3.6849247e+00
4.4005338e+01	1.7981226e+00
4.4027147e+01	9.2960814e-01
4.4048956e+01	8.2242575e-01
4.4070765e+01	4.0050088e-01
4.4092574e+01	3.4894962e-02
4.4114383e+01	-6.4396858e-02
4.4136191e+01	2.0065708e-01
4.4158000e+01	3.2182869e-01
4.4179809e+01	-6.2986357e-02
4.4201618e+01	9.8952594e-02
4.4223427e+01	-5.1857580e-02
4.4245236e+01	-1.6010506e-03
4.4267045e+01	5.5310209e-02
4.4288854e+01	-6.4526481e-02
4.4310663e+01	7.6302067e-02
4.4332472e+01	2.1719612e-02
4.4354281e+01	-2.3464214e-02
4.4376090e+01	2.6084546e-01
4.4397899e+01	-2.7577884e-01
4.4419708e+01	7.6933810e-03
4.4441517e+01	1.3772325e-01
4.4463326e+01	3.3225891e-01
4.4485134e+01	2.5254852e-02
4.4506943e+01	-8.2162037e-02
4.4528752e+01	7.2130242e-02
4.4550561e+01	6.3974209e-02
4.4572370e+01	-8.4565403e-02
4.4594179e+01	-4.4576283e-02
4.4615988e+01	7.0245252e-03
4.4637797e+01	2.1559342e-01
4.4659606e+01	1.2071207e-01
4.4681415e+01	-4.3537913e-03
4.4703224e+01	6.3118438e-02
4.4725033e+01	2.2777332e-01
4.4746842e+01	7.6050224e-02
4.4768651e+01	1.8088355e-01
4.4790460e+01	-1.0587777e-01
4.4812269e+01	-6.4620827e-02
4.4834077e+01	-4.4212549e-02
4.4855886e+01	-1.5181116e-01
4.4877695e+01	-2.8998255e-01
4.4899504e+01	6.6616697e-02
4.4921313e+01	4.4800111e-01
4.4943122e+01	1.5597983e-01
4.4964931e+01	9.2328694e-02
4.4986740e+01	5.3303428e-02