Image file: \\Gfs05\g45\SAXS\2020_12\HDF5\2020-12.10_Kevin_day2_SN\2020-12-10_Max_Cu123_SN_000017_data_000022.h5
ImageIntegration1d_chi_output; Output_Directory= \\Gfs05\g45\SAXS\2020_12\Processed\2020-12-09_Kevin_day1_SN\Chi-Sample-7
Profile = Radial, StartAzimuth = 0.0, EndAzimuth = 360.0, Sam_Det_distance = 250.818474293, InnerRadius = 15.0, OuterRadius = 2400.0, Lambda = 30, Ratio = 0.001, Itermax = 100
2400
2.0013229e+00	1.4370680e-01
2.0231319e+00	-1.0669665e-01
2.0449408e+00	-1.0308308e-01
2.0667497e+00	-1.0335729e-01
2.0885587e+00	1.8666577e-02
2.1103676e+00	-6.4064793e-02
2.1321765e+00	2.1236364e-01
2.1539855e+00	1.8018270e-01
2.1757944e+00	1.6411244e-01
2.1976034e+00	3.0833673e-02
2.2194123e+00	-1.9915088e-01
2.2412212e+00	7.5335191e-02
2.2630302e+00	-3.0734396e-02
2.2848391e+00	-2.8745649e-01
2.3066480e+00	-1.7667521e-01
2.3284570e+00	1.6171818e-01
2.3502659e+00	1.5696049e-01
2.3720749e+00	2.0173100e-01
2.3938838e+00	4.1087494e-02
2.4156927e+00	-3.2639251e-02
2.4375017e+00	-2.1464703e-01
2.4593106e+00	1.2698057e-01
2.4811196e+00	6.3676814e-02
2.5029285e+00	-1.4974610e-01
2.5247374e+00	4.5217497e-03
2.5465464e+00	1.0760160e-01
2.5683553e+00	-1.0461075e-01
2.5901642e+00	-3.9996711e-02
2.6119732e+00	1.6143793e-01
2.6337821e+00	-1.5865819e-01
2.6555911e+00	-3.6838133e-02
2.6774000e+00	1.8791745e-01
2.6992089e+00	2.9073410e-01
2.7210179e+00	-1.7975600e-02
2.7428268e+00	-9.5015068e-02
2.7646358e+00	2.2443850e-02
2.7864447e+00	1.1549900e-01
2.8082536e+00	3.9819171e-02
2.8300626e+00	-3.2399218e-01
2.8518715e+00	3.1679758e-02
2.8736804e+00	8.7819506e-02
2.8954894e+00	-4.9266724e-02
2.9172983e+00	-1.0128747e-01
2.9391073e+00	1.0119185e-02
2.9609162e+00	2.2610298e-01
2.9827251e+00	1.7461202e-01
3.0045341e+00	-5.5273474e-02
3.0263430e+00	3.1060619e-02
3.0481519e+00	4.8913125e-02
3.0699609e+00	-2.5220941e-02
3.0917698e+00	-1.9644832e-01
3.1135788e+00	-1.3855379e-01
3.1353877e+00	4.1312110e-01
3.1571966e+00	2.7021600e-01
3.1790056e+00	3.1799643e-02
3.2008145e+00	1.0836392e-01
3.2226235e+00	-3.4861563e-02
3.2444324e+00	1.8524026e-01
3.2662413e+00	-1.6832554e-03
3.2880503e+00	-2.9746177e-01
3.3098592e+00	7.1793090e-02
3.3316681e+00	1.1300809e-01
3.3534771e+00	-7.0944744e-02
3.3752860e+00	-5.4164904e-02
3.3970950e+00	1.5592029e-01
3.4189039e+00	-2.5472773e-01
3.4407128e+00	-7.3945767e-02
3.4625218e+00	-3.3874742e-02
3.4843307e+00	1.7140067e-01
3.5061396e+00	1.4744419e-01
3.5279486e+00	4.7268732e-01
3.5497575e+00	1.4713262e-01
3.5715665e+00	-4.5140334e-02
3.5933754e+00	1.8027776e-01
3.6151843e+00	-1.3898286e-01
3.6369933e+00	-2.3275440e-01
3.6588022e+00	5.2175515e-02
3.6806112e+00	-1.0472134e-01
3.7024201e+00	1.0019868e-01
3.7242290e+00	-8.9143501e-02
3.7460380e+00	-9.3416265e-02
3.7678469e+00	1.6348093e-01
3.7896558e+00	3.8706801e-01
3.8114648e+00	1.9903648e-01
3.8332737e+00	1.5917124e-02
3.8550827e+00	1.0452393e-01
3.8768916e+00	-2.7548455e-02
3.8987005e+00	-2.6679093e-01
3.9205095e+00	-1.3901858e-02
3.9423184e+00	1.2622443e-01
3.9641273e+00	-1.3511553e-01
3.9859363e+00	-2.7982656e-02
4.0077452e+00	1.5865274e-01
4.0295542e+00	1.1247635e-01
4.0513631e+00	6.0917328e-02
4.0731720e+00	-7.2904683e-02
4.0949810e+00	-1.9166808e-01
4.1167899e+00	-7.1618730e-02
4.1385989e+00	8.1293375e-03
4.1604078e+00	1.7855975e-01
4.1822167e+00	-2.2768312e-02
4.2040257e+00	1.0376738e-01
4.2258346e+00	4.1189633e-01
4.2476435e+00	4.3942588e-01
4.2694525e+00	-3.1417587e-02
4.2912614e+00	-1.0069627e-01
4.3130704e+00	-2.2902188e-01
4.3348793e+00	5.3838963e-02
4.3566882e+00	7.6003670e-02
4.3784972e+00	1.5403080e-01
4.4003061e+00	-4.1670258e-02
4.4221151e+00	-4.3650377e-02
4.4439240e+00	1.0673681e-01
4.4657329e+00	8.4432889e-02
4.4875419e+00	1.3246578e-01
4.5093508e+00	-1.9491715e-01
4.5311597e+00	-2.8913972e-01
4.5529687e+00	2.0301238e-01
4.5747776e+00	3.7380245e-01
4.5965866e+00	1.4047685e-01
4.6183955e+00	-1.4007918e-02
4.6402044e+00	5.5412216e-02
4.6620134e+00	2.6039175e-01
4.6838223e+00	-1.0850936e-01
4.7056312e+00	-2.9446591e-01
4.7274402e+00	-1.8363612e-01
4.7492491e+00	2.1893334e-01
4.7710581e+00	-2.5158136e-02
4.7928670e+00	6.3461726e-02
4.8146759e+00	1.6368607e-01
4.8364849e+00	-2.1516215e-02
4.8582938e+00	8.9086146e-02
4.8801028e+00	-4.3955012e-02
4.9019117e+00	4.8528051e-02
4.9237206e+00	-1.3609539e-02
4.9455296e+00	-1.1194173e-01
4.9673385e+00	1.5916866e-01
4.9891474e+00	9.1151848e-02
5.0109564e+00	-1.7589643e-02
5.0327653e+00	-5.4064992e-02
5.0545743e+00	-2.4996066e-01
5.0763832e+00	7.5708313e-02
5.0981921e+00	4.2116688e-01
5.1200011e+00	4.4383038e-01
5.1418100e+00	7.5728515e-02
5.1636189e+00	-2.1699928e-03
5.1854279e+00	-1.8376671e-01
5.2072368e+00	7.9144012e-02
5.2290458e+00	9.5903297e-02
5.2508547e+00	-6.4123325e-02
5.2726636e+00	-1.5865213e-01
5.2944726e+00	4.0956536e-01
5.3162815e+00	4.9009086e-01
5.3380905e+00	1.9161581e-01
5.3598994e+00	2.1820431e-01
5.3817083e+00	2.1862476e-01
5.4035173e+00	-3.3283387e-02
5.4253262e+00	-1.2919694e-01
5.4471351e+00	-1.2391103e-01
5.4689441e+00	-2.3359152e-01
5.4907530e+00	1.8481182e-01
5.5125620e+00	1.3617954e-01
5.5343709e+00	-9.1151233e-02
5.5561798e+00	-1.2274256e-02
5.5779888e+00	2.1632260e-01
5.5997977e+00	-9.5213882e-02
5.6216066e+00	-1.4567811e-01
5.6434156e+00	2.5188824e-02
5.6652245e+00	2.0921856e-01
5.6870335e+00	8.5906585e-02
5.7088424e+00	-2.0026144e-01
5.7306513e+00	-5.8294553e-02
5.7524603e+00	-1.7319748e-01
5.7742692e+00	4.0641489e-02
5.7960782e+00	1.4454417e-01
5.8178871e+00	9.2675549e-02
5.8396960e+00	-1.4312683e-02
5.8615050e+00	7.7209190e-02
5.8833139e+00	3.2929444e-02
5.9051228e+00	1.1382521e-01
5.9269318e+00	1.7640905e-02
5.9487407e+00	-4.5876180e-02
5.9705497e+00	-9.3003345e-02
5.9923586e+00	4.6897543e-02
6.0141675e+00	-2.6688876e-01
6.0359765e+00	-2.2052846e-02
6.0577854e+00	2.1529098e-01
6.0795944e+00	2.9456830e-02
6.1014033e+00	3.6835986e-03
6.1232122e+00	6.9575208e-03
6.1450212e+00	-6.6491742e-02
6.1668301e+00	-1.5710111e-03
6.1886390e+00	1.6972761e-01
6.2104480e+00	-2.2963969e-01
6.2322569e+00	-7.1610670e-02
6.2540659e+00	1.0448154e-01
6.2758748e+00	-7.4381365e-04
6.2976837e+00	2.6905277e-02
6.3194927e+00	1.5925058e-01
6.3413016e+00	3.1428078e-01
6.3631105e+00	1.3252110e-01
6.3849195e+00	-2.5852185e-01
6.4067284e+00	-3.0962318e-01
6.4285374e+00	5.9267345e-02
6.4503463e+00	1.0276775e-01
6.4721552e+00	1.6500005e-01
6.4939642e+00	4.5018201e-01
6.5157731e+00	2.9800281e-01
6.5375821e+00	-1.3697047e-01
6.5593910e+00	-5.6882526e-03
6.5811999e+00	2.0035477e-02
6.6030089e+00	6.4889081e-02
6.6248178e+00	-9.0752189e-02
6.6466267e+00	7.3153017e-02
6.6684357e+00	1.0716661e-01
6.6902446e+00	-2.6042331e-02
6.7120536e+00	-2.0667462e-01
6.7338625e+00	1.8280302e-02
6.7556714e+00	-4.7273916e-02
6.7774804e+00	-3.6193453e-02
6.7992893e+00	1.6132254e-01
6.8210982e+00	-3.2444261e-03
6.8429072e+00	1.6947586e-01
6.8647161e+00	1.9819561e-01
6.8865251e+00	-8.9452479e-02
6.9083340e+00	-4.4545020e-02
6.9301429e+00	-2.7897940e-01
6.9519519e+00	-8.5560956e-02
6.9737608e+00	-8.1037187e-03
6.9955698e+00	1.2853377e-01
7.0173787e+00	-2.1688264e-02
7.0391876e+00	-1.3861674e-01
7.0609966e+00	5.7090705e-02
7.0828055e+00	2.8163735e-02
7.1046144e+00	3.8889396e-02
7.1264234e+00	3.1219893e-01
7.1482323e+00	1.5962164e-01
7.1700413e+00	1.5057355e-01
7.1918502e+00	1.4400222e-01
7.2136591e+00	-7.1668557e-03
7.2354681e+00	-1.1098372e-01
7.2572770e+00	-3.0518784e-01
7.2790859e+00	1.2846407e-02
7.3008949e+00	-1.1856744e-01
7.3227038e+00	2.4749588e-01
7.3445128e+00	9.7448537e-02
7.3663217e+00	-1.9784626e-01
7.3881306e+00	-1.0730864e-01
7.4099396e+00	2.2121008e-01
7.4317485e+00	1.6033913e-01
7.4535575e+00	-1.3950258e-01
7.4753664e+00	-1.6695899e-01
7.4971753e+00	1.6547282e-01
7.5189843e+00	-6.2306083e-02
7.5407932e+00	2.5958993e-01
7.5626021e+00	1.9295764e-01
7.5844111e+00	-6.1937424e-02
7.6062200e+00	3.9428241e-02
7.6280290e+00	2.5378701e-01
7.6498379e+00	-2.3497752e-01
7.6716468e+00	-1.8181507e-01
7.6934558e+00	2.7691113e-01
7.7152647e+00	4.7051829e-01
7.7370737e+00	-4.8702165e-02
7.7588826e+00	1.5000102e-01
7.7806915e+00	4.6448274e-01
7.8025005e+00	-2.0253187e-01
7.8243094e+00	-3.1919809e-02
7.8461183e+00	1.2510791e-01
7.8679273e+00	1.0682502e-02
7.8897362e+00	-1.6056525e-01
7.9115452e+00	5.3102097e-02
7.9333541e+00	1.2885899e-01
7.9551630e+00	2.5722269e-02
7.9769720e+00	-2.5292568e-02
7.9987809e+00	1.2056915e-01
8.0205898e+00	4.0842146e-01
8.0423988e+00	8.5266897e-02
8.0642077e+00	-2.2058906e-01
8.0860167e+00	-9.0541520e-03
8.1078256e+00	2.6855581e-01
8.1296345e+00	8.0027427e-02
8.1514435e+00	9.8608047e-02
8.1732524e+00	-2.4492202e-01
8.1950614e+00	-4.0055117e-02
8.2168703e+00	-1.0855054e-01
8.2386792e+00	-4.8611208e-02
8.2604882e+00	3.9665393e-01
8.2822971e+00	3.8484954e-01
8.3041060e+00	1.6832648e-01
8.3259150e+00	-1.8670109e-02
8.3477239e+00	1.1297305e-02
8.3695329e+00	9.3845992e-02
8.3913418e+00	-3.3847572e-02
8.4131507e+00	1.5283136e-02
8.4349597e+00	-1.2472688e-01
8.4567686e+00	-5.2313887e-02
8.4785775e+00	1.0769413e-01
8.5003865e+00	1.5229622e-01
8.5221954e+00	-1.5075258e-01
8.5440044e+00	-1.3017140e-02
8.5658133e+00	5.1900960e-01
8.5876222e+00	1.3333409e-01
8.6094312e+00	-1.3675778e-01
8.6312401e+00	-6.7604572e-02
8.6530491e+00	-5.0387455e-02
8.6748580e+00	3.3855620e-01
8.6966669e+00	2.1319086e-01
8.7184759e+00	2.5315681e-01
8.7402848e+00	-2.0742014e-01
8.7620937e+00	-1.2588084e-01
8.7839027e+00	4.0663279e-01
8.8057116e+00	1.8056160e-01
8.8275206e+00	7.1361170e-02
8.8493295e+00	-4.3818533e-02
8.8711384e+00	-2.8375271e-02
8.8929474e+00	-1.4768973e-02
8.9147563e+00	-7.5173465e-02
8.9365652e+00	-1.1570381e-01
8.9583742e+00	7.8397077e-02
8.9801831e+00	8.9257546e-03
9.0019921e+00	1.0142797e-03
9.0238010e+00	1.3321078e-01
9.0456099e+00	1.0328662e-01
9.0674189e+00	1.2451742e-01
9.0892278e+00	-1.6815462e-02
9.1110368e+00	3.8491091e-01
9.1328457e+00	-5.6044566e-02
9.1546546e+00	-2.7412011e-01
9.1764636e+00	-1.4362851e-01
9.1982725e+00	3.2199376e-01
9.2200814e+00	5.2298563e-01
9.2418904e+00	1.7882050e-01
9.2636993e+00	-1.5079141e-01
9.2855083e+00	8.8273465e-02
9.3073172e+00	1.5349906e-02
9.3291261e+00	3.1915459e-02
9.3509351e+00	-1.0799801e-02
9.3727440e+00	-5.9813931e-02
9.3945530e+00	3.3598570e-02
9.4163619e+00	1.3630228e-01
9.4381708e+00	-6.5767082e-02
9.4599798e+00	-6.6929956e-02
9.4817887e+00	8.5657788e-02
9.5035976e+00	-3.7041397e-02
9.5254066e+00	1.1020021e-01
9.5472155e+00	4.0268527e-01
9.5690245e+00	1.3270293e-01
9.5908334e+00	1.7116851e-01
9.6126423e+00	-1.9613745e-01
9.6344513e+00	-3.8802533e-02
9.6562602e+00	-1.4543452e-01
9.6780691e+00	-2.9664554e-02
9.6998781e+00	-2.2428015e-01
9.7216870e+00	-1.7678128e-04
9.7434960e+00	4.3756006e-01
9.7653049e+00	1.3375076e-01
9.7871138e+00	1.3280701e-01
9.8089228e+00	3.5238866e-03
9.8307317e+00	-1.6121216e-01
9.8525407e+00	5.8976058e-02
9.8743496e+00	1.2640631e-01
9.8961585e+00	-9.7222104e-02
9.9179675e+00	6.4539484e-02
9.9397764e+00	1.5526101e-01
9.9615853e+00	5.6976908e-02
9.9833943e+00	5.1464287e-02
1.0005203e+01	-4.0767664e-02
1.0027012e+01	-1.7040051e-01
1.0048821e+01	-9.2200663e-02
1.0070630e+01	5.3736330e-02
1.0092439e+01	-3.2121205e-02
1.0114248e+01	-1.0784642e-01
1.0136057e+01	1.5865548e-01
1.0157866e+01	2.2350476e-01
1.0179675e+01	5.5780504e-01
1.0201484e+01	3.3916067e-02
1.0223293e+01	-4.8062734e-02
1.0245102e+01	-5.0527320e-02
1.0266910e+01	-1.3330733e-01
1.0288719e+01	-1.5159291e-01
1.0310528e+01	1.3283410e-01
1.0332337e+01	9.3723877e-01
1.0354146e+01	1.6755508e+00
1.0375955e+01	2.1785729e+00
1.0397764e+01	2.4517867e+00
1.0419573e+01	3.3504440e+00
1.0441382e+01	3.9175474e+00
1.0463191e+01	4.8764797e+00
1.0485000e+01	6.7210534e+00
1.0506809e+01	8.1873314e+00
1.0528618e+01	9.7343363e+00
1.0550427e+01	1.0522931e+01
1.0572236e+01	1.1427898e+01
1.0594045e+01	1.1447669e+01
1.0615853e+01	1.1438979e+01
1.0637662e+01	1.1372149e+01
1.0659471e+01	1.0661262e+01
1.0681280e+01	9.0044005e+00
1.0703089e+01	7.1766977e+00
1.0724898e+01	5.1561961e+00
1.0746707e+01	3.6715083e+00
1.0768516e+01	2.4217971e+00
1.0790325e+01	1.2911251e+00
1.0812134e+01	1.0800950e+00
1.0833943e+01	7.0020961e-01
1.0855752e+01	1.8465151e-01
1.0877561e+01	-1.0697698e-01
1.0899370e+01	-8.8790068e-02
1.0921179e+01	-2.5356442e-02
1.0942988e+01	5.0884348e-02
1.0964796e+01	5.7557256e-02
1.0986605e+01	-1.0380943e-01
1.1008414e+01	6.2527662e-01
1.1030223e+01	7.2924767e-01
1.1052032e+01	1.8039356e-01
1.1073841e+01	2.1493958e-02
1.1095650e+01	5.7966323e-01
1.1117459e+01	1.1905412e+00
1.1139268e+01	1.2809809e+00
1.1161077e+01	1.2038252e+00
1.1182886e+01	1.7722372e+00
1.1204695e+01	2.2019899e+00
1.1226504e+01	2.4610363e+00
1.1248313e+01	2.0757712e+00
1.1270122e+01	4.2961485e-01
1.1291931e+01	1.7611810e-01
1.1313740e+01	2.4964115e-01
1.1335548e+01	-1.5786977e-01
1.1357357e+01	-1.2201672e-01
1.1379166e+01	-3.1072588e-02
1.1400975e+01	-3.6444353e-02
1.1422784e+01	-6.9185002e-02
1.1444593e+01	8.4025511e-02
1.1466402e+01	8.1957743e-02
1.1488211e+01	2.6926277e-01
1.1510020e+01	-6.1058459e-02
1.1531829e+01	-2.9334241e-01
1.1553638e+01	-3.3268598e-01
1.1575447e+01	7.6772012e-02
1.1597256e+01	1.4298227e-01
1.1619065e+01	1.8779847e-01
1.1640874e+01	1.6182289e-01
1.1662683e+01	-1.0063292e-01
1.1684491e+01	2.1725914e-02
1.1706300e+01	2.1007922e-01
1.1728109e+01	-1.5696366e-02
1.1749918e+01	-3.3437246e-01
1.1771727e+01	8.7472987e-02
1.1793536e+01	1.6473877e-01
1.1815345e+01	-1.7825036e-02
1.1837154e+01	4.2941226e-02
1.1858963e+01	8.5172757e-02
1.1880772e+01	4.2401962e-02
1.1902581e+01	-9.0749973e-02
1.1924390e+01	-3.5966854e-02
1.1946199e+01	-1.6417996e-02
1.1968008e+01	-8.9185959e-03
1.1989817e+01	8.6747838e-02
1.2011626e+01	-2.5974930e-01
1.2033434e+01	-4.3890150e-02
1.2055243e+01	-3.0181594e-02
1.2077052e+01	8.1509730e-02
1.2098861e+01	-1.5234552e-01
1.2120670e+01	-1.5118436e-02
1.2142479e+01	1.2185792e-01
1.2164288e+01	5.7768685e-01
1.2186097e+01	1.5332440e-01
1.2207906e+01	3.1003543e-01
1.2229715e+01	4.6836619e-02
1.2251524e+01	1.3841871e-01
1.2273333e+01	2.3388208e-01
1.2295142e+01	1.5217002e-01
1.2316951e+01	-2.2451841e-01
1.2338760e+01	-3.7889430e-01
1.2360569e+01	2.2537139e-02
1.2382377e+01	-4.0379468e-02
1.2404186e+01	9.0064334e-02
1.2425995e+01	-7.8117801e-02
1.2447804e+01	-9.0405406e-02
1.2469613e+01	1.8179317e-02
1.2491422e+01	6.0625174e-02
1.2513231e+01	9.6078500e-02
1.2535040e+01	4.8045147e-02
1.2556849e+01	-4.8831335e-02
1.2578658e+01	1.0624744e-01
1.2600467e+01	-3.7603190e-02
1.2622276e+01	-1.5951355e-01
1.2644085e+01	2.6196670e-01
1.2665894e+01	1.1748887e-01
1.2687703e+01	5.2085453e-02
1.2709512e+01	-4.3744680e-02
1.2731320e+01	-3.7816837e-02
1.2753129e+01	-1.5597495e-01
1.2774938e+01	-5.6956190e-02
1.2796747e+01	-3.1237098e-03
1.2818556e+01	6.8635128e-02
1.2840365e+01	1.5679937e-02
1.2862174e+01	-2.0241871e-01
1.2883983e+01	8.5140329e-02
1.2905792e+01	3.2815940e-01
1.2927601e+01	4.9051684e-02
1.2949410e+01	9.3095411e-02
1.2971219e+01	-6.6814515e-02
1.2993028e+01	-1.6449532e-02
1.3014837e+01	2.3988540e-01
1.3036646e+01	5.4952408e-01
1.3058455e+01	1.4073636e+00
1.3080264e+01	2.2817552e+00
1.3102072e+01	2.4838373e+00
1.3123881e+01	1.5162402e+00
1.3145690e+01	1.2616791e+00
1.3167499e+01	1.2030935e+00
1.3189308e+01	1.6620205e+00
1.3211117e+01	1.7534545e+00
1.3232926e+01	1.7914879e+00
1.3254735e+01	1.8037349e+00
1.3276544e+01	1.0166489e+00
1.3298353e+01	2.4471009e-01
1.3320162e+01	-1.6253613e-01
1.3341971e+01	-5.6523757e-01
1.3363780e+01	1.8082657e-02
1.3385589e+01	1.5222473e-01
1.3407398e+01	8.7459560e-02
1.3429207e+01	8.8664489e-02
1.3451015e+01	8.4046587e-02
1.3472824e+01	1.1057825e-01
1.3494633e+01	-9.6523269e-02
1.3516442e+01	8.1067302e-02
1.3538251e+01	5.1650215e-02
1.3560060e+01	1.7152223e-01
1.3581869e+01	-1.4597678e-01
1.3603678e+01	-9.8741089e-02
1.3625487e+01	4.0381700e-02
1.3647296e+01	2.1181891e-01
1.3669105e+01	-9.1984392e-02
1.3690914e+01	-1.2103306e-01
1.3712723e+01	-1.3958228e-01
1.3734532e+01	5.4864849e-02
1.3756341e+01	1.1268777e-01
1.3778150e+01	1.5287536e-01
1.3799958e+01	2.9146159e-03
1.3821767e+01	-2.6474191e-01
1.3843576e+01	1.4990635e-01
1.3865385e+01	1.3579565e-01
1.3887194e+01	-2.1025783e-01
1.3909003e+01	-4.2568426e-02
1.3930812e+01	-1.2173095e-01
1.3952621e+01	-4.6077021e-02
1.3974430e+01	2.5236309e-01
1.3996239e+01	2.7171528e-01
1.4018048e+01	1.0653951e-01
1.4039857e+01	4.2735976e-02
1.4061666e+01	-2.6424390e-01
1.4083475e+01	3.4105287e-02
1.4105284e+01	1.3337403e-01
1.4127093e+01	-1.1738086e-03
1.4148901e+01	-1.2861703e-02
1.4170710e+01	4.5559467e-03
1.4192519e+01	-9.1476032e-02
1.4214328e+01	-1.3033341e-01
1.4236137e+01	1.1226175e-01
1.4257946e+01	6.6059560e-02
1.4279755e+01	3.8509242e-04
1.4301564e+01	7.7694316e-02
1.4323373e+01	2.2283938e-01
1.4345182e+01	3.1217060e-01
1.4366991e+01	4.2711723e-01
1.4388800e+01	-1.1731092e-01
1.4410609e+01	-8.9785250e-02
1.4432418e+01	-8.4861144e-02
1.4454227e+01	1.0129336e-01
1.4476036e+01	3.5525374e-02
1.4497844e+01	-3.1195393e-02
1.4519653e+01	2.4815116e-02
1.4541462e+01	-2.1822960e-02
1.4563271e+01	2.0269777e-02
1.4585080e+01	-3.5105143e-03
1.4606889e+01	2.7114433e-02
1.4628698e+01	-1.8580326e-01
1.4650507e+01	-3.0235051e-01
1.4672316e+01	-2.0356885e-01
1.4694125e+01	2.4584849e-01
1.4715934e+01	3.8887986e-01
1.4737743e+01	4.0262543e-01
1.4759552e+01	2.3881766e-01
1.4781361e+01	4.5902193e-02
1.4803170e+01	2.3059090e-02
1.4824979e+01	1.5136677e-01
1.4846787e+01	3.6235415e-01
1.4868596e+01	9.0568316e-01
1.4890405e+01	1.3115419e+00
1.4912214e+01	1.3116094e+00
1.4934023e+01	8.0399293e-01
1.4955832e+01	6.4328345e-01
1.4977641e+01	3.4185907e-01
1.4999450e+01	1.6413727e-01
1.5021259e+01	8.7792890e-02
1.5043068e+01	2.2639847e-01
1.5064877e+01	1.4432834e-01
1.5086686e+01	-2.9562619e-02
1.5108495e+01	-2.5915829e-01
1.5130304e+01	-3.6041788e-01
1.5152113e+01	-3.1671400e-01
1.5173922e+01	8.3790673e-02
1.5195731e+01	4.7853757e-01
1.5217539e+01	5.6887019e-01
1.5239348e+01	3.9486788e-01
1.5261157e+01	2.3295123e-01
1.5282966e+01	9.0746096e-03
1.5304775e+01	1.3355541e-01
1.5326584e+01	4.3478312e-01
1.5348393e+01	7.3240304e-01
1.5370202e+01	1.0432158e+00
1.5392011e+01	8.0292773e-01
1.5413820e+01	4.5125229e-01
1.5435629e+01	-5.4171817e-03
1.5457438e+01	3.7174772e-02
1.5479247e+01	3.9522791e-01
1.5501056e+01	4.6263278e-01
1.5522865e+01	-2.9680781e-03
1.5544674e+01	-1.5033321e-01
1.5566482e+01	3.8735651e-02
1.5588291e+01	1.6659866e-01
1.5610100e+01	5.6107115e-01
1.5631909e+01	1.0279330e+00
1.5653718e+01	1.0557508e+00
1.5675527e+01	1.2895788e+00
1.5697336e+01	8.6787550e-01
1.5719145e+01	4.2075836e-01
1.5740954e+01	1.8865978e-01
1.5762763e+01	-2.3326679e-01
1.5784572e+01	-1.5666556e-01
1.5806381e+01	-7.4080222e-02
1.5828190e+01	2.5651054e-01
1.5849999e+01	3.8770757e-02
1.5871808e+01	-1.3846681e-02
1.5893617e+01	-9.8228905e-02
1.5915425e+01	9.9247991e-02
1.5937234e+01	4.7407606e-03
1.5959043e+01	-1.0354497e-02
1.5980852e+01	-4.7974425e-02
1.6002661e+01	9.0594060e-02
1.6024470e+01	9.7104416e-02
1.6046279e+01	3.8148093e-02
1.6068088e+01	7.8923014e-02
1.6089897e+01	-2.1110231e-01
1.6111706e+01	-1.0411684e-01
1.6133515e+01	5.7689179e-02
1.6155324e+01	-1.9535538e-01
1.6177133e+01	8.5281061e-03
1.6198942e+01	2.1050501e-01
1.6220751e+01	3.8740011e-02
1.6242560e+01	1.0860269e-01
1.6264368e+01	4.2026341e-03
1.6286177e+01	1.4206263e-01
1.6307986e+01	-4.4609402e-02
1.6329795e+01	3.1061809e-02
1.6351604e+01	-1.0793728e-01
1.6373413e+01	-9.2647042e-02
1.6395222e+01	-1.1424536e-01
1.6417031e+01	-4.0111353e-02
1.6438840e+01	1.1378367e-01
1.6460649e+01	-1.1680316e-02
1.6482458e+01	-5.9757244e-02
1.6504267e+01	1.6628542e-03
1.6526076e+01	1.0800513e-01
1.6547885e+01	-1.2186589e-02
1.6569694e+01	4.8605296e-01
1.6591503e+01	1.5686188e+00
1.6613311e+01	2.9442436e+00
1.6635120e+01	3.9207299e+00
1.6656929e+01	3.9312485e+00
1.6678738e+01	3.6554820e+00
1.6700547e+01	3.1009370e+00
1.6722356e+01	3.3056102e+00
1.6744165e+01	3.5510583e+00
1.6765974e+01	4.2696818e+00
1.6787783e+01	4.8411776e+00
1.6809592e+01	5.2138691e+00
1.6831401e+01	4.9807300e+00
1.6853210e+01	4.2942001e+00
1.6875019e+01	2.8398629e+00
1.6896828e+01	1.3311351e+00
1.6918637e+01	4.7594636e-01
1.6940446e+01	1.4750433e-01
1.6962254e+01	-9.1087117e-03
1.6984063e+01	6.9699085e-02
1.7005872e+01	-2.6116177e-02
1.7027681e+01	3.4511934e-02
1.7049490e+01	-6.7666331e-02
1.7071299e+01	-1.4170183e-01
1.7093108e+01	1.2803453e-02
1.7114917e+01	-7.0862927e-03
1.7136726e+01	-1.3534573e-01
1.7158535e+01	3.7149374e-02
1.7180344e+01	3.9984528e-02
1.7202153e+01	2.7796852e-02
1.7223962e+01	3.0973340e-02
1.7245771e+01	1.3742835e-01
1.7267580e+01	1.5889306e-02
1.7289389e+01	-1.3759797e-02
1.7311198e+01	-2.0349138e-01
1.7333006e+01	-5.4461714e-02
1.7354815e+01	-1.1055310e-01
1.7376624e+01	1.2120282e-01
1.7398433e+01	2.2774112e-01
1.7420242e+01	6.8227771e-02
1.7442051e+01	-1.3097400e-02
1.7463860e+01	-6.5404344e-02
1.7485669e+01	3.3220066e-02
1.7507478e+01	-8.0065583e-02
1.7529287e+01	-6.4260370e-03
1.7551096e+01	3.8948226e-02
1.7572905e+01	5.4816413e-03
1.7594714e+01	-1.3623723e-01
1.7616523e+01	5.4099783e-02
1.7638332e+01	2.3484585e-01
1.7660141e+01	8.7744709e-02
1.7681949e+01	-6.3588212e-02
1.7703758e+01	-3.8816861e-02
1.7725567e+01	-1.1781827e-01
1.7747376e+01	-1.0359136e-01
1.7769185e+01	3.8488821e-03
1.7790994e+01	1.6134111e-01
1.7812803e+01	2.6614290e-01
1.7834612e+01	-3.8894885e-02
1.7856421e+01	-5.0356709e-02
1.7878230e+01	-1.4263309e-02
1.7900039e+01	1.5006437e-01
1.7921848e+01	-5.1060710e-02
1.7943657e+01	-1.3579443e-01
1.7965466e+01	-6.9603421e-02
1.7987275e+01	-5.9836067e-02
1.8009084e+01	6.4957698e-02
1.8030892e+01	1.2202076e-01
1.8052701e+01	1.7465888e-01
1.8074510e+01	1.0857930e-03
1.8096319e+01	-3.6463526e-02
1.8118128e+01	-1.1128125e-01
1.8139937e+01	5.4856116e-02
1.8161746e+01	-1.2753920e-02
1.8183555e+01	-4.8996129e-02
1.8205364e+01	2.0480136e-01
1.8227173e+01	2.0858539e-03
1.8248982e+01	-2.0094133e-01
1.8270791e+01	-2.5092227e-01
1.8292600e+01	-8.5605107e-02
1.8314409e+01	1.3034610e-01
1.8336218e+01	1.8531825e-01
1.8358027e+01	6.7173053e-02
1.8379835e+01	-1.5122149e-01
1.8401644e+01	1.0184204e-02
1.8423453e+01	3.4330259e-02
1.8445262e+01	-2.0974999e-01
1.8467071e+01	1.2025070e-01
1.8488880e+01	6.7588617e-01
1.8510689e+01	9.8191114e-01
1.8532498e+01	3.9827559e-01
1.8554307e+01	1.3759949e-01
1.8576116e+01	4.2526555e-02
1.8597925e+01	7.0375332e-02
1.8619734e+01	7.8838237e-02
1.8641543e+01	8.8843983e-02
1.8663352e+01	2.4858646e-01
1.8685161e+01	3.6986980e-02
1.8706970e+01	2.3788075e-01
1.8728778e+01	2.9855694e-01
1.8750587e+01	-3.4717595e-02
1.8772396e+01	-3.7999200e-01
1.8794205e+01	-3.6936691e-01
1.8816014e+01	-1.7531596e-02
1.8837823e+01	-9.2014073e-02
1.8859632e+01	-6.7572581e-02
1.8881441e+01	3.0891282e-02
1.8903250e+01	2.0399967e-01
1.8925059e+01	2.2542754e-01
1.8946868e+01	1.0079262e-01
1.8968677e+01	-3.5444533e-04
1.8990486e+01	-2.9270812e-02
1.9012295e+01	-1.0363484e-01
1.9034104e+01	-5.7681965e-02
1.9055913e+01	1.0454448e-01
1.9077721e+01	-8.2760836e-02
1.9099530e+01	-2.4063245e-01
1.9121339e+01	3.9311272e-02
1.9143148e+01	2.5752998e-01
1.9164957e+01	1.6962047e-01
1.9186766e+01	-5.9587073e-02
1.9208575e+01	-1.0501856e-01
1.9230384e+01	-4.3003966e-03
1.9252193e+01	1.6640223e-01
1.9274002e+01	-1.8175716e-02
1.9295811e+01	-2.0529697e-01
1.9317620e+01	-2.4158011e-02
1.9339429e+01	1.1630385e-01
1.9361238e+01	2.7001187e-01
1.9383047e+01	1.8883693e-01
1.9404856e+01	9.2041072e-02
1.9426665e+01	3.1042157e-02
1.9448473e+01	5.1731164e-02
1.9470282e+01	6.5909871e-02
1.9492091e+01	-2.3891480e-02
1.9513900e+01	-1.9844987e-01
1.9535709e+01	-1.5068159e-01
1.9557518e+01	-5.0041008e-02
1.9579327e+01	-5.6305977e-02
1.9601136e+01	-1.4743507e-01
1.9622945e+01	1.0466528e-01
1.9644754e+01	-4.6037077e-02
1.9666563e+01	-1.0301134e-01
1.9688372e+01	4.4461088e-02
1.9710181e+01	2.2737209e-01
1.9731990e+01	4.0329856e-01
1.9753799e+01	3.1582076e-01
1.9775608e+01	1.2480073e-01
1.9797416e+01	8.0491323e-03
1.9819225e+01	-2.4621816e-01
1.9841034e+01	-7.9990039e-02
1.9862843e+01	1.2244884e-01
1.9884652e+01	3.4739454e-01
1.9906461e+01	2.9648252e-01
1.9928270e+01	5.0221121e-01
1.9950079e+01	4.9159845e-01
1.9971888e+01	1.5034901e-01
1.9993697e+01	3.7143086e-02
2.0015506e+01	-1.6878882e-01
2.0037315e+01	-5.7345161e-02
2.0059124e+01	-9.4364221e-02
2.0080933e+01	1.1403448e-01
2.0102742e+01	8.5932642e-01
2.0124551e+01	1.2230481e+00
2.0146359e+01	1.7486682e+00
2.0168168e+01	2.0764440e+00
2.0189977e+01	2.0406683e+00
2.0211786e+01	2.0742304e+00
2.0233595e+01	2.3699019e+00
2.0255404e+01	2.9836244e+00
2.0277213e+01	3.6316754e+00
2.0299022e+01	4.6828684e+00
2.0320831e+01	5.5561799e+00
2.0342640e+01	6.0987345e+00
2.0364449e+01	5.8163856e+00
2.0386258e+01	5.1172179e+00
2.0408067e+01	4.6783358e+00
2.0429876e+01	4.5204769e+00
2.0451685e+01	4.2497707e+00
2.0473494e+01	4.3357307e+00
2.0495302e+01	4.4010195e+00
2.0517111e+01	4.4959246e+00
2.0538920e+01	4.4457274e+00
2.0560729e+01	4.2653227e+00
2.0582538e+01	3.3469798e+00
2.0604347e+01	2.3904542e+00
2.0626156e+01	1.6406967e+00
2.0647965e+01	1.0074555e+00
2.0669774e+01	6.1300836e-01
2.0691583e+01	3.6817972e-01
2.0713392e+01	1.7899403e-03
2.0735201e+01	-6.8751325e-02
2.0757010e+01	2.5059974e-02
2.0778819e+01	1.0009906e-01
2.0800628e+01	8.6216007e-02
2.0822437e+01	-8.4711287e-02
2.0844245e+01	-2.4470740e-01
2.0866054e+01	-4.5647770e-02
2.0887863e+01	7.6345078e-02
2.0909672e+01	3.5907393e-02
2.0931481e+01	7.7419925e-02
2.0953290e+01	4.2856425e-01
2.0975099e+01	8.7967176e-01
2.0996908e+01	1.4482124e+00
2.1018717e+01	1.8455951e+00
2.1040526e+01	2.7278687e+00
2.1062335e+01	3.7352663e+00
2.1084144e+01	4.3089747e+00
2.1105953e+01	4.6876480e+00
2.1127762e+01	4.5767099e+00
2.1149571e+01	4.7969505e+00
2.1171380e+01	5.1627967e+00
2.1193188e+01	5.8224224e+00
2.1214997e+01	6.6398145e+00
2.1236806e+01	7.8729811e+00
2.1258615e+01	8.6915049e+00
2.1280424e+01	9.0759341e+00
2.1302233e+01	9.0784274e+00
2.1324042e+01	8.9579308e+00
2.1345851e+01	8.8082063e+00
2.1367660e+01	8.3436578e+00
2.1389469e+01	7.7036652e+00
2.1411278e+01	6.7346965e+00
2.1433087e+01	5.6718405e+00
2.1454896e+01	4.9066283e+00
2.1476705e+01	5.0387247e+00
2.1498514e+01	5.1992837e+00
2.1520323e+01	6.0539823e+00
2.1542132e+01	6.8866293e+00
2.1563940e+01	7.4569867e+00
2.1585749e+01	7.5459514e+00
2.1607558e+01	7.1967154e+00
2.1629367e+01	6.0595826e+00
2.1651176e+01	4.5832119e+00
2.1672985e+01	3.1162242e+00
2.1694794e+01	1.6944976e+00
2.1716603e+01	8.9728189e-01
2.1738412e+01	1.8249704e-01
2.1760221e+01	-4.0585026e-02
2.1782030e+01	-1.2763354e-01
2.1803839e+01	9.5830292e-02
2.1825648e+01	3.2296453e-02
2.1847457e+01	-3.1707584e-02
2.1869266e+01	-8.6252093e-02
2.1891075e+01	-1.9731191e-02
2.1912883e+01	6.2345371e-03
2.1934692e+01	-2.8899426e-02
2.1956501e+01	-1.1030298e-03
2.1978310e+01	-6.5996657e-02
2.2000119e+01	-1.9579793e-03
2.2021928e+01	1.1815431e-03
2.2043737e+01	5.8545616e-02
2.2065546e+01	1.3179863e-01
2.2087355e+01	1.8292061e-01
2.2109164e+01	-8.0980112e-02
2.2130973e+01	-4.5150829e-02
2.2152782e+01	-1.7474508e-01
2.2174591e+01	-7.9526162e-02
2.2196400e+01	2.6580936e-01
2.2218209e+01	4.6442018e-03
2.2240018e+01	-1.2796419e-01
2.2261826e+01	1.4173097e-02
2.2283635e+01	1.2132318e-01
2.2305444e+01	2.0067801e-03
2.2327253e+01	1.9968030e-02
2.2349062e+01	2.1418267e-02
2.2370871e+01	-8.8550403e-03
2.2392680e+01	8.8226560e-02
2.2414489e+01	1.1730731e-01
2.2436298e+01	-1.3357256e-02
2.2458107e+01	-2.1645484e-01
2.2479916e+01	-1.6264238e-01
2.2501725e+01	7.3655273e-02
2.2523534e+01	3.1855535e-02
2.2545343e+01	1.3921968e-01
2.2567152e+01	2.8408853e-02
2.2588961e+01	-5.2789013e-02
2.2610769e+01	-5.3309898e-02
2.2632578e+01	-8.1669021e-03
2.2654387e+01	-2.3265882e-02
2.2676196e+01	-3.5958815e-02
2.2698005e+01	5.9402159e-02
2.2719814e+01	5.6274748e-02
2.2741623e+01	-1.0105976e-01
2.2763432e+01	1.6203055e-02
2.2785241e+01	-1.0579146e-02
2.2807050e+01	6.8892465e-02
2.2828859e+01	8.8057927e-02
2.2850668e+01	-5.6551142e-02
2.2872477e+01	2.9871535e-02
2.2894286e+01	2.8550535e-02
2.2916095e+01	3.7540027e-02
2.2937904e+01	-1.7580444e-02
2.2959712e+01	-1.7164264e-01
2.2981521e+01	4.0431087e-02
2.3003330e+01	9.9958686e-02
2.3025139e+01	1.6186213e-02
2.3046948e+01	-7.6862118e-02
2.3068757e+01	-2.1697735e-01
2.3090566e+01	6.5407928e-02
2.3112375e+01	7.1196706e-03
2.3134184e+01	2.3886298e-01
2.3155993e+01	2.2933507e-01
2.3177802e+01	-6.2424439e-02
2.3199611e+01	7.9402029e-02
2.3221420e+01	-4.6856841e-02
2.3243229e+01	-1.0666827e-01
2.3265038e+01	-1.4547134e-01
2.3286847e+01	-9.1684958e-02
2.3308655e+01	-8.9767161e-02
2.3330464e+01	6.4545664e-02
2.3352273e+01	1.8823886e-01
2.3374082e+01	5.4340889e-03
2.3395891e+01	6.6958298e-02
2.3417700e+01	1.9167635e-02
2.3439509e+01	1.8583729e-04
2.3461318e+01	-9.6315653e-02
2.3483127e+01	5.1323421e-02
2.3504936e+01	3.7299737e-01
2.3526745e+01	7.2990240e-01
2.3548554e+01	1.1428435e+00
2.3570363e+01	1.7470173e+00
2.3592172e+01	2.2650297e+00
2.3613981e+01	3.3909463e+00
2.3635790e+01	4.4235320e+00
2.3657599e+01	5.4844435e+00
2.3679407e+01	6.0798195e+00
2.3701216e+01	6.4100058e+00
2.3723025e+01	6.8079621e+00
2.3744834e+01	7.0028512e+00
2.3766643e+01	7.3737278e+00
2.3788452e+01	8.6909547e+00
2.3810261e+01	9.8736107e+00
2.3832070e+01	1.0428278e+01
2.3853879e+01	1.0659880e+01
2.3875688e+01	1.0244567e+01
2.3897497e+01	9.3699139e+00
2.3919306e+01	8.1883243e+00
2.3941115e+01	6.3257863e+00
2.3962924e+01	4.7040905e+00
2.3984733e+01	2.9536648e+00
2.4006542e+01	1.6867969e+00
2.4028350e+01	8.9403649e-01
2.4050159e+01	4.7498140e-01
2.4071968e+01	1.5643634e-01
2.4093777e+01	6.4644078e-02
2.4115586e+01	-1.2966546e-01
2.4137395e+01	-4.8296213e-02
2.4159204e+01	-4.0708244e-02
2.4181013e+01	5.9404503e-02
2.4202822e+01	1.5926624e-01
2.4224631e+01	-9.2888321e-02
2.4246440e+01	-3.2330727e-01
2.4268249e+01	-1.6137989e-01
2.4290058e+01	3.7808419e-02
2.4311867e+01	1.4929444e-01
2.4333676e+01	3.7853773e-02
2.4355485e+01	3.1520767e-02
2.4377293e+01	2.1000609e-01
2.4399102e+01	-7.8276660e-02
2.4420911e+01	-1.1674533e-01
2.4442720e+01	6.2212862e-02
2.4464529e+01	8.0079851e-02
2.4486338e+01	-2.0635860e-02
2.4508147e+01	1.6128504e-02
2.4529956e+01	8.7271923e-02
2.4551765e+01	5.1964034e-02
2.4573574e+01	3.8171189e-02
2.4595383e+01	3.2952954e-01
2.4617192e+01	4.7092708e-01
2.4639001e+01	6.2189867e-01
2.4660810e+01	9.7132032e-02
2.4682619e+01	-1.4323470e-01
2.4704428e+01	-8.2683783e-02
2.4726236e+01	-7.6648195e-02
2.4748045e+01	1.0750465e-01
2.4769854e+01	8.6934658e-02
2.4791663e+01	-1.0048446e-01
2.4813472e+01	-1.3757543e-02
2.4835281e+01	-1.2174537e-01
2.4857090e+01	-1.3862765e-01
2.4878899e+01	-4.4988235e-02
2.4900708e+01	7.7407057e-03
2.4922517e+01	1.5469684e-01
2.4944326e+01	3.8388308e-02
2.4966135e+01	3.2638732e-02
2.4987944e+01	-1.5866622e-02
2.5009753e+01	-5.6526577e-02
2.5031562e+01	-1.2926463e-01
2.5053371e+01	1.1182419e-01
2.5075179e+01	8.4230427e-02
2.5096988e+01	-4.2991170e-02
2.5118797e+01	-6.2510887e-02
2.5140606e+01	-9.7199758e-02
2.5162415e+01	2.4097518e-01
2.5184224e+01	1.7076343e-01
2.5206033e+01	4.5136738e-02
2.5227842e+01	1.5822658e-02
2.5249651e+01	-9.5854543e-02
2.5271460e+01	8.1043223e-02
2.5293269e+01	7.2364726e-02
2.5315078e+01	-2.9941995e-02
2.5336887e+01	-1.7782218e-01
2.5358696e+01	4.7698232e-02
2.5380505e+01	7.7614615e-02
2.5402314e+01	3.7295981e-03
2.5424123e+01	-6.4555424e-02
2.5445931e+01	-9.1220159e-02
2.5467740e+01	-7.7895155e-02
2.5489549e+01	-1.8523790e-02
2.5511358e+01	1.0416847e-01
2.5533167e+01	2.4723989e-02
2.5554976e+01	1.3529958e-01
2.5576785e+01	-8.2974661e-02
2.5598594e+01	7.8951382e-02
2.5620403e+01	-1.6330190e-01
2.5642212e+01	6.3069529e-02
2.5664021e+01	-2.2460720e-03
2.5685830e+01	-7.1897886e-02
2.5707639e+01	2.5176657e-02
2.5729448e+01	-6.1465915e-02
2.5751257e+01	-8.9108112e-03
2.5773066e+01	1.1855913e-02
2.5794874e+01	1.4549185e-01
2.5816683e+01	8.0062249e-02
2.5838492e+01	2.5798100e-02
2.5860301e+01	-5.3998753e-02
2.5882110e+01	-8.9294824e-02
2.5903919e+01	-2.0840441e-01
2.5925728e+01	7.8115311e-04
2.5947537e+01	-2.2930695e-02
2.5969346e+01	-1.1505953e-01
2.5991155e+01	1.1624576e-01
2.6012964e+01	-1.4336759e-02
2.6034773e+01	2.6493636e-01
2.6056582e+01	1.3746693e-01
2.6078391e+01	1.3585053e-01
2.6100200e+01	-2.0473710e-02
2.6122009e+01	2.0540426e-02
2.6143817e+01	1.9256897e-01
2.6165626e+01	6.6271089e-02
2.6187435e+01	-4.3957384e-03
2.6209244e+01	2.9337983e-02
2.6231053e+01	-5.6133940e-02
2.6252862e+01	-1.7786942e-01
2.6274671e+01	-2.4780199e-01
2.6296480e+01	-2.1375930e-01
2.6318289e+01	-1.1803896e-01
2.6340098e+01	1.8703065e-01
2.6361907e+01	3.0061348e-01
2.6383716e+01	8.7245421e-01
2.6405525e+01	9.7084625e-01
2.6427334e+01	9.4022999e-01
2.6449143e+01	8.5759582e-01
2.6470952e+01	6.8222414e-01
2.6492760e+01	3.9691232e-01
2.6514569e+01	8.3505125e-02
2.6536378e+01	-1.8739551e-02
2.6558187e+01	1.8974325e-01
2.6579996e+01	4.5456352e-01
2.6601805e+01	8.2928375e-01
2.6623614e+01	1.3980195e+00
2.6645423e+01	1.5494104e+00
2.6667232e+01	1.4729688e+00
2.6689041e+01	1.2636124e+00
2.6710850e+01	9.1267374e-01
2.6732659e+01	4.4352230e-01
2.6754468e+01	1.5777866e-01
2.6776277e+01	5.1340332e-02
2.6798086e+01	-1.4294353e-01
2.6819895e+01	-2.1459744e-01
2.6841703e+01	7.5278627e-02
2.6863512e+01	5.3801192e-01
2.6885321e+01	7.6255196e-01
2.6907130e+01	9.0320642e-01
2.6928939e+01	1.1180859e+00
2.6950748e+01	1.2945750e+00
2.6972557e+01	1.3883183e+00
2.6994366e+01	1.0869723e+00
2.7016175e+01	7.4318774e-01
2.7037984e+01	4.9552012e-01
2.7059793e+01	7.5162888e-02
2.7081602e+01	6.2188405e-02
2.7103411e+01	1.9851005e-01
2.7125220e+01	3.8291562e-02
2.7147029e+01	-1.6918462e-01
2.7168838e+01	-1.9153820e-01
2.7190646e+01	-1.0591257e-01
2.7212455e+01	6.1344533e-03
2.7234264e+01	1.0808902e-01
2.7256073e+01	-3.1647943e-03
2.7277882e+01	9.8636951e-02
2.7299691e+01	4.5297543e-02
2.7321500e+01	-3.1186280e-02
2.7343309e+01	-3.1099353e-02
2.7365118e+01	-1.8157473e-01
2.7386927e+01	-9.4056567e-02
2.7408736e+01	4.4548344e-02
2.7430545e+01	-1.3706904e-01
2.7452354e+01	3.2186392e-02
2.7474163e+01	2.1354947e-01
2.7495972e+01	3.9819492e-01
2.7517781e+01	6.8853232e-01
2.7539590e+01	6.4474383e-01
2.7561398e+01	6.4671509e-01
2.7583207e+01	4.1763621e-01
2.7605016e+01	1.6938288e-01
2.7626825e+01	-7.7526020e-02
2.7648634e+01	1.1879018e-01
2.7670443e+01	4.7029374e-01
2.7692252e+01	8.2581527e-01
2.7714061e+01	1.2360365e+00
2.7735870e+01	1.5852740e+00
2.7757679e+01	1.9680154e+00
2.7779488e+01	1.8256225e+00
2.7801297e+01	2.0794809e+00
2.7823106e+01	1.9121103e+00
2.7844915e+01	1.3641272e+00
2.7866724e+01	8.5780140e-01
2.7888533e+01	6.3334953e-01
2.7910341e+01	2.8624422e-01
2.7932150e+01	6.7441113e-02
2.7953959e+01	1.9884487e-01
2.7975768e+01	-4.6229285e-02
2.7997577e+01	-1.4997263e-01
2.8019386e+01	-2.1417124e-01
2.8041195e+01	-1.9447526e-01
2.8063004e+01	-5.3158893e-03
2.8084813e+01	1.8520113e-01
2.8106622e+01	-2.1214014e-02
2.8128431e+01	-1.1415501e-01
2.8150240e+01	-2.1221108e-01
2.8172049e+01	-4.3730650e-02
2.8193858e+01	9.9415289e-03
2.8215667e+01	1.6089559e-01
2.8237476e+01	9.2516963e-02
2.8259284e+01	4.5467512e-01
2.8281093e+01	4.0836945e-01
2.8302902e+01	3.8425849e-01
2.8324711e+01	2.4922010e-01
2.8346520e+01	1.5957812e-01
2.8368329e+01	-2.4287852e-02
2.8390138e+01	-1.6179413e-01
2.8411947e+01	-3.7168108e-02
2.8433756e+01	2.0832779e-01
2.8455565e+01	5.0705430e-01
2.8477374e+01	9.9228351e-01
2.8499183e+01	1.6478453e+00
2.8520992e+01	1.9644434e+00
2.8542801e+01	2.2321428e+00
2.8564610e+01	2.3314572e+00
2.8586419e+01	2.2208435e+00
2.8608227e+01	2.0347786e+00
2.8630036e+01	1.4604434e+00
2.8651845e+01	8.9113252e-01
2.8673654e+01	4.6383697e-01
2.8695463e+01	1.6645856e-01
2.8717272e+01	-7.0593038e-03
2.8739081e+01	5.7781506e-03
2.8760890e+01	-1.2779131e-01
2.8782699e+01	-7.9570170e-02
2.8804508e+01	-1.2039488e-02
2.8826317e+01	4.2050432e-02
2.8848126e+01	-5.5778869e-02
2.8869935e+01	-5.5265236e-02
2.8891744e+01	-1.4082696e-01
2.8913553e+01	-8.1787890e-02
2.8935362e+01	9.3953118e-02
2.8957170e+01	1.2427691e-01
2.8978979e+01	-3.6802010e-02
2.9000788e+01	-9.2486013e-03
2.9022597e+01	7.5538131e-02
2.9044406e+01	3.3134080e-02
2.9066215e+01	-7.0009811e-03
2.9088024e+01	1.0621823e-01
2.9109833e+01	9.4297054e-02
2.9131642e+01	-1.1169292e-01
2.9153451e+01	-8.5833283e-02
2.9175260e+01	-7.9554917e-02
2.9197069e+01	1.2381388e-01
2.9218878e+01	-2.7316954e-02
2.9240687e+01	-5.2903545e-02
2.9262496e+01	2.0312805e-02
2.9284305e+01	1.0023150e-01
2.9306113e+01	1.8384608e-02
2.9327922e+01	-1.7925612e-01
2.9349731e+01	-1.3158255e-02
2.9371540e+01	-3.8792439e-03
2.9393349e+01	1.0292655e-01
2.9415158e+01	6.2924907e-02
2.9436967e+01	2.5739453e-02
2.9458776e+01	-7.4427898e-02
2.9480585e+01	-2.6138646e-02
2.9502394e+01	6.0625023e-02
2.9524203e+01	6.9728483e-02
2.9546012e+01	1.2186563e-01
2.9567821e+01	3.5658076e-01
2.9589630e+01	6.2461699e-02
2.9611439e+01	-2.1387385e-01
2.9633248e+01	-1.5115177e-01
2.9655057e+01	-1.0460888e-01
2.9676865e+01	-2.2631680e-01
2.9698674e+01	-6.0936568e-02
2.9720483e+01	1.2641589e-02
2.9742292e+01	6.2873976e-02
2.9764101e+01	1.0133842e-01
2.9785910e+01	1.9044565e-01
2.9807719e+01	3.1386647e-01
2.9829528e+01	2.4766498e-01
2.9851337e+01	5.8420578e-03
2.9873146e+01	-8.8776961e-02
2.9894955e+01	-1.4781185e-03
2.9916764e+01	-1.0498574e-01
2.9938573e+01	1.9346104e-01
2.9960382e+01	4.9526520e-01
2.9982191e+01	9.2951446e-01
3.0004000e+01	1.2057791e+00
3.0025808e+01	1.6762304e+00
3.0047617e+01	2.2529776e+00
3.0069426e+01	2.5694060e+00
3.0091235e+01	2.7360569e+00
3.0113044e+01	2.6379366e+00
3.0134853e+01	2.5689683e+00
3.0156662e+01	2.3035823e+00
3.0178471e+01	1.7825319e+00
3.0200280e+01	1.3578263e+00
3.0222089e+01	1.1617659e+00
3.0243898e+01	6.8316290e-01
3.0265707e+01	2.5563458e-01
3.0287516e+01	9.5975986e-03
3.0309325e+01	-3.4925036e-02
3.0331134e+01	-9.3260405e-04
3.0352943e+01	-1.8829099e-01
3.0374751e+01	-9.1062040e-02
3.0396560e+01	-2.0699232e-01
3.0418369e+01	-9.6589519e-02
3.0440178e+01	1.4163438e-01
3.0461987e+01	1.4193658e-01
3.0483796e+01	2.4863973e-01
3.0505605e+01	1.7459216e-01
3.0527414e+01	1.3217239e-02
3.0549223e+01	-8.6347345e-02
3.0571032e+01	-8.5634498e-02
3.0592841e+01	-1.7146642e-01
3.0614650e+01	-9.6670373e-02
3.0636459e+01	1.6737807e-02
3.0658268e+01	-2.5041839e-02
3.0680077e+01	-8.5000857e-02
3.0701886e+01	1.2347622e-01
3.0723694e+01	1.2363169e-01
3.0745503e+01	1.0367454e-01
3.0767312e+01	1.1814693e-01
3.0789121e+01	-4.7903232e-02
3.0810930e+01	9.5602806e-02
3.0832739e+01	5.2509813e-02
3.0854548e+01	1.9905219e-02
3.0876357e+01	6.7805301e-02
3.0898166e+01	3.3006554e-02
3.0919975e+01	-1.1914754e-01
3.0941784e+01	-1.2936778e-02
3.0963593e+01	-1.9364368e-01
3.0985402e+01	2.4441940e-02
3.1007211e+01	7.8620997e-02
3.1029020e+01	-7.7404973e-02
3.1050829e+01	-8.9931142e-02
3.1072637e+01	2.0888882e-02
3.1094446e+01	1.0013069e-01
3.1116255e+01	-3.0433580e-02
3.1138064e+01	-8.0113982e-02
3.1159873e+01	-9.3530879e-02
3.1181682e+01	-6.1847748e-02
3.1203491e+01	-1.1379785e-01
3.1225300e+01	3.9946423e-02
3.1247109e+01	9.5033609e-02
3.1268918e+01	1.7234136e-01
3.1290727e+01	1.4010291e-01
3.1312536e+01	1.5165137e-01
3.1334345e+01	2.3529341e-02
3.1356154e+01	3.3030696e-02
3.1377963e+01	6.8764220e-02
3.1399772e+01	-6.7209368e-02
3.1421580e+01	-2.2629059e-01
3.1443389e+01	-1.0389333e-01
3.1465198e+01	-2.4473650e-01
3.1487007e+01	-3.6041296e-02
3.1508816e+01	2.7564909e-02
3.1530625e+01	5.2531358e-02
3.1552434e+01	8.3314343e-02
3.1574243e+01	-2.6715704e-02
3.1596052e+01	6.2279589e-03
3.1617861e+01	2.6687487e-01
3.1639670e+01	2.8457335e-01
3.1661479e+01	1.0588434e-01
3.1683288e+01	1.4651696e-01
3.1705097e+01	-1.2159118e-01
3.1726906e+01	-1.8791156e-01
3.1748715e+01	-1.4547494e-01
3.1770524e+01	1.5144156e-01
3.1792332e+01	6.2729677e-01
3.1814141e+01	1.0772625e+00
3.1835950e+01	1.4158975e+00
3.1857759e+01	1.5522971e+00
3.1879568e+01	1.8828850e+00
3.1901377e+01	1.9779398e+00
3.1923186e+01	2.0958049e+00
3.1944995e+01	1.9854371e+00
3.1966804e+01	1.8870078e+00
3.1988613e+01	1.5556697e+00
3.2010422e+01	1.3154512e+00
3.2032231e+01	7.6270807e-01
3.2054040e+01	2.5814274e-01
3.2075849e+01	2.1673672e-01
3.2097658e+01	1.0988574e-01
3.2119467e+01	9.1626072e-02
3.2141275e+01	-1.0701285e-01
3.2163084e+01	-2.4490304e-01
3.2184893e+01	-1.9669981e-01
3.2206702e+01	-1.9723907e-01
3.2228511e+01	1.3453386e-01
3.2250320e+01	1.2150322e-01
3.2272129e+01	-8.7323624e-02
3.2293938e+01	-4.1549631e-03
3.2315747e+01	-2.2681838e-02
3.2337556e+01	3.1175012e-02
3.2359365e+01	8.1152226e-02
3.2381174e+01	1.7552884e-01
3.2402983e+01	4.2742685e-02
3.2424792e+01	-1.4418360e-01
3.2446601e+01	-9.6745590e-02
3.2468410e+01	-1.5101898e-01
3.2490218e+01	5.6858933e-02
3.2512027e+01	9.3041638e-02
3.2533836e+01	1.7601586e-02
3.2555645e+01	1.6011568e-01
3.2577454e+01	-1.3264697e-03
3.2599263e+01	-7.8132167e-02
3.2621072e+01	-8.2816581e-02
3.2642881e+01	4.8069935e-02
3.2664690e+01	4.1606020e-02
3.2686499e+01	1.1567333e-01
3.2708308e+01	-1.4805190e-02
3.2730117e+01	-2.9956111e-02
3.2751926e+01	-3.1841048e-02
3.2773735e+01	-1.1797831e-02
3.2795544e+01	-5.5960682e-02
3.2817353e+01	-5.9029031e-02
3.2839161e+01	9.6555310e-02
3.2860970e+01	3.6461446e-02
3.2882779e+01	-2.1100809e-02
3.2904588e+01	-1.1351264e-02
3.2926397e+01	-4.0027031e-02
3.2948206e+01	8.7912700e-02
3.2970015e+01	-8.3791808e-02
3.2991824e+01	3.3911989e-02
3.3013633e+01	-1.2194886e-01
3.3035442e+01	1.0413745e-01
3.3057251e+01	1.3849137e-01
3.3079060e+01	-2.9123260e-02
3.3100869e+01	-1.7001443e-02
3.3122678e+01	-4.9240162e-02
3.3144487e+01	-1.2906927e-01
3.3166296e+01	-1.0967006e-01
3.3188104e+01	1.4578023e-01
3.3209913e+01	2.8785621e-02
3.3231722e+01	-9.4542336e-02
3.3253531e+01	5.7715483e-02
3.3275340e+01	1.8541814e-01
3.3297149e+01	5.5931556e-02
3.3318958e+01	-4.7775144e-02
3.3340767e+01	-1.3993744e-01
3.3362576e+01	4.7759413e-03
3.3384385e+01	1.4674860e-01
3.3406194e+01	8.7834234e-02
3.3428003e+01	-1.3371714e-01
3.3449812e+01	-2.1215572e-01
3.3471621e+01	-1.1171574e-01
3.3493430e+01	9.8003917e-03
3.3515239e+01	9.0799732e-02
3.3537047e+01	8.4606332e-02
3.3558856e+01	-4.4167300e-02
3.3580665e+01	-8.8036739e-02
3.3602474e+01	1.1114290e-01
3.3624283e+01	1.4429754e-01
3.3646092e+01	1.3637297e-01
3.3667901e+01	1.4485193e-01
3.3689710e+01	-4.2445891e-02
3.3711519e+01	-1.1672093e-01
3.3733328e+01	-1.0349352e-01
3.3755137e+01	5.8417353e-02
3.3776946e+01	1.0951706e-01
3.3798755e+01	-4.1940159e-02
3.3820564e+01	-1.3459179e-01
3.3842373e+01	-4.2776082e-02
3.3864182e+01	-6.3592159e-02
3.3885991e+01	9.0099525e-03
3.3907799e+01	1.3938127e-01
3.3929608e+01	9.1074064e-02
3.3951417e+01	-1.0426284e-01
3.3973226e+01	-5.7858874e-02
3.3995035e+01	-7.4694456e-03
3.4016844e+01	-5.2425068e-02
3.4038653e+01	-5.8077598e-02
3.4060462e+01	2.3152855e-02
3.4082271e+01	1.4987837e-01
3.4104080e+01	9.1655452e-02
3.4125889e+01	-7.2477443e-04
3.4147698e+01	-8.4872842e-02
3.4169507e+01	-1.9445167e-02
3.4191316e+01	-5.0482617e-02
3.4213125e+01	1.0559048e-01
3.4234934e+01	9.1067831e-03
3.4256742e+01	-5.5668472e-02
3.4278551e+01	-1.9944009e-02
3.4300360e+01	-3.2964674e-02
3.4322169e+01	1.3780984e-01
3.4343978e+01	-9.1749092e-02
3.4365787e+01	-1.5399579e-01
3.4387596e+01	1.0660626e-01
3.4409405e+01	1.2707568e-02
3.4431214e+01	-7.0285022e-02
3.4453023e+01	7.6274676e-02
3.4474832e+01	-8.2236970e-02
3.4496641e+01	1.2467846e-01
3.4518450e+01	9.6451070e-02
3.4540259e+01	8.5516894e-02
3.4562068e+01	-6.7927030e-02
3.4583877e+01	-6.8495892e-02
3.4605685e+01	6.6581686e-02
3.4627494e+01	-1.0031438e-01
3.4649303e+01	-1.6035331e-01
3.4671112e+01	-3.5604957e-02
3.4692921e+01	1.3903579e-01
3.4714730e+01	5.3958102e-02
3.4736539e+01	3.5219808e-02
3.4758348e+01	8.1154994e-02
3.4780157e+01	-1.3964280e-01
3.4801966e+01	6.6556334e-03
3.4823775e+01	-6.5012957e-02
3.4845584e+01	-9.2002692e-03
3.4867393e+01	1.2489141e-01
3.4889202e+01	-4.8129906e-02
3.4911011e+01	-1.6324398e-02
3.4932820e+01	2.2351323e-02
3.4954628e+01	3.0751212e-02
3.4976437e+01	5.9690239e-02
3.4998246e+01	-2.6261188e-02
3.5020055e+01	-1.2393952e-01
3.5041864e+01	8.4487429e-02
3.5063673e+01	7.1426879e-02
3.5085482e+01	1.2732763e-02
3.5107291e+01	-5.4802813e-02
3.5129100e+01	3.0866756e-02
3.5150909e+01	1.8072090e-02
3.5172718e+01	-1.0513576e-02
3.5194527e+01	-2.4762992e-01
3.5216336e+01	-1.3668159e-01
3.5238145e+01	-6.4577936e-02
3.5259954e+01	2.3135150e-01
3.5281763e+01	3.1548110e-01
3.5303571e+01	1.2587883e-01
3.5325380e+01	1.2363215e-01
3.5347189e+01	9.9383862e-02
3.5368998e+01	1.0404188e-01
3.5390807e+01	9.6549179e-02
3.5412616e+01	-1.5628792e-01
3.5434425e+01	-7.8662207e-02
3.5456234e+01	-1.0557905e-01
3.5478043e+01	-3.0817533e-01
3.5499852e+01	-1.1136304e-01
3.5521661e+01	1.0997235e-01
3.5543470e+01	7.1418085e-02
3.5565279e+01	-5.3011167e-02
3.5587088e+01	2.7397300e-03
3.5608897e+01	1.1787919e-01
3.5630706e+01	1.1453447e-01
3.5652514e+01	1.7279263e-01
3.5674323e+01	1.7456280e-02
3.5696132e+01	4.9721400e-02
3.5717941e+01	1.8836451e-01
3.5739750e+01	9.0389743e-02
3.5761559e+01	-7.2229665e-02
3.5783368e+01	-1.4253001e-01
3.5805177e+01	-7.8219558e-02
3.5826986e+01	6.4231897e-03
3.5848795e+01	-1.4863253e-01
3.5870604e+01	-4.7693197e-02
3.5892413e+01	1.7101694e-01
3.5914222e+01	1.0392462e-01
3.5936031e+01	-1.2518295e-01
3.5957840e+01	-2.2346861e-01
3.5979649e+01	-3.2793371e-01
3.6001458e+01	-1.0295704e-02
3.6023266e+01	-3.5748929e-02
3.6045075e+01	7.5941049e-02
3.6066884e+01	1.2428352e-01
3.6088693e+01	1.5567761e-01
3.6110502e+01	1.2700580e-01
3.6132311e+01	1.4605475e-01
3.6154120e+01	8.1332355e-02
3.6175929e+01	1.6195013e-01
3.6197738e+01	2.3238529e-02
3.6219547e+01	-8.2373254e-02
3.6241356e+01	-8.8902478e-02
3.6263165e+01	1.8205817e-02
3.6284974e+01	-2.2591852e-01
3.6306783e+01	-1.7792297e-01
3.6328592e+01	-8.4822461e-02
3.6350401e+01	9.6338736e-02
3.6372209e+01	-1.6057748e-03
3.6394018e+01	-1.3444588e-01
3.6415827e+01	-7.8791009e-02
3.6437636e+01	1.5456267e-01
3.6459445e+01	1.9760877e-01
3.6481254e+01	1.6599739e-01
3.6503063e+01	1.9486223e-01
3.6524872e+01	-2.4547010e-02
3.6546681e+01	7.9880352e-02
3.6568490e+01	9.0243527e-02
3.6590299e+01	-5.6645584e-02
3.6612108e+01	-1.5720296e-01
3.6633917e+01	-1.8839814e-01
3.6655726e+01	7.1438294e-02
3.6677535e+01	1.9990574e-02
3.6699344e+01	-1.4571325e-01
3.6721152e+01	-1.3828975e-01
3.6742961e+01	-7.7423605e-02
3.6764770e+01	1.5277595e-01
3.6786579e+01	9.4039836e-02
3.6808388e+01	-3.2971297e-03
3.6830197e+01	6.6591772e-02
3.6852006e+01	6.4155011e-02
3.6873815e+01	1.8101594e-02
3.6895624e+01	3.3584602e-02
3.6917433e+01	-1.0350377e-01
3.6939242e+01	1.9849247e-02
3.6961051e+01	3.9527155e-02
3.6982860e+01	1.3839512e-02
3.7004669e+01	1.4189863e-02
3.7026478e+01	2.3779747e-01
3.7048287e+01	3.3069666e-01
3.7070095e+01	5.5086535e-01
3.7091904e+01	-9.7419898e-02
3.7113713e+01	-2.3010579e-01
3.7135522e+01	-8.6967185e-02
3.7157331e+01	2.3824230e-02
3.7179140e+01	7.6895134e-02
3.7200949e+01	1.0382034e-01
3.7222758e+01	1.5537966e-01
3.7244567e+01	-2.2536889e-02
3.7266376e+01	-1.5476525e-01
3.7288185e+01	6.1561787e-03
3.7309994e+01	-7.0871338e-02
3.7331803e+01	-1.0258636e-01
3.7353612e+01	-1.3245071e-01
3.7375421e+01	-6.1706107e-02
3.7397230e+01	4.2719516e-02
3.7419038e+01	1.0161938e-01
3.7440847e+01	2.3129520e-01
3.7462656e+01	6.6293595e-01
3.7484465e+01	1.0815485e+00
3.7506274e+01	8.0794260e-01
3.7528083e+01	5.5053721e-01
3.7549892e+01	3.9730910e-01
3.7571701e+01	2.3467763e-01
3.7593510e+01	1.1741411e-01
3.7615319e+01	1.3124530e-01
3.7637128e+01	7.0581176e-02
3.7658937e+01	-1.1810206e-01
3.7680746e+01	-3.6957358e-01
3.7702555e+01	-1.8245117e-01
3.7724364e+01	-1.9228047e-01
3.7746173e+01	-2.7915535e-02
3.7767981e+01	-8.7562167e-02
3.7789790e+01	7.2604627e-02
3.7811599e+01	9.4926044e-02
3.7833408e+01	1.2984522e-01
3.7855217e+01	1.5149725e-01
3.7877026e+01	2.0735404e-01
3.7898835e+01	1.7201021e-01
3.7920644e+01	1.8019023e-01
3.7942453e+01	2.5390949e-01
3.7964262e+01	1.2075747e-01
3.7986071e+01	3.3790482e-02
3.8007880e+01	-6.1933351e-02
3.8029689e+01	-1.8754211e-01
3.8051498e+01	-2.8552616e-01
3.8073307e+01	-1.5742052e-01
3.8095116e+01	-4.3788720e-02
3.8116925e+01	-1.7648608e-01
3.8138733e+01	-2.3282094e-02
3.8160542e+01	-6.5147492e-02
3.8182351e+01	-1.8191563e-01
3.8204160e+01	5.0753032e-02
3.8225969e+01	-2.8935210e-02
3.8247778e+01	1.6959259e-01
3.8269587e+01	1.6727012e-01
3.8291396e+01	2.6328938e-01
3.8313205e+01	-1.8256934e-02
3.8335014e+01	1.6872855e-01
3.8356823e+01	1.0439014e-01
3.8378632e+01	1.6804897e-01
3.8400441e+01	-1.2184531e-01
3.8422250e+01	2.1986629e-01
3.8444059e+01	9.1781963e-02
3.8465868e+01	-1.2709866e-01
3.8487676e+01	-1.9221364e-01
3.8509485e+01	-1.3635869e-01
3.8531294e+01	8.8674511e-02
3.8553103e+01	-9.7466686e-02
3.8574912e+01	-1.9848091e-01
3.8596721e+01	-4.4871355e-02
3.8618530e+01	2.1956773e-01
3.8640339e+01	1.1118703e-01
3.8662148e+01	2.7775999e-01
3.8683957e+01	-8.9030476e-02
3.8705766e+01	-3.8831647e-03
3.8727575e+01	-3.9691717e-02
3.8749384e+01	2.2589484e-02
3.8771193e+01	-6.0568675e-02
3.8793002e+01	-1.1863199e-02
3.8814811e+01	2.7915150e-02
3.8836619e+01	-7.5840417e-02
3.8858428e+01	1.0405775e-01
3.8880237e+01	4.9365711e-02
3.8902046e+01	1.2359376e-02
3.8923855e+01	-1.0488401e-01
3.8945664e+01	-3.5340290e-02
3.8967473e+01	5.6350408e-02
3.8989282e+01	1.3703819e-01
3.9011091e+01	1.5615583e-01
3.9032900e+01	2.7988117e-02
3.9054709e+01	-2.6548470e-01
3.9076518e+01	-1.2058734e-01
3.9098327e+01	-9.8720540e-03
3.9120136e+01	1.1035417e-01
3.9141945e+01	6.0900995e-02
3.9163754e+01	-2.2412094e-02
3.9185562e+01	-1.8565913e-01
3.9207371e+01	2.2965241e-02
3.9229180e+01	-1.1628080e-02
3.9250989e+01	1.6814044e-01
3.9272798e+01	9.8304718e-03
3.9294607e+01	-7.9666493e-02
3.9316416e+01	1.7521014e-02
3.9338225e+01	-5.4535753e-03
3.9360034e+01	8.7796571e-02
3.9381843e+01	1.2867382e-01
3.9403652e+01	2.7118509e-02
3.9425461e+01	-6.4776113e-02
3.9447270e+01	3.1138043e-02
3.9469079e+01	8.8687589e-02
3.9490888e+01	-1.7932424e-01
3.9512697e+01	-8.3337611e-02
3.9534505e+01	4.3853673e-02
3.9556314e+01	-1.5054183e-01
3.9578123e+01	-5.1450476e-02
3.9599932e+01	-1.0198768e-02
3.9621741e+01	-1.9102294e-01
3.9643550e+01	1.8964332e-01
3.9665359e+01	4.7469645e-02
3.9687168e+01	1.0752467e-01
3.9708977e+01	1.1254881e-01
3.9730786e+01	-1.0186354e-02
3.9752595e+01	-3.6592909e-02
3.9774404e+01	1.3438917e-01
3.9796213e+01	3.2321914e-02
3.9818022e+01	9.8220104e-04
3.9839831e+01	-4.0990667e-02
3.9861640e+01	6.1805920e-02
3.9883449e+01	-2.6078853e-02
3.9905257e+01	-2.5254936e-02
3.9927066e+01	-2.5522701e-02
3.9948875e+01	-8.0244069e-03
3.9970684e+01	5.4662731e-02
3.9992493e+01	-4.6124370e-02
4.0014302e+01	-1.5484471e-01
4.0036111e+01	1.1190740e-01
4.0057920e+01	6.3686996e-02
4.0079729e+01	-7.7698203e-02
4.0101538e+01	-7.1067100e-02
4.0123347e+01	7.8087420e-03
4.0145156e+01	-7.7522981e-02
4.0166965e+01	-9.9758364e-02
4.0188774e+01	-1.9135000e-02
4.0210583e+01	2.2916835e-01
4.0232392e+01	9.7229137e-02
4.0254200e+01	7.0094127e-03
4.0276009e+01	-2.2331208e-02
4.0297818e+01	-1.0279332e-01
4.0319627e+01	1.0851518e-01
4.0341436e+01	9.6177408e-02
4.0363245e+01	9.4253346e-02
4.0385054e+01	-1.8888443e-02
4.0406863e+01	-1.4815621e-01
4.0428672e+01	-1.9843222e-01
4.0450481e+01	1.0132560e-01
4.0472290e+01	1.0567868e-01
4.0494099e+01	-1.0056013e-02
4.0515908e+01	-5.8695621e-02
4.0537717e+01	-2.8529519e-02
4.0559526e+01	-2.5842278e-02
4.0581335e+01	2.5763977e-01
4.0603143e+01	8.8769978e-02
4.0624952e+01	-1.9417866e-01
4.0646761e+01	-2.1421972e-03
4.0668570e+01	-1.2968130e-02
4.0690379e+01	-9.3806657e-03
4.0712188e+01	-2.1410235e-02
4.0733997e+01	1.5276303e-01
4.0755806e+01	7.0350996e-02
4.0777615e+01	-6.1615300e-02
4.0799424e+01	3.8943303e-02
4.0821233e+01	-6.1189627e-04
4.0843042e+01	8.3406912e-03
4.0864851e+01	-1.0828298e-01
4.0886660e+01	1.3005577e-03
4.0908469e+01	-1.0018918e-01
4.0930278e+01	2.3835905e-01
4.0952086e+01	4.6286735e-03
4.0973895e+01	-4.3604373e-02
4.0995704e+01	-1.5601917e-01
4.1017513e+01	-8.4011082e-02
4.1039322e+01	1.7983196e-01
4.1061131e+01	7.7686880e-02
4.1082940e+01	-3.0230299e-02
4.1104749e+01	2.5882987e-01
4.1126558e+01	2.3118775e-01
4.1148367e+01	-1.4703076e-01
4.1170176e+01	-2.2239206e-01
4.1191985e+01	1.3051827e-01
4.1213794e+01	8.1328656e-02
4.1235603e+01	-1.9852749e-04
4.1257412e+01	-4.5346840e-02
4.1279221e+01	3.3783771e-02
4.1301029e+01	2.5100814e-01
4.1322838e+01	-1.1468191e-01
4.1344647e+01	-8.5851091e-02
4.1366456e+01	-6.6997768e-02
4.1388265e+01	-1.2052912e-01
4.1410074e+01	4.9781242e-02
4.1431883e+01	-4.7487953e-02
4.1453692e+01	1.6337665e-01
4.1475501e+01	1.6835056e-01
4.1497310e+01	3.4574240e-01
4.1519119e+01	2.8954691e-01
4.1540928e+01	1.5810341e-02
4.1562737e+01	-1.6613575e-01
4.1584546e+01	-6.1794581e-02
4.1606355e+01	-5.3634677e-02
4.1628164e+01	-4.8484305e-03
4.1649972e+01	-2.9463016e-01
4.1671781e+01	-1.3068282e-01
4.1693590e+01	-3.7582323e-02
4.1715399e+01	9.2231195e-02
4.1737208e+01	2.1978658e-01
4.1759017e+01	8.8478781e-02
4.1780826e+01	1.5358255e-01
4.1802635e+01	4.0250290e-01
4.1824444e+01	1.0256592e-01
4.1846253e+01	7.4714336e-02
4.1868062e+01	4.3480793e-01
4.1889871e+01	3.2044304e-01
4.1911680e+01	1.4560829e-01
4.1933489e+01	-1.5954243e-01
4.1955298e+01	1.4079654e-01
4.1977107e+01	6.3304771e-02
4.1998916e+01	-7.0633865e-02
4.2020724e+01	-4.1169766e-01
4.2042533e+01	1.6199692e-01
4.2064342e+01	-1.9371836e-01
4.2086151e+01	-2.5074943e-02
4.2107960e+01	-4.6192118e-02
4.2129769e+01	1.0218966e-02
4.2151578e+01	1.2798212e-01
4.2173387e+01	-1.3217679e-01
4.2195196e+01	6.9964585e-02
4.2217005e+01	6.5373235e-02
4.2238814e+01	-7.4653161e-02
4.2260623e+01	1.4445374e-02
4.2282432e+01	1.5542264e-01
4.2304241e+01	2.7214201e-01
4.2326050e+01	-1.1713995e-02
4.2347859e+01	6.8749393e-02
4.2369667e+01	-4.7622069e-02
4.2391476e+01	-2.2980837e-01
4.2413285e+01	-2.6250588e-01
4.2435094e+01	-5.1688718e-02
4.2456903e+01	1.0747517e-01
4.2478712e+01	-1.3699598e-01
4.2500521e+01	1.3803752e-01
4.2522330e+01	2.6880161e-01
4.2544139e+01	3.3909724e-01
4.2565948e+01	6.6415900e-01
4.2587757e+01	8.1647666e-01
4.2609566e+01	4.6516026e-02
4.2631375e+01	8.1790889e-02
4.2653184e+01	3.3558233e-02
4.2674993e+01	6.9543175e-02
4.2696802e+01	3.1701529e-01
4.2718610e+01	1.5990652e-01
4.2740419e+01	8.9880924e-02
4.2762228e+01	-9.5124032e-02
4.2784037e+01	-6.3368246e-02
4.2805846e+01	-2.4711529e-01
4.2827655e+01	6.9601840e-02
4.2849464e+01	5.9534304e-02
4.2871273e+01	7.7807572e-03
4.2893082e+01	-1.2550990e-01
4.2914891e+01	-5.4582612e-02
4.2936700e+01	3.1999002e-01
4.2958509e+01	1.8682910e-01
4.2980318e+01	-2.3498993e-01
4.3002127e+01	-2.5128890e-02
4.3023936e+01	-4.8117656e-02
4.3045745e+01	2.5163819e-02
4.3067553e+01	1.1443273e-01
4.3089362e+01	-6.8027030e-02
4.3111171e+01	1.4873404e-01
4.3132980e+01	-6.4233662e-02
4.3154789e+01	-1.3427131e-01
4.3176598e+01	2.2362347e-02
4.3198407e+01	3.7763007e-02
4.3220216e+01	8.5791022e-02
4.3242025e+01	-1.2971794e-01
4.3263834e+01	5.5872798e-02
4.3285643e+01	-2.5243036e-04
4.3307452e+01	1.1983105e-01
4.3329261e+01	3.2957430e-01
4.3351070e+01	3.3155176e-03
4.3372879e+01	-3.4275890e-01
4.3394688e+01	3.2894114e-01
4.3416496e+01	8.1092700e-01
4.3438305e+01	6.8779494e-01
4.3460114e+01	8.1961814e-01
4.3481923e+01	1.0381828e-01
4.3503732e+01	1.4330196e-01
4.3525541e+01	2.0861604e-01
4.3547350e+01	-5.0493397e-02
4.3569159e+01	-7.1627941e-02
4.3590968e+01	8.0683180e-02
4.3612777e+01	-2.2462331e-01
4.3634586e+01	-1.4105827e-02
4.3656395e+01	4.8181592e-02
4.3678204e+01	6.0107959e-01
4.3700013e+01	1.0061912e+00
4.3721822e+01	1.1919351e+00
4.3743631e+01	9.8870726e-01
4.3765439e+01	1.5848164e+00
4.3787248e+01	1.9337715e+00
4.3809057e+01	1.9888451e+00
4.3830866e+01	2.2797113e+00
4.3852675e+01	1.9916258e+00
4.3874484e+01	2.3820213e+00
4.3896293e+01	2.0841388e+00
4.3918102e+01	1.4185051e+00
4.3939911e+01	1.3253059e+00
4.3961720e+01	1.2700902e+00
4.3983529e+01	6.5768962e-01
4.4005338e+01	4.7309110e-01
4.4027147e+01	4.0258302e-02
4.4048956e+01	-6.7384300e-02
4.4070765e+01	1.5130657e-01
4.4092574e+01	3.5196968e-01
4.4114383e+01	5.5005709e-01
4.4136191e+01	-3.5469440e-01
4.4158000e+01	8.1534308e-03
4.4179809e+01	1.1557299e-01
4.4201618e+01	2.4973841e-01
4.4223427e+01	3.8744100e-01
4.4245236e+01	4.8580813e-01
4.4267045e+01	-1.7282508e-01
4.4288854e+01	1.6032658e-01
4.4310663e+01	2.6543003e-01
4.4332472e+01	-1.3995628e-01
4.4354281e+01	4.5012731e-02
4.4376090e+01	-7.5379860e-02
4.4397899e+01	-1.0862917e-01
4.4419708e+01	1.2127875e-01
4.4441517e+01	3.0079340e-01
4.4463326e+01	-1.0826804e-01
4.4485134e+01	-2.4343225e-01
4.4506943e+01	3.2218602e-02
4.4528752e+01	-5.7756253e-02
4.4550561e+01	2.0634624e-01
4.4572370e+01	1.3620961e-01
4.4594179e+01	3.6301782e-02
4.4615988e+01	1.2185001e-01
4.4637797e+01	2.8292221e-01
4.4659606e+01	-2.1908273e-01
4.4681415e+01	-1.7849403e-01
4.4703224e+01	1.1392081e-01
4.4725033e+01	5.0889951e-02
4.4746842e+01	2.8577576e-02
4.4768651e+01	-1.7283401e-01
4.4790460e+01	9.0356997e-02
4.4812269e+01	-4.3105613e-02
4.4834077e+01	1.3952148e-01
4.4855886e+01	3.3405666e-02
4.4877695e+01	1.8951315e-01
4.4899504e+01	-1.3501835e-01
4.4921313e+01	-1.1535704e-01
4.4943122e+01	8.3979021e-01
4.4964931e+01	1.0736544e+00
4.4986740e+01	8.4644365e-01