Image file: \\Gfs05\g45\SAXS\2020_12\HDF5\2020-12.10_Kevin_day2_SN\2020-12-10_Max_Cu123_SN_000017_data_000134.h5
ImageIntegration1d_chi_output; Output_Directory= \\Gfs05\g45\SAXS\2020_12\Processed\2020-12-09_Kevin_day1_SN\Chi-Sample-7
Profile = Radial, StartAzimuth = 0.0, EndAzimuth = 360.0, Sam_Det_distance = 250.818474293, InnerRadius = 15.0, OuterRadius = 2400.0, Lambda = 30, Ratio = 0.001, Itermax = 100
2400
2.0013229e+00	-3.2970291e-02
2.0231319e+00	-6.2407479e-03
2.0449408e+00	1.4322757e-01
2.0667497e+00	6.8755496e-02
2.0885587e+00	-3.2395838e-03
2.1103676e+00	-1.2886924e-01
2.1321765e+00	-8.8317081e-02
2.1539855e+00	-6.0437984e-02
2.1757944e+00	-5.1855329e-02
2.1976034e+00	1.3990007e-02
2.2194123e+00	1.8576341e-01
2.2412212e+00	5.6744239e-02
2.2630302e+00	2.0812296e-01
2.2848391e+00	4.1400279e-01
2.3066480e+00	1.3177257e-01
2.3284570e+00	-1.2953558e-01
2.3502659e+00	-1.6610056e-02
2.3720749e+00	4.6943535e-02
2.3938838e+00	-9.7962259e-03
2.4156927e+00	-1.6873363e-01
2.4375017e+00	-1.1219576e-01
2.4593106e+00	7.0908512e-02
2.4811196e+00	5.4671843e-02
2.5029285e+00	8.8970898e-02
2.5247374e+00	4.5436234e-02
2.5465464e+00	2.1555140e-01
2.5683553e+00	-3.2893344e-02
2.5901642e+00	-2.0446636e-01
2.6119732e+00	3.6687888e-02
2.6337821e+00	-3.3173508e-02
2.6555911e+00	3.0027780e-02
2.6774000e+00	9.2913327e-02
2.6992089e+00	6.2427834e-02
2.7210179e+00	3.1189446e-01
2.7428268e+00	2.6799823e-01
2.7646358e+00	1.1865227e-03
2.7864447e+00	2.2518570e-02
2.8082536e+00	-2.0984867e-02
2.8300626e+00	-7.9195291e-02
2.8518715e+00	-7.4159220e-02
2.8736804e+00	-9.9542603e-02
2.8954894e+00	-3.4633719e-02
2.9172983e+00	2.0253007e-01
2.9391073e+00	5.9890317e-02
2.9609162e+00	-8.0357692e-03
2.9827251e+00	1.9116488e-02
3.0045341e+00	3.5423323e-02
3.0263430e+00	2.7020154e-01
3.0481519e+00	8.9761894e-02
3.0699609e+00	6.4709647e-03
3.0917698e+00	-3.1213042e-02
3.1135788e+00	-1.5785923e-01
3.1353877e+00	-2.8612801e-02
3.1571966e+00	-2.3058031e-02
3.1790056e+00	9.7217029e-02
3.2008145e+00	1.2497940e-01
3.2226235e+00	-3.0058345e-02
3.2444324e+00	-6.0246618e-02
3.2662413e+00	-5.0834188e-03
3.2880503e+00	6.1391075e-02
3.3098592e+00	4.6673923e-02
3.3316681e+00	-5.3155974e-03
3.3534771e+00	-2.3163019e-02
3.3752860e+00	-1.5744191e-01
3.3970950e+00	-8.9077251e-02
3.4189039e+00	-3.3150171e-03
3.4407128e+00	1.1969685e-01
3.4625218e+00	5.7020756e-02
3.4843307e+00	1.0804439e-01
3.5061396e+00	2.9379867e-01
3.5279486e+00	2.9955629e-01
3.5497575e+00	-1.6290538e-02
3.5715665e+00	-1.9930983e-01
3.5933754e+00	-5.4093051e-02
3.6151843e+00	7.1863992e-02
3.6369933e+00	6.6319150e-02
3.6588022e+00	7.4617854e-02
3.6806112e+00	-3.7781133e-03
3.7024201e+00	-9.4148360e-03
3.7242290e+00	-1.1329624e-02
3.7460380e+00	-4.6328299e-02
3.7678469e+00	1.0776259e-01
3.7896558e+00	1.7860929e-01
3.8114648e+00	-5.7980646e-03
3.8332737e+00	-2.6464858e-01
3.8550827e+00	-1.3841533e-01
3.8768916e+00	5.4199218e-02
3.8987005e+00	8.6797383e-02
3.9205095e+00	9.2723226e-02
3.9423184e+00	3.5848587e-02
3.9641273e+00	-2.3992622e-02
3.9859363e+00	-3.8215563e-02
4.0077452e+00	1.8374824e-02
4.0295542e+00	5.7902930e-02
4.0513631e+00	-9.3595669e-02
4.0731720e+00	-5.6531679e-02
4.0949810e+00	8.8136847e-02
4.1167899e+00	3.9833829e-02
4.1385989e+00	6.0320058e-02
4.1604078e+00	6.2489997e-02
4.1822167e+00	-1.7436198e-02
4.2040257e+00	-1.4198847e-01
4.2258346e+00	-1.1463303e-01
4.2476435e+00	-8.4675202e-02
4.2694525e+00	9.1752661e-02
4.2912614e+00	9.1393480e-02
4.3130704e+00	1.3349543e-01
4.3348793e+00	2.9419444e-01
4.3566882e+00	1.8852504e-02
4.3784972e+00	-2.2288593e-01
4.4003061e+00	-4.1162093e-02
4.4221151e+00	8.1972305e-02
4.4439240e+00	9.9866118e-02
4.4657329e+00	-1.8093096e-02
4.4875419e+00	1.9437834e-02
4.5093508e+00	-6.9355304e-02
4.5311597e+00	1.2302919e-01
4.5529687e+00	1.2650453e-01
4.5747776e+00	-1.3969840e-01
4.5965866e+00	-7.9025097e-02
4.6183955e+00	-1.2612553e-01
4.6402044e+00	-5.0583774e-02
4.6620134e+00	1.4582421e-01
4.6838223e+00	7.4321102e-02
4.7056312e+00	8.6576855e-02
4.7274402e+00	1.1650812e-02
4.7492491e+00	-2.8056289e-02
4.7710581e+00	5.8623776e-02
4.7928670e+00	-3.6679097e-02
4.8146759e+00	-7.6243597e-02
4.8364849e+00	2.1599696e-02
4.8582938e+00	1.3491363e-02
4.8801028e+00	-2.5000081e-01
4.9019117e+00	1.2518431e-01
4.9237206e+00	9.6821206e-02
4.9455296e+00	1.4618446e-02
4.9673385e+00	-7.0285708e-02
4.9891474e+00	-3.2765103e-02
5.0109564e+00	5.2413944e-02
5.0327653e+00	1.5439075e-01
5.0545743e+00	-7.5751577e-02
5.0763832e+00	-1.3616363e-02
5.0981921e+00	6.3662820e-02
5.1200011e+00	1.2370385e-01
5.1418100e+00	-5.2920114e-02
5.1636189e+00	-1.6161657e-01
5.1854279e+00	-2.2126443e-02
5.2072368e+00	1.0016536e-02
5.2290458e+00	-6.1073470e-03
5.2508547e+00	3.2560036e-03
5.2726636e+00	2.2535602e-01
5.2944726e+00	3.3493877e-01
5.3162815e+00	5.3844964e-02
5.3380905e+00	-3.9203286e-02
5.3598994e+00	-4.9286683e-03
5.3817083e+00	9.3988394e-02
5.4035173e+00	-1.2929844e-01
5.4253262e+00	-6.1100099e-02
5.4471351e+00	5.4222363e-02
5.4689441e+00	1.3028817e-01
5.4907530e+00	-3.9392469e-02
5.5125620e+00	3.7377053e-03
5.5343709e+00	-3.8606503e-02
5.5561798e+00	-1.7198567e-01
5.5779888e+00	1.4685008e-02
5.5997977e+00	5.2421136e-02
5.6216066e+00	1.0556502e-01
5.6434156e+00	-4.6534449e-02
5.6652245e+00	8.1173727e-02
5.6870335e+00	2.1562329e-03
5.7088424e+00	1.0606985e-01
5.7306513e+00	1.6191362e-01
5.7524603e+00	-1.4097274e-01
5.7742692e+00	-7.7696315e-02
5.7960782e+00	-8.3798182e-02
5.8178871e+00	-1.1885781e-01
5.8396960e+00	2.2849134e-01
5.8615050e+00	8.1436425e-03
5.8833139e+00	9.3208376e-02
5.9051228e+00	5.9988885e-02
5.9269318e+00	-6.4228946e-02
5.9487407e+00	-2.5340985e-02
5.9705497e+00	1.7589149e-01
5.9923586e+00	2.3371739e-01
6.0141675e+00	1.7250357e-02
6.0359765e+00	-1.7862577e-01
6.0577854e+00	-1.6505666e-02
6.0795944e+00	-5.3091810e-02
6.1014033e+00	8.0102022e-02
6.1232122e+00	4.1097344e-02
6.1450212e+00	1.6456636e-02
6.1668301e+00	-1.4167951e-01
6.1886390e+00	6.7986348e-02
6.2104480e+00	-6.3467751e-02
6.2322569e+00	3.5256410e-02
6.2540659e+00	1.7743327e-01
6.2758748e+00	2.5468569e-01
6.2976837e+00	1.3633890e-01
6.3194927e+00	-4.2546077e-02
6.3413016e+00	-7.0170751e-02
6.3631105e+00	-1.1750795e-01
6.3849195e+00	-7.4267840e-03
6.4067284e+00	-1.6776565e-02
6.4285374e+00	2.6154681e-02
6.4503463e+00	-3.2589324e-02
6.4721552e+00	-1.4934584e-02
6.4939642e+00	4.0449671e-02
6.5157731e+00	2.2066584e-02
6.5375821e+00	1.1294971e-01
6.5593910e+00	1.1856935e-01
6.5811999e+00	-8.8082561e-02
6.6030089e+00	-8.0063176e-02
6.6248178e+00	-8.6181800e-02
6.6466267e+00	3.6770765e-02
6.6684357e+00	8.9328209e-02
6.6902446e+00	-1.4743025e-01
6.7120536e+00	-3.8683893e-02
6.7338625e+00	2.9603295e-02
6.7556714e+00	1.5718127e-01
6.7774804e+00	6.3572142e-02
6.7992893e+00	-5.5261668e-02
6.8210982e+00	9.1338415e-02
6.8429072e+00	8.5795949e-03
6.8647161e+00	-2.4283154e-01
6.8865251e+00	-6.2928834e-02
6.9083340e+00	6.6153264e-02
6.9301429e+00	1.2459255e-01
6.9519519e+00	5.5044460e-02
6.9737608e+00	6.4482808e-02
6.9955698e+00	-1.6455293e-02
7.0173787e+00	4.1564290e-02
7.0391876e+00	-1.3546427e-01
7.0609966e+00	-6.4366022e-02
7.0828055e+00	-1.1089662e-01
7.1046144e+00	-5.6574531e-02
7.1264234e+00	1.6418517e-01
7.1482323e+00	6.9525842e-02
7.1700413e+00	6.6804821e-02
7.1918502e+00	1.1813186e-01
7.2136591e+00	-4.7843431e-02
7.2354681e+00	-6.9662625e-03
7.2572770e+00	-7.8538526e-02
7.2790859e+00	-9.4391776e-03
7.3008949e+00	1.5679350e-01
7.3227038e+00	1.8235166e-03
7.3445128e+00	-1.1661142e-01
7.3663217e+00	-7.0022292e-02
7.3881306e+00	2.5031484e-01
7.4099396e+00	2.6227679e-02
7.4317485e+00	-2.8614155e-02
7.4535575e+00	-1.0611418e-01
7.4753664e+00	7.2305338e-02
7.4971753e+00	2.2791914e-01
7.5189843e+00	1.4665045e-01
7.5407932e+00	-4.1732557e-02
7.5626021e+00	-1.1332754e-01
7.5844111e+00	4.0342406e-02
7.6062200e+00	1.8426524e-03
7.6280290e+00	2.0632492e-02
7.6498379e+00	-3.3617106e-02
7.6716468e+00	-3.8953890e-02
7.6934558e+00	1.1116842e-01
7.7152647e+00	1.6397206e-01
7.7370737e+00	-8.1114138e-02
7.7588826e+00	-4.1316808e-02
7.7806915e+00	-1.6684203e-01
7.8025005e+00	-1.5142718e-01
7.8243094e+00	1.2302275e-01
7.8461183e+00	1.3144029e-01
7.8679273e+00	1.0637260e-01
7.8897362e+00	1.2690035e-01
7.9115452e+00	1.9588129e-02
7.9333541e+00	-2.9836102e-02
7.9551630e+00	-1.0527745e-01
7.9769720e+00	-1.9377301e-01
7.9987809e+00	-5.8049817e-02
8.0205898e+00	9.0610215e-02
8.0423988e+00	8.7367418e-03
8.0642077e+00	-3.6712940e-02
8.0860167e+00	1.8798582e-01
8.1078256e+00	6.8187911e-02
8.1296345e+00	1.1105302e-01
8.1514435e+00	2.5091650e-02
8.1732524e+00	-7.5426460e-02
8.1950614e+00	5.4295918e-02
8.2168703e+00	-1.0331107e-01
8.2386792e+00	-1.3923069e-01
8.2604882e+00	9.3468369e-02
8.2822971e+00	1.0240834e-01
8.3041060e+00	-7.3318029e-02
8.3259150e+00	-2.7838882e-01
8.3477239e+00	2.7419517e-02
8.3695329e+00	1.5668514e-01
8.3913418e+00	3.0299623e-02
8.4131507e+00	1.0592869e-01
8.4349597e+00	5.8177200e-02
8.4567686e+00	7.6904545e-02
8.4785775e+00	1.5040953e-02
8.5003865e+00	-1.3712852e-01
8.5221954e+00	-1.0302995e-01
8.5440044e+00	2.7343456e-02
8.5658133e+00	1.1539868e-01
8.5876222e+00	1.9405061e-01
8.6094312e+00	-7.5675536e-02
8.6312401e+00	-1.4696112e-01
8.6530491e+00	7.9847302e-03
8.6748580e+00	4.2334543e-02
8.6966669e+00	2.9160020e-01
8.7184759e+00	1.0021803e-01
8.7402848e+00	-1.3265491e-01
8.7620937e+00	-1.5641577e-01
8.7839027e+00	-1.5757916e-02
8.8057116e+00	9.3543082e-02
8.8275206e+00	3.6623469e-02
8.8493295e+00	3.5902850e-02
8.8711384e+00	5.8542210e-02
8.8929474e+00	1.2087567e-01
8.9147563e+00	6.2374404e-02
8.9365652e+00	-7.2500820e-02
8.9583742e+00	-2.2978463e-01
8.9801831e+00	6.9047223e-03
9.0019921e+00	1.6302447e-01
9.0238010e+00	9.2933121e-02
9.0456099e+00	-1.0895653e-01
9.0674189e+00	1.9597228e-02
9.0892278e+00	-1.4935151e-02
9.1110368e+00	1.0363941e-01
9.1328457e+00	4.8641639e-01
9.1546546e+00	2.9768311e-01
9.1764636e+00	-1.2046099e-01
9.1982725e+00	-1.4535078e-02
9.2200814e+00	2.8298395e-01
9.2418904e+00	5.2286124e-01
9.2636993e+00	-3.1789041e-02
9.2855083e+00	2.7393197e-01
9.3073172e+00	3.2460625e-01
9.3291261e+00	2.6464677e-02
9.3509351e+00	4.3066867e-01
9.3727440e+00	2.2485658e-01
9.3945530e+00	-8.2492318e-02
9.4163619e+00	-3.6745911e-02
9.4381708e+00	-8.7164568e-02
9.4599798e+00	8.4476674e-02
9.4817887e+00	1.7545604e-01
9.5035976e+00	4.2668658e-03
9.5254066e+00	-9.7223050e-03
9.5472155e+00	2.2749707e-01
9.5690245e+00	-4.9149742e-02
9.5908334e+00	7.5044590e-02
9.6126423e+00	-1.0548975e-01
9.6344513e+00	-1.4106918e-02
9.6562602e+00	-8.7760868e-02
9.6780691e+00	6.5047225e-02
9.6998781e+00	3.4299633e-01
9.7216870e+00	3.7638362e-02
9.7434960e+00	-8.5891865e-02
9.7653049e+00	7.8962386e-02
9.7871138e+00	-5.8195318e-02
9.8089228e+00	6.3379758e-02
9.8307317e+00	3.0062782e-02
9.8525407e+00	-1.5025715e-02
9.8743496e+00	-6.2199230e-02
9.8961585e+00	-4.7775853e-02
9.9179675e+00	6.0968256e-02
9.9397764e+00	1.0047299e-01
9.9615853e+00	1.3726036e-02
9.9833943e+00	-1.3626814e-01
1.0005203e+01	-8.0945367e-03
1.0027012e+01	1.9967904e-01
1.0048821e+01	7.3025300e-02
1.0070630e+01	-1.3492113e-01
1.0092439e+01	1.5055525e-01
1.0114248e+01	-1.6936749e-02
1.0136057e+01	-1.8936946e-03
1.0157866e+01	-4.6091068e-02
1.0179675e+01	-5.1153145e-03
1.0201484e+01	1.5846800e-01
1.0223293e+01	7.5450628e-02
1.0245102e+01	8.2309234e-02
1.0266910e+01	6.0011583e-02
1.0288719e+01	-3.3493715e-01
1.0310528e+01	-1.2235618e-01
1.0332337e+01	8.3738586e-01
1.0354146e+01	1.6762138e+00
1.0375955e+01	2.1620114e+00
1.0397764e+01	2.7866185e+00
1.0419573e+01	3.0170640e+00
1.0441382e+01	3.6179745e+00
1.0463191e+01	4.3531310e+00
1.0485000e+01	5.8953312e+00
1.0506809e+01	7.8168209e+00
1.0528618e+01	8.9288349e+00
1.0550427e+01	8.5982462e+00
1.0572236e+01	7.6683974e+00
1.0594045e+01	8.1417703e+00
1.0615853e+01	8.3668648e+00
1.0637662e+01	8.4116307e+00
1.0659471e+01	7.9222248e+00
1.0681280e+01	6.4919619e+00
1.0703089e+01	4.6170868e+00
1.0724898e+01	2.7543233e+00
1.0746707e+01	1.8464302e+00
1.0768516e+01	1.0731024e+00
1.0790325e+01	4.7018358e-01
1.0812134e+01	4.5059361e-01
1.0833943e+01	2.8827825e-02
1.0855752e+01	1.0140684e-01
1.0877561e+01	1.3920610e-01
1.0899370e+01	7.7088299e-02
1.0921179e+01	-1.0504993e-01
1.0942988e+01	-2.5186584e-01
1.0964796e+01	1.4832281e-01
1.0986605e+01	6.2802794e-02
1.1008414e+01	3.4440965e-01
1.1030223e+01	7.1558973e-01
1.1052032e+01	1.0450133e+00
1.1073841e+01	1.4397156e+00
1.1095650e+01	1.3000358e+00
1.1117459e+01	1.3335912e+00
1.1139268e+01	1.6156632e+00
1.1161077e+01	1.8844458e+00
1.1182886e+01	2.5097134e+00
1.1204695e+01	2.7671852e+00
1.1226504e+01	2.8631074e+00
1.1248313e+01	2.9143884e+00
1.1270122e+01	1.3981003e+00
1.1291931e+01	7.5796742e-01
1.1313740e+01	4.6905198e-01
1.1335548e+01	8.1089230e-02
1.1357357e+01	1.3233291e-01
1.1379166e+01	-2.0170567e-02
1.1400975e+01	-2.1088564e-01
1.1422784e+01	-6.2995895e-02
1.1444593e+01	4.0062957e-01
1.1466402e+01	3.2962617e-01
1.1488211e+01	4.8125373e-02
1.1510020e+01	-8.7134763e-02
1.1531829e+01	-1.6298496e-02
1.1553638e+01	2.0180518e-01
1.1575447e+01	5.9720087e-02
1.1597256e+01	-1.0281889e-01
1.1619065e+01	-4.2788886e-04
1.1640874e+01	4.0813078e-02
1.1662683e+01	-6.7732751e-02
1.1684491e+01	2.2172316e-02
1.1706300e+01	1.3408438e-01
1.1728109e+01	-2.6072218e-02
1.1749918e+01	-1.1395605e-01
1.1771727e+01	5.2077867e-02
1.1793536e+01	1.1196892e-01
1.1815345e+01	-1.7591977e-01
1.1837154e+01	7.4308952e-02
1.1858963e+01	1.7202819e-01
1.1880772e+01	1.1836578e-01
1.1902581e+01	-1.1387158e-01
1.1924390e+01	-1.5509637e-01
1.1946199e+01	2.4578514e-02
1.1968008e+01	-1.6734994e-02
1.1989817e+01	-5.9851467e-02
1.2011626e+01	1.2631881e-02
1.2033434e+01	1.9634486e-02
1.2055243e+01	4.3057674e-02
1.2077052e+01	-1.0622838e-02
1.2098861e+01	7.6792394e-02
1.2120670e+01	1.4213554e-01
1.2142479e+01	2.6289107e-02
1.2164288e+01	-1.5265714e-01
1.2186097e+01	-6.0709599e-02
1.2207906e+01	8.5628840e-02
1.2229715e+01	9.5957562e-02
1.2251524e+01	-1.3676617e-01
1.2273333e+01	-1.0721290e-01
1.2295142e+01	4.4410634e-02
1.2316951e+01	2.7683322e-02
1.2338760e+01	-1.5543617e-02
1.2360569e+01	1.0501172e-01
1.2382377e+01	-5.9586117e-02
1.2404186e+01	-5.1183013e-02
1.2425995e+01	1.6659893e-01
1.2447804e+01	-8.0277285e-03
1.2469613e+01	-6.9761031e-02
1.2491422e+01	5.0845278e-02
1.2513231e+01	2.2843049e-01
1.2535040e+01	3.9705752e-02
1.2556849e+01	-1.2847627e-02
1.2578658e+01	-1.2952848e-01
1.2600467e+01	-1.1332581e-01
1.2622276e+01	8.8877927e-02
1.2644085e+01	2.3169676e-02
1.2665894e+01	1.9548602e-01
1.2687703e+01	-2.1057306e-02
1.2709512e+01	-1.2458048e-01
1.2731320e+01	-2.9992281e-02
1.2753129e+01	7.9979091e-02
1.2774938e+01	1.9687647e-02
1.2796747e+01	1.6472417e-01
1.2818556e+01	5.9787054e-02
1.2840365e+01	-1.5228502e-01
1.2862174e+01	-1.3047252e-01
1.2883983e+01	-3.8645803e-02
1.2905792e+01	-1.2586199e-02
1.2927601e+01	-6.0985382e-02
1.2949410e+01	1.3839512e-01
1.2971219e+01	1.1912422e-01
1.2993028e+01	2.2366999e-01
1.3014837e+01	4.3673907e-01
1.3036646e+01	4.8978512e-01
1.3058455e+01	6.3015549e-01
1.3080264e+01	7.6483573e-01
1.3102072e+01	8.0606737e-01
1.3123881e+01	1.4636495e-01
1.3145690e+01	-1.7258200e-01
1.3167499e+01	2.4165023e-02
1.3189308e+01	1.0879221e-01
1.3211117e+01	1.0820994e-01
1.3232926e+01	1.6038995e-01
1.3254735e+01	6.5128415e-02
1.3276544e+01	-2.6778804e-01
1.3298353e+01	-7.1508445e-02
1.3320162e+01	-1.2367569e-02
1.3341971e+01	-3.2271188e-01
1.3363780e+01	2.8959000e-01
1.3385589e+01	3.9160551e-01
1.3407398e+01	5.5182612e-01
1.3429207e+01	6.8780202e-01
1.3451015e+01	4.4444831e-01
1.3472824e+01	4.5169205e-01
1.3494633e+01	2.1571499e-01
1.3516442e+01	2.0254197e-02
1.3538251e+01	5.1291066e-02
1.3560060e+01	2.5934803e-02
1.3581869e+01	3.9680815e-02
1.3603678e+01	3.3550037e-02
1.3625487e+01	1.9815002e-01
1.3647296e+01	1.8171804e-01
1.3669105e+01	-2.3417186e-02
1.3690914e+01	-9.4795029e-02
1.3712723e+01	2.2237191e-02
1.3734532e+01	1.3068789e-02
1.3756341e+01	-1.1410185e-01
1.3778150e+01	-1.0981097e-01
1.3799958e+01	3.7254409e-03
1.3821767e+01	1.5828265e-01
1.3843576e+01	5.6919452e-03
1.3865385e+01	-1.3792671e-02
1.3887194e+01	5.0745425e-02
1.3909003e+01	5.5371821e-03
1.3930812e+01	-1.8348329e-01
1.3952621e+01	3.5660888e-02
1.3974430e+01	1.4369867e-01
1.3996239e+01	2.5693125e-02
1.4018048e+01	-1.1262633e-01
1.4039857e+01	-1.0362473e-01
1.4061666e+01	3.2921981e-02
1.4083475e+01	1.1628586e-01
1.4105284e+01	6.3878442e-02
1.4127093e+01	1.5459883e-01
1.4148901e+01	-2.1927544e-02
1.4170710e+01	-1.1206024e-01
1.4192519e+01	-4.0062405e-02
1.4214328e+01	-5.6133994e-02
1.4236137e+01	-1.4142805e-01
1.4257946e+01	7.2054084e-02
1.4279755e+01	6.6782289e-02
1.4301564e+01	-8.0132982e-02
1.4323373e+01	2.3623305e-02
1.4345182e+01	6.8581010e-02
1.4366991e+01	8.6648123e-02
1.4388800e+01	2.9371891e-01
1.4410609e+01	2.0057560e-01
1.4432418e+01	7.5488868e-02
1.4454227e+01	-3.7305729e-02
1.4476036e+01	-7.5084902e-02
1.4497844e+01	-4.8291370e-02
1.4519653e+01	-5.5143176e-03
1.4541462e+01	-5.0326688e-02
1.4563271e+01	-4.0166840e-02
1.4585080e+01	-9.4380358e-03
1.4606889e+01	-2.4971158e-02
1.4628698e+01	1.0729117e-01
1.4650507e+01	-7.0537825e-02
1.4672316e+01	-1.2341676e-01
1.4694125e+01	1.8759771e-01
1.4715934e+01	7.5293695e-02
1.4737743e+01	-6.7597636e-02
1.4759552e+01	-1.5236309e-02
1.4781361e+01	-3.8137439e-02
1.4803170e+01	1.7725629e-01
1.4824979e+01	5.5254592e-01
1.4846787e+01	9.8908573e-01
1.4868596e+01	1.5225599e+00
1.4890405e+01	1.4782835e+00
1.4912214e+01	1.3564407e+00
1.4934023e+01	1.1637738e+00
1.4955832e+01	1.1642138e+00
1.4977641e+01	1.3607829e+00
1.4999450e+01	1.7646523e+00
1.5021259e+01	2.1255281e+00
1.5043068e+01	2.2695865e+00
1.5064877e+01	2.0911996e+00
1.5086686e+01	1.8488116e+00
1.5108495e+01	1.3081747e+00
1.5130304e+01	5.3688894e-01
1.5152113e+01	5.5275569e-02
1.5173922e+01	8.2910540e-02
1.5195731e+01	1.9495653e-01
1.5217539e+01	-9.6001991e-02
1.5239348e+01	-1.6408111e-01
1.5261157e+01	-2.0548301e-01
1.5282966e+01	5.8737454e-02
1.5304775e+01	5.5359844e-02
1.5326584e+01	1.9248238e-01
1.5348393e+01	2.9557525e-01
1.5370202e+01	9.8202382e-02
1.5392011e+01	7.3408758e-02
1.5413820e+01	-1.1392624e-01
1.5435629e+01	-4.1265355e-02
1.5457438e+01	-4.1493887e-02
1.5479247e+01	-2.5582148e-02
1.5501056e+01	-2.1716827e-02
1.5522865e+01	3.0381589e-02
1.5544674e+01	5.7575992e-02
1.5566482e+01	-3.3288297e-02
1.5588291e+01	6.5089332e-02
1.5610100e+01	-4.4312439e-02
1.5631909e+01	3.8864674e-02
1.5653718e+01	-2.0635455e-02
1.5675527e+01	2.3064259e-01
1.5697336e+01	1.0478358e-01
1.5719145e+01	-4.4369576e-02
1.5740954e+01	-1.2570064e-01
1.5762763e+01	-1.4201189e-01
1.5784572e+01	1.0748035e-01
1.5806381e+01	1.1159841e-01
1.5828190e+01	-6.2478064e-02
1.5849999e+01	-8.2152241e-02
1.5871808e+01	8.4824932e-02
1.5893617e+01	7.3186613e-03
1.5915425e+01	-7.9201746e-02
1.5937234e+01	1.0988353e-01
1.5959043e+01	7.8070076e-02
1.5980852e+01	-9.7123863e-02
1.6002661e+01	-4.6768329e-02
1.6024470e+01	5.7930915e-02
1.6046279e+01	-1.6239429e-02
1.6068088e+01	7.0751508e-03
1.6089897e+01	-6.0504986e-02
1.6111706e+01	3.6383126e-02
1.6133515e+01	9.6458938e-03
1.6155324e+01	1.0925503e-01
1.6177133e+01	1.1162363e-02
1.6198942e+01	-6.6125883e-02
1.6220751e+01	4.3368224e-02
1.6242560e+01	3.8594618e-03
1.6264368e+01	-6.1758857e-02
1.6286177e+01	-2.0464285e-01
1.6307986e+01	-1.3875402e-02
1.6329795e+01	1.1282204e-01
1.6351604e+01	1.7973102e-02
1.6373413e+01	1.5027299e-01
1.6395222e+01	9.2992416e-02
1.6417031e+01	-8.7689227e-02
1.6438840e+01	-1.4204921e-01
1.6460649e+01	1.1411596e-01
1.6482458e+01	7.5173667e-02
1.6504267e+01	-1.5956863e-02
1.6526076e+01	2.3195858e-03
1.6547885e+01	-8.6863339e-02
1.6569694e+01	-2.7488184e-02
1.6591503e+01	-6.8628744e-04
1.6613311e+01	-6.7284251e-02
1.6635120e+01	1.3443717e-01
1.6656929e+01	3.8289675e-02
1.6678738e+01	-1.5161853e-01
1.6700547e+01	1.0935868e-02
1.6722356e+01	2.5521609e-01
1.6744165e+01	3.1916452e-01
1.6765974e+01	3.2841773e-01
1.6787783e+01	5.8077493e-01
1.6809592e+01	4.2894548e-01
1.6831401e+01	7.9632691e-02
1.6853210e+01	2.9601886e-01
1.6875019e+01	1.4530639e-01
1.6896828e+01	1.9296417e-02
1.6918637e+01	-8.0428847e-02
1.6940446e+01	-1.0032767e-01
1.6962254e+01	-2.9132624e-02
1.6984063e+01	6.2418215e-03
1.7005872e+01	-4.8733266e-02
1.7027681e+01	9.7143504e-02
1.7049490e+01	-3.7195507e-02
1.7071299e+01	8.0218508e-04
1.7093108e+01	-5.0781616e-02
1.7114917e+01	8.9919589e-04
1.7136726e+01	1.8801899e-01
1.7158535e+01	-4.2467964e-03
1.7180344e+01	-5.1427165e-02
1.7202153e+01	7.2733257e-02
1.7223962e+01	-1.2190374e-02
1.7245771e+01	-6.9086679e-02
1.7267580e+01	6.9675662e-02
1.7289389e+01	-1.9766474e-02
1.7311198e+01	-8.9128531e-02
1.7333006e+01	-1.1725957e-01
1.7354815e+01	9.9598074e-02
1.7376624e+01	1.5926661e-01
1.7398433e+01	-8.1540906e-02
1.7420242e+01	3.0299060e-02
1.7442051e+01	5.2788812e-02
1.7463860e+01	1.7023580e-01
1.7485669e+01	9.2879063e-02
1.7507478e+01	-9.4702299e-02
1.7529287e+01	-1.2768179e-01
1.7551096e+01	-1.6501235e-01
1.7572905e+01	-5.5005988e-02
1.7594714e+01	5.7390709e-02
1.7616523e+01	1.0734524e-01
1.7638332e+01	1.1298375e-02
1.7660141e+01	2.6909845e-02
1.7681949e+01	3.7689569e-02
1.7703758e+01	-2.0026247e-02
1.7725567e+01	-1.3819146e-02
1.7747376e+01	1.9906370e-02
1.7769185e+01	5.5044004e-02
1.7790994e+01	-1.3981017e-01
1.7812803e+01	4.4212252e-02
1.7834612e+01	1.7061945e-02
1.7856421e+01	6.8822433e-02
1.7878230e+01	8.7202003e-02
1.7900039e+01	-5.0931317e-02
1.7921848e+01	-1.2497577e-01
1.7943657e+01	-1.4293436e-01
1.7965466e+01	1.0157570e-01
1.7987275e+01	5.7444593e-02
1.8009084e+01	3.4929314e-02
1.8030892e+01	2.8359378e-02
1.8052701e+01	-3.0891447e-02
1.8074510e+01	-5.4491087e-02
1.8096319e+01	1.0125571e-01
1.8118128e+01	-3.4684881e-02
1.8139937e+01	-5.0294150e-02
1.8161746e+01	-2.4817777e-02
1.8183555e+01	-5.2104232e-03
1.8205364e+01	1.0835398e-01
1.8227173e+01	-1.1870507e-03
1.8248982e+01	-6.5362820e-02
1.8270791e+01	1.2754863e-02
1.8292600e+01	1.0228459e-01
1.8314409e+01	-2.0264226e-02
1.8336218e+01	-1.3451863e-01
1.8358027e+01	-5.3591701e-02
1.8379835e+01	5.5231388e-02
1.8401644e+01	1.3739396e-02
1.8423453e+01	-4.5350669e-02
1.8445262e+01	6.9782296e-02
1.8467071e+01	3.7572560e-01
1.8488880e+01	5.5070384e-01
1.8510689e+01	3.0609068e-01
1.8532498e+01	1.0700768e-01
1.8554307e+01	7.8105142e-02
1.8576116e+01	-1.3341233e-01
1.8597925e+01	-1.9728160e-01
1.8619734e+01	1.6180247e-01
1.8641543e+01	2.8229806e-01
1.8663352e+01	4.3169335e-02
1.8685161e+01	8.9125515e-02
1.8706970e+01	1.0268593e-03
1.8728778e+01	9.0010084e-03
1.8750587e+01	4.3988426e-02
1.8772396e+01	-5.4148571e-03
1.8794205e+01	-1.1231863e-01
1.8816014e+01	-1.6431940e-01
1.8837823e+01	-1.0026286e-01
1.8859632e+01	1.3178759e-01
1.8881441e+01	1.2035646e-01
1.8903250e+01	-2.3344286e-02
1.8925059e+01	1.0668674e-01
1.8946868e+01	1.9139547e-02
1.8968677e+01	-3.1689774e-03
1.8990486e+01	-8.4632131e-02
1.9012295e+01	-1.3603720e-02
1.9034104e+01	5.0890275e-02
1.9055913e+01	-1.5183309e-01
1.9077721e+01	1.9625670e-02
1.9099530e+01	1.1544512e-01
1.9121339e+01	-7.2486496e-02
1.9143148e+01	1.2808206e-01
1.9164957e+01	-7.6401075e-02
1.9186766e+01	3.1928090e-02
1.9208575e+01	1.1012694e-01
1.9230384e+01	3.5144181e-02
1.9252193e+01	-1.6118910e-01
1.9274002e+01	-1.5582268e-01
1.9295811e+01	-2.9415385e-02
1.9317620e+01	1.2373198e-01
1.9339429e+01	2.2769962e-01
1.9361238e+01	4.2506830e-01
1.9383047e+01	3.2954713e-01
1.9404856e+01	4.5687118e-02
1.9426665e+01	1.3064791e-01
1.9448473e+01	1.2462158e-01
1.9470282e+01	-8.4864659e-02
1.9492091e+01	-2.3848801e-01
1.9513900e+01	-1.0063911e-01
1.9535709e+01	2.5373015e-02
1.9557518e+01	1.1365578e-01
1.9579327e+01	1.0226790e-02
1.9601136e+01	2.5439465e-02
1.9622945e+01	7.8169049e-02
1.9644754e+01	2.9997496e-03
1.9666563e+01	-1.0125856e-01
1.9688372e+01	3.4523156e-02
1.9710181e+01	1.5187207e-01
1.9731990e+01	7.8962974e-02
1.9753799e+01	-1.0465553e-01
1.9775608e+01	-1.7410377e-01
1.9797416e+01	-2.0372773e-01
1.9819225e+01	-4.4261922e-02
1.9841034e+01	1.5558402e-01
1.9862843e+01	1.3663238e-01
1.9884652e+01	1.7697443e-02
1.9906461e+01	9.8966001e-02
1.9928270e+01	2.2037524e-02
1.9950079e+01	6.2495941e-02
1.9971888e+01	7.4010873e-02
1.9993697e+01	4.7565635e-02
2.0015506e+01	-1.1129832e-01
2.0037315e+01	-5.3176525e-02
2.0059124e+01	-1.0614698e-02
2.0080933e+01	2.8044549e-02
2.0102742e+01	-9.9804935e-02
2.0124551e+01	-1.3273458e-01
2.0146359e+01	3.2352846e-02
2.0168168e+01	7.1137984e-02
2.0189977e+01	4.0485769e-02
2.0211786e+01	-1.6679339e-01
2.0233595e+01	-1.1284887e-01
2.0255404e+01	3.1003707e-02
2.0277213e+01	9.9136232e-02
2.0299022e+01	1.7632144e-01
2.0320831e+01	1.4919845e-01
2.0342640e+01	7.0363981e-02
2.0364449e+01	1.1710824e-02
2.0386258e+01	-2.0647547e-01
2.0408067e+01	-3.6908617e-03
2.0429876e+01	2.2355919e-01
2.0451685e+01	-2.6419888e-02
2.0473494e+01	5.9716677e-02
2.0495302e+01	3.7989181e-01
2.0517111e+01	3.7855944e-01
2.0538920e+01	4.0640982e-01
2.0560729e+01	3.2368546e-01
2.0582538e+01	3.8601006e-01
2.0604347e+01	1.5096798e-01
2.0626156e+01	-1.2696678e-01
2.0647965e+01	-8.8430298e-02
2.0669774e+01	-9.8424816e-03
2.0691583e+01	3.2581194e-02
2.0713392e+01	1.0772995e-02
2.0735201e+01	3.8934929e-02
2.0757010e+01	1.5528967e-01
2.0778819e+01	-1.5618087e-01
2.0800628e+01	-1.0849132e-01
2.0822437e+01	2.1097663e-02
2.0844245e+01	1.6662068e-01
2.0866054e+01	-1.7948367e-03
2.0887863e+01	-8.6989301e-02
2.0909672e+01	-4.3028395e-02
2.0931481e+01	5.2586142e-03
2.0953290e+01	7.5627238e-02
2.0975099e+01	4.7103801e-01
2.0996908e+01	1.0536151e+00
2.1018717e+01	1.9584822e+00
2.1040526e+01	2.8356181e+00
2.1062335e+01	3.1392484e+00
2.1084144e+01	2.6423769e+00
2.1105953e+01	1.9420994e+00
2.1127762e+01	1.5766056e+00
2.1149571e+01	2.0419001e+00
2.1171380e+01	3.0013288e+00
2.1193188e+01	5.0548243e+00
2.1214997e+01	7.1600674e+00
2.1236806e+01	8.7408178e+00
2.1258615e+01	9.9482411e+00
2.1280424e+01	1.0241379e+01
2.1302233e+01	9.6168489e+00
2.1324042e+01	8.2052047e+00
2.1345851e+01	6.2644735e+00
2.1367660e+01	4.1397019e+00
2.1389469e+01	2.3564267e+00
2.1411278e+01	1.0123006e+00
2.1433087e+01	4.3336435e-01
2.1454896e+01	9.4966657e-02
2.1476705e+01	-8.8118402e-02
2.1498514e+01	7.9023687e-02
2.1520323e+01	4.1780449e-01
2.1542132e+01	7.6945883e-01
2.1563940e+01	1.0815849e+00
2.1585749e+01	9.9300304e-01
2.1607558e+01	7.6756839e-01
2.1629367e+01	6.0358924e-01
2.1651176e+01	4.8225482e-01
2.1672985e+01	3.2862535e-01
2.1694794e+01	-1.5124960e-02
2.1716603e+01	-2.6760629e-02
2.1738412e+01	-2.9149468e-02
2.1760221e+01	-3.1663804e-02
2.1782030e+01	3.8931430e-03
2.1803839e+01	-2.1450926e-02
2.1825648e+01	-1.4508862e-02
2.1847457e+01	1.2560100e-01
2.1869266e+01	-9.9150008e-04
2.1891075e+01	-9.9734239e-02
2.1912883e+01	8.7657892e-02
2.1934692e+01	-7.4865691e-02
2.1956501e+01	-6.7280547e-02
2.1978310e+01	1.7653899e-01
2.2000119e+01	2.9677936e-02
2.2021928e+01	-1.1403358e-02
2.2043737e+01	-4.3452839e-02
2.2065546e+01	-7.3387727e-02
2.2087355e+01	1.2547669e-01
2.2109164e+01	-1.1020944e-02
2.2130973e+01	-8.0084553e-03
2.2152782e+01	-2.9325700e-02
2.2174591e+01	-2.4744883e-02
2.2196400e+01	6.5014772e-02
2.2218209e+01	-4.7851660e-02
2.2240018e+01	5.7848903e-02
2.2261826e+01	7.8125125e-02
2.2283635e+01	-1.2589787e-01
2.2305444e+01	8.3530082e-02
2.2327253e+01	4.4807626e-02
2.2349062e+01	-6.6278265e-02
2.2370871e+01	2.7181704e-02
2.2392680e+01	-1.0048025e-01
2.2414489e+01	-2.1372628e-02
2.2436298e+01	1.6093235e-02
2.2458107e+01	2.7818915e-02
2.2479916e+01	-1.7680939e-03
2.2501725e+01	2.1002897e-02
2.2523534e+01	-6.4335696e-03
2.2545343e+01	6.0822047e-02
2.2567152e+01	-7.2803515e-02
2.2588961e+01	-3.5086992e-02
2.2610769e+01	1.2398135e-01
2.2632578e+01	-7.8961717e-02
2.2654387e+01	-4.7813414e-02
2.2676196e+01	3.2234828e-02
2.2698005e+01	1.5121288e-01
2.2719814e+01	3.4051805e-02
2.2741623e+01	2.4434723e-02
2.2763432e+01	-5.9517044e-02
2.2785241e+01	-1.1892793e-01
2.2807050e+01	-7.0777879e-02
2.2828859e+01	4.9400341e-02
2.2850668e+01	2.2598873e-03
2.2872477e+01	3.6379784e-03
2.2894286e+01	8.9490624e-02
2.2916095e+01	-3.1036230e-02
2.2937904e+01	7.6885114e-02
2.2959712e+01	-7.4130645e-02
2.2981521e+01	-7.2845333e-02
2.3003330e+01	8.4719941e-02
2.3025139e+01	2.1793933e-02
2.3046948e+01	-1.3242134e-01
2.3068757e+01	-2.4686089e-02
2.3090566e+01	9.6422435e-02
2.3112375e+01	1.5347633e-01
2.3134184e+01	1.3439951e-01
2.3155993e+01	1.1032509e-01
2.3177802e+01	-6.2245508e-02
2.3199611e+01	-1.4730749e-01
2.3221420e+01	-1.4788658e-01
2.3243229e+01	6.3317087e-03
2.3265038e+01	-5.0769662e-02
2.3286847e+01	-8.2911383e-02
2.3308655e+01	4.7738716e-02
2.3330464e+01	9.2393265e-02
2.3352273e+01	-3.8026758e-02
2.3374082e+01	1.5479517e-01
2.3395891e+01	4.0806304e-03
2.3417700e+01	-7.9333318e-02
2.3439509e+01	-1.8313339e-01
2.3461318e+01	1.7995288e-01
2.3483127e+01	5.0880536e-01
2.3504936e+01	9.3075422e-01
2.3526745e+01	1.3684492e+00
2.3548554e+01	1.2896100e+00
2.3570363e+01	8.6365244e-01
2.3592172e+01	5.0388717e-01
2.3613981e+01	4.4216931e-02
2.3635790e+01	1.0405096e-01
2.3657599e+01	6.7883915e-01
2.3679407e+01	1.7029642e+00
2.3701216e+01	3.4432790e+00
2.3723025e+01	5.3495622e+00
2.3744834e+01	6.9545446e+00
2.3766643e+01	8.2054719e+00
2.3788452e+01	1.0327944e+01
2.3810261e+01	1.1497831e+01
2.3832070e+01	1.1181246e+01
2.3853879e+01	9.9638408e+00
2.3875688e+01	8.1446713e+00
2.3897497e+01	6.3029712e+00
2.3919306e+01	4.3993593e+00
2.3941115e+01	2.8486565e+00
2.3962924e+01	1.8566904e+00
2.3984733e+01	1.3001129e+00
2.4006542e+01	9.1743261e-01
2.4028350e+01	5.8369538e-01
2.4050159e+01	1.0988795e-01
2.4071968e+01	-2.2376197e-01
2.4093777e+01	9.5227886e-02
2.4115586e+01	3.2808504e-02
2.4137395e+01	-1.4930617e-01
2.4159204e+01	-1.3496095e-01
2.4181013e+01	7.8031164e-02
2.4202822e+01	1.4457182e-01
2.4224631e+01	1.3843952e-01
2.4246440e+01	-9.6867127e-02
2.4268249e+01	4.3744464e-02
2.4290058e+01	8.4665616e-02
2.4311867e+01	-2.0251517e-01
2.4333676e+01	-1.0013351e-01
2.4355485e+01	-5.7269516e-02
2.4377293e+01	4.2419296e-02
2.4399102e+01	3.0597991e-02
2.4420911e+01	6.0414319e-02
2.4442720e+01	1.4290130e-01
2.4464529e+01	4.0401621e-02
2.4486338e+01	-7.4431954e-02
2.4508147e+01	2.0733345e-02
2.4529956e+01	1.1785005e-01
2.4551765e+01	4.2514462e-01
2.4573574e+01	4.2929092e-01
2.4595383e+01	6.4941978e-01
2.4617192e+01	9.4208874e-01
2.4639001e+01	8.9320433e-01
2.4660810e+01	3.0238309e-01
2.4682619e+01	6.6897540e-02
2.4704428e+01	-1.5099070e-01
2.4726236e+01	1.0562187e-01
2.4748045e+01	3.1198172e-01
2.4769854e+01	1.9503867e-02
2.4791663e+01	-4.4740683e-02
2.4813472e+01	-8.7538204e-02
2.4835281e+01	-3.6928108e-02
2.4857090e+01	-1.1294909e-01
2.4878899e+01	1.0027856e-01
2.4900708e+01	6.9105387e-02
2.4922517e+01	-9.8261750e-02
2.4944326e+01	-1.8035240e-02
2.4966135e+01	6.4337450e-03
2.4987944e+01	-8.9935280e-02
2.5009753e+01	4.7466137e-02
2.5031562e+01	1.5133507e-01
2.5053371e+01	2.0918699e-03
2.5075179e+01	-2.1696037e-02
2.5096988e+01	-1.0620283e-01
2.5118797e+01	4.4563004e-02
2.5140606e+01	3.0364906e-02
2.5162415e+01	3.1936707e-03
2.5184224e+01	8.2792073e-02
2.5206033e+01	5.0099608e-02
2.5227842e+01	4.2874513e-02
2.5249651e+01	-9.4012734e-02
2.5271460e+01	6.4080828e-03
2.5293269e+01	-8.0223257e-02
2.5315078e+01	-3.7128186e-02
2.5336887e+01	4.9110703e-02
2.5358696e+01	6.0205898e-02
2.5380505e+01	5.3035400e-02
2.5402314e+01	-4.7746421e-02
2.5424123e+01	-6.9116618e-02
2.5445931e+01	-5.3381718e-03
2.5467740e+01	1.7196949e-01
2.5489549e+01	7.2664660e-02
2.5511358e+01	9.9886870e-02
2.5533167e+01	-2.5094017e-02
2.5554976e+01	-2.3166822e-01
2.5576785e+01	-7.9154023e-02
2.5598594e+01	-1.4201438e-02
2.5620403e+01	3.8667710e-02
2.5642212e+01	-1.8494517e-03
2.5664021e+01	1.5347245e-02
2.5685830e+01	-9.4795468e-02
2.5707639e+01	-1.7586316e-01
2.5729448e+01	1.0005023e-01
2.5751257e+01	1.3416489e-01
2.5773066e+01	9.9412535e-02
2.5794874e+01	3.0243306e-01
2.5816683e+01	1.4349553e-01
2.5838492e+01	6.8096131e-03
2.5860301e+01	-5.5068656e-02
2.5882110e+01	-3.1806829e-02
2.5903919e+01	-3.7433262e-02
2.5925728e+01	2.9000738e-01
2.5947537e+01	6.1409170e-01
2.5969346e+01	1.0542268e+00
2.5991155e+01	1.6585990e+00
2.6012964e+01	2.2733232e+00
2.6034773e+01	2.5240727e+00
2.6056582e+01	2.7484597e+00
2.6078391e+01	3.0324892e+00
2.6100200e+01	2.9457714e+00
2.6122009e+01	2.5094454e+00
2.6143817e+01	2.0262875e+00
2.6165626e+01	1.5306097e+00
2.6187435e+01	1.0073482e+00
2.6209244e+01	4.9566612e-01
2.6231053e+01	2.3845264e-01
2.6252862e+01	1.2791121e-01
2.6274671e+01	-1.9452077e-03
2.6296480e+01	-1.0109171e-01
2.6318289e+01	-8.8455646e-02
2.6340098e+01	-9.1765818e-02
2.6361907e+01	-7.7859721e-02
2.6383716e+01	-1.1399197e-02
2.6405525e+01	1.2362595e-01
2.6427334e+01	8.5839516e-02
2.6449143e+01	-1.3570413e-01
2.6470952e+01	6.8321068e-02
2.6492760e+01	7.2236558e-02
2.6514569e+01	1.0158149e-01
2.6536378e+01	8.0089977e-04
2.6558187e+01	-5.9569444e-02
2.6579996e+01	3.6124756e-01
2.6601805e+01	4.9383927e-01
2.6623614e+01	5.2363845e-01
2.6645423e+01	5.5449519e-01
2.6667232e+01	4.5766227e-01
2.6689041e+01	3.6076541e-01
2.6710850e+01	1.1417413e-01
2.6732659e+01	-3.9640288e-02
2.6754468e+01	-1.2534302e-01
2.6776277e+01	-9.3600405e-02
2.6798086e+01	-1.6784793e-02
2.6819895e+01	-1.8697708e-02
2.6841703e+01	2.7620347e-02
2.6863512e+01	4.4594630e-02
2.6885321e+01	-5.1232844e-02
2.6907130e+01	2.1748623e-01
2.6928939e+01	1.1112945e-01
2.6950748e+01	-4.0931403e-02
2.6972557e+01	6.0370610e-02
2.6994366e+01	4.9056307e-02
2.7016175e+01	-1.1961474e-02
2.7037984e+01	6.1473870e-03
2.7059793e+01	-2.6226703e-03
2.7081602e+01	-5.6027747e-02
2.7103411e+01	9.2666362e-02
2.7125220e+01	-1.1197597e-01
2.7147029e+01	-1.1406635e-02
2.7168838e+01	-8.7183104e-02
2.7190646e+01	-9.4666023e-02
2.7212455e+01	6.1439836e-02
2.7234264e+01	1.6892404e-01
2.7256073e+01	-4.4502158e-03
2.7277882e+01	5.0858063e-02
2.7299691e+01	-3.4574967e-02
2.7321500e+01	4.1464328e-02
2.7343309e+01	3.9208548e-02
2.7365118e+01	-1.0856665e-01
2.7386927e+01	-6.9491373e-02
2.7408736e+01	-4.5989718e-03
2.7430545e+01	5.8082244e-02
2.7452354e+01	5.0892070e-02
2.7474163e+01	4.5634224e-02
2.7495972e+01	1.6168119e-03
2.7517781e+01	-9.1596817e-02
2.7539590e+01	-2.5858123e-02
2.7561398e+01	7.2847448e-02
2.7583207e+01	8.4616856e-02
2.7605016e+01	-9.4204284e-02
2.7626825e+01	-2.2414896e-01
2.7648634e+01	-1.1884021e-01
2.7670443e+01	-1.0973451e-02
2.7692252e+01	3.9573137e-02
2.7714061e+01	1.4380378e-01
2.7735870e+01	7.0463908e-02
2.7757679e+01	2.2061522e-01
2.7779488e+01	1.2989790e-01
2.7801297e+01	9.3998820e-02
2.7823106e+01	1.1683823e-01
2.7844915e+01	1.4106698e-01
2.7866724e+01	4.2000786e-02
2.7888533e+01	-1.3099439e-01
2.7910341e+01	-3.1528319e-01
2.7932150e+01	-6.8278538e-03
2.7953959e+01	-3.9209187e-02
2.7975768e+01	6.0540336e-02
2.7997577e+01	1.7021695e-02
2.8019386e+01	4.1192473e-02
2.8041195e+01	-5.2584649e-02
2.8063004e+01	-4.8297994e-02
2.8084813e+01	-5.9591507e-02
2.8106622e+01	-4.9981672e-02
2.8128431e+01	-4.8121987e-02
2.8150240e+01	1.0626064e-01
2.8172049e+01	-3.3751093e-02
2.8193858e+01	4.5936504e-02
2.8215667e+01	-3.1683664e-03
2.8237476e+01	5.8770828e-02
2.8259284e+01	1.0150009e-01
2.8281093e+01	3.7926102e-02
2.8302902e+01	3.3592389e-02
2.8324711e+01	-4.0395048e-02
2.8346520e+01	-9.0785847e-02
2.8368329e+01	-6.1312659e-02
2.8390138e+01	-5.5046153e-02
2.8411947e+01	-4.9372628e-02
2.8433756e+01	-3.2435941e-02
2.8455565e+01	9.3188340e-02
2.8477374e+01	1.2224431e-01
2.8499183e+01	2.9787053e-01
2.8520992e+01	4.7805060e-01
2.8542801e+01	6.9084651e-01
2.8564610e+01	7.8178108e-01
2.8586419e+01	6.3082815e-01
2.8608227e+01	4.3707056e-01
2.8630036e+01	4.1748513e-01
2.8651845e+01	9.6869536e-02
2.8673654e+01	8.9487793e-02
2.8695463e+01	-6.0128821e-02
2.8717272e+01	-5.3777259e-02
2.8739081e+01	-2.2364574e-02
2.8760890e+01	2.7660320e-02
2.8782699e+01	-1.1550753e-01
2.8804508e+01	-3.7176253e-03
2.8826317e+01	-5.0704353e-02
2.8848126e+01	-6.4639327e-02
2.8869935e+01	7.3509520e-02
2.8891744e+01	7.1369539e-02
2.8913553e+01	3.7189450e-03
2.8935362e+01	-1.9514868e-02
2.8957170e+01	-3.4443262e-02
2.8978979e+01	2.0370392e-02
2.9000788e+01	2.4147299e-02
2.9022597e+01	-1.0615436e-01
2.9044406e+01	3.9700373e-02
2.9066215e+01	3.5219769e-02
2.9088024e+01	1.2298117e-01
2.9109833e+01	2.8068589e-02
2.9131642e+01	2.7665804e-02
2.9153451e+01	-1.4939146e-01
2.9175260e+01	-2.9462365e-03
2.9197069e+01	2.6441125e-02
2.9218878e+01	-1.2603066e-01
2.9240687e+01	5.9693922e-02
2.9262496e+01	1.3719932e-01
2.9284305e+01	-7.2818171e-02
2.9306113e+01	1.2084207e-01
2.9327922e+01	-2.3365409e-02
2.9349731e+01	-1.4597591e-01
2.9371540e+01	5.0523580e-02
2.9393349e+01	2.8274488e-01
2.9415158e+01	1.0019920e-01
2.9436967e+01	7.8011501e-02
2.9458776e+01	-9.2702870e-02
2.9480585e+01	-6.4878068e-02
2.9502394e+01	-4.3473353e-02
2.9524203e+01	8.3738254e-02
2.9546012e+01	1.7073345e-02
2.9567821e+01	-2.6180481e-02
2.9589630e+01	-4.1455245e-02
2.9611439e+01	-5.8310818e-02
2.9633248e+01	1.6291257e-02
2.9655057e+01	-2.6389274e-02
2.9676865e+01	-9.9891318e-02
2.9698674e+01	7.5076322e-02
2.9720483e+01	5.2825838e-01
2.9742292e+01	6.3338031e-01
2.9764101e+01	6.6311531e-01
2.9785910e+01	6.6815159e-01
2.9807719e+01	5.1274835e-01
2.9829528e+01	4.6428178e-01
2.9851337e+01	2.6616470e-01
2.9873146e+01	1.2361213e-01
2.9894955e+01	1.2261268e-03
2.9916764e+01	3.2464990e-01
2.9938573e+01	7.6363187e-01
2.9960382e+01	1.5473655e+00
2.9982191e+01	2.5653103e+00
3.0004000e+01	3.7641897e+00
3.0025808e+01	4.9055252e+00
3.0047617e+01	6.1396834e+00
3.0069426e+01	7.4055696e+00
3.0091235e+01	8.1343634e+00
3.0113044e+01	8.4783772e+00
3.0134853e+01	8.2171716e+00
3.0156662e+01	7.2328249e+00
3.0178471e+01	6.0151498e+00
3.0200280e+01	4.4708827e+00
3.0222089e+01	2.9948600e+00
3.0243898e+01	1.6604882e+00
3.0265707e+01	9.9597688e-01
3.0287516e+01	6.0901546e-01
3.0309325e+01	3.2360943e-01
3.0331134e+01	-2.2589749e-02
3.0352943e+01	-6.5873688e-02
3.0374751e+01	2.2566460e-02
3.0396560e+01	9.8706980e-02
3.0418369e+01	5.3041314e-02
3.0440178e+01	-1.2352862e-03
3.0461987e+01	-7.0016174e-02
3.0483796e+01	-7.9882585e-02
3.0505605e+01	-2.8806211e-02
3.0527414e+01	-2.1762624e-03
3.0549223e+01	-2.5602842e-03
3.0571032e+01	-5.5075378e-02
3.0592841e+01	-4.7538420e-02
3.0614650e+01	2.4656134e-02
3.0636459e+01	1.4866196e-01
3.0658268e+01	9.4826523e-03
3.0680077e+01	-7.1726921e-02
3.0701886e+01	-1.6126833e-01
3.0723694e+01	1.0186143e-01
3.0745503e+01	1.7105593e-01
3.0767312e+01	7.2065453e-02
3.0789121e+01	3.6467601e-01
3.0810930e+01	8.6607763e-02
3.0832739e+01	6.2863594e-02
3.0854548e+01	-7.6056245e-02
3.0876357e+01	-3.3911618e-02
3.0898166e+01	9.0135270e-03
3.0919975e+01	2.2647093e-02
3.0941784e+01	-4.8244868e-02
3.0963593e+01	-1.6163281e-01
3.0985402e+01	7.8183483e-02
3.1007211e+01	1.1394598e-01
3.1029020e+01	-1.0253115e-01
3.1050829e+01	-6.9595776e-02
3.1072637e+01	4.4666800e-02
3.1094446e+01	2.6712783e-02
3.1116255e+01	-3.5048673e-02
3.1138064e+01	-5.8263615e-02
3.1159873e+01	1.0594367e-01
3.1181682e+01	1.2345594e-02
3.1203491e+01	-8.5152147e-02
3.1225300e+01	4.3433531e-02
3.1247109e+01	9.8431878e-02
3.1268918e+01	4.9682538e-02
3.1290727e+01	-9.2115354e-02
3.1312536e+01	-7.2198185e-03
3.1334345e+01	8.3460431e-02
3.1356154e+01	6.7192059e-02
3.1377963e+01	-1.1763683e-01
3.1399772e+01	-7.7379594e-02
3.1421580e+01	3.3220548e-02
3.1443389e+01	-8.2494601e-02
3.1465198e+01	-6.7206598e-02
3.1487007e+01	8.5165648e-03
3.1508816e+01	9.1415768e-02
3.1530625e+01	2.7045457e-01
3.1552434e+01	5.2837447e-01
3.1574243e+01	8.5914281e-01
3.1596052e+01	8.1650364e-01
3.1617861e+01	6.7124205e-01
3.1639670e+01	7.1176411e-01
3.1661479e+01	3.8044490e-01
3.1683288e+01	-1.0163505e-02
3.1705097e+01	5.1122758e-02
3.1726906e+01	2.9290299e-01
3.1748715e+01	7.3034630e-01
3.1770524e+01	1.3180127e+00
3.1792332e+01	2.1817434e+00
3.1814141e+01	3.2127472e+00
3.1835950e+01	4.3276083e+00
3.1857759e+01	5.4300817e+00
3.1879568e+01	6.4937634e+00
3.1901377e+01	7.4582256e+00
3.1923186e+01	8.0987301e+00
3.1944995e+01	8.4548692e+00
3.1966804e+01	7.8761488e+00
3.1988613e+01	6.9776159e+00
3.2010422e+01	5.6986837e+00
3.2032231e+01	4.2009791e+00
3.2054040e+01	2.6133712e+00
3.2075849e+01	1.5850581e+00
3.2097658e+01	9.4924170e-01
3.2119467e+01	5.7957918e-01
3.2141275e+01	4.7935553e-01
3.2163084e+01	1.5671176e-01
3.2184893e+01	-1.8866247e-02
3.2206702e+01	-4.2894420e-02
3.2228511e+01	5.6265688e-02
3.2250320e+01	-5.3597162e-02
3.2272129e+01	-6.2215525e-02
3.2293938e+01	-1.3122482e-01
3.2315747e+01	2.6399964e-03
3.2337556e+01	1.3026906e-01
3.2359365e+01	1.1716453e-03
3.2381174e+01	-2.7315594e-02
3.2402983e+01	-3.9237996e-02
3.2424792e+01	-2.0820919e-02
3.2446601e+01	-7.5083067e-03
3.2468410e+01	-5.2552585e-02
3.2490218e+01	1.1110981e-01
3.2512027e+01	-3.6180251e-02
3.2533836e+01	4.2949366e-02
3.2555645e+01	6.4363274e-02
3.2577454e+01	1.0164237e-01
3.2599263e+01	-7.2617615e-02
3.2621072e+01	-8.1106969e-02
3.2642881e+01	-8.9316716e-02
3.2664690e+01	8.8357423e-02
3.2686499e+01	1.2651873e-01
3.2708308e+01	-3.5990210e-02
3.2730117e+01	5.1772653e-02
3.2751926e+01	8.4924523e-02
3.2773735e+01	-5.0393712e-02
3.2795544e+01	-1.0371909e-01
3.2817353e+01	-9.3743308e-02
3.2839161e+01	-1.4484393e-01
3.2860970e+01	5.8524069e-02
3.2882779e+01	1.8666678e-01
3.2904588e+01	9.0357899e-02
3.2926397e+01	-4.1109616e-02
3.2948206e+01	7.1311181e-02
3.2970015e+01	-4.3311954e-02
3.2991824e+01	-6.5134304e-02
3.3013633e+01	7.2632078e-02
3.3035442e+01	-4.2381075e-02
3.3057251e+01	-8.8427633e-02
3.3079060e+01	1.2222574e-01
3.3100869e+01	3.0610722e-02
3.3122678e+01	6.7959963e-02
3.3144487e+01	-4.4630051e-02
3.3166296e+01	1.0503020e-03
3.3188104e+01	-4.2286183e-02
3.3209913e+01	-1.0098967e-01
3.3231722e+01	-1.0202827e-01
3.3253531e+01	6.1620021e-02
3.3275340e+01	-1.6898974e-02
3.3297149e+01	1.1621941e-01
3.3318958e+01	1.1817366e-01
3.3340767e+01	2.0536011e-03
3.3362576e+01	3.6492638e-02
3.3384385e+01	1.3138818e-02
3.3406194e+01	-1.2402512e-01
3.3428003e+01	-7.2615380e-02
3.3449812e+01	-8.3785111e-02
3.3471621e+01	1.7470975e-01
3.3493430e+01	3.6014486e-01
3.3515239e+01	5.4288596e-01
3.3537047e+01	6.6488312e-01
3.3558856e+01	8.7771731e-01
3.3580665e+01	8.6170647e-01
3.3602474e+01	1.0495725e+00
3.3624283e+01	1.2487715e+00
3.3646092e+01	1.2383762e+00
3.3667901e+01	1.3159167e+00
3.3689710e+01	1.2612229e+00
3.3711519e+01	1.0949637e+00
3.3733328e+01	7.1644415e-01
3.3755137e+01	4.5410310e-01
3.3776946e+01	3.0383252e-01
3.3798755e+01	4.9336922e-02
3.3820564e+01	3.2968960e-02
3.3842373e+01	4.1823887e-03
3.3864182e+01	4.0831900e-02
3.3885991e+01	8.6576010e-02
3.3907799e+01	-1.5499492e-01
3.3929608e+01	-4.3690962e-03
3.3951417e+01	1.3043675e-01
3.3973226e+01	-2.3500688e-02
3.3995035e+01	-1.4473398e-01
3.4016844e+01	-1.5943989e-01
3.4038653e+01	1.0574224e-01
3.4060462e+01	-1.2899313e-02
3.4082271e+01	-9.1013747e-02
3.4104080e+01	6.5377293e-02
3.4125889e+01	1.0736175e-01
3.4147698e+01	7.2535965e-02
3.4169507e+01	-1.4295257e-02
3.4191316e+01	1.4416530e-01
3.4213125e+01	-1.0582909e-01
3.4234934e+01	-1.4777502e-01
3.4256742e+01	1.5670418e-02
3.4278551e+01	6.0229893e-02
3.4300360e+01	1.8462046e-02
3.4322169e+01	8.3294111e-02
3.4343978e+01	5.8321615e-02
3.4365787e+01	-1.4504844e-01
3.4387596e+01	-3.2083887e-02
3.4409405e+01	6.4143359e-02
3.4431214e+01	-4.9347098e-03
3.4453023e+01	-3.5362211e-02
3.4474832e+01	-1.0268397e-01
3.4496641e+01	1.2711373e-02
3.4518450e+01	7.9734845e-02
3.4540259e+01	-9.8582960e-03
3.4562068e+01	3.0933548e-02
3.4583877e+01	9.5703235e-02
3.4605685e+01	-5.3806189e-02
3.4627494e+01	-7.6782552e-03
3.4649303e+01	1.1951861e-01
3.4671112e+01	-4.0246380e-02
3.4692921e+01	-1.4446768e-01
3.4714730e+01	-6.2548717e-02
3.4736539e+01	4.8778608e-02
3.4758348e+01	-5.8524020e-02
3.4780157e+01	3.0383445e-02
3.4801966e+01	1.1410447e-02
3.4823775e+01	6.8826799e-02
3.4845584e+01	6.4361791e-02
3.4867393e+01	1.6619320e-02
3.4889202e+01	4.2588178e-02
3.4911011e+01	-6.8438387e-02
3.4932820e+01	-5.2835983e-02
3.4954628e+01	1.0142072e-01
3.4976437e+01	-7.0933194e-02
3.4998246e+01	-5.2561751e-04
3.5020055e+01	8.1836668e-03
3.5041864e+01	-7.1487627e-02
3.5063673e+01	4.8289593e-03
3.5085482e+01	-2.6332518e-02
3.5107291e+01	1.0796231e-01
3.5129100e+01	-2.5641959e-02
3.5150909e+01	2.8615388e-02
3.5172718e+01	-2.8868727e-02
3.5194527e+01	-9.9546542e-02
3.5216336e+01	-5.0433550e-02
3.5238145e+01	8.5547803e-02
3.5259954e+01	2.0412730e-02
3.5281763e+01	-4.2062411e-03
3.5303571e+01	1.2653799e-01
3.5325380e+01	3.2153555e-02
3.5347189e+01	-1.6239284e-02
3.5368998e+01	4.7506148e-03
3.5390807e+01	-2.2812763e-02
3.5412616e+01	-9.1642511e-02
3.5434425e+01	-1.7777822e-02
3.5456234e+01	5.9765400e-04
3.5478043e+01	-6.2809624e-02
3.5499852e+01	-6.4688088e-02
3.5521661e+01	7.8644108e-02
3.5543470e+01	5.1629715e-02
3.5565279e+01	-7.5965429e-03
3.5587088e+01	7.2718409e-02
3.5608897e+01	-4.6265428e-02
3.5630706e+01	-1.5923355e-02
3.5652514e+01	2.8016029e-02
3.5674323e+01	1.1038444e-01
3.5696132e+01	2.9559259e-02
3.5717941e+01	5.1270034e-02
3.5739750e+01	2.3282929e-02
3.5761559e+01	-1.0805382e-01
3.5783368e+01	-1.2347057e-01
3.5805177e+01	8.5819719e-03
3.5826986e+01	-2.4548300e-02
3.5848795e+01	7.5821997e-02
3.5870604e+01	9.6955995e-02
3.5892413e+01	3.7283456e-02
3.5914222e+01	4.8576267e-02
3.5936031e+01	-5.1273044e-02
3.5957840e+01	-1.0029296e-01
3.5979649e+01	-1.4277633e-01
3.6001458e+01	4.9012394e-01
3.6023266e+01	6.1338009e-01
3.6045075e+01	8.2076358e-01
3.6066884e+01	9.2692485e-01
3.6088693e+01	1.0306883e+00
3.6110502e+01	9.4583948e-01
3.6132311e+01	8.4952071e-01
3.6154120e+01	7.1750148e-01
3.6175929e+01	6.2072122e-01
3.6197738e+01	6.7581038e-01
3.6219547e+01	5.5355337e-01
3.6241356e+01	4.3828562e-01
3.6263165e+01	7.0458452e-02
3.6284974e+01	2.6524114e-02
3.6306783e+01	-1.0278729e-02
3.6328592e+01	5.2994594e-02
3.6350401e+01	-5.9890974e-02
3.6372209e+01	-1.0595965e-01
3.6394018e+01	-4.0374671e-02
3.6415827e+01	1.0516555e-01
3.6437636e+01	5.1469921e-02
3.6459445e+01	1.6023435e-02
3.6481254e+01	9.9506802e-03
3.6503063e+01	8.0986491e-02
3.6524872e+01	4.5293697e-02
3.6546681e+01	-3.2660866e-02
3.6568490e+01	-3.6418954e-02
3.6590299e+01	-1.8148917e-01
3.6612108e+01	-6.0206767e-03
3.6633917e+01	4.2474976e-02
3.6655726e+01	4.1503688e-02
3.6677535e+01	4.3070219e-02
3.6699344e+01	4.2070809e-01
3.6721152e+01	8.6223914e-01
3.6742961e+01	1.2164043e+00
3.6764770e+01	1.4900364e+00
3.6786579e+01	1.7578135e+00
3.6808388e+01	2.2650245e+00
3.6830197e+01	2.6996322e+00
3.6852006e+01	2.9618106e+00
3.6873815e+01	2.9863807e+00
3.6895624e+01	3.0086083e+00
3.6917433e+01	3.0343373e+00
3.6939242e+01	2.9111477e+00
3.6961051e+01	2.6566224e+00
3.6982860e+01	2.0498603e+00
3.7004669e+01	1.6554194e+00
3.7026478e+01	1.2814255e+00
3.7048287e+01	1.2310716e+00
3.7070095e+01	1.1194505e+00
3.7091904e+01	3.1204332e-01
3.7113713e+01	-8.2739163e-02
3.7135522e+01	6.5441277e-02
3.7157331e+01	6.0754539e-02
3.7179140e+01	1.1117089e-01
3.7200949e+01	1.3133828e-01
3.7222758e+01	-1.2773563e-01
3.7244567e+01	-1.1114381e-01
3.7266376e+01	3.3547529e-02
3.7288185e+01	-6.7399138e-02
3.7309994e+01	-1.5107551e-01
3.7331803e+01	-1.4371600e-01
3.7353612e+01	4.7496799e-02
3.7375421e+01	1.7505176e-01
3.7397230e+01	3.1613196e-01
3.7419038e+01	1.4279293e-01
3.7440847e+01	-6.1791929e-03
3.7462656e+01	7.4409403e-01
3.7484465e+01	1.1161268e+00
3.7506274e+01	8.3267022e-01
3.7528083e+01	4.9595055e-01
3.7549892e+01	9.0513934e-02
3.7571701e+01	7.0582894e-02
3.7593510e+01	2.6681331e-01
3.7615319e+01	3.6483984e-02
3.7637128e+01	-1.4930085e-03
3.7658937e+01	-1.7057962e-01
3.7680746e+01	-1.2581310e-01
3.7702555e+01	-4.0521756e-02
3.7724364e+01	-1.2355419e-01
3.7746173e+01	1.9306180e-02
3.7767981e+01	-1.0980665e-02
3.7789790e+01	1.6347953e-01
3.7811599e+01	-2.0084352e-02
3.7833408e+01	4.9430070e-03
3.7855217e+01	5.4980882e-02
3.7877026e+01	1.7596007e-01
3.7898835e+01	6.5176600e-02
3.7920644e+01	2.5428194e-01
3.7942453e+01	5.6928081e-02
3.7964262e+01	-4.0863264e-02
3.7986071e+01	2.4914866e-01
3.8007880e+01	2.9262119e-01
3.8029689e+01	-5.6793882e-02
3.8051498e+01	-1.8197735e-01
3.8073307e+01	-7.7798287e-02
3.8095116e+01	9.3884123e-02
3.8116925e+01	2.7266691e-02
3.8138733e+01	3.2661465e-01
3.8160542e+01	5.0210768e-01
3.8182351e+01	7.7470958e-01
3.8204160e+01	1.2376236e+00
3.8225969e+01	1.5516270e+00
3.8247778e+01	2.0585891e+00
3.8269587e+01	2.6778280e+00
3.8291396e+01	3.1301132e+00
3.8313205e+01	3.6057227e+00
3.8335014e+01	3.8666359e+00
3.8356823e+01	4.0717690e+00
3.8378632e+01	4.1048853e+00
3.8400441e+01	3.9314221e+00
3.8422250e+01	3.5341096e+00
3.8444059e+01	3.2403150e+00
3.8465868e+01	2.8119686e+00
3.8487676e+01	1.8145748e+00
3.8509485e+01	1.3360656e+00
3.8531294e+01	1.1286684e+00
3.8553103e+01	7.2494652e-01
3.8574912e+01	4.1433010e-01
3.8596721e+01	4.1038448e-02
3.8618530e+01	-7.4257618e-02
3.8640339e+01	-3.7542205e-02
3.8662148e+01	9.9060529e-02
3.8683957e+01	1.0254930e-01
3.8705766e+01	-1.4518519e-01
3.8727575e+01	-7.3031892e-02
3.8749384e+01	8.6381727e-02
3.8771193e+01	9.1482273e-02
3.8793002e+01	-6.3190377e-02
3.8814811e+01	1.2011889e-02
3.8836619e+01	8.2561545e-03
3.8858428e+01	-5.6946008e-02
3.8880237e+01	-4.2899690e-02
3.8902046e+01	1.3432480e-01
3.8923855e+01	-7.8672366e-02
3.8945664e+01	1.3146475e-01
3.8967473e+01	5.2331207e-02
3.8989282e+01	-4.9178260e-02
3.9011091e+01	-3.9442468e-02
3.9032900e+01	-4.5327420e-02
3.9054709e+01	2.3783411e-01
3.9076518e+01	-1.2917021e-01
3.9098327e+01	2.4772148e-01
3.9120136e+01	3.0893661e-01
3.9141945e+01	3.3975318e-02
3.9163754e+01	6.4523568e-02
3.9185562e+01	5.2357007e-02
3.9207371e+01	-6.0178144e-02
3.9229180e+01	-1.0062406e-01
3.9250989e+01	-1.2049336e-01
3.9272798e+01	-3.0534705e-02
3.9294607e+01	1.2888658e-01
3.9316416e+01	-2.5115407e-03
3.9338225e+01	1.1604107e-02
3.9360034e+01	6.7136297e-02
3.9381843e+01	-6.7415068e-04
3.9403652e+01	1.9683993e-01
3.9425461e+01	6.4522156e-02
3.9447270e+01	1.4391345e-01
3.9469079e+01	4.7026562e-02
3.9490888e+01	-2.7971666e-01
3.9512697e+01	-1.6903870e-01
3.9534505e+01	-5.4273170e-02
3.9556314e+01	-3.7543069e-02
3.9578123e+01	6.2392270e-02
3.9599932e+01	1.3361344e-01
3.9621741e+01	2.2781115e-01
3.9643550e+01	5.7808000e-01
3.9665359e+01	8.9613809e-01
3.9687168e+01	1.1514344e+00
3.9708977e+01	1.4882451e+00
3.9730786e+01	1.5550790e+00
3.9752595e+01	1.9312533e+00
3.9774404e+01	2.7088281e+00
3.9796213e+01	2.6108822e+00
3.9818022e+01	2.4106318e+00
3.9839831e+01	2.5392028e+00
3.9861640e+01	2.4762264e+00
3.9883449e+01	2.1161895e+00
3.9905257e+01	1.7973622e+00
3.9927066e+01	1.2840326e+00
3.9948875e+01	1.1298745e+00
3.9970684e+01	9.0215217e-01
3.9992493e+01	5.1471952e-01
4.0014302e+01	1.2586961e-01
4.0036111e+01	-8.9728999e-03
4.0057920e+01	-7.1585979e-02
4.0079729e+01	1.9574165e-02
4.0101538e+01	-1.5252793e-02
4.0123347e+01	-1.5409179e-01
4.0145156e+01	-3.0540783e-02
4.0166965e+01	1.3897361e-01
4.0188774e+01	4.5559266e-02
4.0210583e+01	3.9535685e-02
4.0232392e+01	5.5599074e-02
4.0254200e+01	2.5501119e-02
4.0276009e+01	-2.4573716e-01
4.0297818e+01	-5.4110832e-02
4.0319627e+01	5.5410282e-02
4.0341436e+01	8.0065615e-02
4.0363245e+01	-1.0009896e-01
4.0385054e+01	2.8899592e-02
4.0406863e+01	9.1456760e-02
4.0428672e+01	1.0201748e-01
4.0450481e+01	3.5655633e-02
4.0472290e+01	-1.0800209e-01
4.0494099e+01	-2.2135739e-02
4.0515908e+01	-7.7776414e-02
4.0537717e+01	-3.4318868e-03
4.0559526e+01	-4.1862665e-02
4.0581335e+01	4.9122992e-02
4.0603143e+01	1.2671574e-01
4.0624952e+01	1.1603134e-01
4.0646761e+01	7.2692411e-02
4.0668570e+01	-1.1025397e-01
4.0690379e+01	-1.4491922e-01
4.0712188e+01	-2.9704786e-02
4.0733997e+01	-1.1300649e-01
4.0755806e+01	1.1440743e-01
4.0777615e+01	1.5690752e-01
4.0799424e+01	2.9911196e-02
4.0821233e+01	-1.0161923e-01
4.0843042e+01	-6.8326483e-02
4.0864851e+01	-5.3366137e-02
4.0886660e+01	6.9395439e-02
4.0908469e+01	5.2619310e-02
4.0930278e+01	1.7570603e-01
4.0952086e+01	6.1281244e-02
4.0973895e+01	-1.8063211e-01
4.0995704e+01	1.9621592e-02
4.1017513e+01	2.0340300e-01
4.1039322e+01	-5.5013431e-02
4.1061131e+01	1.0493147e-02
4.1082940e+01	-1.6364809e-01
4.1104749e+01	-2.6849977e-02
4.1126558e+01	1.3978052e-01
4.1148367e+01	9.9029930e-02
4.1170176e+01	1.3327251e-01
4.1191985e+01	-7.0383925e-02
4.1213794e+01	-1.7198406e-01
4.1235603e+01	-9.3755810e-02
4.1257412e+01	9.8807718e-02
4.1279221e+01	2.6521439e-01
4.1301029e+01	3.6371575e-01
4.1322838e+01	2.2883414e-01
4.1344647e+01	-9.5690401e-03
4.1366456e+01	1.2992186e-01
4.1388265e+01	-5.7611855e-02
4.1410074e+01	2.3134335e-02
4.1431883e+01	2.4516094e-01
4.1453692e+01	4.2765779e-02
4.1475501e+01	-2.4026263e-02
4.1497310e+01	-1.7452004e-01
4.1519119e+01	-1.1231204e-01
4.1540928e+01	-3.8044459e-02
4.1562737e+01	7.0665116e-02
4.1584546e+01	3.7795728e-02
4.1606355e+01	5.1865845e-02
4.1628164e+01	-1.5218306e-02
4.1649972e+01	4.2520168e-02
4.1671781e+01	-4.5961015e-02
4.1693590e+01	-1.8592762e-02
4.1715399e+01	-1.9404289e-03
4.1737208e+01	3.9871089e-01
4.1759017e+01	5.2696671e-01
4.1780826e+01	3.8847477e-01
4.1802635e+01	2.6828959e-01
4.1824444e+01	4.2790770e-02
4.1846253e+01	-4.8150300e-02
4.1868062e+01	1.4252623e-01
4.1889871e+01	1.2100673e-01
4.1911680e+01	2.4150117e-01
4.1933489e+01	-2.6711302e-02
4.1955298e+01	-1.2213676e-01
4.1977107e+01	-5.3134530e-03
4.1998916e+01	3.3485140e-03
4.2020724e+01	-1.6751008e-01
4.2042533e+01	-1.2537688e-01
4.2064342e+01	1.2401410e-01
4.2086151e+01	2.9347992e-02
4.2107960e+01	4.8064415e-02
4.2129769e+01	6.1168760e-01
4.2151578e+01	2.6870548e-01
4.2173387e+01	5.7965976e-02
4.2195196e+01	-2.2583905e-02
4.2217005e+01	1.7846550e-01
4.2238814e+01	1.2604811e-01
4.2260623e+01	7.9063267e-02
4.2282432e+01	-3.3056594e-01
4.2304241e+01	-1.9635594e-01
4.2326050e+01	5.3092746e-02
4.2347859e+01	2.0958974e-01
4.2369667e+01	4.4772799e-01
4.2391476e+01	7.0594734e-01
4.2413285e+01	1.0920605e+00
4.2435094e+01	1.1744093e+00
4.2456903e+01	1.5417505e+00
4.2478712e+01	1.8228188e+00
4.2500521e+01	2.0601049e+00
4.2522330e+01	2.4462457e+00
4.2544139e+01	2.5493168e+00
4.2565948e+01	2.8073790e+00
4.2587757e+01	2.5212721e+00
4.2609566e+01	2.3712858e+00
4.2631375e+01	2.2123939e+00
4.2653184e+01	2.0761541e+00
4.2674993e+01	1.5023121e+00
4.2696802e+01	1.1988848e+00
4.2718610e+01	8.8189392e-01
4.2740419e+01	4.3467513e-01
4.2762228e+01	1.3024923e-01
4.2784037e+01	6.3671441e-02
4.2805846e+01	8.5847788e-02
4.2827655e+01	-1.2083838e-02
4.2849464e+01	-7.7664635e-03
4.2871273e+01	2.4783728e-01
4.2893082e+01	4.2703236e-01
4.2914891e+01	-2.1845952e-02
4.2936700e+01	-2.2987903e-01
4.2958509e+01	-1.3462859e-01
4.2980318e+01	3.0592288e-02
4.3002127e+01	7.7670718e-03
4.3023936e+01	1.6697469e-01
4.3045745e+01	1.0540467e-01
4.3067553e+01	-8.5341831e-03
4.3089362e+01	1.3678225e-02
4.3111171e+01	-1.9036285e-01
4.3132980e+01	5.5139649e-03
4.3154789e+01	1.0564247e-01
4.3176598e+01	9.4889981e-02
4.3198407e+01	1.1084259e-01
4.3220216e+01	-1.8544136e-01
4.3242025e+01	-2.4232996e-01
4.3263834e+01	2.6630908e-01
4.3285643e+01	2.1700472e-01
4.3307452e+01	8.1673404e-02
4.3329261e+01	-8.3702118e-02
4.3351070e+01	1.3327373e-01
4.3372879e+01	2.8575134e-01
4.3394688e+01	4.2676791e-01
4.3416496e+01	1.0375871e+00
4.3438305e+01	8.5176081e-01
4.3460114e+01	4.9914589e-01
4.3481923e+01	3.2409121e-01
4.3503732e+01	4.6555103e-01
4.3525541e+01	1.0352735e-01
4.3547350e+01	-7.6862579e-02
4.3569159e+01	3.0739877e-01
4.3590968e+01	-1.3119329e-01
4.3612777e+01	1.2005290e-01
4.3634586e+01	6.4595103e-01
4.3656395e+01	1.0866037e+00
4.3678204e+01	1.7469586e+00
4.3700013e+01	2.1461003e+00
4.3721822e+01	2.5386154e+00
4.3743631e+01	3.3112185e+00
4.3765439e+01	4.1585033e+00
4.3787248e+01	4.8983135e+00
4.3809057e+01	6.4024865e+00
4.3830866e+01	6.5796131e+00
4.3852675e+01	7.3406198e+00
4.3874484e+01	7.4523443e+00
4.3896293e+01	7.8866743e+00
4.3918102e+01	7.1304302e+00
4.3939911e+01	6.4330628e+00
4.3961720e+01	5.3470627e+00
4.3983529e+01	3.9424845e+00
4.4005338e+01	2.6275618e+00
4.4027147e+01	1.9967123e+00
4.4048956e+01	1.3666945e+00
4.4070765e+01	9.8188908e-01
4.4092574e+01	6.1464769e-01
4.4114383e+01	4.7435092e-01
4.4136191e+01	3.8436401e-02
4.4158000e+01	3.4605344e-01
4.4179809e+01	5.0240302e-01
4.4201618e+01	4.6030976e-01
4.4223427e+01	2.4086745e-02
4.4245236e+01	8.8717060e-02
4.4267045e+01	-3.2086144e-01
4.4288854e+01	6.8277699e-02
4.4310663e+01	1.4797431e-01
4.4332472e+01	-1.0584878e-01
4.4354281e+01	-3.0255910e-02
4.4376090e+01	3.3516068e-01
4.4397899e+01	8.2787684e-03
4.4419708e+01	8.1774434e-02
4.4441517e+01	8.1770340e-02
4.4463326e+01	-4.8011450e-03
4.4485134e+01	-1.9239685e-01
4.4506943e+01	1.6752224e-01
4.4528752e+01	4.9182034e-01
4.4550561e+01	5.5686452e-01
4.4572370e+01	8.2149094e-02
4.4594179e+01	3.1752928e-01
4.4615988e+01	1.0131748e-01
4.4637797e+01	-1.6033457e-01
4.4659606e+01	4.9173347e-01
4.4681415e+01	6.2766937e-01
4.4703224e+01	5.5293817e-01
4.4725033e+01	7.0728888e-01
4.4746842e+01	3.8211141e-01
4.4768651e+01	1.1902469e-01
4.4790460e+01	2.1389687e-02
4.4812269e+01	-5.6274790e-02
4.4834077e+01	-1.2478377e-01
4.4855886e+01	-1.1103288e-01
4.4877695e+01	4.7896635e-02
4.4899504e+01	1.7951648e-01
4.4921313e+01	-6.2288479e-02
4.4943122e+01	-2.8959898e-02
4.4964931e+01	8.8761454e-02
4.4986740e+01	5.3268160e-01