Image file: \\Gfs05\g45\SAXS\2020_12\HDF5\2020-12.10_Kevin_day2_SN\2020-12-10_Max_Cu123_SN_000017_data_000097.h5
ImageIntegration1d_chi_output; Output_Directory= \\Gfs05\g45\SAXS\2020_12\Processed\2020-12-09_Kevin_day1_SN\Chi-Sample-7
Profile = Radial, StartAzimuth = 0.0, EndAzimuth = 360.0, Sam_Det_distance = 250.818474293, InnerRadius = 15.0, OuterRadius = 2400.0, Lambda = 30, Ratio = 0.001, Itermax = 100
2400
2.0013229e+00	-7.4223531e-02
2.0231319e+00	-4.1155960e-02
2.0449408e+00	8.8337630e-02
2.0667497e+00	6.4254395e-02
2.0885587e+00	-3.8979008e-02
2.1103676e+00	5.8681341e-02
2.1321765e+00	1.2676642e-01
2.1539855e+00	-1.9001115e-02
2.1757944e+00	-8.6008565e-02
2.1976034e+00	-1.8823778e-01
2.2194123e+00	1.3973430e-01
2.2412212e+00	2.4217712e-01
2.2630302e+00	1.1024505e-01
2.2848391e+00	-9.1917714e-02
2.3066480e+00	-6.1222326e-02
2.3284570e+00	-6.7782634e-02
2.3502659e+00	6.1022775e-02
2.3720749e+00	4.8689192e-02
2.3938838e+00	-1.4063689e-01
2.4156927e+00	9.4974742e-02
2.4375017e+00	8.1404746e-04
2.4593106e+00	4.0378418e-02
2.4811196e+00	7.1449655e-02
2.5029285e+00	1.4772817e-01
2.5247374e+00	4.7147104e-02
2.5465464e+00	-1.2570011e-01
2.5683553e+00	-2.3143340e-01
2.5901642e+00	-7.1839457e-02
2.6119732e+00	7.4373350e-02
2.6337821e+00	1.0461420e-01
2.6555911e+00	1.4506973e-01
2.6774000e+00	2.0352634e-01
2.6992089e+00	-7.0328351e-02
2.7210179e+00	-1.1467665e-01
2.7428268e+00	1.4973871e-01
2.7646358e+00	-6.2106490e-02
2.7864447e+00	-7.9969213e-02
2.8082536e+00	-9.3029799e-02
2.8300626e+00	5.7495389e-02
2.8518715e+00	1.4349319e-01
2.8736804e+00	9.3719066e-02
2.8954894e+00	1.7031903e-02
2.9172983e+00	-1.9825841e-01
2.9391073e+00	-5.9934384e-03
2.9609162e+00	1.8247359e-04
2.9827251e+00	7.0704086e-02
3.0045341e+00	6.6799889e-02
3.0263430e+00	7.5122045e-02
3.0481519e+00	-4.3897405e-02
3.0699609e+00	1.6595761e-02
3.0917698e+00	-1.8797503e-02
3.1135788e+00	-5.9417814e-02
3.1353877e+00	1.2922264e-02
3.1571966e+00	-5.1285640e-02
3.1790056e+00	3.4397470e-02
3.2008145e+00	1.2685646e-02
3.2226235e+00	-5.3746377e-02
3.2444324e+00	-1.7867264e-01
3.2662413e+00	-7.1570910e-03
3.2880503e+00	1.0146707e-01
3.3098592e+00	1.4850891e-01
3.3316681e+00	1.2412203e-01
3.3534771e+00	-4.1335370e-02
3.3752860e+00	2.0514541e-01
3.3970950e+00	2.1105738e-01
3.4189039e+00	3.2709832e-02
3.4407128e+00	-9.3954932e-02
3.4625218e+00	-2.4143132e-01
3.4843307e+00	-8.1512099e-02
3.5061396e+00	1.5196468e-01
3.5279486e+00	2.1284677e-01
3.5497575e+00	-4.9446613e-02
3.5715665e+00	4.3775349e-02
3.5933754e+00	-3.4727753e-03
3.6151843e+00	1.7450476e-02
3.6369933e+00	7.0014157e-02
3.6588022e+00	-4.2143605e-02
3.6806112e+00	2.6767496e-02
3.7024201e+00	-3.6487969e-02
3.7242290e+00	6.3214050e-02
3.7460380e+00	-7.4276819e-03
3.7678469e+00	-3.2721154e-02
3.7896558e+00	5.0487924e-02
3.8114648e+00	2.6679981e-02
3.8332737e+00	8.8304632e-02
3.8550827e+00	2.4760487e-01
3.8768916e+00	-1.6833799e-01
3.8987005e+00	-2.5329369e-01
3.9205095e+00	2.4959253e-02
3.9423184e+00	1.3434847e-01
3.9641273e+00	-1.0354124e-02
3.9859363e+00	2.1499480e-02
4.0077452e+00	7.1754050e-02
4.0295542e+00	-1.2311808e-02
4.0513631e+00	8.5835735e-03
4.0731720e+00	3.3102820e-02
4.0949810e+00	-2.8456929e-02
4.1167899e+00	8.9152797e-02
4.1385989e+00	1.0616646e-01
4.1604078e+00	-1.9806745e-01
4.1822167e+00	-2.6694618e-02
4.2040257e+00	3.9725507e-02
4.2258346e+00	7.3224726e-02
4.2476435e+00	1.3670368e-02
4.2694525e+00	-4.4467695e-02
4.2912614e+00	-6.6147063e-02
4.3130704e+00	1.0096241e-01
4.3348793e+00	-9.6195883e-03
4.3566882e+00	-1.2510828e-01
4.3784972e+00	-4.7190635e-02
4.4003061e+00	-1.2104405e-02
4.4221151e+00	-1.1363826e-02
4.4439240e+00	2.1996918e-02
4.4657329e+00	1.3038902e-01
4.4875419e+00	3.4794042e-02
4.5093508e+00	8.3586199e-02
4.5311597e+00	2.8346633e-01
4.5529687e+00	6.9691751e-02
4.5747776e+00	-5.5459679e-02
4.5965866e+00	-1.4773684e-01
4.6183955e+00	-8.4155408e-02
4.6402044e+00	7.0491482e-02
4.6620134e+00	-2.7812377e-02
4.6838223e+00	-6.1688989e-03
4.7056312e+00	1.6483514e-02
4.7274402e+00	2.0823817e-02
4.7492491e+00	-7.9404884e-02
4.7710581e+00	1.1342675e-01
4.7928670e+00	9.3739619e-02
4.8146759e+00	4.5542668e-02
4.8364849e+00	1.4422521e-02
4.8582938e+00	-1.1815805e-01
4.8801028e+00	-1.4219873e-01
4.9019117e+00	5.2306311e-02
4.9237206e+00	7.8784800e-02
4.9455296e+00	2.6738704e-02
4.9673385e+00	-2.3014281e-02
4.9891474e+00	1.4229745e-03
5.0109564e+00	-9.9791816e-02
5.0327653e+00	-3.2578290e-02
5.0545743e+00	7.9186144e-02
5.0763832e+00	8.0162457e-02
5.0981921e+00	1.9216258e-02
5.1200011e+00	-3.3922548e-02
5.1418100e+00	-5.4593539e-02
5.1636189e+00	9.3550894e-02
5.1854279e+00	1.8737871e-01
5.2072368e+00	-7.8622109e-02
5.2290458e+00	-9.1985301e-02
5.2508547e+00	-3.3418153e-02
5.2726636e+00	-4.0247967e-02
5.2944726e+00	5.8533326e-02
5.3162815e+00	-5.8069138e-02
5.3380905e+00	9.9344392e-02
5.3598994e+00	2.4766690e-01
5.3817083e+00	6.2779207e-02
5.4035173e+00	4.6413283e-03
5.4253262e+00	-1.3738653e-02
5.4471351e+00	-1.4696006e-01
5.4689441e+00	-8.7404731e-02
5.4907530e+00	8.7066128e-02
5.5125620e+00	1.1381358e-01
5.5343709e+00	-2.7815452e-02
5.5561798e+00	5.8310032e-02
5.5779888e+00	1.5083632e-02
5.5997977e+00	-1.2478290e-02
5.6216066e+00	-4.8367634e-03
5.6434156e+00	-8.1339315e-02
5.6652245e+00	-5.3780467e-02
5.6870335e+00	9.4103313e-02
5.7088424e+00	1.9024780e-01
5.7306513e+00	-4.1230384e-02
5.7524603e+00	-1.2277835e-01
5.7742692e+00	4.6661605e-02
5.7960782e+00	9.1426892e-03
5.8178871e+00	-3.9020218e-02
5.8396960e+00	1.7874690e-02
5.8615050e+00	-5.7490648e-02
5.8833139e+00	-9.6229019e-04
5.9051228e+00	1.9636644e-02
5.9269318e+00	5.2508062e-02
5.9487407e+00	2.2024645e-01
5.9705497e+00	1.6262805e-01
5.9923586e+00	9.1523371e-02
6.0141675e+00	-9.7633116e-02
6.0359765e+00	-8.6813562e-02
6.0577854e+00	4.9071149e-02
6.0795944e+00	4.3526694e-02
6.1014033e+00	-5.9869037e-02
6.1232122e+00	-8.3205143e-02
6.1450212e+00	-1.1054848e-01
6.1668301e+00	-2.5471662e-02
6.1886390e+00	2.8154757e-04
6.2104480e+00	4.1571856e-02
6.2322569e+00	2.3001461e-01
6.2540659e+00	3.2539616e-01
6.2758748e+00	1.8644033e-01
6.2976837e+00	1.2369640e-01
6.3194927e+00	-5.7087531e-02
6.3413016e+00	9.4626787e-02
6.3631105e+00	-1.0027288e-01
6.3849195e+00	-1.4868011e-01
6.4067284e+00	-4.7141947e-03
6.4285374e+00	9.3837523e-02
6.4503463e+00	-3.8383759e-03
6.4721552e+00	4.2885682e-02
6.4939642e+00	9.3541031e-02
6.5157731e+00	-1.6452702e-01
6.5375821e+00	-4.9921043e-02
6.5593910e+00	9.6245569e-02
6.5811999e+00	3.5468004e-02
6.6030089e+00	9.8328032e-02
6.6248178e+00	-9.2841462e-03
6.6466267e+00	-1.2118606e-01
6.6684357e+00	-5.3326120e-02
6.6902446e+00	2.9719685e-02
6.7120536e+00	4.4591470e-02
6.7338625e+00	-1.0035572e-01
6.7556714e+00	-4.6223606e-02
6.7774804e+00	9.3621093e-02
6.7992893e+00	2.2896696e-01
6.8210982e+00	1.5958082e-01
6.8429072e+00	-5.7744558e-02
6.8647161e+00	-9.1394839e-02
6.8865251e+00	8.9937006e-03
6.9083340e+00	-2.4354922e-02
6.9301429e+00	-3.6648026e-03
6.9519519e+00	1.7601322e-01
6.9737608e+00	1.2140931e-01
6.9955698e+00	-2.1752816e-02
7.0173787e+00	-3.6963018e-02
7.0391876e+00	6.6887388e-02
7.0609966e+00	-4.0646368e-02
7.0828055e+00	-2.6055090e-01
7.1046144e+00	5.1407524e-02
7.1264234e+00	3.6120566e-01
7.1482323e+00	2.8676764e-01
7.1700413e+00	2.7486137e-02
7.1918502e+00	5.0751735e-02
7.2136591e+00	4.2914720e-02
7.2354681e+00	-3.0564992e-02
7.2572770e+00	4.3573537e-02
7.2790859e+00	-5.2544897e-03
7.3008949e+00	-1.6662392e-02
7.3227038e+00	-2.9845791e-03
7.3445128e+00	8.6087446e-02
7.3663217e+00	-4.5442480e-02
7.3881306e+00	-1.2615127e-01
7.4099396e+00	3.0064403e-02
7.4317485e+00	1.7544584e-01
7.4535575e+00	-5.9890121e-02
7.4753664e+00	-1.8304220e-01
7.4971753e+00	8.6118787e-02
7.5189843e+00	3.1605444e-02
7.5407932e+00	4.7603733e-02
7.5626021e+00	1.0401133e-01
7.5844111e+00	6.1887863e-02
7.6062200e+00	-1.3595508e-01
7.6280290e+00	1.0107536e-02
7.6498379e+00	1.7467651e-01
7.6716468e+00	-1.5119949e-01
7.6934558e+00	4.8574216e-02
7.7152647e+00	7.8548252e-02
7.7370737e+00	-2.3891388e-02
7.7588826e+00	-1.3619379e-01
7.7806915e+00	8.1993773e-02
7.8025005e+00	-5.0123252e-04
7.8243094e+00	-2.7544760e-02
7.8461183e+00	6.5705921e-02
7.8679273e+00	7.7053125e-02
7.8897362e+00	-1.6654645e-01
7.9115452e+00	-1.2952982e-01
7.9333541e+00	1.9291849e-01
7.9551630e+00	3.0605563e-02
7.9769720e+00	9.8023720e-02
7.9987809e+00	2.0537979e-02
8.0205898e+00	-1.8392134e-02
8.0423988e+00	1.1692361e-01
8.0642077e+00	-2.1330016e-02
8.0860167e+00	-2.5992510e-02
8.1078256e+00	-1.6596092e-01
8.1296345e+00	7.5148548e-02
8.1514435e+00	1.0759670e-01
8.1732524e+00	-2.0185627e-01
8.1950614e+00	7.8636077e-02
8.2168703e+00	3.3834575e-01
8.2386792e+00	9.7788974e-02
8.2604882e+00	-8.9233825e-02
8.2822971e+00	-8.2899708e-02
8.3041060e+00	9.9786515e-02
8.3259150e+00	4.4921111e-02
8.3477239e+00	-1.0726366e-02
8.3695329e+00	-6.0629920e-02
8.3913418e+00	5.5729586e-02
8.4131507e+00	2.8667990e-01
8.4349597e+00	-1.4077559e-02
8.4567686e+00	2.1657894e-02
8.4785775e+00	6.7431709e-02
8.5003865e+00	-6.7724066e-02
8.5221954e+00	-6.2459368e-02
8.5440044e+00	3.5382996e-02
8.5658133e+00	-1.9727818e-01
8.5876222e+00	9.1769116e-02
8.6094312e+00	-1.1971495e-03
8.6312401e+00	7.5217273e-02
8.6530491e+00	8.7001479e-02
8.6748580e+00	1.8059189e-01
8.6966669e+00	7.1538762e-02
8.7184759e+00	-1.2083388e-01
8.7402848e+00	-3.9362232e-03
8.7620937e+00	-3.7167706e-03
8.7839027e+00	-1.0476399e-01
8.8057116e+00	-4.1486427e-03
8.8275206e+00	-1.5426349e-01
8.8493295e+00	1.9552776e-02
8.8711384e+00	1.4537757e-01
8.8929474e+00	1.8792966e-01
8.9147563e+00	3.3603360e-01
8.9365652e+00	-2.2988060e-02
8.9583742e+00	4.1033952e-02
8.9801831e+00	2.7952064e-01
9.0019921e+00	3.0873964e-01
9.0238010e+00	-6.4262969e-02
9.0456099e+00	-2.1004287e-01
9.0674189e+00	8.0791984e-02
9.0892278e+00	3.8245076e-02
9.1110368e+00	1.9638950e-01
9.1328457e+00	1.1001650e-01
9.1546546e+00	1.8218721e-01
9.1764636e+00	-6.8959675e-03
9.1982725e+00	-1.9136845e-01
9.2200814e+00	-6.5515078e-02
9.2418904e+00	6.0305254e-02
9.2636993e+00	3.6384512e-01
9.2855083e+00	1.7360905e-01
9.3073172e+00	7.5100401e-03
9.3291261e+00	7.3715241e-02
9.3509351e+00	-1.6782799e-01
9.3727440e+00	-1.4144798e-02
9.3945530e+00	3.0240589e-01
9.4163619e+00	5.6518318e-01
9.4381708e+00	3.6891980e-01
9.4599798e+00	4.5286942e-01
9.4817887e+00	1.0219525e-01
9.5035976e+00	-2.0829960e-01
9.5254066e+00	-2.9714161e-02
9.5472155e+00	2.1617846e-02
9.5690245e+00	6.7410611e-02
9.5908334e+00	3.1618240e-02
9.6126423e+00	9.0295250e-03
9.6344513e+00	5.6736540e-02
9.6562602e+00	1.2385805e-01
9.6780691e+00	2.8568127e-02
9.6998781e+00	1.8571364e-01
9.7216870e+00	-2.7058562e-02
9.7434960e+00	-6.8734196e-02
9.7653049e+00	-1.9877660e-01
9.7871138e+00	-1.4741229e-01
9.8089228e+00	1.0700106e-01
9.8307317e+00	2.0210851e-01
9.8525407e+00	3.0852207e-01
9.8743496e+00	5.6599117e-01
9.8961585e+00	4.0328585e-01
9.9179675e+00	3.1982113e-02
9.9397764e+00	-5.4328719e-02
9.9615853e+00	2.8437696e-01
9.9833943e+00	2.0700289e-02
1.0005203e+01	7.7410389e-02
1.0027012e+01	1.8624725e-02
1.0048821e+01	-1.3775583e-01
1.0070630e+01	8.3348731e-02
1.0092439e+01	1.0483321e-01
1.0114248e+01	2.0453204e-01
1.0136057e+01	4.6674902e-01
1.0157866e+01	2.7693985e-01
1.0179675e+01	3.4455213e-03
1.0201484e+01	2.3950973e-01
1.0223293e+01	3.0291252e-01
1.0245102e+01	-5.8470902e-02
1.0266910e+01	-2.1284309e-01
1.0288719e+01	-2.5263957e-02
1.0310528e+01	-2.0680682e-02
1.0332337e+01	9.6901614e-01
1.0354146e+01	1.9215067e+00
1.0375955e+01	2.0047803e+00
1.0397764e+01	2.3535270e+00
1.0419573e+01	2.5287961e+00
1.0441382e+01	2.8473548e+00
1.0463191e+01	3.1572854e+00
1.0485000e+01	3.6591499e+00
1.0506809e+01	4.5135937e+00
1.0528618e+01	5.2166469e+00
1.0550427e+01	5.6870358e+00
1.0572236e+01	5.6224856e+00
1.0594045e+01	6.1672954e+00
1.0615853e+01	6.8338705e+00
1.0637662e+01	6.7449131e+00
1.0659471e+01	6.0155334e+00
1.0681280e+01	4.6754497e+00
1.0703089e+01	3.3465910e+00
1.0724898e+01	2.1545457e+00
1.0746707e+01	1.4490020e+00
1.0768516e+01	9.8027996e-01
1.0790325e+01	5.1021394e-01
1.0812134e+01	1.1042310e-01
1.0833943e+01	2.1882477e-02
1.0855752e+01	-1.5311635e-02
1.0877561e+01	7.1818197e-02
1.0899370e+01	-2.7826891e-03
1.0921179e+01	-7.3308822e-03
1.0942988e+01	-1.3363735e-01
1.0964796e+01	1.3942098e-01
1.0986605e+01	6.2855272e-01
1.1008414e+01	7.9603495e-01
1.1030223e+01	5.5637876e-01
1.1052032e+01	3.6758325e-01
1.1073841e+01	8.7319446e-01
1.1095650e+01	1.4671602e+00
1.1117459e+01	1.7621424e+00
1.1139268e+01	1.6327828e+00
1.1161077e+01	1.9543463e+00
1.1182886e+01	2.6567087e+00
1.1204695e+01	3.1207289e+00
1.1226504e+01	2.9518856e+00
1.1248313e+01	2.5363908e+00
1.1270122e+01	1.3188642e+00
1.1291931e+01	7.2815078e-01
1.1313740e+01	5.6714726e-01
1.1335548e+01	-8.7925482e-02
1.1357357e+01	6.2709368e-02
1.1379166e+01	1.1903925e-01
1.1400975e+01	-1.2264809e-01
1.1422784e+01	1.4363988e-01
1.1444593e+01	3.3610287e-01
1.1466402e+01	6.1334049e-02
1.1488211e+01	-2.3218665e-01
1.1510020e+01	-1.0772817e-01
1.1531829e+01	4.4168094e-02
1.1553638e+01	2.1820556e-01
1.1575447e+01	3.0317172e-01
1.1597256e+01	1.8504654e-01
1.1619065e+01	5.2925672e-02
1.1640874e+01	-2.7770795e-02
1.1662683e+01	-1.0959150e-01
1.1684491e+01	-4.7092975e-02
1.1706300e+01	3.7881951e-03
1.1728109e+01	2.2583368e-01
1.1749918e+01	1.1972312e-01
1.1771727e+01	-1.5342469e-01
1.1793536e+01	7.5628283e-02
1.1815345e+01	-1.0107978e-01
1.1837154e+01	1.0329910e-01
1.1858963e+01	1.9746507e-01
1.1880772e+01	2.9626017e-01
1.1902581e+01	6.8023590e-02
1.1924390e+01	3.6396533e-02
1.1946199e+01	-7.5329463e-04
1.1968008e+01	-2.1409029e-01
1.1989817e+01	3.5986423e-01
1.2011626e+01	4.6925328e-01
1.2033434e+01	3.0430346e-01
1.2055243e+01	4.0422474e-01
1.2077052e+01	8.6827099e-02
1.2098861e+01	-2.0973987e-02
1.2120670e+01	-1.3094827e-01
1.2142479e+01	-1.8379925e-02
1.2164288e+01	1.1851776e-01
1.2186097e+01	7.3428634e-02
1.2207906e+01	-2.2658512e-02
1.2229715e+01	-5.9359621e-02
1.2251524e+01	1.2147087e-02
1.2273333e+01	9.9854645e-02
1.2295142e+01	-2.9026803e-02
1.2316951e+01	1.0950843e-01
1.2338760e+01	-1.9398640e-04
1.2360569e+01	-1.1358961e-01
1.2382377e+01	1.4773047e-01
1.2404186e+01	-7.1094657e-02
1.2425995e+01	-1.4782876e-01
1.2447804e+01	-6.5884123e-02
1.2469613e+01	1.8107957e-01
1.2491422e+01	1.6735440e-01
1.2513231e+01	-1.0467525e-01
1.2535040e+01	8.7136715e-03
1.2556849e+01	-4.5651759e-02
1.2578658e+01	-5.0182761e-03
1.2600467e+01	5.2469610e-02
1.2622276e+01	3.9027436e-02
1.2644085e+01	4.5655700e-02
1.2665894e+01	2.2501336e-02
1.2687703e+01	6.4112736e-02
1.2709512e+01	8.8360947e-02
1.2731320e+01	-1.1478723e-01
1.2753129e+01	-1.6417035e-01
1.2774938e+01	-9.2833824e-02
1.2796747e+01	1.7125325e-01
1.2818556e+01	6.3865035e-02
1.2840365e+01	-8.8301723e-02
1.2862174e+01	3.8098350e-02
1.2883983e+01	-5.4661982e-03
1.2905792e+01	2.1689137e-02
1.2927601e+01	-6.0477183e-02
1.2949410e+01	1.4391987e-01
1.2971219e+01	5.4252683e-01
1.2993028e+01	5.5275304e-01
1.3014837e+01	5.7393979e-01
1.3036646e+01	6.7570333e-01
1.3058455e+01	7.4614188e-01
1.3080264e+01	1.0188707e+00
1.3102072e+01	7.0251593e-01
1.3123881e+01	3.1071884e-02
1.3145690e+01	1.3993776e-01
1.3167499e+01	3.4390309e-01
1.3189308e+01	3.8345798e-01
1.3211117e+01	3.9728545e-01
1.3232926e+01	4.3750663e-01
1.3254735e+01	1.3120270e-01
1.3276544e+01	-8.6151985e-02
1.3298353e+01	-9.8896434e-02
1.3320162e+01	-1.3023413e-01
1.3341971e+01	-1.3068820e-01
1.3363780e+01	4.8836234e-01
1.3385589e+01	6.0173762e-01
1.3407398e+01	8.2090345e-01
1.3429207e+01	8.5932264e-01
1.3451015e+01	7.3272199e-01
1.3472824e+01	8.7203329e-01
1.3494633e+01	5.7576434e-01
1.3516442e+01	5.1772395e-01
1.3538251e+01	2.7200889e-01
1.3560060e+01	8.0576820e-02
1.3581869e+01	8.2538719e-02
1.3603678e+01	2.8685452e-01
1.3625487e+01	3.4971639e-02
1.3647296e+01	2.3822023e-03
1.3669105e+01	1.0882611e-01
1.3690914e+01	-3.4045989e-02
1.3712723e+01	2.1883658e-02
1.3734532e+01	3.2279119e-02
1.3756341e+01	-1.8231142e-01
1.3778150e+01	-2.0949294e-02
1.3799958e+01	1.6742820e-01
1.3821767e+01	6.1399534e-02
1.3843576e+01	-1.7974719e-01
1.3865385e+01	4.1939155e-02
1.3887194e+01	-8.4421757e-02
1.3909003e+01	-7.0240272e-02
1.3930812e+01	7.1300084e-02
1.3952621e+01	1.6350880e-01
1.3974430e+01	1.7604263e-01
1.3996239e+01	-3.7827628e-02
1.4018048e+01	-1.1240230e-02
1.4039857e+01	-1.2297706e-01
1.4061666e+01	-5.0707738e-02
1.4083475e+01	2.3501254e-02
1.4105284e+01	1.4342223e-01
1.4127093e+01	8.1629060e-02
1.4148901e+01	-8.5199449e-02
1.4170710e+01	-5.3670081e-03
1.4192519e+01	3.3597941e-01
1.4214328e+01	3.4786351e-01
1.4236137e+01	-9.4893516e-02
1.4257946e+01	-3.9497948e-02
1.4279755e+01	3.8021869e-02
1.4301564e+01	1.2150865e-01
1.4323373e+01	2.8972570e-02
1.4345182e+01	1.6204995e-02
1.4366991e+01	-2.5335097e-02
1.4388800e+01	-1.3819335e-02
1.4410609e+01	-1.0735412e-02
1.4432418e+01	-2.7615841e-02
1.4454227e+01	-6.1460688e-02
1.4476036e+01	9.3480934e-02
1.4497844e+01	1.8335422e-01
1.4519653e+01	-2.8603689e-02
1.4541462e+01	-1.7859067e-01
1.4563271e+01	-2.5027100e-03
1.4585080e+01	1.0996619e-01
1.4606889e+01	4.9865327e-02
1.4628698e+01	-9.0020422e-02
1.4650507e+01	4.5191204e-02
1.4672316e+01	5.0031944e-02
1.4694125e+01	-6.1903845e-02
1.4715934e+01	-4.3361823e-02
1.4737743e+01	3.1807431e-02
1.4759552e+01	-5.8531787e-02
1.4781361e+01	1.2268602e-03
1.4803170e+01	5.7268362e-02
1.4824979e+01	3.3520588e-01
1.4846787e+01	6.2553977e-01
1.4868596e+01	7.1530360e-01
1.4890405e+01	5.8614896e-01
1.4912214e+01	8.3962140e-01
1.4934023e+01	1.0314685e+00
1.4955832e+01	1.1187568e+00
1.4977641e+01	1.3037039e+00
1.4999450e+01	1.6604393e+00
1.5021259e+01	1.7974506e+00
1.5043068e+01	1.7995543e+00
1.5064877e+01	1.5080691e+00
1.5086686e+01	1.1244694e+00
1.5108495e+01	8.0804981e-01
1.5130304e+01	4.7405293e-01
1.5152113e+01	8.9015307e-02
1.5173922e+01	4.4309268e-03
1.5195731e+01	1.1724689e-02
1.5217539e+01	-1.1891993e-01
1.5239348e+01	-1.9041301e-02
1.5261157e+01	-9.9219115e-03
1.5282966e+01	-3.0303061e-02
1.5304775e+01	3.4796294e-02
1.5326584e+01	2.3807473e-01
1.5348393e+01	3.1326539e-01
1.5370202e+01	1.8097490e-01
1.5392011e+01	5.1929230e-02
1.5413820e+01	6.4107134e-03
1.5435629e+01	5.8686181e-02
1.5457438e+01	-2.1484788e-02
1.5479247e+01	-6.3338721e-03
1.5501056e+01	-1.4345314e-01
1.5522865e+01	-2.5944182e-01
1.5544674e+01	3.6675907e-03
1.5566482e+01	-1.2524340e-02
1.5588291e+01	4.0369919e-02
1.5610100e+01	8.0117942e-02
1.5631909e+01	1.2863770e-01
1.5653718e+01	1.1976187e-01
1.5675527e+01	2.0220804e-01
1.5697336e+01	4.6493979e-03
1.5719145e+01	-4.9206157e-02
1.5740954e+01	-7.0419394e-02
1.5762763e+01	-7.7923569e-03
1.5784572e+01	-1.1728310e-01
1.5806381e+01	4.0409742e-02
1.5828190e+01	5.9530872e-02
1.5849999e+01	-4.8517927e-02
1.5871808e+01	4.7227781e-02
1.5893617e+01	6.2015216e-02
1.5915425e+01	-4.9131210e-02
1.5937234e+01	-8.9946726e-02
1.5959043e+01	5.0601672e-02
1.5980852e+01	1.0163900e-01
1.6002661e+01	1.9552771e-02
1.6024470e+01	-8.3515600e-02
1.6046279e+01	-2.3025833e-01
1.6068088e+01	1.0408896e-01
1.6089897e+01	1.3552594e-01
1.6111706e+01	2.6509259e-02
1.6133515e+01	3.3018364e-02
1.6155324e+01	-3.1167295e-02
1.6177133e+01	-7.1659143e-02
1.6198942e+01	8.6236733e-02
1.6220751e+01	5.2191569e-02
1.6242560e+01	-5.3111518e-02
1.6264368e+01	-1.1064946e-01
1.6286177e+01	2.6336760e-02
1.6307986e+01	-4.0713669e-02
1.6329795e+01	3.2106180e-02
1.6351604e+01	8.4103820e-02
1.6373413e+01	1.4745696e-01
1.6395222e+01	2.9397519e-02
1.6417031e+01	-7.7391763e-02
1.6438840e+01	-8.1149581e-02
1.6460649e+01	-9.2820181e-02
1.6482458e+01	-6.3583079e-02
1.6504267e+01	9.3982020e-02
1.6526076e+01	3.7784479e-02
1.6547885e+01	1.5668576e-01
1.6569694e+01	-6.6587412e-02
1.6591503e+01	-1.7270814e-02
1.6613311e+01	9.4503001e-02
1.6635120e+01	-5.2431336e-02
1.6656929e+01	-2.4422837e-01
1.6678738e+01	-1.8933402e-02
1.6700547e+01	7.2285233e-02
1.6722356e+01	6.5828765e-02
1.6744165e+01	5.0732029e-02
1.6765974e+01	3.4234035e-01
1.6787783e+01	4.8527134e-01
1.6809592e+01	4.1551042e-01
1.6831401e+01	1.3453865e-01
1.6853210e+01	1.0675425e-01
1.6875019e+01	3.2364196e-02
1.6896828e+01	-5.6007451e-02
1.6918637e+01	-1.6793596e-01
1.6940446e+01	-2.1369115e-02
1.6962254e+01	1.2492615e-01
1.6984063e+01	4.8130659e-02
1.7005872e+01	-1.0898917e-01
1.7027681e+01	-7.8984105e-02
1.7049490e+01	4.9207918e-02
1.7071299e+01	-7.7087496e-02
1.7093108e+01	-4.9144983e-02
1.7114917e+01	9.7303123e-02
1.7136726e+01	2.3609177e-02
1.7158535e+01	2.4851406e-01
1.7180344e+01	2.7343361e-01
1.7202153e+01	1.5491030e-02
1.7223962e+01	-1.6680536e-02
1.7245771e+01	-4.0793857e-02
1.7267580e+01	-2.2768185e-02
1.7289389e+01	3.8840487e-02
1.7311198e+01	-4.5784488e-03
1.7333006e+01	2.1448973e-02
1.7354815e+01	1.1679212e-01
1.7376624e+01	4.3972882e-02
1.7398433e+01	-5.2294811e-02
1.7420242e+01	-1.4853360e-01
1.7442051e+01	-6.3692422e-02
1.7463860e+01	3.9472860e-02
1.7485669e+01	-7.2657905e-02
1.7507478e+01	2.2134949e-02
1.7529287e+01	1.2006971e-01
1.7551096e+01	9.7938458e-02
1.7572905e+01	9.5955802e-02
1.7594714e+01	1.3533936e-02
1.7616523e+01	-1.9837152e-01
1.7638332e+01	-1.8630901e-02
1.7660141e+01	-1.8594151e-02
1.7681949e+01	-4.7087724e-02
1.7703758e+01	1.8016206e-02
1.7725567e+01	7.2075565e-02
1.7747376e+01	7.7365860e-03
1.7769185e+01	-1.0070419e-02
1.7790994e+01	-3.9760472e-02
1.7812803e+01	1.6506699e-02
1.7834612e+01	8.0146182e-02
1.7856421e+01	3.4538443e-02
1.7878230e+01	3.6810710e-02
1.7900039e+01	-6.9312754e-02
1.7921848e+01	-1.6236420e-02
1.7943657e+01	-9.3116644e-03
1.7965466e+01	1.0362851e-02
1.7987275e+01	1.6039949e-01
1.8009084e+01	-2.1213017e-02
1.8030892e+01	-8.3277517e-02
1.8052701e+01	-1.7852433e-01
1.8074510e+01	-9.0300080e-02
1.8096319e+01	7.7809376e-02
1.8118128e+01	8.9808994e-02
1.8139937e+01	5.8077989e-02
1.8161746e+01	7.4926972e-02
1.8183555e+01	-4.1770246e-02
1.8205364e+01	1.1297309e-02
1.8227173e+01	7.1860429e-02
1.8248982e+01	4.2274243e-02
1.8270791e+01	-6.3337662e-04
1.8292600e+01	-8.9031568e-02
1.8314409e+01	-1.0590039e-01
1.8336218e+01	-6.0804402e-02
1.8358027e+01	4.8036720e-02
1.8379835e+01	1.2278717e-02
1.8401644e+01	-6.5604814e-02
1.8423453e+01	3.9009466e-02
1.8445262e+01	3.6787236e-01
1.8467071e+01	2.4410073e-01
1.8488880e+01	2.6552937e-01
1.8510689e+01	1.0488402e-01
1.8532498e+01	3.1216708e-02
1.8554307e+01	-7.9529476e-02
1.8576116e+01	-7.3891927e-02
1.8597925e+01	-2.3810321e-02
1.8619734e+01	9.4841432e-02
1.8641543e+01	1.9333653e-01
1.8663352e+01	3.0056106e-01
1.8685161e+01	2.7205024e-01
1.8706970e+01	2.5564157e-01
1.8728778e+01	7.1682792e-02
1.8750587e+01	7.8054859e-02
1.8772396e+01	-9.1722946e-02
1.8794205e+01	-2.1240244e-01
1.8816014e+01	-1.2019720e-01
1.8837823e+01	-2.9830737e-02
1.8859632e+01	6.0270912e-02
1.8881441e+01	3.9594506e-02
1.8903250e+01	3.4092795e-02
1.8925059e+01	1.2622335e-01
1.8946868e+01	-6.5542531e-02
1.8968677e+01	3.3862984e-02
1.8990486e+01	4.3602130e-02
1.9012295e+01	1.0400443e-01
1.9034104e+01	-9.2533069e-02
1.9055913e+01	-5.7548294e-02
1.9077721e+01	-5.6563951e-02
1.9099530e+01	-2.3791880e-02
1.9121339e+01	3.6213123e-02
1.9143148e+01	-2.6667241e-02
1.9164957e+01	4.9504650e-02
1.9186766e+01	1.6102754e-02
1.9208575e+01	-2.8048584e-03
1.9230384e+01	7.8785668e-02
1.9252193e+01	-6.7555456e-02
1.9274002e+01	-3.7753063e-03
1.9295811e+01	-8.4618455e-02
1.9317620e+01	1.9622189e-02
1.9339429e+01	-2.3309904e-02
1.9361238e+01	1.5585179e-01
1.9383047e+01	8.5602471e-03
1.9404856e+01	-7.8916271e-02
1.9426665e+01	1.0242801e-02
1.9448473e+01	1.3089030e-01
1.9470282e+01	-3.2251563e-02
1.9492091e+01	3.2695061e-04
1.9513900e+01	6.1516070e-02
1.9535709e+01	2.2249141e-02
1.9557518e+01	-6.8033223e-02
1.9579327e+01	-2.4764399e-02
1.9601136e+01	-4.1909331e-02
1.9622945e+01	-7.3994047e-02
1.9644754e+01	1.7441876e-02
1.9666563e+01	-5.7975968e-02
1.9688372e+01	9.8423708e-03
1.9710181e+01	7.4074962e-02
1.9731990e+01	1.2707856e-01
1.9753799e+01	-5.2459754e-02
1.9775608e+01	-1.7242600e-02
1.9797416e+01	-6.3813411e-02
1.9819225e+01	2.9236624e-02
1.9841034e+01	-6.0296940e-02
1.9862843e+01	1.7398344e-02
1.9884652e+01	6.0846422e-02
1.9906461e+01	5.4193046e-02
1.9928270e+01	2.5139462e-01
1.9950079e+01	2.5580083e-01
1.9971888e+01	1.1111057e-01
1.9993697e+01	6.0354484e-02
2.0015506e+01	-1.2186913e-01
2.0037315e+01	-1.2698359e-01
2.0059124e+01	-4.3751019e-02
2.0080933e+01	7.4496167e-02
2.0102742e+01	4.7796415e-02
2.0124551e+01	-7.6407436e-02
2.0146359e+01	3.5046129e-02
2.0168168e+01	-1.2425775e-01
2.0189977e+01	-1.2423060e-01
2.0211786e+01	-3.6082116e-02
2.0233595e+01	5.4838930e-02
2.0255404e+01	6.5424963e-02
2.0277213e+01	2.6073581e-01
2.0299022e+01	8.2418551e-02
2.0320831e+01	6.5010409e-02
2.0342640e+01	1.4283563e-01
2.0364449e+01	-4.0319189e-02
2.0386258e+01	3.6938651e-04
2.0408067e+01	2.9721215e-02
2.0429876e+01	-1.0181013e-01
2.0451685e+01	-1.2738020e-01
2.0473494e+01	2.6940997e-02
2.0495302e+01	1.2624835e-01
2.0517111e+01	3.6844052e-01
2.0538920e+01	4.0629330e-01
2.0560729e+01	2.0431777e-01
2.0582538e+01	-2.6121489e-03
2.0604347e+01	6.9383268e-02
2.0626156e+01	-4.0735331e-02
2.0647965e+01	-1.2020352e-02
2.0669774e+01	-7.4522886e-02
2.0691583e+01	-6.0589779e-02
2.0713392e+01	-7.8870747e-03
2.0735201e+01	-1.8095553e-02
2.0757010e+01	-3.9734415e-02
2.0778819e+01	2.5114799e-02
2.0800628e+01	3.0713493e-02
2.0822437e+01	1.3159214e-02
2.0844245e+01	9.0139640e-02
2.0866054e+01	1.2757695e-01
2.0887863e+01	-7.4735665e-02
2.0909672e+01	-1.1708406e-01
2.0931481e+01	-1.7305321e-01
2.0953290e+01	-3.0023398e-02
2.0975099e+01	1.0311153e-01
2.0996908e+01	1.0527093e-01
2.1018717e+01	2.7500744e-01
2.1040526e+01	4.1825442e-01
2.1062335e+01	6.9640521e-01
2.1084144e+01	8.8433466e-01
2.1105953e+01	9.6536163e-01
2.1127762e+01	1.1902010e+00
2.1149571e+01	1.7836535e+00
2.1171380e+01	2.8116702e+00
2.1193188e+01	4.5647938e+00
2.1214997e+01	6.6797982e+00
2.1236806e+01	8.0387453e+00
2.1258615e+01	8.8748709e+00
2.1280424e+01	8.8704298e+00
2.1302233e+01	8.1486600e+00
2.1324042e+01	6.7391003e+00
2.1345851e+01	4.9853284e+00
2.1367660e+01	3.1053744e+00
2.1389469e+01	1.6659701e+00
2.1411278e+01	8.6427822e-01
2.1433087e+01	2.5428672e-01
2.1454896e+01	-2.7345552e-02
2.1476705e+01	-1.0475841e-02
2.1498514e+01	1.0450157e-01
2.1520323e+01	5.8644619e-01
2.1542132e+01	9.3211265e-01
2.1563940e+01	1.2241006e+00
2.1585749e+01	1.2895486e+00
2.1607558e+01	1.0639433e+00
2.1629367e+01	7.1503630e-01
2.1651176e+01	3.9464726e-01
2.1672985e+01	1.0327078e-01
2.1694794e+01	-9.8895094e-02
2.1716603e+01	-6.2274271e-02
2.1738412e+01	-1.3515316e-02
2.1760221e+01	3.2414634e-02
2.1782030e+01	-4.8456511e-02
2.1803839e+01	-1.6284820e-02
2.1825648e+01	-1.2799163e-01
2.1847457e+01	2.6017052e-02
2.1869266e+01	7.9277525e-02
2.1891075e+01	7.0532387e-02
2.1912883e+01	1.1826109e-02
2.1934692e+01	-1.5858824e-02
2.1956501e+01	6.5787850e-02
2.1978310e+01	-8.6760480e-02
2.2000119e+01	-7.5641645e-02
2.2021928e+01	3.2262316e-02
2.2043737e+01	3.2130461e-02
2.2065546e+01	7.9282888e-02
2.2087355e+01	6.0729082e-02
2.2109164e+01	-5.7822757e-02
2.2130973e+01	9.1164931e-02
2.2152782e+01	-6.7355281e-02
2.2174591e+01	-7.7800675e-02
2.2196400e+01	-5.1559700e-02
2.2218209e+01	3.2702276e-02
2.2240018e+01	3.9405081e-02
2.2261826e+01	-1.7864923e-02
2.2283635e+01	1.9710665e-02
2.2305444e+01	-2.7966775e-02
2.2327253e+01	-1.9082740e-02
2.2349062e+01	6.1433929e-02
2.2370871e+01	5.4940946e-02
2.2392680e+01	-8.6941092e-02
2.2414489e+01	-8.4459485e-02
2.2436298e+01	8.6672281e-02
2.2458107e+01	2.9862799e-02
2.2479916e+01	4.3397907e-02
2.2501725e+01	-1.9689345e-02
2.2523534e+01	-7.6946686e-02
2.2545343e+01	-5.3680732e-03
2.2567152e+01	-8.0790855e-02
2.2588961e+01	7.1277316e-02
2.2610769e+01	7.6415553e-02
2.2632578e+01	-1.8714178e-02
2.2654387e+01	-2.8362285e-02
2.2676196e+01	2.7527108e-02
2.2698005e+01	2.9749709e-02
2.2719814e+01	3.3303600e-02
2.2741623e+01	7.6648064e-03
2.2763432e+01	-4.8022933e-02
2.2785241e+01	-7.2012825e-02
2.2807050e+01	-6.2557972e-03
2.2828859e+01	9.2623338e-02
2.2850668e+01	6.7438020e-02
2.2872477e+01	-3.5629843e-02
2.2894286e+01	-1.0139053e-01
2.2916095e+01	8.5647859e-03
2.2937904e+01	-9.1445375e-03
2.2959712e+01	-5.4796007e-02
2.2981521e+01	-8.9286745e-03
2.3003330e+01	1.1606851e-01
2.3025139e+01	1.0423586e-01
2.3046948e+01	-5.6481288e-02
2.3068757e+01	8.1233792e-02
2.3090566e+01	1.2942099e-02
2.3112375e+01	-1.7821512e-01
2.3134184e+01	-1.0954292e-01
2.3155993e+01	1.1170315e-01
2.3177802e+01	1.6195882e-01
2.3199611e+01	2.5749495e-02
2.3221420e+01	3.7158199e-02
2.3243229e+01	1.4853099e-02
2.3265038e+01	-2.1451679e-01
2.3286847e+01	-1.4205119e-01
2.3308655e+01	6.5374729e-02
2.3330464e+01	6.5872788e-02
2.3352273e+01	1.2459965e-01
2.3374082e+01	1.6078712e-01
2.3395891e+01	2.3507718e-02
2.3417700e+01	-3.0477326e-02
2.3439509e+01	-1.0476943e-01
2.3461318e+01	-1.5964664e-02
2.3483127e+01	-5.8192950e-02
2.3504936e+01	-1.5785554e-01
2.3526745e+01	5.6486789e-03
2.3548554e+01	2.1996261e-01
2.3570363e+01	6.8856275e-02
2.3592172e+01	9.4016375e-02
2.3613981e+01	3.0344604e-01
2.3635790e+01	5.2591565e-01
2.3657599e+01	1.2044490e+00
2.3679407e+01	2.2919877e+00
2.3701216e+01	3.8754526e+00
2.3723025e+01	5.3473081e+00
2.3744834e+01	6.7784562e+00
2.3766643e+01	7.9064553e+00
2.3788452e+01	9.2441772e+00
2.3810261e+01	9.6189356e+00
2.3832070e+01	9.4294992e+00
2.3853879e+01	8.4509766e+00
2.3875688e+01	6.7247824e+00
2.3897497e+01	5.1934045e+00
2.3919306e+01	3.8693404e+00
2.3941115e+01	2.7056419e+00
2.3962924e+01	1.6442306e+00
2.3984733e+01	9.2673818e-01
2.4006542e+01	6.6359934e-01
2.4028350e+01	1.0613974e-01
2.4050159e+01	2.6973076e-02
2.4071968e+01	-3.8949122e-02
2.4093777e+01	-1.9817630e-02
2.4115586e+01	6.4782533e-02
2.4137395e+01	-8.9295602e-02
2.4159204e+01	-7.2188323e-02
2.4181013e+01	-6.4575609e-02
2.4202822e+01	-3.9465478e-02
2.4224631e+01	4.6176203e-02
2.4246440e+01	7.2327538e-02
2.4268249e+01	-9.2417092e-03
2.4290058e+01	-6.9576956e-02
2.4311867e+01	-1.1935693e-01
2.4333676e+01	8.1038559e-02
2.4355485e+01	-5.5763845e-02
2.4377293e+01	1.3492403e-01
2.4399102e+01	6.9306763e-02
2.4420911e+01	5.8624617e-02
2.4442720e+01	3.4762166e-01
2.4464529e+01	5.6030680e-01
2.4486338e+01	5.4465067e-01
2.4508147e+01	5.3463086e-01
2.4529956e+01	7.2116987e-01
2.4551765e+01	9.0763906e-01
2.4573574e+01	9.7649583e-01
2.4595383e+01	1.0956765e+00
2.4617192e+01	1.3832346e+00
2.4639001e+01	1.2730913e+00
2.4660810e+01	6.6898314e-01
2.4682619e+01	4.3602242e-01
2.4704428e+01	4.0133753e-01
2.4726236e+01	5.2556547e-02
2.4748045e+01	-2.8591349e-02
2.4769854e+01	2.4708243e-03
2.4791663e+01	-2.3551456e-02
2.4813472e+01	-6.8109297e-03
2.4835281e+01	-9.3935847e-02
2.4857090e+01	-1.8044572e-01
2.4878899e+01	1.0829593e-01
2.4900708e+01	8.5615446e-02
2.4922517e+01	5.7114681e-02
2.4944326e+01	-4.3540741e-04
2.4966135e+01	5.0839503e-02
2.4987944e+01	-1.1693478e-01
2.5009753e+01	1.1956842e-01
2.5031562e+01	2.6057497e-02
2.5053371e+01	6.2626681e-03
2.5075179e+01	-1.4182788e-01
2.5096988e+01	-7.3345275e-02
2.5118797e+01	2.9078868e-02
2.5140606e+01	-3.1512505e-02
2.5162415e+01	-2.2661360e-02
2.5184224e+01	1.1350919e-01
2.5206033e+01	6.3110847e-02
2.5227842e+01	-3.8579432e-02
2.5249651e+01	-6.0454172e-02
2.5271460e+01	8.0447544e-02
2.5293269e+01	4.2116376e-02
2.5315078e+01	1.1625872e-01
2.5336887e+01	9.0011130e-02
2.5358696e+01	-1.2545050e-01
2.5380505e+01	-9.8871602e-02
2.5402314e+01	-6.9850006e-02
2.5424123e+01	4.9609010e-02
2.5445931e+01	7.2933173e-02
2.5467740e+01	-1.0421307e-01
2.5489549e+01	4.4250293e-02
2.5511358e+01	7.9437869e-02
2.5533167e+01	-8.1317362e-02
2.5554976e+01	1.4118643e-02
2.5576785e+01	8.2111246e-02
2.5598594e+01	1.5335546e-01
2.5620403e+01	-4.0554589e-02
2.5642212e+01	-2.7867996e-01
2.5664021e+01	-1.5290434e-02
2.5685830e+01	5.2318532e-02
2.5707639e+01	-5.3058316e-02
2.5729448e+01	-3.4540388e-02
2.5751257e+01	7.9777069e-02
2.5773066e+01	1.2748596e-02
2.5794874e+01	3.5427587e-02
2.5816683e+01	2.0631571e-02
2.5838492e+01	4.5642843e-02
2.5860301e+01	-2.3489700e-02
2.5882110e+01	-7.8193288e-02
2.5903919e+01	1.2746728e-01
2.5925728e+01	5.5344337e-01
2.5947537e+01	7.9426503e-01
2.5969346e+01	1.2195823e+00
2.5991155e+01	1.6043910e+00
2.6012964e+01	2.0730944e+00
2.6034773e+01	2.4507773e+00
2.6056582e+01	2.6256539e+00
2.6078391e+01	2.5478699e+00
2.6100200e+01	2.3020396e+00
2.6122009e+01	1.9010508e+00
2.6143817e+01	1.3409267e+00
2.6165626e+01	1.0967991e+00
2.6187435e+01	7.4219108e-01
2.6209244e+01	6.2246265e-01
2.6231053e+01	3.3413782e-01
2.6252862e+01	2.6457557e-01
2.6274671e+01	8.9170995e-02
2.6296480e+01	2.6526574e-02
2.6318289e+01	-2.2221487e-01
2.6340098e+01	-5.1617050e-02
2.6361907e+01	-6.9284545e-02
2.6383716e+01	-1.3692814e-02
2.6405525e+01	1.9956383e-01
2.6427334e+01	2.5824202e-01
2.6449143e+01	1.6596931e-01
2.6470952e+01	1.4064073e-01
2.6492760e+01	-4.1419809e-02
2.6514569e+01	-1.2971245e-01
2.6536378e+01	4.4853760e-02
2.6558187e+01	5.0023463e-02
2.6579996e+01	2.8417304e-01
2.6601805e+01	5.0168622e-01
2.6623614e+01	3.8028454e-01
2.6645423e+01	6.0668733e-01
2.6667232e+01	8.3974382e-01
2.6689041e+01	5.5943224e-01
2.6710850e+01	4.4105881e-01
2.6732659e+01	2.2249073e-01
2.6754468e+01	4.7727545e-02
2.6776277e+01	-3.7893085e-02
2.6798086e+01	-1.0677157e-01
2.6819895e+01	-1.5233478e-01
2.6841703e+01	1.4543546e-03
2.6863512e+01	-2.4043332e-02
2.6885321e+01	5.0688610e-02
2.6907130e+01	3.0107251e-01
2.6928939e+01	2.4502738e-01
2.6950748e+01	9.8228791e-02
2.6972557e+01	9.8260754e-02
2.6994366e+01	4.1630464e-02
2.7016175e+01	1.3164041e-01
2.7037984e+01	-2.6432825e-02
2.7059793e+01	-4.0937292e-02
2.7081602e+01	-7.6371512e-02
2.7103411e+01	-1.2644696e-01
2.7125220e+01	-6.3167481e-04
2.7147029e+01	4.1771114e-02
2.7168838e+01	-3.2001794e-02
2.7190646e+01	-3.0248138e-02
2.7212455e+01	6.1542506e-02
2.7234264e+01	-3.1719741e-02
2.7256073e+01	2.7167663e-02
2.7277882e+01	7.6486014e-02
2.7299691e+01	-4.4423141e-02
2.7321500e+01	6.6286230e-02
2.7343309e+01	-7.3065812e-03
2.7365118e+01	8.3797798e-03
2.7386927e+01	-8.5171090e-02
2.7408736e+01	-8.6794307e-02
2.7430545e+01	-3.0029182e-02
2.7452354e+01	4.2378919e-03
2.7474163e+01	8.2303924e-02
2.7495972e+01	3.9572929e-02
2.7517781e+01	7.4120266e-02
2.7539590e+01	-8.6113173e-02
2.7561398e+01	-7.7972557e-02
2.7583207e+01	-1.1232985e-01
2.7605016e+01	3.5568155e-03
2.7626825e+01	4.3503487e-02
2.7648634e+01	5.5570891e-02
2.7670443e+01	1.1071253e-01
2.7692252e+01	2.5726974e-01
2.7714061e+01	3.7201939e-01
2.7735870e+01	5.5105151e-01
2.7757679e+01	5.3077842e-01
2.7779488e+01	5.1559037e-01
2.7801297e+01	6.1440652e-01
2.7823106e+01	5.5601590e-01
2.7844915e+01	3.4041455e-01
2.7866724e+01	1.4938944e-01
2.7888533e+01	6.0494909e-02
2.7910341e+01	8.8504498e-02
2.7932150e+01	-1.0063734e-01
2.7953959e+01	-8.4423504e-02
2.7975768e+01	-1.5755646e-01
2.7997577e+01	-9.4737791e-02
2.8019386e+01	-6.5732505e-03
2.8041195e+01	6.1939163e-02
2.8063004e+01	4.6361272e-02
2.8084813e+01	6.8699675e-02
2.8106622e+01	-8.7167596e-02
2.8128431e+01	-3.2699274e-02
2.8150240e+01	2.6767274e-02
2.8172049e+01	1.2607088e-02
2.8193858e+01	5.3545700e-02
2.8215667e+01	-7.9388524e-02
2.8237476e+01	-5.1450045e-02
2.8259284e+01	2.3659369e-01
2.8281093e+01	1.7268279e-01
2.8302902e+01	5.5024733e-02
2.8324711e+01	2.0533629e-02
2.8346520e+01	3.8751053e-02
2.8368329e+01	4.1366428e-02
2.8390138e+01	-1.7085730e-01
2.8411947e+01	1.4420559e-02
2.8433756e+01	2.6289191e-01
2.8455565e+01	5.3527527e-01
2.8477374e+01	6.2317645e-01
2.8499183e+01	9.4886518e-01
2.8520992e+01	1.0858832e+00
2.8542801e+01	1.1219392e+00
2.8564610e+01	1.2330420e+00
2.8586419e+01	1.1554452e+00
2.8608227e+01	9.9639360e-01
2.8630036e+01	8.2889793e-01
2.8651845e+01	6.4629590e-01
2.8673654e+01	4.1532624e-01
2.8695463e+01	3.1377769e-01
2.8717272e+01	4.6582106e-02
2.8739081e+01	-6.1319966e-02
2.8760890e+01	-1.1407535e-03
2.8782699e+01	-3.4772869e-02
2.8804508e+01	4.9483041e-02
2.8826317e+01	1.5227864e-02
2.8848126e+01	7.9254303e-02
2.8869935e+01	-4.8627119e-02
2.8891744e+01	-1.3214331e-01
2.8913553e+01	4.8956263e-02
2.8935362e+01	1.0386081e-01
2.8957170e+01	-6.5221492e-02
2.8978979e+01	-5.5907980e-02
2.9000788e+01	-4.8051291e-02
2.9022597e+01	7.4031109e-02
2.9044406e+01	1.7568978e-02
2.9066215e+01	-2.8735234e-02
2.9088024e+01	4.7690066e-02
2.9109833e+01	1.0721674e-01
2.9131642e+01	-1.5947219e-02
2.9153451e+01	-7.9576721e-02
2.9175260e+01	-5.8702605e-02
2.9197069e+01	3.1358035e-04
2.9218878e+01	7.3282636e-02
2.9240687e+01	-1.3371073e-02
2.9262496e+01	-6.8742425e-02
2.9284305e+01	4.5119949e-02
2.9306113e+01	1.3968150e-01
2.9327922e+01	-5.3946382e-02
2.9349731e+01	-3.2830907e-02
2.9371540e+01	-6.9452524e-02
2.9393349e+01	-3.5265884e-02
2.9415158e+01	1.1505212e-01
2.9436967e+01	2.3037156e-01
2.9458776e+01	2.4478138e-01
2.9480585e+01	4.5957219e-02
2.9502394e+01	-6.2213360e-02
2.9524203e+01	9.3151875e-02
2.9546012e+01	-5.4320454e-02
2.9567821e+01	-1.4892690e-02
2.9589630e+01	-1.1090794e-01
2.9611439e+01	-7.5810355e-02
2.9633248e+01	7.4057013e-03
2.9655057e+01	3.3267603e-02
2.9676865e+01	-5.0499611e-02
2.9698674e+01	1.5290994e-02
2.9720483e+01	-2.5051790e-02
2.9742292e+01	2.8048552e-02
2.9764101e+01	-2.6078972e-02
2.9785910e+01	1.0981978e-01
2.9807719e+01	7.3290692e-02
2.9829528e+01	-6.0663717e-02
2.9851337e+01	-8.0544403e-02
2.9873146e+01	3.8234067e-03
2.9894955e+01	1.2120504e-01
2.9916764e+01	3.8926661e-01
2.9938573e+01	9.2149787e-01
2.9960382e+01	1.6115965e+00
2.9982191e+01	2.5274243e+00
3.0004000e+01	3.5098860e+00
3.0025808e+01	4.6385552e+00
3.0047617e+01	5.5059277e+00
3.0069426e+01	6.0134943e+00
3.0091235e+01	6.5949057e+00
3.0113044e+01	6.6640715e+00
3.0134853e+01	6.1606066e+00
3.0156662e+01	5.3320036e+00
3.0178471e+01	4.0176043e+00
3.0200280e+01	2.8127534e+00
3.0222089e+01	1.6664026e+00
3.0243898e+01	9.4362770e-01
3.0265707e+01	4.9539037e-01
3.0287516e+01	1.7261435e-01
3.0309325e+01	1.4648093e-02
3.0331134e+01	1.4754677e-02
3.0352943e+01	3.6212469e-03
3.0374751e+01	-8.4152521e-02
3.0396560e+01	-4.2370434e-02
3.0418369e+01	-5.1026456e-02
3.0440178e+01	5.0707276e-02
3.0461987e+01	6.6369045e-02
3.0483796e+01	-3.0030807e-02
3.0505605e+01	-5.7285497e-02
3.0527414e+01	-9.5428784e-02
3.0549223e+01	-6.1690328e-02
3.0571032e+01	2.6369987e-02
3.0592841e+01	1.6832238e-02
3.0614650e+01	-6.6270874e-02
3.0636459e+01	5.7772933e-02
3.0658268e+01	1.1261796e-04
3.0680077e+01	6.1123132e-02
3.0701886e+01	5.2713679e-02
3.0723694e+01	-1.4034734e-02
3.0745503e+01	2.5830897e-01
3.0767312e+01	3.1157424e-01
3.0789121e+01	2.9417179e-01
3.0810930e+01	5.2470740e-02
3.0832739e+01	2.9231035e-02
3.0854548e+01	5.7732558e-02
3.0876357e+01	-7.0438730e-02
3.0898166e+01	-1.3399657e-01
3.0919975e+01	7.8649918e-02
3.0941784e+01	1.1713512e-01
3.0963593e+01	3.8844236e-02
3.0985402e+01	-9.9579737e-03
3.1007211e+01	-3.9229291e-02
3.1029020e+01	-7.4826949e-02
3.1050829e+01	-6.1743077e-02
3.1072637e+01	-7.7254867e-02
3.1094446e+01	-3.1848793e-02
3.1116255e+01	1.3063355e-01
3.1138064e+01	-4.0659363e-02
3.1159873e+01	-6.5247099e-02
3.1181682e+01	1.3353565e-02
3.1203491e+01	4.8119393e-02
3.1225300e+01	6.6052193e-02
3.1247109e+01	1.0461994e-01
3.1268918e+01	1.1973045e-02
3.1290727e+01	-9.3353083e-02
3.1312536e+01	-2.4822148e-02
3.1334345e+01	8.5640725e-02
3.1356154e+01	1.1969325e-01
3.1377963e+01	-5.3911644e-02
3.1399772e+01	-3.0941998e-02
3.1421580e+01	-2.8392246e-02
3.1443389e+01	-1.0123499e-01
3.1465198e+01	-4.7756001e-02
3.1487007e+01	2.8749305e-02
3.1508816e+01	-8.3068118e-02
3.1530625e+01	-1.4541328e-02
3.1552434e+01	-2.8134690e-02
3.1574243e+01	-3.6023348e-03
3.1596052e+01	1.6465086e-01
3.1617861e+01	1.1842092e-01
3.1639670e+01	4.1987218e-03
3.1661479e+01	-7.5767633e-02
3.1683288e+01	-5.5082751e-02
3.1705097e+01	1.2649206e-01
3.1726906e+01	2.8061716e-01
3.1748715e+01	7.5080284e-01
3.1770524e+01	1.4907155e+00
3.1792332e+01	2.2790697e+00
3.1814141e+01	3.0402268e+00
3.1835950e+01	3.9151882e+00
3.1857759e+01	4.7787884e+00
3.1879568e+01	5.7224999e+00
3.1901377e+01	6.1854041e+00
3.1923186e+01	6.5985264e+00
3.1944995e+01	6.7035073e+00
3.1966804e+01	6.2831293e+00
3.1988613e+01	5.4086948e+00
3.2010422e+01	4.2120061e+00
3.2032231e+01	3.0840289e+00
3.2054040e+01	2.0291945e+00
3.2075849e+01	1.2603444e+00
3.2097658e+01	7.0453094e-01
3.2119467e+01	3.4360669e-01
3.2141275e+01	8.1152052e-02
3.2163084e+01	1.4306954e-02
3.2184893e+01	-2.1581001e-02
3.2206702e+01	-1.1577682e-01
3.2228511e+01	-3.3360686e-02
3.2250320e+01	1.4017322e-02
3.2272129e+01	3.4034596e-02
3.2293938e+01	1.1658528e-02
3.2315747e+01	-2.7468565e-03
3.2337556e+01	4.6597803e-02
3.2359365e+01	-6.7725704e-02
3.2381174e+01	-4.4499865e-02
3.2402983e+01	7.2008013e-02
3.2424792e+01	-8.2665554e-02
3.2446601e+01	6.2681204e-03
3.2468410e+01	-1.6130043e-03
3.2490218e+01	-7.8484805e-03
3.2512027e+01	-2.1991177e-02
3.2533836e+01	7.7926329e-02
3.2555645e+01	1.4560194e-01
3.2577454e+01	-4.4379687e-02
3.2599263e+01	-1.0160070e-01
3.2621072e+01	7.8455577e-02
3.2642881e+01	5.7585361e-02
3.2664690e+01	6.1651565e-02
3.2686499e+01	-6.1078884e-02
3.2708308e+01	-9.1783109e-02
3.2730117e+01	-6.7774660e-02
3.2751926e+01	6.6033150e-02
3.2773735e+01	-9.1217731e-04
3.2795544e+01	3.1916896e-02
3.2817353e+01	7.5722664e-03
3.2839161e+01	-3.1722740e-02
3.2860970e+01	-5.3613668e-02
3.2882779e+01	1.3946795e-02
3.2904588e+01	4.8259640e-02
3.2926397e+01	3.9633204e-02
3.2948206e+01	3.5583419e-02
3.2970015e+01	-1.3442023e-01
3.2991824e+01	-1.1517611e-02
3.3013633e+01	5.4439000e-02
3.3035442e+01	-1.5895159e-02
3.3057251e+01	4.3826445e-02
3.3079060e+01	7.1370687e-02
3.3100869e+01	5.0206651e-02
3.3122678e+01	2.3503637e-03
3.3144487e+01	-2.1806883e-01
3.3166296e+01	-2.2398038e-03
3.3188104e+01	1.0405354e-01
3.3209913e+01	9.8828347e-03
3.3231722e+01	5.2329501e-02
3.3253531e+01	-4.1672708e-02
3.3275340e+01	2.2475451e-02
3.3297149e+01	5.9187836e-03
3.3318958e+01	3.2530611e-02
3.3340767e+01	-3.0236644e-02
3.3362576e+01	1.4264637e-02
3.3384385e+01	-8.8826613e-02
3.3406194e+01	-1.2242663e-02
3.3428003e+01	4.8512888e-02
3.3449812e+01	-7.6290901e-02
3.3471621e+01	-1.1428162e-01
3.3493430e+01	-1.2581910e-01
3.3515239e+01	2.2548080e-02
3.3537047e+01	1.1586425e-01
3.3558856e+01	3.3750584e-01
3.3580665e+01	2.2273623e-01
3.3602474e+01	9.8811890e-02
3.3624283e+01	2.8625308e-01
3.3646092e+01	3.5314645e-01
3.3667901e+01	3.0746686e-01
3.3689710e+01	1.4198922e-01
3.3711519e+01	4.7184015e-02
3.3733328e+01	8.7862712e-02
3.3755137e+01	4.5279441e-02
3.3776946e+01	-1.5791588e-02
3.3798755e+01	-1.2436042e-01
3.3820564e+01	-2.1478019e-01
3.3842373e+01	-8.3987984e-03
3.3864182e+01	8.3041205e-02
3.3885991e+01	4.8888885e-02
3.3907799e+01	1.0145781e-01
3.3929608e+01	5.7983670e-02
3.3951417e+01	-7.5203383e-02
3.3973226e+01	-1.3494898e-01
3.3995035e+01	-7.7138264e-02
3.4016844e+01	-6.8970141e-02
3.4038653e+01	6.5515479e-02
3.4060462e+01	-9.6962645e-02
3.4082271e+01	3.0544626e-02
3.4104080e+01	1.0878534e-01
3.4125889e+01	1.0445726e-01
3.4147698e+01	6.9048132e-02
3.4169507e+01	1.9083646e-02
3.4191316e+01	-5.9495149e-02
3.4213125e+01	-9.0192299e-02
3.4234934e+01	-2.6764081e-02
3.4256742e+01	4.8299436e-02
3.4278551e+01	2.1728744e-02
3.4300360e+01	4.3888638e-02
3.4322169e+01	3.2068160e-02
3.4343978e+01	-5.2383476e-02
3.4365787e+01	-5.0909614e-02
3.4387596e+01	3.7776063e-02
3.4409405e+01	1.6157396e-02
3.4431214e+01	-2.7526238e-02
3.4453023e+01	-6.6166493e-02
3.4474832e+01	-2.1650048e-02
3.4496641e+01	1.6971612e-02
3.4518450e+01	9.6258120e-02
3.4540259e+01	-2.0874936e-02
3.4562068e+01	-2.3778701e-02
3.4583877e+01	-4.6360387e-03
3.4605685e+01	3.4704250e-02
3.4627494e+01	-6.5197316e-02
3.4649303e+01	-2.4304644e-02
3.4671112e+01	6.5555246e-02
3.4692921e+01	2.0645922e-02
3.4714730e+01	6.6835072e-02
3.4736539e+01	-2.5895493e-02
3.4758348e+01	-1.1290419e-01
3.4780157e+01	6.3237193e-02
3.4801966e+01	-6.6294798e-02
3.4823775e+01	8.9196910e-02
3.4845584e+01	4.8972863e-02
3.4867393e+01	9.0071361e-02
3.4889202e+01	-7.1298900e-02
3.4911011e+01	-8.9492275e-02
3.4932820e+01	-1.0503280e-01
3.4954628e+01	-3.6285664e-02
3.4976437e+01	2.7572919e-02
3.4998246e+01	2.6741689e-02
3.5020055e+01	8.6343248e-02
3.5041864e+01	2.0951354e-01
3.5063673e+01	1.5158053e-01
3.5085482e+01	-6.7285709e-02
3.5107291e+01	-3.4260324e-02
3.5129100e+01	-2.4246951e-02
3.5150909e+01	-5.9932774e-02
3.5172718e+01	-8.5431315e-02
3.5194527e+01	2.9363268e-02
3.5216336e+01	5.5872941e-03
3.5238145e+01	1.7888790e-02
3.5259954e+01	8.9630910e-02
3.5281763e+01	1.9525342e-02
3.5303571e+01	-3.0525811e-02
3.5325380e+01	4.1244824e-02
3.5347189e+01	-1.2368043e-01
3.5368998e+01	4.5440476e-02
3.5390807e+01	9.2307159e-02
3.5412616e+01	-2.3155267e-02
3.5434425e+01	2.1097545e-02
3.5456234e+01	-1.5437774e-02
3.5478043e+01	-7.5207433e-02
3.5499852e+01	-4.8914541e-02
3.5521661e+01	-6.0259581e-02
3.5543470e+01	-3.3140331e-03
3.5565279e+01	5.2427882e-02
3.5587088e+01	3.1332508e-03
3.5608897e+01	1.5718464e-02
3.5630706e+01	7.2246625e-03
3.5652514e+01	6.2361527e-02
3.5674323e+01	-3.9642576e-02
3.5696132e+01	1.9161610e-01
3.5717941e+01	8.3994179e-02
3.5739750e+01	5.0880177e-02
3.5761559e+01	2.4867132e-02
3.5783368e+01	8.4355587e-03
3.5805177e+01	-3.2085686e-02
3.5826986e+01	6.2949685e-02
3.5848795e+01	-2.6088083e-02
3.5870604e+01	-8.6658099e-02
3.5892413e+01	-1.9685438e-02
3.5914222e+01	3.6745205e-02
3.5936031e+01	-7.7564225e-02
3.5957840e+01	-2.3689336e-01
3.5979649e+01	-3.0145263e-01
3.6001458e+01	1.2602598e-01
3.6023266e+01	1.6894689e-01
3.6045075e+01	3.5755290e-01
3.6066884e+01	3.0488225e-01
3.6088693e+01	1.2854202e-01
3.6110502e+01	9.7521216e-02
3.6132311e+01	7.0179583e-02
3.6154120e+01	9.7747872e-02
3.6175929e+01	2.3098797e-01
3.6197738e+01	1.1213771e-01
3.6219547e+01	-1.0519594e-01
3.6241356e+01	-1.0781649e-01
3.6263165e+01	-2.3185007e-02
3.6284974e+01	-1.6599851e-02
3.6306783e+01	-4.1808967e-04
3.6328592e+01	-4.7509971e-02
3.6350401e+01	-9.3540829e-02
3.6372209e+01	-2.1887822e-02
3.6394018e+01	4.1334732e-02
3.6415827e+01	3.2639552e-02
3.6437636e+01	1.1727012e-01
3.6459445e+01	6.4426526e-02
3.6481254e+01	-5.6589158e-02
3.6503063e+01	-8.8885043e-02
3.6524872e+01	2.6691639e-02
3.6546681e+01	1.8427281e-02
3.6568490e+01	6.4877262e-02
3.6590299e+01	2.2463562e-04
3.6612108e+01	-7.0642997e-02
3.6633917e+01	-3.2922513e-02
3.6655726e+01	6.9204659e-02
3.6677535e+01	3.0495494e-01
3.6699344e+01	6.5790020e-01
3.6721152e+01	1.0068592e+00
3.6742961e+01	1.3412866e+00
3.6764770e+01	1.5678292e+00
3.6786579e+01	1.7813757e+00
3.6808388e+01	2.0284968e+00
3.6830197e+01	2.1817933e+00
3.6852006e+01	2.4545379e+00
3.6873815e+01	2.7485212e+00
3.6895624e+01	2.6340271e+00
3.6917433e+01	2.2399943e+00
3.6939242e+01	2.1053044e+00
3.6961051e+01	2.0181803e+00
3.6982860e+01	1.6412696e+00
3.7004669e+01	1.2810570e+00
3.7026478e+01	1.2647334e+00
3.7048287e+01	1.0571234e+00
3.7070095e+01	9.5838875e-01
3.7091904e+01	4.2093817e-01
3.7113713e+01	8.8036401e-02
3.7135522e+01	5.9603957e-02
3.7157331e+01	-6.9119692e-02
3.7179140e+01	-3.3816763e-02
3.7200949e+01	-9.4668154e-03
3.7222758e+01	-7.0502745e-02
3.7244567e+01	-5.3302584e-03
3.7266376e+01	4.0245708e-02
3.7288185e+01	6.2851650e-02
3.7309994e+01	-8.8179474e-02
3.7331803e+01	-9.9693948e-02
3.7353612e+01	-2.2004957e-02
3.7375421e+01	-9.6022720e-02
3.7397230e+01	1.1031249e-01
3.7419038e+01	8.5590980e-02
3.7440847e+01	1.2091296e-01
3.7462656e+01	4.9630239e-01
3.7484465e+01	1.0604209e+00
3.7506274e+01	9.8130476e-01
3.7528083e+01	5.7762740e-01
3.7549892e+01	-4.0143885e-02
3.7571701e+01	2.4555924e-01
3.7593510e+01	-1.5601310e-02
3.7615319e+01	4.4186060e-02
3.7637128e+01	9.0849776e-04
3.7658937e+01	-4.9233576e-03
3.7680746e+01	-2.7636098e-02
3.7702555e+01	-3.8041430e-02
3.7724364e+01	-1.5994343e-01
3.7746173e+01	-1.1150668e-02
3.7767981e+01	-9.3416304e-02
3.7789790e+01	8.5446789e-02
3.7811599e+01	1.2800342e-01
3.7833408e+01	4.0642958e-02
3.7855217e+01	2.1623343e-01
3.7877026e+01	2.7586489e-01
3.7898835e+01	3.6954931e-01
3.7920644e+01	4.4134582e-01
3.7942453e+01	2.2734427e-01
3.7964262e+01	4.2483755e-02
3.7986071e+01	-2.1273787e-02
3.8007880e+01	8.1520298e-02
3.8029689e+01	1.0749325e-01
3.8051498e+01	-1.5984045e-01
3.8073307e+01	-6.3863958e-02
3.8095116e+01	-2.6130842e-01
3.8116925e+01	7.6150425e-02
3.8138733e+01	1.6039713e-01
3.8160542e+01	5.7637199e-01
3.8182351e+01	9.0550865e-01
3.8204160e+01	1.0542777e+00
3.8225969e+01	1.5456419e+00
3.8247778e+01	1.9383437e+00
3.8269587e+01	2.1828948e+00
3.8291396e+01	2.5217819e+00
3.8313205e+01	2.8986085e+00
3.8335014e+01	2.9247342e+00
3.8356823e+01	3.1020088e+00
3.8378632e+01	2.9880469e+00
3.8400441e+01	2.8183719e+00
3.8422250e+01	2.4677147e+00
3.8444059e+01	2.1775328e+00
3.8465868e+01	1.7307598e+00
3.8487676e+01	1.5072564e+00
3.8509485e+01	8.6718412e-01
3.8531294e+01	3.7094170e-01
3.8553103e+01	1.0448170e-01
3.8574912e+01	-8.8564889e-03
3.8596721e+01	-8.1970454e-02
3.8618530e+01	5.4439105e-02
3.8640339e+01	3.5380580e-02
3.8662148e+01	-3.5303338e-02
3.8683957e+01	2.0934353e-02
3.8705766e+01	7.5202877e-02
3.8727575e+01	-1.0753598e-01
3.8749384e+01	-1.2448373e-01
3.8771193e+01	1.4413251e-01
3.8793002e+01	9.6244982e-02
3.8814811e+01	-4.4751872e-02
3.8836619e+01	-1.6099096e-01
3.8858428e+01	4.5640451e-03
3.8880237e+01	2.8377790e-02
3.8902046e+01	-5.7164911e-02
3.8923855e+01	1.2932601e-01
3.8945664e+01	1.6407708e-02
3.8967473e+01	7.1671477e-02
3.8989282e+01	-1.2065171e-01
3.9011091e+01	1.5451742e-02
3.9032900e+01	1.1652208e-01
3.9054709e+01	-2.8958084e-02
3.9076518e+01	-6.3472358e-02
3.9098327e+01	1.6517233e-01
3.9120136e+01	1.8776044e-01
3.9141945e+01	2.2722316e-02
3.9163754e+01	-2.8619284e-01
3.9185562e+01	-6.9361490e-02
3.9207371e+01	-6.1273130e-03
3.9229180e+01	1.1390571e-01
3.9250989e+01	7.6410589e-02
3.9272798e+01	-6.5972346e-02
3.9294607e+01	-2.4286942e-02
3.9316416e+01	1.0721867e-01
3.9338225e+01	-1.8447632e-02
3.9360034e+01	3.2280663e-03
3.9381843e+01	-1.7218920e-02
3.9403652e+01	-2.2753683e-02
3.9425461e+01	6.5882139e-02
3.9447270e+01	2.3495802e-02
3.9469079e+01	2.0457241e-01
3.9490888e+01	-1.3252421e-01
3.9512697e+01	-1.4717457e-01
3.9534505e+01	5.9648228e-02
3.9556314e+01	1.0248585e-01
3.9578123e+01	3.0531291e-01
3.9599932e+01	4.3041888e-01
3.9621741e+01	5.5835972e-01
3.9643550e+01	8.8188408e-01
3.9665359e+01	1.0729575e+00
3.9687168e+01	1.5109667e+00
3.9708977e+01	1.5792191e+00
3.9730786e+01	1.8380384e+00
3.9752595e+01	1.9304502e+00
3.9774404e+01	2.0198171e+00
3.9796213e+01	2.2686636e+00
3.9818022e+01	2.4523953e+00
3.9839831e+01	2.2674029e+00
3.9861640e+01	2.0143180e+00
3.9883449e+01	1.6873811e+00
3.9905257e+01	1.3969188e+00
3.9927066e+01	1.1601957e+00
3.9948875e+01	9.3667245e-01
3.9970684e+01	6.1598559e-01
3.9992493e+01	4.0072873e-01
4.0014302e+01	8.7094451e-02
4.0036111e+01	-6.4446853e-02
4.0057920e+01	2.5170033e-01
4.0079729e+01	4.0155368e-02
4.0101538e+01	-1.5537033e-02
4.0123347e+01	5.8484251e-02
4.0145156e+01	-1.1641224e-01
4.0166965e+01	4.6350209e-02
4.0188774e+01	-2.2223538e-01
4.0210583e+01	-1.6127163e-02
4.0232392e+01	1.4768652e-01
4.0254200e+01	2.8248841e-01
4.0276009e+01	1.2219332e-01
4.0297818e+01	1.9985123e-02
4.0319627e+01	1.5431475e-01
4.0341436e+01	3.3620816e-01
4.0363245e+01	-2.0077791e-01
4.0385054e+01	-1.3619273e-01
4.0406863e+01	4.1084038e-02
4.0428672e+01	2.2725741e-01
4.0450481e+01	1.7870944e-01
4.0472290e+01	-1.0033752e-01
4.0494099e+01	5.7279566e-02
4.0515908e+01	-2.4261842e-02
4.0537717e+01	2.3506604e-02
4.0559526e+01	7.6721416e-02
4.0581335e+01	2.5640548e-01
4.0603143e+01	2.4716059e-02
4.0624952e+01	-4.8576168e-02
4.0646761e+01	-1.0741318e-01
4.0668570e+01	2.6813748e-02
4.0690379e+01	4.5050676e-02
4.0712188e+01	1.0502960e-01
4.0733997e+01	-4.4346286e-02
4.0755806e+01	-1.9868752e-02
4.0777615e+01	-2.4295882e-02
4.0799424e+01	-2.8419001e-02
4.0821233e+01	5.4486107e-04
4.0843042e+01	-8.6635942e-03
4.0864851e+01	-5.8596798e-02
4.0886660e+01	-4.3619745e-02
4.0908469e+01	1.1685392e-02
4.0930278e+01	2.7281914e-02
4.0952086e+01	6.5434573e-02
4.0973895e+01	2.0118960e-01
4.0995704e+01	-4.9033781e-02
4.1017513e+01	-7.0109871e-02
4.1039322e+01	5.2374998e-02
4.1061131e+01	1.5074717e-01
4.1082940e+01	2.6476005e-01
4.1104749e+01	-9.4803394e-02
4.1126558e+01	7.0283613e-02
4.1148367e+01	7.7609753e-02
4.1170176e+01	-1.0526747e-01
4.1191985e+01	-8.9383185e-02
4.1213794e+01	-4.2578775e-02
4.1235603e+01	-1.0967374e-02
4.1257412e+01	1.3946499e-03
4.1279221e+01	8.2088100e-02
4.1301029e+01	5.0848373e-02
4.1322838e+01	-4.5385360e-02
4.1344647e+01	-2.8443620e-04
4.1366456e+01	-2.6370850e-02
4.1388265e+01	2.3345087e-01
4.1410074e+01	-2.9519349e-02
4.1431883e+01	-1.8492255e-02
4.1453692e+01	1.0600981e-01
4.1475501e+01	4.3350381e-02
4.1497310e+01	6.3146671e-02
4.1519119e+01	-4.1288331e-02
4.1540928e+01	-6.8995239e-02
4.1562737e+01	6.9945084e-02
4.1584546e+01	-2.1921072e-01
4.1606355e+01	-1.3570681e-02
4.1628164e+01	2.2521170e-02
4.1649972e+01	-1.3220729e-01
4.1671781e+01	3.4518817e-02
4.1693590e+01	7.7155203e-02
4.1715399e+01	4.3498268e-02
4.1737208e+01	9.4935562e-02
4.1759017e+01	5.8679759e-01
4.1780826e+01	3.5181005e-01
4.1802635e+01	2.7037365e-01
4.1824444e+01	6.5183380e-01
4.1846253e+01	5.6413219e-01
4.1868062e+01	6.2772250e-01
4.1889871e+01	6.9200940e-01
4.1911680e+01	3.8435554e-01
4.1933489e+01	1.4420058e-01
4.1955298e+01	-4.3496389e-02
4.1977107e+01	5.8077441e-02
4.1998916e+01	2.9634231e-02
4.2020724e+01	-6.5174615e-02
4.2042533e+01	-1.9563932e-02
4.2064342e+01	-2.8340543e-01
4.2086151e+01	8.6683780e-02
4.2107960e+01	2.8822428e-02
4.2129769e+01	-4.4036805e-02
4.2151578e+01	2.9685333e-02
4.2173387e+01	8.4782474e-02
4.2195196e+01	1.7492933e-01
4.2217005e+01	-3.9450903e-02
4.2238814e+01	-3.9529753e-02
4.2260623e+01	-8.2196246e-02
4.2282432e+01	9.2757088e-03
4.2304241e+01	-3.5145174e-02
4.2326050e+01	2.0606733e-01
4.2347859e+01	6.6493979e-03
4.2369667e+01	-2.0057503e-02
4.2391476e+01	3.6174991e-01
4.2413285e+01	7.1675896e-01
4.2435094e+01	8.7185664e-01
4.2456903e+01	9.4635295e-01
4.2478712e+01	1.4915189e+00
4.2500521e+01	1.8461674e+00
4.2522330e+01	1.8114766e+00
4.2544139e+01	2.1013624e+00
4.2565948e+01	2.2276178e+00
4.2587757e+01	2.0853977e+00
4.2609566e+01	1.7061513e+00
4.2631375e+01	1.6616135e+00
4.2653184e+01	1.6922362e+00
4.2674993e+01	1.2300336e+00
4.2696802e+01	1.0830285e+00
4.2718610e+01	8.5367697e-01
4.2740419e+01	6.3224502e-01
4.2762228e+01	2.6648164e-01
4.2784037e+01	1.1609981e-01
4.2805846e+01	1.9849251e-01
4.2827655e+01	5.5935689e-03
4.2849464e+01	-7.8329914e-02
4.2871273e+01	7.3910071e-02
4.2893082e+01	1.0205826e-01
4.2914891e+01	-3.3323076e-02
4.2936700e+01	-3.0144402e-01
4.2958509e+01	3.2986577e-02
4.2980318e+01	-6.4800258e-03
4.3002127e+01	-4.9295381e-02
4.3023936e+01	4.0926674e-02
4.3045745e+01	3.9174003e-02
4.3067553e+01	-1.2000537e-01
4.3089362e+01	6.3644217e-02
4.3111171e+01	9.8674516e-02
4.3132980e+01	9.5966904e-02
4.3154789e+01	2.6361051e-02
4.3176598e+01	-6.8642445e-03
4.3198407e+01	-6.1102260e-02
4.3220216e+01	2.0691240e-02
4.3242025e+01	4.3290842e-02
4.3263834e+01	-2.4236824e-01
4.3285643e+01	-4.8842083e-02
4.3307452e+01	7.8311925e-03
4.3329261e+01	7.4363043e-02
4.3351070e+01	4.7257145e-01
4.3372879e+01	3.7521694e-01
4.3394688e+01	4.7244046e-01
4.3416496e+01	2.4298271e-01
4.3438305e+01	1.2413084e-01
4.3460114e+01	-9.3853997e-02
4.3481923e+01	-7.6557485e-02
4.3503732e+01	3.0923962e-02
4.3525541e+01	5.9067563e-02
4.3547350e+01	2.0693873e-01
4.3569159e+01	8.3322426e-02
4.3590968e+01	-1.9371315e-02
4.3612777e+01	-8.2968091e-02
4.3634586e+01	5.8595867e-01
4.3656395e+01	8.7585290e-01
4.3678204e+01	1.6028295e+00
4.3700013e+01	2.2195974e+00
4.3721822e+01	2.6160136e+00
4.3743631e+01	3.0942099e+00
4.3765439e+01	3.7633702e+00
4.3787248e+01	4.6051645e+00
4.3809057e+01	5.0893977e+00
4.3830866e+01	5.7559797e+00
4.3852675e+01	6.0197054e+00
4.3874484e+01	6.4061358e+00
4.3896293e+01	6.1438537e+00
4.3918102e+01	5.2915611e+00
4.3939911e+01	4.5939189e+00
4.3961720e+01	3.6982720e+00
4.3983529e+01	3.1600704e+00
4.4005338e+01	2.3318029e+00
4.4027147e+01	1.6366604e+00
4.4048956e+01	1.0046189e+00
4.4070765e+01	7.8283235e-01
4.4092574e+01	5.7876159e-01
4.4114383e+01	2.9345956e-01
4.4136191e+01	-1.5624884e-01
4.4158000e+01	1.5158744e-01
4.4179809e+01	3.1008569e-01
4.4201618e+01	1.3450694e-01
4.4223427e+01	3.3541855e-01
4.4245236e+01	4.0620073e-02
4.4267045e+01	7.6018012e-03
4.4288854e+01	-2.1350179e-01
4.4310663e+01	4.2512492e-01
4.4332472e+01	2.7154429e-01
4.4354281e+01	3.9223874e-02
4.4376090e+01	-3.8258400e-03
4.4397899e+01	2.7536264e-01
4.4419708e+01	3.5320415e-01
4.4441517e+01	4.5658847e-01
4.4463326e+01	4.8213372e-02
4.4485134e+01	-9.6402357e-02
4.4506943e+01	6.9879516e-01
4.4528752e+01	3.9906906e-01
4.4550561e+01	4.6953145e-01
4.4572370e+01	-4.4395106e-02
4.4594179e+01	1.0194032e-01
4.4615988e+01	1.1767598e-01
4.4637797e+01	-7.5568534e-02
4.4659606e+01	4.3236096e-01
4.4681415e+01	5.8727430e-01
4.4703224e+01	4.6404110e-02
4.4725033e+01	-2.6400098e-01
4.4746842e+01	1.2474672e-01
4.4768651e+01	1.3227592e-01
4.4790460e+01	2.2876137e-01
4.4812269e+01	4.4627030e-02
4.4834077e+01	-2.1876116e-02
4.4855886e+01	-4.7870204e-03
4.4877695e+01	-7.9506983e-02
4.4899504e+01	5.8720904e-01
4.4921313e+01	9.3696507e-01
4.4943122e+01	1.0204781e+00
4.4964931e+01	8.3957911e-01
4.4986740e+01	1.2367941e+00