Image file: \\Gfs05\g45\SAXS\2020_12\HDF5\2020-12.10_Kevin_day2_SN\2020-12-10_Max_Cu123_SN_000017_data_000051.h5
ImageIntegration1d_chi_output; Output_Directory= \\Gfs05\g45\SAXS\2020_12\Processed\2020-12-09_Kevin_day1_SN\Chi-Sample-7
Profile = Radial, StartAzimuth = 0.0, EndAzimuth = 360.0, Sam_Det_distance = 250.818474293, InnerRadius = 15.0, OuterRadius = 2400.0, Lambda = 30, Ratio = 0.001, Itermax = 100
2400
2.0013229e+00	1.3767156e-01
2.0231319e+00	-1.1807867e-01
2.0449408e+00	3.2753977e-01
2.0667497e+00	6.4496407e-02
2.0885587e+00	-2.1593780e-01
2.1103676e+00	2.3514495e-01
2.1321765e+00	3.1731371e-02
2.1539855e+00	3.8514492e-02
2.1757944e+00	-2.1399188e-02
2.1976034e+00	-2.7239643e-02
2.2194123e+00	5.6016959e-02
2.2412212e+00	2.2215918e-02
2.2630302e+00	-2.4788393e-02
2.2848391e+00	1.2638902e-01
2.3066480e+00	3.3874790e-01
2.3284570e+00	4.0760407e-02
2.3502659e+00	-1.1621316e-01
2.3720749e+00	-2.4555936e-02
2.3938838e+00	-2.8238417e-02
2.4156927e+00	-1.6055308e-01
2.4375017e+00	9.8943370e-02
2.4593106e+00	1.1240593e-01
2.4811196e+00	2.8427303e-01
2.5029285e+00	1.3260961e-01
2.5247374e+00	-2.0105211e-01
2.5465464e+00	-1.8944928e-02
2.5683553e+00	2.2963108e-01
2.5901642e+00	3.8598988e-01
2.6119732e+00	2.6667095e-01
2.6337821e+00	-1.5214471e-02
2.6555911e+00	3.8210358e-01
2.6774000e+00	1.0393680e-01
2.6992089e+00	-2.3124502e-01
2.7210179e+00	-1.9992861e-02
2.7428268e+00	5.8074450e-02
2.7646358e+00	4.3534044e-02
2.7864447e+00	6.7011301e-02
2.8082536e+00	1.4281191e-01
2.8300626e+00	-1.1292329e-01
2.8518715e+00	-1.2886549e-01
2.8736804e+00	1.3687307e-01
2.8954894e+00	3.4121161e-01
2.9172983e+00	-1.8952398e-03
2.9391073e+00	-1.8158428e-01
2.9609162e+00	7.1094766e-02
2.9827251e+00	1.9034799e-01
3.0045341e+00	9.4069355e-02
3.0263430e+00	1.7250905e-02
3.0481519e+00	-1.0319570e-01
3.0699609e+00	-1.1613641e-01
3.0917698e+00	5.5958515e-02
3.1135788e+00	2.7205916e-02
3.1353877e+00	-2.4670399e-02
3.1571966e+00	-1.9064387e-02
3.1790056e+00	-7.4700174e-02
3.2008145e+00	4.1292118e-02
3.2226235e+00	1.7433069e-02
3.2444324e+00	3.2799298e-02
3.2662413e+00	6.9944766e-02
3.2880503e+00	1.5927860e-01
3.3098592e+00	-2.6509581e-02
3.3316681e+00	-1.5605817e-01
3.3534771e+00	-5.6020405e-02
3.3752860e+00	-1.2454165e-01
3.3970950e+00	1.3986066e-01
3.4189039e+00	6.9865393e-02
3.4407128e+00	8.9350826e-03
3.4625218e+00	6.7622271e-02
3.4843307e+00	3.0904225e-02
3.5061396e+00	1.1887582e-01
3.5279486e+00	-1.9748426e-01
3.5497575e+00	-5.0779573e-02
3.5715665e+00	-7.7424900e-02
3.5933754e+00	-7.6836818e-02
3.6151843e+00	-5.6963558e-03
3.6369933e+00	6.5050391e-02
3.6588022e+00	1.2098999e-01
3.6806112e+00	4.5702928e-04
3.7024201e+00	1.2944735e-01
3.7242290e+00	4.5926567e-02
3.7460380e+00	1.3956567e-01
3.7678469e+00	-7.5752590e-02
3.7896558e+00	-2.4757194e-01
3.8114648e+00	-1.0034129e-01
3.8332737e+00	4.3700816e-02
3.8550827e+00	-7.3156011e-03
3.8768916e+00	9.4189286e-02
3.8987005e+00	7.3428897e-02
3.9205095e+00	-5.1859228e-02
3.9423184e+00	5.7527395e-02
3.9641273e+00	-4.2563553e-02
3.9859363e+00	-7.4300385e-02
4.0077452e+00	7.0414880e-02
4.0295542e+00	-6.7976404e-02
4.0513631e+00	-4.0063366e-02
4.0731720e+00	2.3949340e-01
4.0949810e+00	2.7340625e-01
4.1167899e+00	1.5579814e-02
4.1385989e+00	2.8582858e-02
4.1604078e+00	1.1797305e-01
4.1822167e+00	-1.3300308e-02
4.2040257e+00	-5.3446031e-02
4.2258346e+00	-6.2517990e-02
4.2476435e+00	-3.3325958e-02
4.2694525e+00	1.6684850e-02
4.2912614e+00	-1.4767444e-01
4.3130704e+00	4.4968479e-02
4.3348793e+00	1.9924035e-01
4.3566882e+00	3.9779092e-02
4.3784972e+00	-2.6065956e-03
4.4003061e+00	4.0039835e-02
4.4221151e+00	5.9828708e-02
4.4439240e+00	-1.1143539e-01
4.4657329e+00	3.4047562e-02
4.4875419e+00	5.6582941e-02
4.5093508e+00	-1.7737494e-01
4.5311597e+00	8.8802922e-02
4.5529687e+00	5.6065982e-02
4.5747776e+00	-8.9230931e-02
4.5965866e+00	-1.0949251e-01
4.6183955e+00	2.4587685e-02
4.6402044e+00	4.9155714e-02
4.6620134e+00	1.9375608e-02
4.6838223e+00	2.3968532e-01
4.7056312e+00	7.3165666e-02
4.7274402e+00	-1.0815886e-01
4.7492491e+00	-5.9015155e-03
4.7710581e+00	1.1100361e-01
4.7928670e+00	-1.5734087e-02
4.8146759e+00	6.3582690e-03
4.8364849e+00	-1.0282407e-02
4.8582938e+00	1.8579223e-02
4.8801028e+00	-5.8654101e-02
4.9019117e+00	-1.3587035e-01
4.9237206e+00	2.4829024e-01
4.9455296e+00	3.3256737e-01
4.9673385e+00	1.0107237e-01
4.9891474e+00	4.1781820e-02
5.0109564e+00	1.4369348e-02
5.0327653e+00	-7.2861506e-02
5.0545743e+00	1.7827896e-02
5.0763832e+00	-3.5745401e-02
5.0981921e+00	-1.4122124e-02
5.1200011e+00	2.8919300e-01
5.1418100e+00	4.1593555e-01
5.1636189e+00	-5.2689539e-02
5.1854279e+00	-9.0000179e-02
5.2072368e+00	1.7363960e-01
5.2290458e+00	1.1115154e-01
5.2508547e+00	-2.7488750e-03
5.2726636e+00	-1.5421153e-01
5.2944726e+00	8.9979195e-02
5.3162815e+00	1.9371228e-01
5.3380905e+00	3.4761708e-02
5.3598994e+00	-7.3870071e-02
5.3817083e+00	-5.2999253e-02
5.4035173e+00	-4.8162011e-02
5.4253262e+00	-2.9970308e-02
5.4471351e+00	-1.3221418e-01
5.4689441e+00	2.5351837e-02
5.4907530e+00	1.7702425e-01
5.5125620e+00	1.1433922e-01
5.5343709e+00	-1.1462071e-02
5.5561798e+00	1.2735855e-01
5.5779888e+00	-5.0180042e-02
5.5997977e+00	-3.1812103e-02
5.6216066e+00	2.0094323e-02
5.6434156e+00	-9.5515927e-02
5.6652245e+00	-1.5720501e-01
5.6870335e+00	6.2286566e-02
5.7088424e+00	-3.8175553e-02
5.7306513e+00	4.9766264e-02
5.7524603e+00	8.9153662e-02
5.7742692e+00	5.2528229e-02
5.7960782e+00	-2.3035639e-02
5.8178871e+00	-1.2366984e-01
5.8396960e+00	-6.0790842e-04
5.8615050e+00	5.1193825e-02
5.8833139e+00	-6.7877720e-02
5.9051228e+00	6.1666654e-02
5.9269318e+00	7.4443388e-02
5.9487407e+00	9.3645934e-02
5.9705497e+00	-3.3291345e-02
5.9923586e+00	9.6233010e-02
6.0141675e+00	-2.1170135e-01
6.0359765e+00	-6.6906325e-02
6.0577854e+00	1.0589490e-01
6.0795944e+00	3.1369996e-02
6.1014033e+00	-1.1713762e-01
6.1232122e+00	8.2889911e-02
6.1450212e+00	2.7497689e-01
6.1668301e+00	1.1781415e-01
6.1886390e+00	-6.7727121e-02
6.2104480e+00	-5.8073092e-02
6.2322569e+00	4.1664313e-02
6.2540659e+00	-8.3960474e-02
6.2758748e+00	-1.0607823e-01
6.2976837e+00	1.8987371e-01
6.3194927e+00	-9.1922312e-03
6.3413016e+00	-6.2544296e-02
6.3631105e+00	3.0631334e-01
6.3849195e+00	1.2178295e-01
6.4067284e+00	2.4029207e-02
6.4285374e+00	-9.1810761e-02
6.4503463e+00	-6.1458336e-02
6.4721552e+00	1.6699243e-02
6.4939642e+00	-3.0100305e-03
6.5157731e+00	7.9260539e-02
6.5375821e+00	1.9126486e-01
6.5593910e+00	1.0283474e-01
6.5811999e+00	-8.3120907e-02
6.6030089e+00	-5.3638426e-02
6.6248178e+00	-6.9838722e-02
6.6466267e+00	5.9828172e-03
6.6684357e+00	8.3594430e-02
6.6902446e+00	-9.0449732e-02
6.7120536e+00	-5.5848684e-02
6.7338625e+00	1.6702331e-02
6.7556714e+00	2.5782028e-01
6.7774804e+00	2.2177172e-01
6.7992893e+00	2.8624592e-02
6.8210982e+00	-9.6762082e-02
6.8429072e+00	-4.9842030e-02
6.8647161e+00	1.0399823e-01
6.8865251e+00	6.4123142e-02
6.9083340e+00	-1.1229832e-01
6.9301429e+00	-1.6192631e-01
6.9519519e+00	1.1871014e-01
6.9737608e+00	2.1398050e-01
6.9955698e+00	1.1475680e-01
7.0173787e+00	4.5421038e-02
7.0391876e+00	-1.9611318e-01
7.0609966e+00	-9.7451892e-02
7.0828055e+00	-3.3575061e-02
7.1046144e+00	2.5766256e-01
7.1264234e+00	1.4736788e-01
7.1482323e+00	1.6454386e-01
7.1700413e+00	2.7019897e-02
7.1918502e+00	-2.2258626e-01
7.2136591e+00	-3.5153490e-02
7.2354681e+00	-4.9031144e-03
7.2572770e+00	4.6722796e-02
7.2790859e+00	1.3060241e-01
7.3008949e+00	2.9846754e-01
7.3227038e+00	1.4838079e-01
7.3445128e+00	-2.2525143e-01
7.3663217e+00	7.9061124e-02
7.3881306e+00	2.4614110e-01
7.4099396e+00	-1.3060676e-01
7.4317485e+00	-8.3642081e-02
7.4535575e+00	3.3980974e-02
7.4753664e+00	9.1012065e-02
7.4971753e+00	9.5138977e-02
7.5189843e+00	-1.2913536e-01
7.5407932e+00	-1.8812717e-02
7.5626021e+00	4.5886576e-02
7.5844111e+00	1.2568779e-01
7.6062200e+00	-1.1832473e-01
7.6280290e+00	1.1063007e-01
7.6498379e+00	3.7953136e-03
7.6716468e+00	-1.6955672e-01
7.6934558e+00	1.0854938e-02
7.7152647e+00	2.7151237e-03
7.7370737e+00	-5.6686441e-02
7.7588826e+00	-1.8651397e-02
7.7806915e+00	7.8358750e-02
7.8025005e+00	2.3722873e-01
7.8243094e+00	1.3242231e-01
7.8461183e+00	-1.3536378e-01
7.8679273e+00	-1.6995509e-02
7.8897362e+00	1.4859023e-01
7.9115452e+00	1.2269158e-01
7.9333541e+00	-8.9679922e-02
7.9551630e+00	1.9450357e-01
7.9769720e+00	-2.0541969e-02
7.9987809e+00	-2.7731767e-01
8.0205898e+00	-2.0923440e-01
8.0423988e+00	2.6221388e-01
8.0642077e+00	1.9343867e-01
8.0860167e+00	8.7945849e-02
8.1078256e+00	2.6965720e-01
8.1296345e+00	1.4797865e-01
8.1514435e+00	-1.0201780e-01
8.1732524e+00	-7.9915713e-02
8.1950614e+00	-3.3182201e-02
8.2168703e+00	1.6332320e-01
8.2386792e+00	-8.7497043e-05
8.2604882e+00	8.1053258e-03
8.2822971e+00	3.0640197e-02
8.3041060e+00	-4.3568039e-02
8.3259150e+00	1.8510002e-01
8.3477239e+00	2.8308573e-02
8.3695329e+00	-1.0058138e-01
8.3913418e+00	1.4040903e-02
8.4131507e+00	9.1838695e-02
8.4349597e+00	-2.7697972e-01
8.4567686e+00	-5.5656524e-02
8.4785775e+00	1.3178376e-01
8.5003865e+00	4.8558401e-02
8.5221954e+00	2.6808722e-01
8.5440044e+00	3.2382850e-01
8.5658133e+00	1.3559211e-01
8.5876222e+00	-2.3149368e-01
8.6094312e+00	4.3032305e-02
8.6312401e+00	1.5507671e-01
8.6530491e+00	1.6439553e-03
8.6748580e+00	-1.1444931e-01
8.6966669e+00	-6.2265159e-02
8.7184759e+00	2.4799173e-02
8.7402848e+00	2.7869559e-01
8.7620937e+00	3.2015696e-01
8.7839027e+00	7.5839622e-02
8.8057116e+00	1.2002041e-01
8.8275206e+00	9.4207117e-02
8.8493295e+00	-1.0513422e-01
8.8711384e+00	-1.6362698e-01
8.8929474e+00	1.3537792e-02
8.9147563e+00	7.3435226e-02
8.9365652e+00	-1.9163281e-01
8.9583742e+00	-1.0159870e-01
8.9801831e+00	6.5372885e-02
9.0019921e+00	1.6561676e-01
9.0238010e+00	1.2214841e-01
9.0456099e+00	8.7718774e-02
9.0674189e+00	3.0738016e-01
9.0892278e+00	-1.3989405e-01
9.1110368e+00	-1.0898385e-01
9.1328457e+00	1.1809986e-01
9.1546546e+00	-1.6017273e-04
9.1764636e+00	3.6755690e-02
9.1982725e+00	-4.4294584e-02
9.2200814e+00	2.1463450e-01
9.2418904e+00	2.7830443e-01
9.2636993e+00	-1.3602166e-01
9.2855083e+00	-1.1419831e-01
9.3073172e+00	-1.7602072e-02
9.3291261e+00	1.7156798e-01
9.3509351e+00	1.6287805e-01
9.3727440e+00	-4.6986761e-03
9.3945530e+00	-5.8701908e-02
9.4163619e+00	8.7426095e-02
9.4381708e+00	-3.2795860e-01
9.4599798e+00	1.3071899e-01
9.4817887e+00	6.8539825e-02
9.5035976e+00	1.9578754e-01
9.5254066e+00	-7.2238938e-02
9.5472155e+00	1.4512128e-01
9.5690245e+00	4.3958676e-01
9.5908334e+00	2.6690398e-01
9.6126423e+00	3.6420166e-01
9.6344513e+00	-3.4578086e-02
9.6562602e+00	-1.1925244e-01
9.6780691e+00	-2.9791488e-02
9.6998781e+00	-1.2546137e-01
9.7216870e+00	5.0545833e-01
9.7434960e+00	3.0089795e-01
9.7653049e+00	3.4586062e-02
9.7871138e+00	1.2698750e-01
9.8089228e+00	2.1806823e-01
9.8307317e+00	-1.5779600e-02
9.8525407e+00	6.1639909e-02
9.8743496e+00	-1.5702980e-01
9.8961585e+00	-6.4152410e-02
9.9179675e+00	4.3931664e-02
9.9397764e+00	2.0831807e-01
9.9615853e+00	7.9087674e-02
9.9833943e+00	-5.7113258e-02
1.0005203e+01	-1.7826185e-02
1.0027012e+01	4.7833180e-01
1.0048821e+01	2.2536934e-01
1.0070630e+01	-2.4795682e-02
1.0092439e+01	-3.8066595e-02
1.0114248e+01	9.7762681e-03
1.0136057e+01	9.1467952e-02
1.0157866e+01	4.9665256e-02
1.0179675e+01	-2.0755946e-01
1.0201484e+01	-2.7125602e-02
1.0223293e+01	1.7480908e-01
1.0245102e+01	8.3538503e-02
1.0266910e+01	-3.1141641e-01
1.0288719e+01	-7.8241619e-03
1.0310528e+01	1.1223528e-01
1.0332337e+01	6.4441148e-01
1.0354146e+01	1.3047289e+00
1.0375955e+01	2.1905501e+00
1.0397764e+01	2.4020154e+00
1.0419573e+01	2.7619674e+00
1.0441382e+01	3.1999535e+00
1.0463191e+01	3.7621352e+00
1.0485000e+01	4.6847700e+00
1.0506809e+01	5.8821833e+00
1.0528618e+01	6.9962186e+00
1.0550427e+01	7.7239014e+00
1.0572236e+01	8.5323612e+00
1.0594045e+01	9.1354174e+00
1.0615853e+01	9.3997565e+00
1.0637662e+01	9.2659290e+00
1.0659471e+01	8.2677373e+00
1.0681280e+01	6.8744079e+00
1.0703089e+01	5.4122483e+00
1.0724898e+01	3.9246200e+00
1.0746707e+01	2.9009614e+00
1.0768516e+01	1.7762820e+00
1.0790325e+01	1.1173053e+00
1.0812134e+01	9.2510371e-01
1.0833943e+01	7.9805575e-01
1.0855752e+01	6.5675989e-01
1.0877561e+01	3.1128558e-01
1.0899370e+01	-1.6556270e-01
1.0921179e+01	7.5387280e-03
1.0942988e+01	1.2097227e-01
1.0964796e+01	1.4915749e-01
1.0986605e+01	6.7100557e-02
1.1008414e+01	-2.6369680e-02
1.1030223e+01	3.8552592e-01
1.1052032e+01	6.4541898e-01
1.1073841e+01	6.6397443e-01
1.1095650e+01	8.5367818e-01
1.1117459e+01	1.3964341e+00
1.1139268e+01	1.5183673e+00
1.1161077e+01	1.7913654e+00
1.1182886e+01	1.5190815e+00
1.1204695e+01	1.8384985e+00
1.1226504e+01	2.2514523e+00
1.1248313e+01	2.3360778e+00
1.1270122e+01	8.7005893e-01
1.1291931e+01	5.4437259e-01
1.1313740e+01	5.9701871e-01
1.1335548e+01	3.1277096e-01
1.1357357e+01	-8.4438018e-02
1.1379166e+01	-2.2921184e-02
1.1400975e+01	8.6505838e-02
1.1422784e+01	1.0032796e-01
1.1444593e+01	2.0152973e-02
1.1466402e+01	-1.1219230e-01
1.1488211e+01	-9.7483951e-02
1.1510020e+01	-4.7762482e-02
1.1531829e+01	-1.5428106e-02
1.1553638e+01	4.9103576e-02
1.1575447e+01	-8.8568202e-02
1.1597256e+01	9.8179424e-02
1.1619065e+01	3.9725237e-01
1.1640874e+01	3.4795816e-02
1.1662683e+01	8.7288132e-02
1.1684491e+01	-9.6599116e-02
1.1706300e+01	-1.5859224e-01
1.1728109e+01	1.4273124e-01
1.1749918e+01	6.5480147e-02
1.1771727e+01	-1.3834481e-01
1.1793536e+01	1.6591315e-02
1.1815345e+01	7.8355875e-02
1.1837154e+01	-4.5750472e-02
1.1858963e+01	1.7500050e-02
1.1880772e+01	1.7276575e-01
1.1902581e+01	1.9085107e-01
1.1924390e+01	-1.5193935e-01
1.1946199e+01	1.3289912e-02
1.1968008e+01	1.4342687e-01
1.1989817e+01	-6.7506513e-02
1.2011626e+01	-9.3411083e-02
1.2033434e+01	-1.7578983e-01
1.2055243e+01	1.6229076e-01
1.2077052e+01	-1.0126518e-01
1.2098861e+01	6.3447678e-02
1.2120670e+01	1.4306597e-01
1.2142479e+01	2.2251091e-01
1.2164288e+01	-1.7435281e-02
1.2186097e+01	-4.1116674e-02
1.2207906e+01	-5.1861637e-02
1.2229715e+01	3.8295252e-01
1.2251524e+01	3.2116678e-01
1.2273333e+01	3.3425502e-01
1.2295142e+01	3.9183762e-01
1.2316951e+01	4.7710151e-02
1.2338760e+01	-1.8973435e-01
1.2360569e+01	-8.3755864e-03
1.2382377e+01	6.2467200e-02
1.2404186e+01	7.8592656e-02
1.2425995e+01	-1.9298397e-02
1.2447804e+01	-2.2839397e-02
1.2469613e+01	6.9110159e-03
1.2491422e+01	2.7619401e-01
1.2513231e+01	5.5979046e-04
1.2535040e+01	-2.1072757e-02
1.2556849e+01	7.2942618e-02
1.2578658e+01	1.1282310e-01
1.2600467e+01	-3.3029815e-02
1.2622276e+01	-1.2088162e-01
1.2644085e+01	-3.4304320e-02
1.2665894e+01	2.5712733e-01
1.2687703e+01	2.9413555e-01
1.2709512e+01	1.7936190e-01
1.2731320e+01	-1.8931880e-01
1.2753129e+01	3.3514031e-02
1.2774938e+01	7.8844590e-02
1.2796747e+01	-1.0529138e-01
1.2818556e+01	7.5298763e-02
1.2840365e+01	-1.1276679e-01
1.2862174e+01	-1.4780489e-01
1.2883983e+01	1.9765389e-02
1.2905792e+01	1.3441974e-01
1.2927601e+01	4.8748780e-02
1.2949410e+01	1.8162013e-01
1.2971219e+01	-7.6366384e-02
1.2993028e+01	2.7615462e-02
1.3014837e+01	2.3182713e-01
1.3036646e+01	4.0155073e-01
1.3058455e+01	6.1976374e-01
1.3080264e+01	9.3869018e-01
1.3102072e+01	8.0519309e-01
1.3123881e+01	6.3240470e-02
1.3145690e+01	2.8902134e-01
1.3167499e+01	3.8147585e-01
1.3189308e+01	5.5359672e-01
1.3211117e+01	5.5047397e-01
1.3232926e+01	6.9090348e-01
1.3254735e+01	5.9310890e-01
1.3276544e+01	4.0596692e-01
1.3298353e+01	5.6300142e-02
1.3320162e+01	-1.8866084e-01
1.3341971e+01	-1.8585560e-01
1.3363780e+01	4.5285700e-01
1.3385589e+01	7.4942522e-01
1.3407398e+01	9.7275152e-01
1.3429207e+01	7.7399632e-01
1.3451015e+01	6.1574707e-01
1.3472824e+01	6.4609921e-01
1.3494633e+01	4.6703815e-01
1.3516442e+01	3.8250830e-01
1.3538251e+01	2.7386456e-01
1.3560060e+01	1.0437236e-01
1.3581869e+01	7.3072835e-02
1.3603678e+01	-1.3003660e-01
1.3625487e+01	8.3726964e-03
1.3647296e+01	2.0861481e-01
1.3669105e+01	1.4977226e-01
1.3690914e+01	4.9945393e-02
1.3712723e+01	-1.4983272e-01
1.3734532e+01	8.3249103e-02
1.3756341e+01	1.4566039e-01
1.3778150e+01	-4.0414855e-02
1.3799958e+01	-1.9459561e-01
1.3821767e+01	-1.3314916e-01
1.3843576e+01	1.2373468e-01
1.3865385e+01	1.5180034e-01
1.3887194e+01	2.0458073e-02
1.3909003e+01	-1.1172260e-01
1.3930812e+01	2.2482773e-02
1.3952621e+01	-1.5215438e-01
1.3974430e+01	1.4111812e-05
1.3996239e+01	3.9291198e-02
1.4018048e+01	-1.5324465e-01
1.4039857e+01	9.3440978e-02
1.4061666e+01	3.1667586e-02
1.4083475e+01	1.1181182e-01
1.4105284e+01	8.3212916e-02
1.4127093e+01	-3.3773156e-02
1.4148901e+01	6.9366154e-02
1.4170710e+01	4.0807641e-02
1.4192519e+01	-1.8743976e-02
1.4214328e+01	2.0468004e-02
1.4236137e+01	-2.3634939e-01
1.4257946e+01	-1.2112453e-01
1.4279755e+01	2.0213053e-01
1.4301564e+01	9.7749087e-02
1.4323373e+01	3.9735505e-02
1.4345182e+01	1.8646574e-01
1.4366991e+01	-1.5462797e-01
1.4388800e+01	4.2273453e-02
1.4410609e+01	2.1708430e-01
1.4432418e+01	-3.2693385e-02
1.4454227e+01	-1.0927395e-01
1.4476036e+01	6.4834969e-03
1.4497844e+01	3.7470199e-02
1.4519653e+01	-9.5151362e-02
1.4541462e+01	1.0618726e-01
1.4563271e+01	9.8733011e-02
1.4585080e+01	9.5946703e-02
1.4606889e+01	-1.4504744e-01
1.4628698e+01	-1.1965441e-01
1.4650507e+01	-2.3737349e-02
1.4672316e+01	-2.5765023e-02
1.4694125e+01	1.5797453e-01
1.4715934e+01	-8.7023950e-03
1.4737743e+01	-2.7221345e-01
1.4759552e+01	7.7906492e-02
1.4781361e+01	1.7842935e-01
1.4803170e+01	6.0719197e-02
1.4824979e+01	3.5707680e-01
1.4846787e+01	5.1777454e-01
1.4868596e+01	7.0480417e-01
1.4890405e+01	1.2400869e+00
1.4912214e+01	1.4985731e+00
1.4934023e+01	1.2524458e+00
1.4955832e+01	1.0035194e+00
1.4977641e+01	1.2227150e+00
1.4999450e+01	1.4594510e+00
1.5021259e+01	1.6188725e+00
1.5043068e+01	1.3653868e+00
1.5064877e+01	1.1189281e+00
1.5086686e+01	9.3671659e-01
1.5108495e+01	3.5240560e-01
1.5130304e+01	1.4641324e-02
1.5152113e+01	6.5984013e-02
1.5173922e+01	1.3775798e-01
1.5195731e+01	-7.3803980e-03
1.5217539e+01	-1.3414322e-01
1.5239348e+01	-1.6981883e-01
1.5261157e+01	-5.0440237e-02
1.5282966e+01	3.1249167e-02
1.5304775e+01	1.9725876e-02
1.5326584e+01	1.4392580e-01
1.5348393e+01	3.6744508e-01
1.5370202e+01	4.0462476e-01
1.5392011e+01	2.2727777e-01
1.5413820e+01	9.2241397e-02
1.5435629e+01	-9.1385347e-02
1.5457438e+01	5.0242130e-02
1.5479247e+01	-5.8701615e-02
1.5501056e+01	-1.5317965e-01
1.5522865e+01	-4.4188708e-02
1.5544674e+01	-7.7226602e-02
1.5566482e+01	4.1898339e-02
1.5588291e+01	1.8984171e-01
1.5610100e+01	2.6203822e-01
1.5631909e+01	4.9648726e-01
1.5653718e+01	3.0000541e-01
1.5675527e+01	7.5843223e-02
1.5697336e+01	1.1387423e-01
1.5719145e+01	1.2769279e-01
1.5740954e+01	-1.8446623e-01
1.5762763e+01	-1.3412272e-01
1.5784572e+01	-1.0608176e-01
1.5806381e+01	4.2356290e-02
1.5828190e+01	-6.0689048e-02
1.5849999e+01	3.2236783e-02
1.5871808e+01	1.0775892e-01
1.5893617e+01	1.4072125e-01
1.5915425e+01	3.8123339e-02
1.5937234e+01	2.0814013e-03
1.5959043e+01	-3.1236909e-02
1.5980852e+01	-7.1875219e-02
1.6002661e+01	-4.8386449e-02
1.6024470e+01	-4.5782001e-02
1.6046279e+01	-2.5288855e-02
1.6068088e+01	1.9373596e-02
1.6089897e+01	-6.3671598e-02
1.6111706e+01	6.4584539e-02
1.6133515e+01	-1.2118101e-01
1.6155324e+01	2.8090764e-02
1.6177133e+01	8.9298106e-02
1.6198942e+01	1.5856021e-01
1.6220751e+01	9.6073713e-02
1.6242560e+01	-8.5802952e-02
1.6264368e+01	-1.1584285e-02
1.6286177e+01	3.2253074e-02
1.6307986e+01	-5.9125744e-02
1.6329795e+01	-3.4223789e-03
1.6351604e+01	-7.5557014e-02
1.6373413e+01	-1.3119189e-01
1.6395222e+01	1.2110500e-01
1.6417031e+01	1.9603968e-01
1.6438840e+01	-4.8972507e-03
1.6460649e+01	6.1691886e-02
1.6482458e+01	-2.1551755e-03
1.6504267e+01	-9.2132511e-02
1.6526076e+01	-6.8401453e-02
1.6547885e+01	-5.9980461e-02
1.6569694e+01	1.4065672e-01
1.6591503e+01	4.2905428e-01
1.6613311e+01	5.4789790e-01
1.6635120e+01	9.2507429e-01
1.6656929e+01	1.0816890e+00
1.6678738e+01	8.9060643e-01
1.6700547e+01	1.1116472e+00
1.6722356e+01	1.2789618e+00
1.6744165e+01	1.4175567e+00
1.6765974e+01	1.7100315e+00
1.6787783e+01	2.0259206e+00
1.6809592e+01	2.0335806e+00
1.6831401e+01	1.6431899e+00
1.6853210e+01	1.2446102e+00
1.6875019e+01	9.8191882e-01
1.6896828e+01	6.5384938e-01
1.6918637e+01	3.6807836e-01
1.6940446e+01	-2.0150731e-02
1.6962254e+01	5.4345496e-02
1.6984063e+01	3.2988637e-02
1.7005872e+01	-8.5586247e-02
1.7027681e+01	7.1500820e-02
1.7049490e+01	2.5016446e-02
1.7071299e+01	1.5089254e-02
1.7093108e+01	-1.7001937e-01
1.7114917e+01	-2.4606838e-02
1.7136726e+01	1.5242069e-01
1.7158535e+01	-1.8519211e-02
1.7180344e+01	2.9856761e-02
1.7202153e+01	-3.4389253e-02
1.7223962e+01	-8.3432634e-02
1.7245771e+01	3.2100024e-02
1.7267580e+01	-6.7330357e-03
1.7289389e+01	5.9064712e-02
1.7311198e+01	1.0736977e-02
1.7333006e+01	1.1201763e-01
1.7354815e+01	-1.1036066e-01
1.7376624e+01	-6.9779716e-02
1.7398433e+01	1.3177717e-01
1.7420242e+01	8.3783376e-02
1.7442051e+01	-5.0662999e-02
1.7463860e+01	-2.5803811e-02
1.7485669e+01	-1.8474260e-01
1.7507478e+01	-5.1058298e-02
1.7529287e+01	4.7503227e-02
1.7551096e+01	5.5493606e-02
1.7572905e+01	1.3127851e-01
1.7594714e+01	2.6233702e-02
1.7616523e+01	-9.8370417e-02
1.7638332e+01	5.9662991e-02
1.7660141e+01	-5.8189410e-02
1.7681949e+01	6.8221832e-02
1.7703758e+01	3.0948409e-02
1.7725567e+01	-6.9202545e-02
1.7747376e+01	5.2577468e-02
1.7769185e+01	-9.2181635e-02
1.7790994e+01	4.2618164e-02
1.7812803e+01	5.5149397e-02
1.7834612e+01	-1.1171599e-01
1.7856421e+01	-1.4105276e-01
1.7878230e+01	6.3019062e-02
1.7900039e+01	1.4217814e-01
1.7921848e+01	1.4514953e-01
1.7943657e+01	2.8461413e-02
1.7965466e+01	-8.4842195e-02
1.7987275e+01	9.1563891e-03
1.8009084e+01	-2.7544328e-02
1.8030892e+01	-6.3770473e-02
1.8052701e+01	-5.9489553e-02
1.8074510e+01	3.2820240e-02
1.8096319e+01	2.0781730e-01
1.8118128e+01	-6.6344491e-02
1.8139937e+01	-9.2825433e-02
1.8161746e+01	9.9802316e-02
1.8183555e+01	1.0123157e-01
1.8205364e+01	3.0440085e-02
1.8227173e+01	5.7377192e-02
1.8248982e+01	-5.7073599e-02
1.8270791e+01	-1.5577490e-01
1.8292600e+01	-1.7418027e-01
1.8314409e+01	8.8168181e-02
1.8336218e+01	7.3998310e-02
1.8358027e+01	1.0089249e-01
1.8379835e+01	-1.6304947e-02
1.8401644e+01	-9.3481558e-02
1.8423453e+01	-3.1851835e-02
1.8445262e+01	5.0166571e-02
1.8467071e+01	4.5281721e-01
1.8488880e+01	7.3016950e-01
1.8510689e+01	4.3756199e-01
1.8532498e+01	3.6765025e-01
1.8554307e+01	7.8135700e-02
1.8576116e+01	-6.1531995e-02
1.8597925e+01	-5.0491734e-03
1.8619734e+01	1.3671051e-01
1.8641543e+01	3.1360450e-01
1.8663352e+01	5.3914687e-01
1.8685161e+01	5.2658194e-01
1.8706970e+01	4.2401578e-01
1.8728778e+01	3.0334306e-01
1.8750587e+01	2.3799016e-01
1.8772396e+01	3.0148441e-02
1.8794205e+01	-1.0491895e-01
1.8816014e+01	-3.5022036e-02
1.8837823e+01	-9.3695687e-02
1.8859632e+01	-9.7184902e-02
1.8881441e+01	2.2043079e-03
1.8903250e+01	9.8160242e-02
1.8925059e+01	5.2443831e-02
1.8946868e+01	-1.1770156e-02
1.8968677e+01	-2.3791486e-02
1.8990486e+01	-5.9073962e-02
1.9012295e+01	1.1719015e-01
1.9034104e+01	4.3421323e-02
1.9055913e+01	7.7262584e-02
1.9077721e+01	5.2958975e-02
1.9099530e+01	-1.0277914e-01
1.9121339e+01	-1.7317975e-01
1.9143148e+01	-7.0891023e-02
1.9164957e+01	8.8299499e-02
1.9186766e+01	2.0478980e-02
1.9208575e+01	-2.8166878e-02
1.9230384e+01	-5.7786136e-02
1.9252193e+01	1.1306152e-01
1.9274002e+01	7.6791957e-03
1.9295811e+01	-7.6746280e-02
1.9317620e+01	2.2965340e-01
1.9339429e+01	1.8904648e-01
1.9361238e+01	3.5008135e-01
1.9383047e+01	4.2783324e-01
1.9404856e+01	3.8704334e-01
1.9426665e+01	6.6960617e-02
1.9448473e+01	-8.3946430e-02
1.9470282e+01	9.6488448e-02
1.9492091e+01	-1.0907455e-01
1.9513900e+01	-6.9488232e-02
1.9535709e+01	4.8545247e-02
1.9557518e+01	8.2929686e-02
1.9579327e+01	-1.4437521e-01
1.9601136e+01	-1.0482345e-01
1.9622945e+01	1.8196741e-01
1.9644754e+01	7.2437776e-02
1.9666563e+01	-5.8855308e-02
1.9688372e+01	-7.5892477e-02
1.9710181e+01	-7.0786931e-02
1.9731990e+01	-1.8054127e-03
1.9753799e+01	1.7521357e-01
1.9775608e+01	1.1286562e-01
1.9797416e+01	-5.0831719e-02
1.9819225e+01	-1.6165966e-02
1.9841034e+01	-5.1576707e-02
1.9862843e+01	1.4188896e-02
1.9884652e+01	1.0463546e-01
1.9906461e+01	4.5535469e-01
1.9928270e+01	4.6884134e-01
1.9950079e+01	3.8045460e-01
1.9971888e+01	2.3283632e-01
1.9993697e+01	1.2379774e-01
2.0015506e+01	2.6248968e-02
2.0037315e+01	-1.9813148e-01
2.0059124e+01	-1.7433617e-01
2.0080933e+01	6.9846712e-02
2.0102742e+01	1.5640144e-02
2.0124551e+01	7.5336721e-02
2.0146359e+01	-1.7604081e-02
2.0168168e+01	-2.1008702e-01
2.0189977e+01	-5.9401508e-02
2.0211786e+01	-2.0852074e-02
2.0233595e+01	3.4041412e-02
2.0255404e+01	1.3703865e-01
2.0277213e+01	2.7041949e-01
2.0299022e+01	4.9711657e-01
2.0320831e+01	4.5719441e-01
2.0342640e+01	3.9173755e-01
2.0364449e+01	2.2979813e-01
2.0386258e+01	6.9137680e-02
2.0408067e+01	-4.0023794e-02
2.0429876e+01	3.9375898e-02
2.0451685e+01	4.0820567e-02
2.0473494e+01	3.9212616e-01
2.0495302e+01	6.0503420e-01
2.0517111e+01	6.9956284e-01
2.0538920e+01	9.5858924e-01
2.0560729e+01	7.1766153e-01
2.0582538e+01	3.2220685e-01
2.0604347e+01	1.5363835e-01
2.0626156e+01	-6.3303866e-03
2.0647965e+01	-1.3247524e-01
2.0669774e+01	-5.1074317e-02
2.0691583e+01	8.8361029e-02
2.0713392e+01	-1.5258652e-01
2.0735201e+01	-1.6451623e-02
2.0757010e+01	2.6650924e-01
2.0778819e+01	2.0296952e-01
2.0800628e+01	-1.2112514e-01
2.0822437e+01	-1.1932724e-01
2.0844245e+01	-7.3760923e-02
2.0866054e+01	5.1001576e-03
2.0887863e+01	9.8505730e-02
2.0909672e+01	1.3588880e-01
2.0931481e+01	1.6409289e-02
2.0953290e+01	3.3871851e-01
2.0975099e+01	7.9981409e-01
2.0996908e+01	1.0149068e+00
2.1018717e+01	1.5428612e+00
2.1040526e+01	2.2164121e+00
2.1062335e+01	2.7554853e+00
2.1084144e+01	2.8805473e+00
2.1105953e+01	3.1444199e+00
2.1127762e+01	3.5803959e+00
2.1149571e+01	4.0716818e+00
2.1171380e+01	5.1262025e+00
2.1193188e+01	6.5146236e+00
2.1214997e+01	7.9850849e+00
2.1236806e+01	8.9595710e+00
2.1258615e+01	9.6612226e+00
2.1280424e+01	9.6845655e+00
2.1302233e+01	9.0867724e+00
2.1324042e+01	7.6915149e+00
2.1345851e+01	6.5211248e+00
2.1367660e+01	5.1953978e+00
2.1389469e+01	4.0481845e+00
2.1411278e+01	2.9868548e+00
2.1433087e+01	2.3424003e+00
2.1454896e+01	2.0538406e+00
2.1476705e+01	2.3049046e+00
2.1498514e+01	2.3948329e+00
2.1520323e+01	2.8330932e+00
2.1542132e+01	3.2551332e+00
2.1563940e+01	3.4099487e+00
2.1585749e+01	3.4250203e+00
2.1607558e+01	3.1639857e+00
2.1629367e+01	2.5697177e+00
2.1651176e+01	2.0919390e+00
2.1672985e+01	1.3842442e+00
2.1694794e+01	6.9292814e-01
2.1716603e+01	4.1826642e-01
2.1738412e+01	4.8289778e-02
2.1760221e+01	-1.8116105e-02
2.1782030e+01	-2.4106280e-02
2.1803839e+01	5.6344608e-02
2.1825648e+01	1.0965942e-02
2.1847457e+01	3.2787531e-02
2.1869266e+01	-2.1953062e-01
2.1891075e+01	-3.3509340e-03
2.1912883e+01	2.3353983e-01
2.1934692e+01	7.8116484e-02
2.1956501e+01	-1.0534606e-01
2.1978310e+01	-2.4833271e-02
2.2000119e+01	1.0077673e-01
2.2021928e+01	2.7611106e-02
2.2043737e+01	7.4827387e-02
2.2065546e+01	-3.0449078e-02
2.2087355e+01	-1.0432614e-01
2.2109164e+01	-1.0933420e-01
2.2130973e+01	7.5283716e-02
2.2152782e+01	1.4216891e-01
2.2174591e+01	1.2955513e-01
2.2196400e+01	-9.9076497e-03
2.2218209e+01	-6.8845074e-02
2.2240018e+01	-1.7811089e-01
2.2261826e+01	4.5645675e-02
2.2283635e+01	-1.6858627e-02
2.2305444e+01	7.4854933e-02
2.2327253e+01	7.2459578e-02
2.2349062e+01	-2.9901528e-02
2.2370871e+01	-4.9545611e-02
2.2392680e+01	-9.2204704e-02
2.2414489e+01	-1.0902776e-02
2.2436298e+01	1.7857348e-01
2.2458107e+01	3.4245452e-02
2.2479916e+01	5.8109365e-02
2.2501725e+01	-1.4734315e-01
2.2523534e+01	-1.3718136e-01
2.2545343e+01	8.3958884e-02
2.2567152e+01	1.4966334e-01
2.2588961e+01	1.1594443e-01
2.2610769e+01	-6.7626900e-02
2.2632578e+01	-7.3782141e-02
2.2654387e+01	1.6851054e-03
2.2676196e+01	1.8015333e-02
2.2698005e+01	-4.0465053e-02
2.2719814e+01	-9.3300636e-02
2.2741623e+01	5.8898329e-02
2.2763432e+01	9.0480405e-02
2.2785241e+01	-6.5742957e-03
2.2807050e+01	-6.5316380e-03
2.2828859e+01	-6.7177590e-02
2.2850668e+01	6.3991354e-02
2.2872477e+01	1.2619161e-01
2.2894286e+01	-7.3708341e-02
2.2916095e+01	-6.1125896e-03
2.2937904e+01	9.6324393e-02
2.2959712e+01	-2.1988534e-01
2.2981521e+01	8.7430650e-03
2.3003330e+01	-2.2282022e-02
2.3025139e+01	9.0288699e-03
2.3046948e+01	1.0336944e-01
2.3068757e+01	8.2104009e-02
2.3090566e+01	-1.2462719e-01
2.3112375e+01	-3.5624181e-02
2.3134184e+01	1.2240317e-01
2.3155993e+01	2.3003292e-01
2.3177802e+01	1.1027986e-01
2.3199611e+01	5.6903768e-03
2.3221420e+01	-2.4357944e-02
2.3243229e+01	-2.0052586e-01
2.3265038e+01	-1.0209571e-01
2.3286847e+01	-4.8049659e-02
2.3308655e+01	-8.0559844e-02
2.3330464e+01	-4.1165214e-02
2.3352273e+01	2.6659342e-02
2.3374082e+01	1.2059261e-01
2.3395891e+01	1.0465070e-01
2.3417700e+01	7.2205975e-02
2.3439509e+01	8.4070442e-02
2.3461318e+01	-1.1642024e-01
2.3483127e+01	-9.4684170e-02
2.3504936e+01	9.7127092e-02
2.3526745e+01	3.8882794e-01
2.3548554e+01	6.7319832e-01
2.3570363e+01	9.8433132e-01
2.3592172e+01	1.0684740e+00
2.3613981e+01	1.3207335e+00
2.3635790e+01	2.1565278e+00
2.3657599e+01	2.7888241e+00
2.3679407e+01	3.7340144e+00
2.3701216e+01	4.7667878e+00
2.3723025e+01	5.7166404e+00
2.3744834e+01	6.6819232e+00
2.3766643e+01	7.4436744e+00
2.3788452e+01	8.5487110e+00
2.3810261e+01	9.3940871e+00
2.3832070e+01	9.4852277e+00
2.3853879e+01	8.7744990e+00
2.3875688e+01	7.8697001e+00
2.3897497e+01	6.7467290e+00
2.3919306e+01	5.5725657e+00
2.3941115e+01	4.3741064e+00
2.3962924e+01	2.8928662e+00
2.3984733e+01	1.9724121e+00
2.4006542e+01	1.1508133e+00
2.4028350e+01	6.0945168e-01
2.4050159e+01	3.4998747e-01
2.4071968e+01	1.7253568e-01
2.4093777e+01	-1.2534608e-02
2.4115586e+01	-1.9119528e-02
2.4137395e+01	-4.1997796e-02
2.4159204e+01	-8.2483284e-02
2.4181013e+01	8.1198566e-02
2.4202822e+01	-5.2715041e-03
2.4224631e+01	-3.4566013e-02
2.4246440e+01	-1.2834597e-01
2.4268249e+01	-2.0450708e-02
2.4290058e+01	-6.0226447e-02
2.4311867e+01	-1.3645206e-02
2.4333676e+01	1.4376151e-02
2.4355485e+01	8.3801191e-02
2.4377293e+01	1.3802135e-01
2.4399102e+01	2.5693572e-02
2.4420911e+01	-3.1745450e-02
2.4442720e+01	-5.8754677e-02
2.4464529e+01	-6.5713418e-02
2.4486338e+01	-9.2804891e-02
2.4508147e+01	1.1891878e-01
2.4529956e+01	1.0324274e-01
2.4551765e+01	1.3461885e-01
2.4573574e+01	2.8709938e-01
2.4595383e+01	5.2341200e-01
2.4617192e+01	5.3688107e-01
2.4639001e+01	6.9002251e-01
2.4660810e+01	3.0660095e-01
2.4682619e+01	-4.5524981e-02
2.4704428e+01	5.3231236e-02
2.4726236e+01	1.6305814e-01
2.4748045e+01	-3.4465955e-02
2.4769854e+01	-4.2654574e-02
2.4791663e+01	-1.7104890e-01
2.4813472e+01	-4.3315797e-02
2.4835281e+01	-1.3730451e-01
2.4857090e+01	8.2855057e-02
2.4878899e+01	2.8881078e-01
2.4900708e+01	2.5703907e-01
2.4922517e+01	8.3247360e-02
2.4944326e+01	-1.4747742e-01
2.4966135e+01	-5.0618816e-02
2.4987944e+01	-5.8496538e-02
2.5009753e+01	1.2803356e-01
2.5031562e+01	7.9179099e-02
2.5053371e+01	-3.5850728e-02
2.5075179e+01	1.8397215e-03
2.5096988e+01	-8.3145403e-02
2.5118797e+01	2.2196814e-02
2.5140606e+01	-9.3804451e-02
2.5162415e+01	6.1620227e-02
2.5184224e+01	1.7297489e-01
2.5206033e+01	-9.4499286e-03
2.5227842e+01	1.1360578e-01
2.5249651e+01	2.9439368e-01
2.5271460e+01	1.3197072e-01
2.5293269e+01	-5.5876863e-02
2.5315078e+01	4.6860413e-02
2.5336887e+01	-1.7016983e-01
2.5358696e+01	-7.9595842e-02
2.5380505e+01	2.9077404e-02
2.5402314e+01	2.7388662e-03
2.5424123e+01	4.1428774e-02
2.5445931e+01	-2.7716799e-02
2.5467740e+01	-1.4906239e-02
2.5489549e+01	-5.3056561e-02
2.5511358e+01	-5.7082333e-02
2.5533167e+01	5.8709934e-03
2.5554976e+01	1.4527130e-01
2.5576785e+01	1.1659110e-01
2.5598594e+01	-9.2218388e-02
2.5620403e+01	6.7835986e-02
2.5642212e+01	2.7230094e-02
2.5664021e+01	-1.3157542e-01
2.5685830e+01	-1.0299472e-02
2.5707639e+01	-5.7932262e-03
2.5729448e+01	-9.5193867e-02
2.5751257e+01	-1.3577570e-01
2.5773066e+01	7.4009154e-03
2.5794874e+01	9.5923381e-02
2.5816683e+01	1.8739985e-01
2.5838492e+01	7.4475933e-02
2.5860301e+01	-1.1558179e-02
2.5882110e+01	-2.0585395e-02
2.5903919e+01	3.7010269e-02
2.5925728e+01	3.2905249e-01
2.5947537e+01	7.0989707e-01
2.5969346e+01	1.0840525e+00
2.5991155e+01	1.3128692e+00
2.6012964e+01	1.5826397e+00
2.6034773e+01	1.7525635e+00
2.6056582e+01	1.9723990e+00
2.6078391e+01	1.7246028e+00
2.6100200e+01	1.5732552e+00
2.6122009e+01	1.3528629e+00
2.6143817e+01	1.0084281e+00
2.6165626e+01	8.4514453e-01
2.6187435e+01	5.3506353e-01
2.6209244e+01	4.7318662e-01
2.6231053e+01	9.6792952e-02
2.6252862e+01	5.1386468e-03
2.6274671e+01	-4.3072962e-02
2.6296480e+01	-2.3894354e-01
2.6318289e+01	-6.9434479e-02
2.6340098e+01	-9.1681391e-02
2.6361907e+01	7.8022627e-03
2.6383716e+01	1.0026585e-01
2.6405525e+01	1.3323715e-01
2.6427334e+01	8.7169729e-02
2.6449143e+01	-1.3303382e-02
2.6470952e+01	-6.5470465e-02
2.6492760e+01	1.1369025e-01
2.6514569e+01	9.5251512e-02
2.6536378e+01	-1.3222273e-01
2.6558187e+01	4.8244723e-03
2.6579996e+01	2.5573541e-01
2.6601805e+01	4.2773784e-01
2.6623614e+01	5.9275844e-01
2.6645423e+01	7.2799367e-01
2.6667232e+01	5.8877090e-01
2.6689041e+01	5.6730851e-01
2.6710850e+01	3.6091282e-01
2.6732659e+01	1.8602203e-01
2.6754468e+01	-7.5287744e-02
2.6776277e+01	-1.5511805e-01
2.6798086e+01	-9.1299111e-02
2.6819895e+01	5.4947382e-02
2.6841703e+01	1.0136784e-01
2.6863512e+01	-5.4226459e-02
2.6885321e+01	1.6083649e-01
2.6907130e+01	5.3240382e-01
2.6928939e+01	6.9467790e-01
2.6950748e+01	5.2305876e-01
2.6972557e+01	5.2379142e-01
2.6994366e+01	6.8271447e-01
2.7016175e+01	6.5949306e-01
2.7037984e+01	3.6548534e-01
2.7059793e+01	1.0073452e-02
2.7081602e+01	-6.6100628e-02
2.7103411e+01	1.6795961e-02
2.7125220e+01	-7.9599923e-02
2.7147029e+01	-2.8822928e-02
2.7168838e+01	3.8789354e-02
2.7190646e+01	1.5149457e-01
2.7212455e+01	-1.7098162e-02
2.7234264e+01	-2.0300062e-02
2.7256073e+01	-2.0467862e-02
2.7277882e+01	-1.9217115e-02
2.7299691e+01	1.7756640e-01
2.7321500e+01	3.3045985e-02
2.7343309e+01	-1.7611650e-01
2.7365118e+01	-4.2730176e-02
2.7386927e+01	-6.3092659e-02
2.7408736e+01	2.3862298e-02
2.7430545e+01	-4.5960348e-02
2.7452354e+01	4.8425384e-02
2.7474163e+01	7.0807014e-02
2.7495972e+01	3.8050889e-02
2.7517781e+01	6.0683414e-02
2.7539590e+01	-5.8060198e-02
2.7561398e+01	-8.2222962e-02
2.7583207e+01	-1.2586096e-01
2.7605016e+01	4.0509245e-02
2.7626825e+01	7.8840338e-02
2.7648634e+01	-9.6470172e-02
2.7670443e+01	8.9677234e-02
2.7692252e+01	1.4517655e-01
2.7714061e+01	5.5409186e-01
2.7735870e+01	7.6454677e-01
2.7757679e+01	9.3488273e-01
2.7779488e+01	1.0786842e+00
2.7801297e+01	9.5529763e-01
2.7823106e+01	7.0062847e-01
2.7844915e+01	5.1954617e-01
2.7866724e+01	1.7332817e-01
2.7888533e+01	1.1867644e-01
2.7910341e+01	1.6176676e-01
2.7932150e+01	-5.3200768e-02
2.7953959e+01	-4.3461180e-02
2.7975768e+01	-1.7386361e-01
2.7997577e+01	-1.7887897e-01
2.8019386e+01	-4.0628744e-02
2.8041195e+01	-3.0849813e-02
2.8063004e+01	4.7772737e-02
2.8084813e+01	1.0208618e-02
2.8106622e+01	-1.4368224e-01
2.8128431e+01	-3.8732546e-02
2.8150240e+01	-6.1448635e-02
2.8172049e+01	-2.8374286e-02
2.8193858e+01	1.1560763e-01
2.8215667e+01	8.4648541e-02
2.8237476e+01	1.7274162e-01
2.8259284e+01	8.2667552e-02
2.8281093e+01	1.4865301e-01
2.8302902e+01	-5.8140002e-03
2.8324711e+01	-4.5456408e-02
2.8346520e+01	-1.0677458e-01
2.8368329e+01	-3.2211126e-02
2.8390138e+01	3.5052315e-02
2.8411947e+01	3.9720930e-01
2.8433756e+01	4.4718314e-01
2.8455565e+01	8.1172026e-01
2.8477374e+01	9.4185652e-01
2.8499183e+01	1.2477528e+00
2.8520992e+01	1.4354939e+00
2.8542801e+01	1.5986078e+00
2.8564610e+01	1.6698312e+00
2.8586419e+01	1.7203181e+00
2.8608227e+01	1.6070562e+00
2.8630036e+01	1.4029026e+00
2.8651845e+01	1.1866139e+00
2.8673654e+01	1.0565721e+00
2.8695463e+01	7.4146013e-01
2.8717272e+01	3.9957671e-01
2.8739081e+01	3.2293976e-01
2.8760890e+01	1.5521869e-01
2.8782699e+01	-1.0579254e-01
2.8804508e+01	-1.2144710e-01
2.8826317e+01	-1.1164988e-01
2.8848126e+01	7.9019357e-02
2.8869935e+01	6.1793733e-03
2.8891744e+01	5.3293363e-02
2.8913553e+01	2.0882895e-02
2.8935362e+01	1.2411229e-01
2.8957170e+01	-1.3509286e-02
2.8978979e+01	-8.5931929e-02
2.9000788e+01	-3.8294821e-02
2.9022597e+01	1.2263001e-01
2.9044406e+01	1.9788252e-01
2.9066215e+01	-4.2557596e-02
2.9088024e+01	-2.0154421e-01
2.9109833e+01	-5.1045071e-02
2.9131642e+01	6.3688169e-02
2.9153451e+01	2.2402932e-02
2.9175260e+01	6.3469473e-02
2.9197069e+01	7.9238460e-02
2.9218878e+01	-3.3643554e-02
2.9240687e+01	-6.1442412e-02
2.9262496e+01	-1.5398603e-01
2.9284305e+01	-3.1234617e-02
2.9306113e+01	5.7744425e-02
2.9327922e+01	1.4902833e-01
2.9349731e+01	1.1797030e-01
2.9371540e+01	2.6055115e-02
2.9393349e+01	3.8845534e-02
2.9415158e+01	-7.5682326e-02
2.9436967e+01	-1.0713474e-01
2.9458776e+01	3.8814811e-03
2.9480585e+01	-5.2358490e-02
2.9502394e+01	-2.1547642e-02
2.9524203e+01	3.5310876e-02
2.9546012e+01	1.6062367e-01
2.9567821e+01	1.5588562e-02
2.9589630e+01	8.6023931e-02
2.9611439e+01	-6.1969238e-02
2.9633248e+01	-8.4793439e-02
2.9655057e+01	-7.7441905e-02
2.9676865e+01	-1.2517167e-01
2.9698674e+01	-1.1157565e-01
2.9720483e+01	-3.6510482e-02
2.9742292e+01	8.7144264e-02
2.9764101e+01	7.8334509e-02
2.9785910e+01	-6.1884339e-02
2.9807719e+01	1.4031292e-01
2.9829528e+01	1.1973091e-01
2.9851337e+01	-1.0658903e-02
2.9873146e+01	3.8127845e-02
2.9894955e+01	-9.6835331e-03
2.9916764e+01	3.8787555e-01
2.9938573e+01	9.8394912e-01
2.9960382e+01	1.4164546e+00
2.9982191e+01	1.8933963e+00
3.0004000e+01	2.8331636e+00
3.0025808e+01	3.4547950e+00
3.0047617e+01	4.0570178e+00
3.0069426e+01	4.3733175e+00
3.0091235e+01	4.5061312e+00
3.0113044e+01	4.3683806e+00
3.0134853e+01	4.0161729e+00
3.0156662e+01	3.5320316e+00
3.0178471e+01	2.9558939e+00
3.0200280e+01	2.1280374e+00
3.0222089e+01	1.5336364e+00
3.0243898e+01	8.6480519e-01
3.0265707e+01	3.7928628e-01
3.0287516e+01	9.1478012e-02
3.0309325e+01	7.9258959e-02
3.0331134e+01	-1.2817103e-01
3.0352943e+01	-1.5092916e-01
3.0374751e+01	-2.9091318e-02
3.0396560e+01	8.0677491e-02
3.0418369e+01	5.9299467e-02
3.0440178e+01	1.4670369e-01
3.0461987e+01	-5.4731205e-02
3.0483796e+01	3.2308408e-02
3.0505605e+01	-8.3997895e-02
3.0527414e+01	-1.1924014e-01
3.0549223e+01	-6.7757681e-02
3.0571032e+01	-8.0297300e-02
3.0592841e+01	-1.1563655e-01
3.0614650e+01	1.3168335e-01
3.0636459e+01	2.2523568e-02
3.0658268e+01	-7.4740300e-02
3.0680077e+01	2.3904737e-02
3.0701886e+01	1.5968072e-01
3.0723694e+01	3.6399291e-02
3.0745503e+01	4.8302983e-02
3.0767312e+01	8.4987591e-02
3.0789121e+01	1.7146757e-02
3.0810930e+01	8.4384259e-02
3.0832739e+01	1.9497372e-01
3.0854548e+01	-3.7976240e-03
3.0876357e+01	-2.1589850e-02
3.0898166e+01	-4.2958586e-02
3.0919975e+01	-1.0212930e-01
3.0941784e+01	-9.2422004e-02
3.0963593e+01	9.5605439e-02
3.0985402e+01	-3.9893313e-02
3.1007211e+01	-7.0288896e-02
3.1029020e+01	5.0399329e-02
3.1050829e+01	-1.0285837e-01
3.1072637e+01	-1.7672464e-02
3.1094446e+01	-2.1433002e-02
3.1116255e+01	1.4611601e-02
3.1138064e+01	-3.2420134e-02
3.1159873e+01	7.3996358e-02
3.1181682e+01	1.0091079e-01
3.1203491e+01	-7.6351006e-03
3.1225300e+01	-1.4727698e-01
3.1247109e+01	-1.5483297e-02
3.1268918e+01	1.1736371e-01
3.1290727e+01	2.9815435e-02
3.1312536e+01	1.0019970e-01
3.1334345e+01	-2.0063839e-02
3.1356154e+01	1.1974116e-01
3.1377963e+01	-5.2086631e-02
3.1399772e+01	-1.5201885e-02
3.1421580e+01	-6.9623478e-02
3.1443389e+01	-4.9235993e-02
3.1465198e+01	-8.4750563e-02
3.1487007e+01	-1.3067858e-01
3.1508816e+01	-1.2903067e-01
3.1530625e+01	1.2393426e-02
3.1552434e+01	1.5352588e-01
3.1574243e+01	1.3075864e-01
3.1596052e+01	7.1426532e-02
3.1617861e+01	-6.7396565e-02
3.1639670e+01	5.3864583e-02
3.1661479e+01	1.8411415e-02
3.1683288e+01	8.6063509e-02
3.1705097e+01	-1.4161670e-01
3.1726906e+01	8.9878536e-02
3.1748715e+01	4.9229047e-01
3.1770524e+01	1.0994834e+00
3.1792332e+01	1.7439704e+00
3.1814141e+01	2.3283828e+00
3.1835950e+01	2.8954905e+00
3.1857759e+01	3.5394928e+00
3.1879568e+01	4.0307367e+00
3.1901377e+01	4.3770926e+00
3.1923186e+01	4.3725953e+00
3.1944995e+01	4.3199522e+00
3.1966804e+01	4.0493094e+00
3.1988613e+01	3.4374539e+00
3.2010422e+01	2.7091280e+00
3.2032231e+01	2.0783858e+00
3.2054040e+01	1.3387194e+00
3.2075849e+01	8.7164591e-01
3.2097658e+01	7.4088156e-01
3.2119467e+01	5.5972545e-01
3.2141275e+01	3.3744773e-01
3.2163084e+01	6.8017393e-02
3.2184893e+01	-4.7841074e-02
3.2206702e+01	-6.4904210e-02
3.2228511e+01	3.4395681e-02
3.2250320e+01	9.8765408e-02
3.2272129e+01	-1.1851279e-01
3.2293938e+01	-7.5199189e-02
3.2315747e+01	-2.2843724e-02
3.2337556e+01	-1.0588008e-02
3.2359365e+01	-5.0690700e-02
3.2381174e+01	5.2725128e-02
3.2402983e+01	1.8034464e-01
3.2424792e+01	1.3835290e-02
3.2446601e+01	-1.2870253e-01
3.2468410e+01	5.1668423e-02
3.2490218e+01	7.9153797e-03
3.2512027e+01	3.2080349e-02
3.2533836e+01	1.0799748e-03
3.2555645e+01	-2.2661646e-03
3.2577454e+01	6.0853563e-02
3.2599263e+01	4.1317231e-02
3.2621072e+01	1.5612186e-02
3.2642881e+01	1.9367987e-02
3.2664690e+01	-8.8396997e-02
3.2686499e+01	-3.1074288e-02
3.2708308e+01	-4.1972072e-02
3.2730117e+01	7.0087506e-03
3.2751926e+01	-6.0283149e-02
3.2773735e+01	5.9695690e-02
3.2795544e+01	-4.2486228e-02
3.2817353e+01	3.2954329e-02
3.2839161e+01	6.1829308e-02
3.2860970e+01	3.3269701e-02
3.2882779e+01	-1.7959740e-02
3.2904588e+01	1.0306363e-02
3.2926397e+01	-1.0571642e-01
3.2948206e+01	-3.7366391e-02
3.2970015e+01	1.3844188e-01
3.2991824e+01	2.0602839e-02
3.3013633e+01	8.1497806e-02
3.3035442e+01	-7.1071786e-02
3.3057251e+01	-4.6831024e-02
3.3079060e+01	-6.2825694e-04
3.3100869e+01	-1.0905327e-01
3.3122678e+01	5.1300500e-03
3.3144487e+01	-2.1574195e-02
3.3166296e+01	4.4689365e-02
3.3188104e+01	9.6671744e-02
3.3209913e+01	2.4022031e-01
3.3231722e+01	3.4177144e-02
3.3253531e+01	4.4284827e-02
3.3275340e+01	-1.1682142e-01
3.3297149e+01	7.0227259e-02
3.3318958e+01	-2.0643467e-03
3.3340767e+01	-4.0812959e-02
3.3362576e+01	1.4841421e-02
3.3384385e+01	-9.6613276e-02
3.3406194e+01	-8.2347060e-03
3.3428003e+01	-1.0021027e-01
3.3449812e+01	-1.0970319e-01
3.3471621e+01	-5.5293483e-02
3.3493430e+01	-1.4065775e-03
3.3515239e+01	-5.5611830e-03
3.3537047e+01	7.0676807e-02
3.3558856e+01	8.7788656e-02
3.3580665e+01	7.8004821e-02
3.3602474e+01	9.8216725e-02
3.3624283e+01	9.0786887e-02
3.3646092e+01	1.3615803e-01
3.3667901e+01	-7.6602395e-03
3.3689710e+01	6.4412930e-02
3.3711519e+01	1.5113469e-02
3.3733328e+01	-4.3937175e-02
3.3755137e+01	-1.6099817e-01
3.3776946e+01	-2.1958762e-01
3.3798755e+01	-4.2492026e-02
3.3820564e+01	-4.7921344e-02
3.3842373e+01	1.0214640e-01
3.3864182e+01	1.3533207e-01
3.3885991e+01	8.4912491e-02
3.3907799e+01	6.9907601e-02
3.3929608e+01	6.4330775e-02
3.3951417e+01	-9.9051941e-02
3.3973226e+01	-2.0874533e-01
3.3995035e+01	-2.6480645e-02
3.4016844e+01	4.5250589e-03
3.4038653e+01	-1.9916126e-02
3.4060462e+01	1.5796531e-01
3.4082271e+01	-3.4885744e-02
3.4104080e+01	-5.5273276e-02
3.4125889e+01	5.4007058e-02
3.4147698e+01	-3.1578376e-02
3.4169507e+01	4.3339277e-02
3.4191316e+01	9.5770962e-02
3.4213125e+01	7.5263330e-02
3.4234934e+01	-2.9620755e-03
3.4256742e+01	-5.9865636e-02
3.4278551e+01	-1.5069112e-01
3.4300360e+01	-2.4419175e-02
3.4322169e+01	5.2162549e-02
3.4343978e+01	-1.5741147e-02
3.4365787e+01	8.5417186e-02
3.4387596e+01	-1.9267395e-03
3.4409405e+01	5.5587816e-02
3.4431214e+01	2.3854732e-02
3.4453023e+01	-2.8700081e-02
3.4474832e+01	-1.0538844e-01
3.4496641e+01	-1.3757009e-02
3.4518450e+01	2.8300328e-02
3.4540259e+01	-6.7124145e-02
3.4562068e+01	-4.4224156e-02
3.4583877e+01	-4.4962308e-02
3.4605685e+01	1.1188945e-01
3.4627494e+01	5.8813428e-02
3.4649303e+01	4.4529698e-02
3.4671112e+01	-1.3214370e-02
3.4692921e+01	-4.0693809e-02
3.4714730e+01	8.2174427e-02
3.4736539e+01	-1.0757658e-02
3.4758348e+01	7.5625090e-03
3.4780157e+01	1.6164739e-02
3.4801966e+01	-5.6599791e-02
3.4823775e+01	-2.4401443e-02
3.4845584e+01	1.2823866e-01
3.4867393e+01	-5.9899718e-02
3.4889202e+01	-9.3792260e-02
3.4911011e+01	-3.4936367e-02
3.4932820e+01	4.1556761e-02
3.4954628e+01	9.2817950e-02
3.4976437e+01	-4.0198644e-02
3.4998246e+01	-1.0997634e-01
3.5020055e+01	7.3770989e-02
3.5041864e+01	-2.4165783e-02
3.5063673e+01	2.5309343e-02
3.5085482e+01	4.3739383e-02
3.5107291e+01	4.6760413e-02
3.5129100e+01	-2.0095930e-02
3.5150909e+01	-1.5485562e-01
3.5172718e+01	8.5037762e-02
3.5194527e+01	1.2528942e-01
3.5216336e+01	-4.6028816e-02
3.5238145e+01	-1.0116913e-01
3.5259954e+01	-5.2959886e-02
3.5281763e+01	-5.1403226e-03
3.5303571e+01	6.1180218e-02
3.5325380e+01	2.3737535e-02
3.5347189e+01	8.6784145e-02
3.5368998e+01	5.2458726e-02
3.5390807e+01	-1.1504663e-01
3.5412616e+01	-3.2708658e-03
3.5434425e+01	1.1336486e-01
3.5456234e+01	-1.8827373e-03
3.5478043e+01	-1.3339456e-01
3.5499852e+01	2.4305152e-02
3.5521661e+01	-1.6363421e-02
3.5543470e+01	-8.2571762e-02
3.5565279e+01	1.2246646e-02
3.5587088e+01	-7.7277545e-02
3.5608897e+01	8.1297951e-02
3.5630706e+01	2.9150405e-01
3.5652514e+01	1.4224933e-01
3.5674323e+01	1.3255361e-04
3.5696132e+01	-3.4556209e-02
3.5717941e+01	8.0727683e-02
3.5739750e+01	7.2326226e-02
3.5761559e+01	1.0783574e-01
3.5783368e+01	8.5755386e-02
3.5805177e+01	-1.0036508e-01
3.5826986e+01	-9.7476207e-02
3.5848795e+01	8.3995807e-02
3.5870604e+01	1.2022769e-02
3.5892413e+01	-5.4114990e-02
3.5914222e+01	-1.7593806e-01
3.5936031e+01	-1.9205638e-02
3.5957840e+01	-1.9661033e-01
3.5979649e+01	-2.7528605e-01
3.6001458e+01	3.7678971e-02
3.6023266e+01	1.5398968e-01
3.6045075e+01	1.8641112e-01
3.6066884e+01	2.7118573e-01
3.6088693e+01	1.5128927e-01
3.6110502e+01	3.6402847e-02
3.6132311e+01	2.0473022e-02
3.6154120e+01	9.9080526e-02
3.6175929e+01	3.0860526e-02
3.6197738e+01	-5.2125323e-02
3.6219547e+01	9.3605909e-02
3.6241356e+01	-2.8602779e-02
3.6263165e+01	8.9458870e-03
3.6284974e+01	-1.1204192e-01
3.6306783e+01	-4.0537652e-02
3.6328592e+01	-6.8509180e-02
3.6350401e+01	-1.0174961e-01
3.6372209e+01	-2.2372755e-02
3.6394018e+01	6.2427062e-02
3.6415827e+01	1.7189768e-02
3.6437636e+01	6.7149767e-02
3.6459445e+01	5.3392878e-02
3.6481254e+01	1.6023641e-02
3.6503063e+01	7.6795102e-02
3.6524872e+01	2.4953345e-01
3.6546681e+01	7.4613838e-02
3.6568490e+01	-2.1069347e-02
3.6590299e+01	-1.2277017e-01
3.6612108e+01	-5.2249022e-03
3.6633917e+01	-1.3874455e-01
3.6655726e+01	-7.8403176e-02
3.6677535e+01	5.6357902e-02
3.6699344e+01	7.1492532e-02
3.6721152e+01	-1.1881245e-01
3.6742961e+01	-7.4734932e-02
3.6764770e+01	-1.3931250e-01
3.6786579e+01	1.9813012e-01
3.6808388e+01	7.7723892e-02
3.6830197e+01	8.5259145e-02
3.6852006e+01	1.8540708e-01
3.6873815e+01	1.9261470e-01
3.6895624e+01	-3.5804305e-02
3.6917433e+01	2.2192483e-03
3.6939242e+01	7.2767513e-02
3.6961051e+01	2.9701378e-01
3.6982860e+01	4.0944180e-02
3.7004669e+01	-7.1334161e-03
3.7026478e+01	1.3663434e-01
3.7048287e+01	2.8502632e-01
3.7070095e+01	2.8381529e-01
3.7091904e+01	-2.0986011e-01
3.7113713e+01	-2.1841918e-01
3.7135522e+01	8.9381135e-02
3.7157331e+01	-1.2023250e-01
3.7179140e+01	-7.9764610e-03
3.7200949e+01	1.8954452e-01
3.7222758e+01	1.0536301e-02
3.7244567e+01	1.1005000e-02
3.7266376e+01	-4.6016778e-02
3.7288185e+01	-1.4683853e-01
3.7309994e+01	2.4157678e-02
3.7331803e+01	1.3235532e-01
3.7353612e+01	-6.5578878e-02
3.7375421e+01	-8.9093630e-02
3.7397230e+01	8.2686959e-02
3.7419038e+01	-2.2878654e-02
3.7440847e+01	5.7190748e-02
3.7462656e+01	3.8497050e-01
3.7484465e+01	6.7544386e-01
3.7506274e+01	7.4539890e-01
3.7528083e+01	2.1370472e-01
3.7549892e+01	7.8525363e-02
3.7571701e+01	3.9904032e-02
3.7593510e+01	-4.8546267e-02
3.7615319e+01	-6.7655786e-02
3.7637128e+01	2.4274971e-02
3.7658937e+01	4.6812347e-02
3.7680746e+01	-9.9101970e-02
3.7702555e+01	4.8563965e-03
3.7724364e+01	-1.4412957e-02
3.7746173e+01	3.0101895e-01
3.7767981e+01	4.7580111e-01
3.7789790e+01	5.1354002e-01
3.7811599e+01	6.6272325e-01
3.7833408e+01	8.2013579e-01
3.7855217e+01	7.7502764e-01
3.7877026e+01	9.7665175e-01
3.7898835e+01	9.3268313e-01
3.7920644e+01	1.0481087e+00
3.7942453e+01	9.8550158e-01
3.7964262e+01	7.2770162e-01
3.7986071e+01	3.4135584e-01
3.8007880e+01	1.5180123e-01
3.8029689e+01	9.3328778e-02
3.8051498e+01	6.3821663e-02
3.8073307e+01	-1.9805351e-01
3.8095116e+01	-1.9715961e-01
3.8116925e+01	-1.2440672e-01
3.8138733e+01	-2.3960959e-02
3.8160542e+01	1.1956035e-01
3.8182351e+01	1.3410007e-01
3.8204160e+01	3.6383790e-01
3.8225969e+01	6.5847548e-01
3.8247778e+01	8.9633758e-01
3.8269587e+01	1.2194539e+00
3.8291396e+01	1.3719953e+00
3.8313205e+01	1.5934654e+00
3.8335014e+01	1.5311611e+00
3.8356823e+01	1.2988220e+00
3.8378632e+01	1.2605870e+00
3.8400441e+01	1.1839007e+00
3.8422250e+01	1.0680929e+00
3.8444059e+01	5.4886539e-01
3.8465868e+01	1.3217490e-01
3.8487676e+01	-2.7221011e-02
3.8509485e+01	1.4755286e-01
3.8531294e+01	1.3166758e-01
3.8553103e+01	-9.9122696e-02
3.8574912e+01	-4.6435148e-02
3.8596721e+01	3.2789432e-03
3.8618530e+01	-5.4816338e-02
3.8640339e+01	-5.1015035e-02
3.8662148e+01	-1.5522840e-01
3.8683957e+01	-6.9404648e-02
3.8705766e+01	-2.4596737e-02
3.8727575e+01	1.2576514e-02
3.8749384e+01	1.2257267e-01
3.8771193e+01	1.8593958e-02
3.8793002e+01	2.1100623e-02
3.8814811e+01	2.1911070e-01
3.8836619e+01	-1.1695016e-01
3.8858428e+01	2.2886263e-02
3.8880237e+01	6.1103989e-03
3.8902046e+01	1.0969407e-01
3.8923855e+01	5.2390779e-02
3.8945664e+01	-1.4356248e-01
3.8967473e+01	-2.2874865e-03
3.8989282e+01	9.2135308e-02
3.9011091e+01	6.7726178e-03
3.9032900e+01	1.2068893e-02
3.9054709e+01	-3.7829774e-02
3.9076518e+01	-7.0288751e-02
3.9098327e+01	4.7777077e-02
3.9120136e+01	-4.2802549e-02
3.9141945e+01	7.7701846e-03
3.9163754e+01	-7.0558653e-02
3.9185562e+01	8.1343473e-02
3.9207371e+01	5.2283722e-02
3.9229180e+01	-1.2129489e-02
3.9250989e+01	1.1522943e-02
3.9272798e+01	-4.4929941e-02
3.9294607e+01	-4.4571414e-02
3.9316416e+01	-1.1510157e-01
3.9338225e+01	-1.7540261e-02
3.9360034e+01	1.7385224e-01
3.9381843e+01	6.8748826e-03
3.9403652e+01	1.0623775e-01
3.9425461e+01	1.7362415e-01
3.9447270e+01	1.2733386e-01
3.9469079e+01	-2.0166886e-02
3.9490888e+01	-9.4623518e-02
3.9512697e+01	-1.0539672e-01
3.9534505e+01	-7.2492268e-02
3.9556314e+01	-2.1916186e-01
3.9578123e+01	-9.9920102e-02
3.9599932e+01	6.2549782e-02
3.9621741e+01	5.1971066e-02
3.9643550e+01	-4.0406463e-02
3.9665359e+01	1.9447881e-02
3.9687168e+01	5.3297160e-02
3.9708977e+01	5.3874893e-02
3.9730786e+01	-5.7253773e-02
3.9752595e+01	9.4315107e-02
3.9774404e+01	1.5533453e-01
3.9796213e+01	1.3386390e-01
3.9818022e+01	7.2454412e-02
3.9839831e+01	2.0150909e-01
3.9861640e+01	-1.5435231e-01
3.9883449e+01	-1.3065103e-01
3.9905257e+01	1.0682667e-01
3.9927066e+01	2.1171524e-02
3.9948875e+01	9.4167821e-02
3.9970684e+01	-7.2305879e-02
3.9992493e+01	-1.3217427e-01
4.0014302e+01	-3.1715142e-04
4.0036111e+01	-1.2000762e-01
4.0057920e+01	6.0723799e-02
4.0079729e+01	-1.0161527e-01
4.0101538e+01	1.7435243e-02
4.0123347e+01	6.8129442e-02
4.0145156e+01	-4.8085317e-02
4.0166965e+01	5.1098714e-02
4.0188774e+01	-3.6584336e-02
4.0210583e+01	5.3552047e-02
4.0232392e+01	1.3223034e-01
4.0254200e+01	8.7805335e-02
4.0276009e+01	-2.9158741e-01
4.0297818e+01	-7.3725884e-02
4.0319627e+01	-2.0757491e-02
4.0341436e+01	1.0775659e-01
4.0363245e+01	1.0172588e-02
4.0385054e+01	-1.9337566e-02
4.0406863e+01	2.3201662e-01
4.0428672e+01	1.6302276e-01
4.0450481e+01	5.1624488e-02
4.0472290e+01	7.1163174e-03
4.0494099e+01	-1.1038304e-01
4.0515908e+01	-4.4063679e-02
4.0537717e+01	-2.4933696e-03
4.0559526e+01	-1.9767660e-01
4.0581335e+01	-5.3146844e-02
4.0603143e+01	1.2180163e-01
4.0624952e+01	7.1270662e-02
4.0646761e+01	7.7778191e-02
4.0668570e+01	1.1580346e-01
4.0690379e+01	4.1018890e-02
4.0712188e+01	-1.0881079e-02
4.0733997e+01	-1.1972798e-01
4.0755806e+01	3.7750995e-02
4.0777615e+01	9.9313488e-02
4.0799424e+01	2.6735483e-01
4.0821233e+01	-1.2373980e-01
4.0843042e+01	-1.2562025e-01
4.0864851e+01	-6.1540790e-02
4.0886660e+01	-5.0164571e-03
4.0908469e+01	-1.0893131e-01
4.0930278e+01	1.7780961e-01
4.0952086e+01	2.8472115e-01
4.0973895e+01	1.8437528e-01
4.0995704e+01	1.4657108e-01
4.1017513e+01	-4.1694979e-02
4.1039322e+01	-9.7770501e-02
4.1061131e+01	-1.1726475e-01
4.1082940e+01	7.3978844e-02
4.1104749e+01	2.8431755e-01
4.1126558e+01	6.8101219e-02
4.1148367e+01	-1.9848316e-02
4.1170176e+01	-3.6103921e-02
4.1191985e+01	5.2263664e-02
4.1213794e+01	-1.2666436e-01
4.1235603e+01	1.7885655e-01
4.1257412e+01	2.7052798e-01
4.1279221e+01	-5.3968939e-02
4.1301029e+01	-2.9386301e-02
4.1322838e+01	1.7803935e-01
4.1344647e+01	7.4692471e-02
4.1366456e+01	1.3743124e-02
4.1388265e+01	-1.7111158e-01
4.1410074e+01	-7.7148636e-02
4.1431883e+01	1.2078867e-01
4.1453692e+01	1.6176438e-01
4.1475501e+01	-1.8178782e-01
4.1497310e+01	-7.0399316e-02
4.1519119e+01	7.1279070e-02
4.1540928e+01	9.0229830e-02
4.1562737e+01	-2.0077434e-01
4.1584546e+01	-7.4983023e-02
4.1606355e+01	5.8130675e-02
4.1628164e+01	-1.3072822e-01
4.1649972e+01	8.9429482e-02
4.1671781e+01	1.8476452e-01
4.1693590e+01	7.3446144e-02
4.1715399e+01	4.2491897e-02
4.1737208e+01	3.1774503e-01
4.1759017e+01	3.4978167e-01
4.1780826e+01	4.7910822e-01
4.1802635e+01	5.8073945e-01
4.1824444e+01	7.0362909e-01
4.1846253e+01	9.2982883e-01
4.1868062e+01	6.9688531e-01
4.1889871e+01	6.4042022e-01
4.1911680e+01	2.7933120e-01
4.1933489e+01	3.6036898e-02
4.1955298e+01	-5.8934102e-02
4.1977107e+01	1.7468843e-01
4.1998916e+01	5.3512819e-02
4.2020724e+01	-1.7483766e-01
4.2042533e+01	-1.3069978e-01
4.2064342e+01	-7.5559446e-02
4.2086151e+01	8.5207043e-02
4.2107960e+01	-1.0261276e-02
4.2129769e+01	-1.0720786e-02
4.2151578e+01	1.2070182e-01
4.2173387e+01	3.5527187e-01
4.2195196e+01	2.4765706e-01
4.2217005e+01	8.5344403e-02
4.2238814e+01	-6.3497519e-02
4.2260623e+01	1.2504962e-01
4.2282432e+01	-6.4978641e-02
4.2304241e+01	-4.8784704e-03
4.2326050e+01	-3.1476844e-01
4.2347859e+01	2.6261286e-02
4.2369667e+01	-1.8915116e-01
4.2391476e+01	8.0576876e-02
4.2413285e+01	-5.9035946e-02
4.2435094e+01	4.4434020e-02
4.2456903e+01	2.5879188e-01
4.2478712e+01	4.6370348e-01
4.2500521e+01	8.6478508e-02
4.2522330e+01	7.9730882e-02
4.2544139e+01	1.2148218e-01
4.2565948e+01	4.0880324e-01
4.2587757e+01	4.3794295e-01
4.2609566e+01	3.4968249e-01
4.2631375e+01	8.0471800e-01
4.2653184e+01	5.6032586e-01
4.2674993e+01	1.0323743e-01
4.2696802e+01	3.6408597e-01
4.2718610e+01	2.4961325e-01
4.2740419e+01	9.8349570e-02
4.2762228e+01	8.6468787e-03
4.2784037e+01	-1.2224050e-01
4.2805846e+01	-1.2149595e-01
4.2827655e+01	4.4028755e-02
4.2849464e+01	-3.2227428e-02
4.2871273e+01	-5.2722476e-02
4.2893082e+01	4.7148350e-02
4.2914891e+01	-7.8739229e-02
4.2936700e+01	-6.2568821e-02
4.2958509e+01	1.5707933e-01
4.2980318e+01	1.3636523e-01
4.3002127e+01	-2.0031448e-02
4.3023936e+01	-2.0648992e-01
4.3045745e+01	3.2277788e-02
4.3067553e+01	-6.6463295e-03
4.3089362e+01	3.2562911e-01
4.3111171e+01	1.2112780e-01
4.3132980e+01	2.3177337e-02
4.3154789e+01	3.9135947e-01
4.3176598e+01	-1.2565534e-01
4.3198407e+01	-2.6294522e-02
4.3220216e+01	-1.2360408e-01
4.3242025e+01	-1.1183907e-01
4.3263834e+01	1.2577550e-01
4.3285643e+01	1.9255645e-01
4.3307452e+01	3.8661472e-02
4.3329261e+01	8.6735193e-02
4.3351070e+01	-4.3205090e-02
4.3372879e+01	-2.3546193e-02
4.3394688e+01	2.0907745e-02
4.3416496e+01	4.9428795e-01
4.3438305e+01	3.1333066e-01
4.3460114e+01	5.9238204e-01
4.3481923e+01	3.0622467e-01
4.3503732e+01	3.1588010e-01
4.3525541e+01	-4.1591533e-02
4.3547350e+01	1.3287200e-02
4.3569159e+01	5.3177603e-02
4.3590968e+01	-6.4080965e-02
4.3612777e+01	8.0693824e-03
4.3634586e+01	4.9122220e-01
4.3656395e+01	9.2125155e-01
4.3678204e+01	1.4865853e+00
4.3700013e+01	1.6370423e+00
4.3721822e+01	1.8351526e+00
4.3743631e+01	1.5734878e+00
4.3765439e+01	2.1775930e+00
4.3787248e+01	2.6972209e+00
4.3809057e+01	3.1673966e+00
4.3830866e+01	3.3071978e+00
4.3852675e+01	3.2861874e+00
4.3874484e+01	3.4285393e+00
4.3896293e+01	3.3678455e+00
4.3918102e+01	2.9064606e+00
4.3939911e+01	2.7018658e+00
4.3961720e+01	2.2102357e+00
4.3983529e+01	1.5292063e+00
4.4005338e+01	1.0380286e+00
4.4027147e+01	7.3416622e-01
4.4048956e+01	7.0700121e-01
4.4070765e+01	-2.5015837e-03
4.4092574e+01	3.4513701e-02
4.4114383e+01	2.8065221e-02
4.4136191e+01	2.6144766e-01
4.4158000e+01	3.6310348e-01
4.4179809e+01	9.0536439e-02
4.4201618e+01	-1.6253588e-01
4.4223427e+01	-6.8848546e-02
4.4245236e+01	-1.6407081e-01
4.4267045e+01	1.4830868e-01
4.4288854e+01	3.2921030e-01
4.4310663e+01	1.3164782e-01
4.4332472e+01	-1.3063555e-02
4.4354281e+01	2.9199332e-01
4.4376090e+01	9.9133640e-02
4.4397899e+01	-4.6668894e-02
4.4419708e+01	-2.6697621e-02
4.4441517e+01	-1.8972972e-01
4.4463326e+01	8.6673028e-02
4.4485134e+01	-1.1241849e-02
4.4506943e+01	2.3336494e-01
4.4528752e+01	5.8130607e-01
4.4550561e+01	8.1107424e-01
4.4572370e+01	1.1624451e+00
4.4594179e+01	8.3719625e-01
4.4615988e+01	-3.2797634e-02
4.4637797e+01	5.2748507e-01
4.4659606e+01	7.3476673e-01
4.4681415e+01	8.2874033e-01
4.4703224e+01	4.9246885e-01
4.4725033e+01	2.0739425e-01
4.4746842e+01	1.1764939e-01
4.4768651e+01	-4.9055153e-02
4.4790460e+01	-1.4394220e-01
4.4812269e+01	1.6381414e-01
4.4834077e+01	3.1859770e-02
4.4855886e+01	-7.7349950e-02
4.4877695e+01	2.4272257e-01
4.4899504e+01	3.8863698e-01
4.4921313e+01	-4.2677281e-01
4.4943122e+01	1.0125709e-01
4.4964931e+01	1.9847430e-01
4.4986740e+01	1.3691105e-01