Image file: \\Gfs05\g45\SAXS\2020_12\HDF5\2020-12.10_Kevin_day2_SN\2020-12-10_Max_Cu123_SN_000017_data_000034.h5
ImageIntegration1d_chi_output; Output_Directory= \\Gfs05\g45\SAXS\2020_12\Processed\2020-12-09_Kevin_day1_SN\Chi-Sample-7
Profile = Radial, StartAzimuth = 0.0, EndAzimuth = 360.0, Sam_Det_distance = 250.818474293, InnerRadius = 15.0, OuterRadius = 2400.0, Lambda = 30, Ratio = 0.001, Itermax = 100
2400
2.0013229e+00	8.1892023e-02
2.0231319e+00	-6.2840653e-02
2.0449408e+00	-6.0958901e-02
2.0667497e+00	8.0096952e-02
2.0885587e+00	1.3249096e-02
2.1103676e+00	1.0394727e-01
2.1321765e+00	-8.0873580e-02
2.1539855e+00	-1.3140954e-01
2.1757944e+00	-4.7607243e-02
2.1976034e+00	2.7167855e-02
2.2194123e+00	-8.6504302e-02
2.2412212e+00	-1.3602476e-01
2.2630302e+00	1.6648560e-01
2.2848391e+00	1.1116295e-01
2.3066480e+00	9.2661313e-02
2.3284570e+00	1.1950743e-01
2.3502659e+00	1.6160059e-02
2.3720749e+00	-1.2102277e-01
2.3938838e+00	4.2368439e-02
2.4156927e+00	-1.1853908e-02
2.4375017e+00	1.2148864e-01
2.4593106e+00	6.1754313e-02
2.4811196e+00	-1.8376543e-01
2.5029285e+00	-1.6803647e-01
2.5247374e+00	3.5885788e-02
2.5465464e+00	1.0642009e-01
2.5683553e+00	-1.4077857e-01
2.5901642e+00	-6.0700810e-02
2.6119732e+00	3.6739730e-01
2.6337821e+00	3.7653856e-01
2.6555911e+00	1.1527482e-01
2.6774000e+00	2.7573424e-01
2.6992089e+00	-1.2195806e-04
2.7210179e+00	7.5536678e-02
2.7428268e+00	4.8016571e-03
2.7646358e+00	-1.1275109e-01
2.7864447e+00	2.6934536e-02
2.8082536e+00	1.4634842e-02
2.8300626e+00	-9.8085133e-02
2.8518715e+00	1.9575080e-01
2.8736804e+00	4.3170509e-01
2.8954894e+00	4.2434320e-01
2.9172983e+00	4.5141103e-01
2.9391073e+00	4.5272660e-01
2.9609162e+00	-6.3746837e-02
2.9827251e+00	-1.5135199e-01
3.0045341e+00	-8.7193089e-02
3.0263430e+00	4.1520261e-01
3.0481519e+00	1.0108998e-01
3.0699609e+00	1.2706310e-01
3.0917698e+00	3.0433881e-01
3.1135788e+00	1.5180163e-01
3.1353877e+00	1.1539720e-01
3.1571966e+00	-1.5121253e-01
3.1790056e+00	-1.1697998e-01
3.2008145e+00	1.7016781e-01
3.2226235e+00	-1.5489308e-01
3.2444324e+00	-2.0977997e-01
3.2662413e+00	1.1149184e-01
3.2880503e+00	3.0570702e-02
3.3098592e+00	1.1447153e-02
3.3316681e+00	9.5068958e-02
3.3534771e+00	6.2601002e-02
3.3752860e+00	2.3367775e-02
3.3970950e+00	1.6936581e-01
3.4189039e+00	-9.3840276e-02
3.4407128e+00	-1.4083892e-01
3.4625218e+00	-2.2623279e-01
3.4843307e+00	1.3915493e-01
3.5061396e+00	3.0724718e-01
3.5279486e+00	-1.4277925e-01
3.5497575e+00	1.0730418e-01
3.5715665e+00	2.9919721e-01
3.5933754e+00	5.2158824e-02
3.6151843e+00	-8.7357922e-03
3.6369933e+00	1.2836023e-01
3.6588022e+00	3.7887669e-02
3.6806112e+00	-1.4085823e-01
3.7024201e+00	7.2474817e-02
3.7242290e+00	-8.6433723e-02
3.7460380e+00	-1.1779046e-01
3.7678469e+00	1.6125683e-01
3.7896558e+00	4.1068453e-01
3.8114648e+00	1.9596865e-02
3.8332737e+00	2.7018629e-02
3.8550827e+00	7.8192912e-02
3.8768916e+00	-2.4890024e-01
3.8987005e+00	-4.7354454e-02
3.9205095e+00	1.5792832e-01
3.9423184e+00	-9.5459170e-03
3.9641273e+00	-1.5106932e-02
3.9859363e+00	1.0966039e-01
4.0077452e+00	2.3161288e-02
4.0295542e+00	-4.5634666e-02
4.0513631e+00	-1.0751098e-01
4.0731720e+00	1.5938464e-02
4.0949810e+00	6.1091286e-02
4.1167899e+00	3.7158592e-01
4.1385989e+00	6.2175076e-02
4.1604078e+00	-4.8636781e-02
4.1822167e+00	2.9574557e-04
4.2040257e+00	6.0476124e-04
4.2258346e+00	-1.7921747e-01
4.2476435e+00	9.6945168e-02
4.2694525e+00	4.6374689e-02
4.2912614e+00	1.7874048e-02
4.3130704e+00	5.8562914e-01
4.3348793e+00	5.6913537e-01
4.3566882e+00	-1.2845461e-02
4.3784972e+00	1.5408153e-01
4.4003061e+00	-3.0187997e-02
4.4221151e+00	-1.2707048e-01
4.4439240e+00	-8.6282647e-02
4.4657329e+00	2.8281322e-02
4.4875419e+00	6.7730029e-02
4.5093508e+00	5.7694167e-02
4.5311597e+00	-8.6967237e-02
4.5529687e+00	-3.6308899e-02
4.5747776e+00	-3.7315931e-02
4.5965866e+00	9.2579300e-02
4.6183955e+00	4.5563744e-02
4.6402044e+00	1.0983895e-01
4.6620134e+00	3.5334115e-02
4.6838223e+00	2.7970565e-02
4.7056312e+00	-1.0550389e-01
4.7274402e+00	-2.3496906e-01
4.7492491e+00	3.4327854e-02
4.7710581e+00	2.9456892e-01
4.7928670e+00	1.1257501e-01
4.8146759e+00	5.0948692e-03
4.8364849e+00	-3.7020763e-02
4.8582938e+00	-8.8885729e-02
4.8801028e+00	-9.6263941e-03
4.9019117e+00	3.5552444e-02
4.9237206e+00	2.5042655e-01
4.9455296e+00	4.5573946e-02
4.9673385e+00	2.5500326e-01
4.9891474e+00	-4.2593591e-02
5.0109564e+00	-1.2628355e-01
5.0327653e+00	-2.5749343e-02
5.0545743e+00	2.9099645e-02
5.0763832e+00	7.3528797e-02
5.0981921e+00	4.5381456e-02
5.1200011e+00	-1.3414205e-01
5.1418100e+00	2.7532254e-02
5.1636189e+00	-2.1048835e-01
5.1854279e+00	1.1511832e-01
5.2072368e+00	5.2484572e-01
5.2290458e+00	2.5233883e-01
5.2508547e+00	9.5464513e-02
5.2726636e+00	5.6781191e-02
5.2944726e+00	-5.6383341e-02
5.3162815e+00	-7.3332173e-02
5.3380905e+00	-3.9075430e-02
5.3598994e+00	2.0772779e-01
5.3817083e+00	3.4288837e-01
5.4035173e+00	3.2407449e-01
5.4253262e+00	-1.1140893e-01
5.4471351e+00	-1.6577382e-01
5.4689441e+00	3.6042346e-02
5.4907530e+00	1.6508482e-01
5.5125620e+00	3.6279190e-01
5.5343709e+00	2.1431976e-01
5.5561798e+00	-8.3214168e-02
5.5779888e+00	-2.3036240e-01
5.5997977e+00	-4.8506968e-02
5.6216066e+00	1.7980681e-01
5.6434156e+00	7.1534000e-02
5.6652245e+00	-8.9951037e-02
5.6870335e+00	-1.8348684e-02
5.7088424e+00	3.8271762e-02
5.7306513e+00	1.4413716e-01
5.7524603e+00	8.4097020e-03
5.7742692e+00	-4.1084673e-02
5.7960782e+00	1.4980711e-01
5.8178871e+00	-1.5315891e-01
5.8396960e+00	2.9789754e-02
5.8615050e+00	3.1463184e-01
5.8833139e+00	4.7407162e-02
5.9051228e+00	-2.0871539e-01
5.9269318e+00	-6.8730992e-02
5.9487407e+00	2.9097032e-01
5.9705497e+00	2.7991516e-01
5.9923586e+00	1.5853777e-01
6.0141675e+00	3.4718860e-02
6.0359765e+00	-6.2116279e-02
6.0577854e+00	-1.2301453e-01
6.0795944e+00	5.3425317e-02
6.1014033e+00	-4.1623180e-02
6.1232122e+00	-7.3932358e-02
6.1450212e+00	2.2400346e-02
6.1668301e+00	1.6196053e-01
6.1886390e+00	2.3934990e-02
6.2104480e+00	9.3636044e-02
6.2322569e+00	6.6686268e-02
6.2540659e+00	8.1154099e-02
6.2758748e+00	-2.3481984e-01
6.2976837e+00	-1.5699903e-01
6.3194927e+00	-8.1346639e-02
6.3413016e+00	-7.0713608e-02
6.3631105e+00	1.5195135e-01
6.3849195e+00	7.4638238e-02
6.4067284e+00	-3.9395879e-02
6.4285374e+00	3.7823484e-03
6.4503463e+00	1.2932892e-01
6.4721552e+00	6.1474955e-02
6.4939642e+00	-4.4183439e-02
6.5157731e+00	-2.0488386e-02
6.5375821e+00	-7.1667769e-02
6.5593910e+00	-1.5067701e-01
6.5811999e+00	6.1057986e-02
6.6030089e+00	1.1222383e-01
6.6248178e+00	-3.6664541e-02
6.6466267e+00	6.8059539e-03
6.6684357e+00	1.3387999e-01
6.6902446e+00	1.1291473e-01
6.7120536e+00	-2.0165961e-03
6.7338625e+00	-1.3182149e-01
6.7556714e+00	1.7433070e-01
6.7774804e+00	1.2400855e-01
6.7992893e+00	-2.7902330e-01
6.8210982e+00	-1.9157045e-01
6.8429072e+00	1.5154210e-02
6.8647161e+00	-5.2875510e-02
6.8865251e+00	9.9572059e-02
6.9083340e+00	2.6615617e-02
6.9301429e+00	-1.2135331e-02
6.9519519e+00	9.9507051e-02
6.9737608e+00	1.1499573e-01
6.9955698e+00	-8.9961526e-02
7.0173787e+00	-2.0856489e-01
7.0391876e+00	6.9891898e-02
7.0609966e+00	1.4054825e-01
7.0828055e+00	-6.9546096e-02
7.1046144e+00	3.7346058e-02
7.1264234e+00	2.5044709e-02
7.1482323e+00	2.7274796e-02
7.1700413e+00	9.3880695e-02
7.1918502e+00	4.9940245e-02
7.2136591e+00	-1.8049743e-01
7.2354681e+00	-1.8428660e-01
7.2572770e+00	-1.4386015e-02
7.2790859e+00	1.0034743e-01
7.3008949e+00	8.6937973e-02
7.3227038e+00	1.3362213e-01
7.3445128e+00	-8.5506694e-02
7.3663217e+00	-8.1985043e-04
7.3881306e+00	-6.5334780e-02
7.4099396e+00	-1.3850963e-01
7.4317485e+00	5.5218850e-02
7.4535575e+00	1.8313380e-01
7.4753664e+00	3.3746563e-01
7.4971753e+00	3.5717390e-01
7.5189843e+00	1.9348071e-01
7.5407932e+00	-1.2489030e-01
7.5626021e+00	-1.0205905e-01
7.5844111e+00	2.6983419e-02
7.6062200e+00	-7.5529191e-02
7.6280290e+00	3.0318794e-01
7.6498379e+00	-6.9809202e-04
7.6716468e+00	1.1443047e-01
7.6934558e+00	8.1834615e-02
7.7152647e+00	-1.1329259e-01
7.7370737e+00	-7.1997832e-02
7.7588826e+00	2.4808425e-02
7.7806915e+00	4.8440027e-01
7.8025005e+00	6.3846205e-01
7.8243094e+00	2.9245378e-01
7.8461183e+00	-1.2407971e-01
7.8679273e+00	-5.0473029e-02
7.8897362e+00	1.4054405e-01
7.9115452e+00	-1.3652031e-01
7.9333541e+00	2.0335992e-01
7.9551630e+00	2.4171133e-01
7.9769720e+00	2.1122539e-01
7.9987809e+00	7.2463057e-02
8.0205898e+00	-2.0853365e-01
8.0423988e+00	-1.1952555e-01
8.0642077e+00	-1.3201035e-01
8.0860167e+00	3.4987268e-02
8.1078256e+00	3.8042827e-02
8.1296345e+00	1.8532383e-01
8.1514435e+00	-1.0167433e-01
8.1732524e+00	1.0454591e-01
8.1950614e+00	5.2704020e-02
8.2168703e+00	4.9299566e-02
8.2386792e+00	1.6371912e-02
8.2604882e+00	-3.4020692e-01
8.2822971e+00	-1.4467149e-01
8.3041060e+00	1.8987087e-01
8.3259150e+00	1.6498312e-01
8.3477239e+00	8.4041467e-02
8.3695329e+00	1.2998563e-01
8.3913418e+00	2.0075756e-01
8.4131507e+00	-1.9734246e-01
8.4349597e+00	-6.1220937e-02
8.4567686e+00	-1.4960930e-01
8.4785775e+00	-5.0176755e-02
8.5003865e+00	9.4549408e-02
8.5221954e+00	4.0670594e-01
8.5440044e+00	3.3678216e-01
8.5658133e+00	1.8864348e-01
8.5876222e+00	3.2455569e-02
8.6094312e+00	-8.9882351e-02
8.6312401e+00	-1.8557027e-01
8.6530491e+00	1.1773560e-01
8.6748580e+00	3.8286771e-01
8.6966669e+00	3.7392657e-02
8.7184759e+00	-1.4321623e-01
8.7402848e+00	9.2611746e-02
8.7620937e+00	1.7116709e-01
8.7839027e+00	-4.5943135e-02
8.8057116e+00	-5.6158244e-02
8.8275206e+00	-1.2195965e-01
8.8493295e+00	-2.1122288e-02
8.8711384e+00	1.1708206e-01
8.8929474e+00	3.8084519e-01
8.9147563e+00	1.1451524e-01
8.9365652e+00	2.4631431e-01
8.9583742e+00	4.7225073e-02
8.9801831e+00	-4.0347847e-04
9.0019921e+00	-4.6279413e-02
9.0238010e+00	-2.7157937e-01
9.0456099e+00	-1.3218087e-01
9.0674189e+00	-4.7130795e-02
9.0892278e+00	-1.6237108e-02
9.1110368e+00	1.2652472e-01
9.1328457e+00	1.0282502e-01
9.1546546e+00	1.4781986e-01
9.1764636e+00	2.7437863e-02
9.1982725e+00	7.3893736e-04
9.2200814e+00	1.4709204e-01
9.2418904e+00	-1.1280545e-01
9.2636993e+00	-1.2564913e-01
9.2855083e+00	2.4542642e-01
9.3073172e+00	1.8164786e-02
9.3291261e+00	-1.4698545e-02
9.3509351e+00	-7.0335233e-02
9.3727440e+00	-1.2199941e-01
9.3945530e+00	7.5670913e-02
9.4163619e+00	-2.4084790e-02
9.4381708e+00	6.9490618e-03
9.4599798e+00	4.1916636e-01
9.4817887e+00	6.4195772e-01
9.5035976e+00	2.8806980e-01
9.5254066e+00	-7.4472853e-02
9.5472155e+00	2.1250017e-01
9.5690245e+00	9.1023333e-03
9.5908334e+00	-1.5597700e-01
9.6126423e+00	3.5398602e-02
9.6344513e+00	2.7715276e-01
9.6562602e+00	2.4955340e-01
9.6780691e+00	1.7383390e-01
9.6998781e+00	-5.7780911e-02
9.7216870e+00	-2.4704163e-01
9.7434960e+00	5.7189681e-02
9.7653049e+00	3.3444070e-01
9.7871138e+00	1.5151182e-01
9.8089228e+00	-6.6107415e-02
9.8307317e+00	-3.4754355e-01
9.8525407e+00	8.5162040e-02
9.8743496e+00	6.4088740e-02
9.8961585e+00	2.2353076e-01
9.9179675e+00	2.0461589e-01
9.9397764e+00	6.2659840e-03
9.9615853e+00	1.3719144e-02
9.9833943e+00	6.0925945e-02
1.0005203e+01	-1.5578346e-01
1.0027012e+01	7.0587465e-03
1.0048821e+01	-8.7720926e-02
1.0070630e+01	1.0785013e-01
1.0092439e+01	3.1741225e-01
1.0114248e+01	1.6902499e-01
1.0136057e+01	8.3766979e-02
1.0157866e+01	-5.8054958e-02
1.0179675e+01	-2.6479034e-02
1.0201484e+01	-1.4659777e-01
1.0223293e+01	-2.3395559e-01
1.0245102e+01	-7.5263407e-02
1.0266910e+01	7.1389367e-02
1.0288719e+01	6.0351735e-02
1.0310528e+01	3.9870654e-02
1.0332337e+01	9.1272949e-01
1.0354146e+01	1.5732371e+00
1.0375955e+01	2.1665753e+00
1.0397764e+01	2.6674261e+00
1.0419573e+01	2.8613942e+00
1.0441382e+01	3.0518486e+00
1.0463191e+01	4.1815591e+00
1.0485000e+01	5.7817116e+00
1.0506809e+01	6.8460749e+00
1.0528618e+01	7.5576989e+00
1.0550427e+01	8.0611254e+00
1.0572236e+01	8.6645564e+00
1.0594045e+01	9.1179948e+00
1.0615853e+01	9.4382002e+00
1.0637662e+01	9.4585107e+00
1.0659471e+01	9.0330431e+00
1.0681280e+01	7.7455013e+00
1.0703089e+01	5.6999471e+00
1.0724898e+01	3.6254584e+00
1.0746707e+01	2.2561531e+00
1.0768516e+01	2.0291320e+00
1.0790325e+01	1.4242940e+00
1.0812134e+01	6.1951690e-01
1.0833943e+01	4.3943467e-01
1.0855752e+01	5.1809090e-01
1.0877561e+01	-9.9185123e-02
1.0899370e+01	2.2856152e-02
1.0921179e+01	1.2078820e-01
1.0942988e+01	1.4042354e-01
1.0964796e+01	3.4969293e-01
1.0986605e+01	5.0854217e-01
1.1008414e+01	-4.3340541e-02
1.1030223e+01	6.7153816e-01
1.1052032e+01	1.2300898e+00
1.1073841e+01	1.0199518e+00
1.1095650e+01	1.1212845e+00
1.1117459e+01	1.2688335e+00
1.1139268e+01	1.7696883e+00
1.1161077e+01	2.2867771e+00
1.1182886e+01	2.4492665e+00
1.1204695e+01	2.3517690e+00
1.1226504e+01	2.8277299e+00
1.1248313e+01	3.0713777e+00
1.1270122e+01	1.8237819e+00
1.1291931e+01	1.1654848e+00
1.1313740e+01	9.5510906e-01
1.1335548e+01	6.5757497e-01
1.1357357e+01	3.1299102e-01
1.1379166e+01	1.6925556e-02
1.1400975e+01	-1.1739413e-01
1.1422784e+01	-4.9133735e-02
1.1444593e+01	-1.3548499e-01
1.1466402e+01	1.9397764e-01
1.1488211e+01	5.5240778e-02
1.1510020e+01	-5.9052787e-02
1.1531829e+01	-5.7976663e-03
1.1553638e+01	1.3146349e-01
1.1575447e+01	4.1324907e-01
1.1597256e+01	3.1573516e-01
1.1619065e+01	1.1582168e-04
1.1640874e+01	-2.3536981e-01
1.1662683e+01	7.1255506e-02
1.1684491e+01	8.2999693e-02
1.1706300e+01	-9.9113077e-02
1.1728109e+01	3.9898063e-01
1.1749918e+01	3.4294477e-01
1.1771727e+01	9.2635422e-02
1.1793536e+01	-1.2911735e-01
1.1815345e+01	3.6341364e-02
1.1837154e+01	1.3535824e-01
1.1858963e+01	7.5501130e-02
1.1880772e+01	-3.3998123e-02
1.1902581e+01	8.4422901e-02
1.1924390e+01	-1.8853166e-01
1.1946199e+01	-9.4686461e-02
1.1968008e+01	1.9350197e-02
1.1989817e+01	3.2605966e-02
1.2011626e+01	3.7779710e-03
1.2033434e+01	5.0521317e-03
1.2055243e+01	9.2681619e-02
1.2077052e+01	5.4073456e-02
1.2098861e+01	-2.6410195e-01
1.2120670e+01	2.7263964e-01
1.2142479e+01	3.2284488e-01
1.2164288e+01	6.9229992e-02
1.2186097e+01	-7.1902236e-03
1.2207906e+01	1.9884746e-02
1.2229715e+01	3.9095184e-01
1.2251524e+01	4.7603370e-01
1.2273333e+01	1.7823540e-01
1.2295142e+01	-1.8088714e-02
1.2316951e+01	-6.0234378e-02
1.2338760e+01	-1.3297083e-01
1.2360569e+01	-1.0174393e-01
1.2382377e+01	1.1292766e-01
1.2404186e+01	2.2704555e-01
1.2425995e+01	1.4514818e-01
1.2447804e+01	-5.0233675e-02
1.2469613e+01	-2.1568197e-02
1.2491422e+01	-1.1716601e-02
1.2513231e+01	-4.3760668e-02
1.2535040e+01	-1.8974499e-01
1.2556849e+01	1.7096600e-01
1.2578658e+01	-9.6187346e-02
1.2600467e+01	-1.6146526e-01
1.2622276e+01	1.1711002e-01
1.2644085e+01	2.6702534e-01
1.2665894e+01	4.8160274e-03
1.2687703e+01	1.9554118e-01
1.2709512e+01	1.3130058e-01
1.2731320e+01	7.9764171e-02
1.2753129e+01	-2.1542056e-01
1.2774938e+01	-1.8481600e-01
1.2796747e+01	-4.2462838e-02
1.2818556e+01	-4.4203293e-02
1.2840365e+01	2.8397317e-02
1.2862174e+01	1.1704358e-01
1.2883983e+01	4.7405332e-02
1.2905792e+01	3.8623984e-01
1.2927601e+01	2.2901937e-01
1.2949410e+01	-1.3283334e-01
1.2971219e+01	-1.7176646e-01
1.2993028e+01	2.1010516e-02
1.3014837e+01	1.3981257e-01
1.3036646e+01	1.3860702e-01
1.3058455e+01	8.0782558e-01
1.3080264e+01	1.3430381e+00
1.3102072e+01	9.9631052e-01
1.3123881e+01	-5.6772345e-02
1.3145690e+01	1.7458040e-01
1.3167499e+01	5.7367958e-01
1.3189308e+01	4.0273446e-01
1.3211117e+01	5.2461547e-01
1.3232926e+01	8.0716876e-01
1.3254735e+01	6.2536531e-01
1.3276544e+01	4.3002910e-01
1.3298353e+01	1.8700594e-01
1.3320162e+01	-1.5134975e-01
1.3341971e+01	-3.3930856e-01
1.3363780e+01	4.4317383e-01
1.3385589e+01	7.2558000e-01
1.3407398e+01	4.2883018e-01
1.3429207e+01	6.2326059e-01
1.3451015e+01	7.6337382e-01
1.3472824e+01	6.8783823e-01
1.3494633e+01	5.4200520e-01
1.3516442e+01	3.7223208e-01
1.3538251e+01	8.4816238e-02
1.3560060e+01	3.1936911e-02
1.3581869e+01	6.4320101e-02
1.3603678e+01	3.5063765e-02
1.3625487e+01	-4.6102070e-02
1.3647296e+01	-1.6228941e-02
1.3669105e+01	5.5031826e-02
1.3690914e+01	1.7340243e-01
1.3712723e+01	6.1613492e-02
1.3734532e+01	-1.5088768e-01
1.3756341e+01	-8.9467570e-02
1.3778150e+01	-1.3404135e-02
1.3799958e+01	-5.0805380e-02
1.3821767e+01	1.8854810e-01
1.3843576e+01	4.9285729e-02
1.3865385e+01	-1.0343085e-01
1.3887194e+01	-2.0951588e-01
1.3909003e+01	3.7657890e-02
1.3930812e+01	4.1444522e-02
1.3952621e+01	2.0207372e-01
1.3974430e+01	2.9842473e-01
1.3996239e+01	-2.5768292e-02
1.4018048e+01	-8.8028859e-02
1.4039857e+01	-4.3682098e-02
1.4061666e+01	7.0775871e-02
1.4083475e+01	-5.2092541e-02
1.4105284e+01	-2.0032162e-02
1.4127093e+01	1.2621910e-01
1.4148901e+01	5.9507574e-02
1.4170710e+01	-9.0805705e-02
1.4192519e+01	-1.2537174e-01
1.4214328e+01	1.3557403e-01
1.4236137e+01	5.6300095e-02
1.4257946e+01	-1.6146114e-02
1.4279755e+01	-1.0744429e-01
1.4301564e+01	7.5628638e-02
1.4323373e+01	6.9961019e-02
1.4345182e+01	-4.5842332e-02
1.4366991e+01	2.2972249e-01
1.4388800e+01	1.3823495e-01
1.4410609e+01	-7.2055528e-02
1.4432418e+01	6.6562021e-02
1.4454227e+01	-2.3237797e-01
1.4476036e+01	-6.8513841e-02
1.4497844e+01	1.3719965e-02
1.4519653e+01	-3.0068591e-02
1.4541462e+01	8.9182006e-02
1.4563271e+01	-6.7334989e-02
1.4585080e+01	-9.8511863e-02
1.4606889e+01	1.2635318e-01
1.4628698e+01	2.3605743e-01
1.4650507e+01	3.6643233e-02
1.4672316e+01	-1.6505170e-01
1.4694125e+01	-1.1391947e-01
1.4715934e+01	8.7284570e-03
1.4737743e+01	4.5901784e-02
1.4759552e+01	1.0952474e-01
1.4781361e+01	-8.6219937e-02
1.4803170e+01	-2.5586624e-01
1.4824979e+01	-2.4522479e-02
1.4846787e+01	1.4707891e-01
1.4868596e+01	4.5225237e-01
1.4890405e+01	7.3305768e-01
1.4912214e+01	4.4815537e-01
1.4934023e+01	7.1142967e-02
1.4955832e+01	1.9247518e-01
1.4977641e+01	1.3738659e-01
1.4999450e+01	1.9214938e-03
1.5021259e+01	9.3542939e-02
1.5043068e+01	1.7846001e-01
1.5064877e+01	1.8424447e-01
1.5086686e+01	1.2353784e-01
1.5108495e+01	-1.3516503e-01
1.5130304e+01	-2.5984715e-01
1.5152113e+01	-3.1788413e-01
1.5173922e+01	-2.3417904e-01
1.5195731e+01	6.7540204e-02
1.5217539e+01	5.2455641e-02
1.5239348e+01	1.5992080e-01
1.5261157e+01	4.4424135e-02
1.5282966e+01	-4.2818396e-02
1.5304775e+01	5.0103237e-01
1.5326584e+01	7.8731033e-01
1.5348393e+01	6.6092143e-01
1.5370202e+01	6.6540460e-01
1.5392011e+01	7.0902272e-01
1.5413820e+01	3.9549358e-01
1.5435629e+01	1.5835096e-01
1.5457438e+01	-1.4810112e-01
1.5479247e+01	8.7556579e-02
1.5501056e+01	1.6665289e-01
1.5522865e+01	6.6910817e-03
1.5544674e+01	-1.6363129e-01
1.5566482e+01	-3.5036344e-02
1.5588291e+01	3.5438117e-02
1.5610100e+01	5.5556962e-01
1.5631909e+01	7.8976372e-01
1.5653718e+01	7.2495466e-01
1.5675527e+01	7.1783363e-01
1.5697336e+01	5.5572685e-01
1.5719145e+01	3.8828450e-01
1.5740954e+01	9.2931429e-02
1.5762763e+01	-7.6848249e-02
1.5784572e+01	5.7398267e-02
1.5806381e+01	1.3740603e-01
1.5828190e+01	-5.6582990e-02
1.5849999e+01	-1.5094531e-01
1.5871808e+01	-2.3437284e-01
1.5893617e+01	-6.8367053e-02
1.5915425e+01	2.2597399e-01
1.5937234e+01	1.5831373e-01
1.5959043e+01	1.1363011e-01
1.5980852e+01	1.0800353e-01
1.6002661e+01	-8.0892820e-02
1.6024470e+01	-3.7600022e-02
1.6046279e+01	4.9291904e-04
1.6068088e+01	-1.2199021e-01
1.6089897e+01	2.2109965e-02
1.6111706e+01	-7.1039902e-03
1.6133515e+01	-1.2780681e-02
1.6155324e+01	-4.2740164e-02
1.6177133e+01	7.7413143e-02
1.6198942e+01	2.3958996e-01
1.6220751e+01	9.5694257e-02
1.6242560e+01	-4.8239521e-02
1.6264368e+01	-7.3025621e-02
1.6286177e+01	-1.4360820e-02
1.6307986e+01	-2.8979087e-02
1.6329795e+01	4.6178884e-03
1.6351604e+01	-8.0854155e-02
1.6373413e+01	-7.5626181e-02
1.6395222e+01	1.0173765e-01
1.6417031e+01	2.0937269e-01
1.6438840e+01	4.8447558e-02
1.6460649e+01	-1.8473650e-02
1.6482458e+01	-1.0128315e-01
1.6504267e+01	-8.8044833e-02
1.6526076e+01	-3.4347320e-03
1.6547885e+01	2.6029166e-01
1.6569694e+01	6.3722622e-01
1.6591503e+01	8.0909357e-01
1.6613311e+01	1.1387262e+00
1.6635120e+01	1.6787766e+00
1.6656929e+01	1.9552873e+00
1.6678738e+01	1.8294087e+00
1.6700547e+01	1.7329743e+00
1.6722356e+01	1.9555187e+00
1.6744165e+01	2.1704073e+00
1.6765974e+01	2.6075575e+00
1.6787783e+01	2.8982500e+00
1.6809592e+01	2.7961011e+00
1.6831401e+01	2.6374774e+00
1.6853210e+01	2.1074474e+00
1.6875019e+01	1.5127345e+00
1.6896828e+01	9.3668721e-01
1.6918637e+01	3.2930204e-01
1.6940446e+01	8.4445474e-02
1.6962254e+01	-7.2985344e-02
1.6984063e+01	-4.6736885e-02
1.7005872e+01	1.0114685e-01
1.7027681e+01	1.5450622e-01
1.7049490e+01	3.5522672e-02
1.7071299e+01	-1.2930118e-01
1.7093108e+01	-8.3742504e-02
1.7114917e+01	1.1813748e-01
1.7136726e+01	-7.2640391e-02
1.7158535e+01	-2.2794115e-01
1.7180344e+01	-1.4593489e-01
1.7202153e+01	7.5895332e-02
1.7223962e+01	1.1129786e-01
1.7245771e+01	1.8092696e-01
1.7267580e+01	4.3182707e-02
1.7289389e+01	-1.3418387e-01
1.7311198e+01	1.2519045e-01
1.7333006e+01	1.1705055e-01
1.7354815e+01	-8.2539159e-02
1.7376624e+01	2.0720486e-03
1.7398433e+01	5.7998665e-03
1.7420242e+01	-1.6154098e-01
1.7442051e+01	-4.7784803e-02
1.7463860e+01	5.0716733e-02
1.7485669e+01	1.7489926e-01
1.7507478e+01	2.7728048e-01
1.7529287e+01	-2.8866265e-02
1.7551096e+01	-1.4431568e-01
1.7572905e+01	6.7690196e-02
1.7594714e+01	-1.3606259e-02
1.7616523e+01	-7.1763041e-02
1.7638332e+01	-5.2255006e-02
1.7660141e+01	1.0122704e-02
1.7681949e+01	1.3560228e-01
1.7703758e+01	1.9296085e-02
1.7725567e+01	-7.1721247e-02
1.7747376e+01	1.9709193e-02
1.7769185e+01	1.5324063e-01
1.7790994e+01	-4.4638162e-02
1.7812803e+01	-2.3167592e-01
1.7834612e+01	2.9503035e-02
1.7856421e+01	7.6137881e-02
1.7878230e+01	1.8710841e-01
1.7900039e+01	-4.4150472e-02
1.7921848e+01	4.4374960e-02
1.7943657e+01	-1.1812844e-01
1.7965466e+01	9.6788034e-02
1.7987275e+01	2.7527528e-02
1.8009084e+01	5.1203960e-02
1.8030892e+01	-9.2306698e-03
1.8052701e+01	-8.9136307e-02
1.8074510e+01	-2.0951452e-01
1.8096319e+01	-3.9992946e-02
1.8118128e+01	2.0343156e-01
1.8139937e+01	1.5907870e-01
1.8161746e+01	2.7845818e-02
1.8183555e+01	-9.3125458e-02
1.8205364e+01	-2.9905981e-02
1.8227173e+01	4.0672312e-02
1.8248982e+01	1.1877802e-02
1.8270791e+01	4.7562896e-02
1.8292600e+01	-6.4376194e-02
1.8314409e+01	-2.4174494e-03
1.8336218e+01	5.8830591e-02
1.8358027e+01	-1.0137813e-01
1.8379835e+01	-1.1474457e-01
1.8401644e+01	-3.0189666e-02
1.8423453e+01	-6.8355686e-02
1.8445262e+01	8.9411857e-02
1.8467071e+01	3.8899057e-01
1.8488880e+01	6.6216830e-01
1.8510689e+01	4.2240527e-01
1.8532498e+01	2.2622562e-01
1.8554307e+01	-5.1932937e-02
1.8576116e+01	-1.1087306e-02
1.8597925e+01	-7.8832778e-02
1.8619734e+01	1.4509558e-01
1.8641543e+01	1.8618510e-01
1.8663352e+01	9.2975128e-02
1.8685161e+01	1.7381212e-01
1.8706970e+01	3.1078475e-03
1.8728778e+01	1.1501670e-01
1.8750587e+01	-5.2558365e-02
1.8772396e+01	-1.3321195e-01
1.8794205e+01	-1.6163220e-01
1.8816014e+01	-1.7311499e-01
1.8837823e+01	-1.6191852e-01
1.8859632e+01	4.7372460e-02
1.8881441e+01	2.8979426e-02
1.8903250e+01	-1.5815071e-02
1.8925059e+01	8.8929466e-02
1.8946868e+01	8.2359272e-02
1.8968677e+01	4.8224957e-02
1.8990486e+01	-1.0967428e-01
1.9012295e+01	4.5021789e-02
1.9034104e+01	1.7342978e-02
1.9055913e+01	3.0109639e-02
1.9077721e+01	-5.8001732e-02
1.9099530e+01	-1.1479814e-01
1.9121339e+01	8.3735312e-02
1.9143148e+01	7.4404975e-02
1.9164957e+01	5.3797148e-02
1.9186766e+01	-3.4446064e-02
1.9208575e+01	-5.0385639e-02
1.9230384e+01	-3.7249006e-03
1.9252193e+01	7.0571838e-02
1.9274002e+01	-7.0707715e-02
1.9295811e+01	-1.2778951e-01
1.9317620e+01	3.1122021e-02
1.9339429e+01	2.6177798e-01
1.9361238e+01	4.4102740e-01
1.9383047e+01	3.2704869e-01
1.9404856e+01	-2.7418848e-02
1.9426665e+01	1.3665997e-01
1.9448473e+01	1.8998374e-01
1.9470282e+01	2.2871268e-02
1.9492091e+01	-3.8556379e-02
1.9513900e+01	-1.6098554e-02
1.9535709e+01	2.8791053e-02
1.9557518e+01	-2.2339070e-02
1.9579327e+01	-2.0887624e-01
1.9601136e+01	-6.7397661e-02
1.9622945e+01	-1.5087499e-01
1.9644754e+01	-5.0235740e-02
1.9666563e+01	1.0211169e-01
1.9688372e+01	-1.3101110e-02
1.9710181e+01	6.0822495e-02
1.9731990e+01	2.9874443e-02
1.9753799e+01	9.5937709e-02
1.9775608e+01	7.4862557e-02
1.9797416e+01	1.9020122e-02
1.9819225e+01	-2.2338371e-02
1.9841034e+01	1.9602736e-02
1.9862843e+01	4.6064207e-02
1.9884652e+01	3.3630089e-01
1.9906461e+01	6.7828779e-01
1.9928270e+01	8.2657284e-01
1.9950079e+01	4.6862589e-01
1.9971888e+01	4.9812982e-01
1.9993697e+01	3.8720418e-01
2.0015506e+01	-4.0606931e-02
2.0037315e+01	-1.8924968e-01
2.0059124e+01	-1.8606519e-01
2.0080933e+01	-4.9123323e-02
2.0102742e+01	1.0085821e-01
2.0124551e+01	1.3369464e-01
2.0146359e+01	6.3529999e-02
2.0168168e+01	-5.4212146e-02
2.0189977e+01	1.6558549e-02
2.0211786e+01	-1.2993986e-02
2.0233595e+01	1.1940139e-01
2.0255404e+01	3.6703457e-01
2.0277213e+01	8.7715057e-01
2.0299022e+01	1.3751155e+00
2.0320831e+01	1.8044496e+00
2.0342640e+01	2.1540340e+00
2.0364449e+01	2.1077978e+00
2.0386258e+01	1.7382412e+00
2.0408067e+01	1.4364353e+00
2.0429876e+01	1.0591663e+00
2.0451685e+01	1.1197624e+00
2.0473494e+01	1.2559046e+00
2.0495302e+01	1.5239652e+00
2.0517111e+01	1.8420372e+00
2.0538920e+01	1.6570139e+00
2.0560729e+01	1.6740005e+00
2.0582538e+01	1.2985349e+00
2.0604347e+01	9.7535048e-01
2.0626156e+01	6.2034830e-01
2.0647965e+01	1.5681653e-01
2.0669774e+01	7.5172080e-02
2.0691583e+01	6.1585869e-02
2.0713392e+01	-6.3197060e-02
2.0735201e+01	-2.3614753e-01
2.0757010e+01	-7.7582312e-03
2.0778819e+01	-8.3669284e-02
2.0800628e+01	2.4174531e-02
2.0822437e+01	-1.2031791e-01
2.0844245e+01	-9.9264215e-03
2.0866054e+01	1.3742162e-01
2.0887863e+01	2.1221380e-02
2.0909672e+01	1.6462422e-01
2.0931481e+01	-6.3095164e-02
2.0953290e+01	-6.6565633e-02
2.0975099e+01	-3.6342295e-02
2.0996908e+01	4.2595817e-01
2.1018717e+01	1.4319429e+00
2.1040526e+01	1.8445023e+00
2.1062335e+01	1.9456725e+00
2.1084144e+01	2.1789738e+00
2.1105953e+01	2.5417685e+00
2.1127762e+01	2.3617698e+00
2.1149571e+01	2.4601831e+00
2.1171380e+01	3.0510945e+00
2.1193188e+01	4.0361444e+00
2.1214997e+01	4.6643090e+00
2.1236806e+01	5.5357535e+00
2.1258615e+01	6.0667424e+00
2.1280424e+01	6.3538057e+00
2.1302233e+01	5.7331818e+00
2.1324042e+01	4.9845580e+00
2.1345851e+01	4.0598735e+00
2.1367660e+01	3.1391845e+00
2.1389469e+01	2.2492094e+00
2.1411278e+01	1.2362965e+00
2.1433087e+01	5.2651590e-01
2.1454896e+01	1.2137297e-01
2.1476705e+01	9.4124973e-02
2.1498514e+01	8.3900157e-01
2.1520323e+01	1.7882872e+00
2.1542132e+01	2.5108171e+00
2.1563940e+01	3.0472329e+00
2.1585749e+01	2.9770239e+00
2.1607558e+01	2.7531694e+00
2.1629367e+01	2.2923030e+00
2.1651176e+01	1.7961199e+00
2.1672985e+01	1.1694306e+00
2.1694794e+01	5.1118156e-01
2.1716603e+01	9.8102066e-02
2.1738412e+01	-4.6344965e-02
2.1760221e+01	-6.2551089e-02
2.1782030e+01	-6.3867549e-02
2.1803839e+01	-2.4109600e-01
2.1825648e+01	-4.5780604e-02
2.1847457e+01	3.0112699e-01
2.1869266e+01	2.3901464e-01
2.1891075e+01	4.8543136e-03
2.1912883e+01	-4.3170399e-02
2.1934692e+01	3.4461509e-02
2.1956501e+01	2.3745265e-03
2.1978310e+01	5.4947504e-02
2.2000119e+01	2.9903252e-02
2.2021928e+01	4.4527777e-02
2.2043737e+01	-6.9471588e-02
2.2065546e+01	9.7182977e-03
2.2087355e+01	1.4285888e-02
2.2109164e+01	1.2837826e-01
2.2130973e+01	-2.5810770e-02
2.2152782e+01	-2.1380525e-01
2.2174591e+01	8.9467604e-02
2.2196400e+01	3.4509384e-02
2.2218209e+01	1.7962350e-03
2.2240018e+01	1.5093079e-02
2.2261826e+01	-1.0169795e-01
2.2283635e+01	4.3721187e-02
2.2305444e+01	7.7370249e-02
2.2327253e+01	-9.7861739e-04
2.2349062e+01	-9.3386055e-03
2.2370871e+01	1.7467067e-01
2.2392680e+01	-1.0670343e-01
2.2414489e+01	-2.0886556e-01
2.2436298e+01	1.2274023e-01
2.2458107e+01	9.8027021e-02
2.2479916e+01	-4.5625585e-02
2.2501725e+01	-5.2913140e-02
2.2523534e+01	-6.2498872e-02
2.2545343e+01	2.1514127e-01
2.2567152e+01	-3.6507817e-02
2.2588961e+01	7.3314482e-03
2.2610769e+01	-1.1721980e-02
2.2632578e+01	-3.8913135e-02
2.2654387e+01	8.4835321e-02
2.2676196e+01	1.1408728e-01
2.2698005e+01	-5.2254191e-02
2.2719814e+01	-4.1020352e-04
2.2741623e+01	-1.0796755e-01
2.2763432e+01	-8.9044367e-02
2.2785241e+01	-8.9237082e-02
2.2807050e+01	5.7722736e-02
2.2828859e+01	1.6537180e-01
2.2850668e+01	1.7513512e-01
2.2872477e+01	-9.2464242e-02
2.2894286e+01	-1.0901979e-01
2.2916095e+01	7.3233833e-02
2.2937904e+01	1.5840480e-01
2.2959712e+01	-2.2154261e-02
2.2981521e+01	-1.3715517e-01
2.3003330e+01	-8.3253786e-02
2.3025139e+01	-9.2912348e-03
2.3046948e+01	1.8179016e-01
2.3068757e+01	-1.0927753e-01
2.3090566e+01	2.7629443e-02
2.3112375e+01	9.4722091e-03
2.3134184e+01	4.5963604e-02
2.3155993e+01	8.6044264e-02
2.3177802e+01	1.2611331e-01
2.3199611e+01	1.9858871e-02
2.3221420e+01	-8.7079470e-02
2.3243229e+01	-2.5003556e-01
2.3265038e+01	-2.0550990e-01
2.3286847e+01	6.3305534e-02
2.3308655e+01	9.8928050e-02
2.3330464e+01	-6.3431930e-02
2.3352273e+01	7.2877421e-02
2.3374082e+01	1.5970089e-01
2.3395891e+01	4.6271215e-02
2.3417700e+01	4.9027353e-02
2.3439509e+01	-1.2605741e-01
2.3461318e+01	-1.2123219e-01
2.3483127e+01	2.0929669e-01
2.3504936e+01	4.0430980e-01
2.3526745e+01	6.9741819e-01
2.3548554e+01	8.8397776e-01
2.3570363e+01	9.6023638e-01
2.3592172e+01	1.4777899e+00
2.3613981e+01	2.0854643e+00
2.3635790e+01	2.7014484e+00
2.3657599e+01	3.5152880e+00
2.3679407e+01	4.0665110e+00
2.3701216e+01	4.6474283e+00
2.3723025e+01	5.3836559e+00
2.3744834e+01	6.0524035e+00
2.3766643e+01	6.7199810e+00
2.3788452e+01	7.8500233e+00
2.3810261e+01	8.6070703e+00
2.3832070e+01	9.0319779e+00
2.3853879e+01	8.8626429e+00
2.3875688e+01	8.4983822e+00
2.3897497e+01	7.5563608e+00
2.3919306e+01	6.2823533e+00
2.3941115e+01	4.9068828e+00
2.3962924e+01	3.5093582e+00
2.3984733e+01	2.1727602e+00
2.4006542e+01	1.1948617e+00
2.4028350e+01	4.4209875e-01
2.4050159e+01	1.0052307e-01
2.4071968e+01	4.5912392e-02
2.4093777e+01	6.5963337e-02
2.4115586e+01	2.4372706e-02
2.4137395e+01	-8.3189041e-02
2.4159204e+01	-8.4440712e-02
2.4181013e+01	-1.8740947e-01
2.4202822e+01	2.4032899e-02
2.4224631e+01	6.4410551e-02
2.4246440e+01	-1.9423035e-01
2.4268249e+01	-8.5164507e-02
2.4290058e+01	2.0626267e-01
2.4311867e+01	2.5765329e-01
2.4333676e+01	8.5672385e-02
2.4355485e+01	-4.4087021e-02
2.4377293e+01	-6.8282183e-03
2.4399102e+01	9.6195349e-03
2.4420911e+01	1.8262335e-01
2.4442720e+01	-4.6729777e-02
2.4464529e+01	-2.3396976e-01
2.4486338e+01	-1.9984414e-02
2.4508147e+01	5.3735461e-02
2.4529956e+01	1.9453171e-01
2.4551765e+01	2.0080007e-01
2.4573574e+01	3.6244597e-01
2.4595383e+01	3.9634501e-01
2.4617192e+01	6.7838125e-01
2.4639001e+01	6.2912275e-01
2.4660810e+01	1.8420555e-01
2.4682619e+01	5.4920505e-02
2.4704428e+01	-3.2608152e-03
2.4726236e+01	-4.3038774e-02
2.4748045e+01	-1.5782617e-01
2.4769854e+01	-1.0578725e-02
2.4791663e+01	-1.3017034e-01
2.4813472e+01	-1.1355863e-01
2.4835281e+01	1.3474643e-02
2.4857090e+01	6.1592856e-02
2.4878899e+01	-1.5667891e-01
2.4900708e+01	-5.4758682e-02
2.4922517e+01	1.2101610e-01
2.4944326e+01	1.1998878e-01
2.4966135e+01	-2.7319223e-02
2.4987944e+01	3.7743597e-02
2.5009753e+01	7.1012840e-02
2.5031562e+01	-4.8080092e-02
2.5053371e+01	2.1653120e-03
2.5075179e+01	-3.9243284e-02
2.5096988e+01	-9.6464293e-02
2.5118797e+01	9.2343498e-04
2.5140606e+01	1.7213273e-02
2.5162415e+01	1.7444785e-01
2.5184224e+01	1.1691327e-01
2.5206033e+01	-5.5089663e-02
2.5227842e+01	-7.7699985e-02
2.5249651e+01	-2.8202913e-02
2.5271460e+01	3.0007989e-02
2.5293269e+01	1.2886710e-02
2.5315078e+01	7.2724099e-02
2.5336887e+01	-7.1627356e-03
2.5358696e+01	-1.6931783e-02
2.5380505e+01	-1.7400853e-01
2.5402314e+01	1.4435249e-01
2.5424123e+01	1.4809096e-01
2.5445931e+01	-3.5441089e-02
2.5467740e+01	-3.4845449e-02
2.5489549e+01	-5.9480898e-03
2.5511358e+01	-1.1483018e-02
2.5533167e+01	-1.1416919e-01
2.5554976e+01	-1.6031149e-02
2.5576785e+01	1.5537014e-02
2.5598594e+01	2.7573147e-02
2.5620403e+01	6.3310259e-02
2.5642212e+01	-6.5881069e-02
2.5664021e+01	-3.1236318e-02
2.5685830e+01	-4.4709351e-02
2.5707639e+01	-4.5142374e-02
2.5729448e+01	-1.0624809e-02
2.5751257e+01	1.6139013e-01
2.5773066e+01	1.1831007e-01
2.5794874e+01	3.1884824e-02
2.5816683e+01	4.1511489e-02
2.5838492e+01	-9.6011157e-02
2.5860301e+01	-7.7383021e-02
2.5882110e+01	-3.2698947e-03
2.5903919e+01	-1.7681049e-01
2.5925728e+01	-1.3943666e-01
2.5947537e+01	-6.6743596e-02
2.5969346e+01	-1.1392739e-02
2.5991155e+01	1.1005186e-01
2.6012964e+01	1.3210555e-01
2.6034773e+01	7.6148573e-02
2.6056582e+01	8.0160147e-02
2.6078391e+01	1.9026728e-01
2.6100200e+01	7.0179501e-02
2.6122009e+01	1.6027153e-01
2.6143817e+01	1.1630212e-01
2.6165626e+01	-5.3622123e-02
2.6187435e+01	-1.2022738e-01
2.6209244e+01	2.5531100e-02
2.6231053e+01	3.3124477e-02
2.6252862e+01	-2.0431879e-01
2.6274671e+01	-1.9300960e-01
2.6296480e+01	-9.0035273e-02
2.6318289e+01	-1.2288049e-01
2.6340098e+01	-1.4027054e-02
2.6361907e+01	3.8226411e-01
2.6383716e+01	6.6315324e-01
2.6405525e+01	6.0811396e-01
2.6427334e+01	5.0261086e-01
2.6449143e+01	3.2691618e-01
2.6470952e+01	1.5371844e-01
2.6492760e+01	1.1715301e-01
2.6514569e+01	8.4435588e-03
2.6536378e+01	1.2519412e-01
2.6558187e+01	3.8732673e-01
2.6579996e+01	6.3243382e-01
2.6601805e+01	8.4538992e-01
2.6623614e+01	1.0048654e+00
2.6645423e+01	1.1398207e+00
2.6667232e+01	9.8125918e-01
2.6689041e+01	1.1835232e+00
2.6710850e+01	8.9121117e-01
2.6732659e+01	6.2340247e-01
2.6754468e+01	3.8910948e-01
2.6776277e+01	-7.0921632e-02
2.6798086e+01	-1.9896281e-01
2.6819895e+01	-1.4081136e-01
2.6841703e+01	-6.9104497e-02
2.6863512e+01	6.4363147e-02
2.6885321e+01	2.2344904e-01
2.6907130e+01	3.3526028e-01
2.6928939e+01	1.4994252e-01
2.6950748e+01	1.2441371e-01
2.6972557e+01	9.1043479e-02
2.6994366e+01	8.4882867e-03
2.7016175e+01	1.2441890e-01
2.7037984e+01	-3.1977384e-02
2.7059793e+01	-1.0249745e-01
2.7081602e+01	3.9944175e-02
2.7103411e+01	-1.4388767e-01
2.7125220e+01	-1.4077110e-01
2.7147029e+01	-1.5929021e-02
2.7168838e+01	2.3612488e-01
2.7190646e+01	-5.9795211e-03
2.7212455e+01	5.6996471e-03
2.7234264e+01	-2.1776164e-01
2.7256073e+01	1.2687791e-01
2.7277882e+01	1.9369528e-01
2.7299691e+01	2.7308932e-02
2.7321500e+01	-3.9670038e-02
2.7343309e+01	-1.9250203e-02
2.7365118e+01	3.0358654e-02
2.7386927e+01	-8.9097058e-02
2.7408736e+01	-8.7669690e-02
2.7430545e+01	-1.0211298e-01
2.7452354e+01	-1.9766866e-01
2.7474163e+01	7.2773114e-02
2.7495972e+01	1.7788808e-01
2.7517781e+01	1.6924230e-01
2.7539590e+01	4.3432584e-02
2.7561398e+01	2.7533625e-02
2.7583207e+01	1.1415055e-02
2.7605016e+01	-8.4982621e-02
2.7626825e+01	-1.8261704e-02
2.7648634e+01	1.8048295e-01
2.7670443e+01	4.1193772e-01
2.7692252e+01	9.6295811e-01
2.7714061e+01	1.0138622e+00
2.7735870e+01	1.2971700e+00
2.7757679e+01	1.4869196e+00
2.7779488e+01	1.6714451e+00
2.7801297e+01	1.6634536e+00
2.7823106e+01	1.4444031e+00
2.7844915e+01	1.2577356e+00
2.7866724e+01	1.0799753e+00
2.7888533e+01	5.9633430e-01
2.7910341e+01	2.5812655e-01
2.7932150e+01	8.7382718e-02
2.7953959e+01	-1.1055884e-01
2.7975768e+01	3.5059457e-03
2.7997577e+01	-1.3341178e-01
2.8019386e+01	-2.5604560e-02
2.8041195e+01	-5.6338987e-02
2.8063004e+01	7.7593291e-02
2.8084813e+01	7.0122118e-02
2.8106622e+01	-1.9930314e-01
2.8128431e+01	-7.5835215e-02
2.8150240e+01	-7.6328433e-02
2.8172049e+01	4.3406362e-02
2.8193858e+01	-6.4247758e-02
2.8215667e+01	7.5104069e-02
2.8237476e+01	6.7658633e-03
2.8259284e+01	7.7398982e-02
2.8281093e+01	1.2574361e-01
2.8302902e+01	1.6926667e-01
2.8324711e+01	2.2350106e-02
2.8346520e+01	5.1783174e-02
2.8368329e+01	-1.3695400e-01
2.8390138e+01	-9.9816281e-02
2.8411947e+01	2.3868448e-01
2.8433756e+01	5.6052541e-01
2.8455565e+01	6.4875296e-01
2.8477374e+01	1.0087384e+00
2.8499183e+01	1.2687139e+00
2.8520992e+01	1.7153266e+00
2.8542801e+01	1.7811517e+00
2.8564610e+01	1.8707992e+00
2.8586419e+01	1.8677525e+00
2.8608227e+01	1.7115156e+00
2.8630036e+01	1.2958928e+00
2.8651845e+01	1.0605101e+00
2.8673654e+01	6.9702970e-01
2.8695463e+01	4.9529481e-01
2.8717272e+01	2.4250534e-02
2.8739081e+01	-1.3669797e-01
2.8760890e+01	1.2512824e-01
2.8782699e+01	-1.2768408e-02
2.8804508e+01	5.1525653e-02
2.8826317e+01	-7.7436770e-02
2.8848126e+01	-1.0616439e-01
2.8869935e+01	7.6571962e-02
2.8891744e+01	9.6310039e-02
2.8913553e+01	-4.0443160e-02
2.8935362e+01	-1.4003820e-01
2.8957170e+01	6.6992846e-04
2.8978979e+01	5.0625054e-02
2.9000788e+01	-8.7248286e-02
2.9022597e+01	3.6345522e-02
2.9044406e+01	1.0511307e-01
2.9066215e+01	7.5314971e-02
2.9088024e+01	-1.9949947e-02
2.9109833e+01	-1.1123231e-01
2.9131642e+01	1.0327378e-01
2.9153451e+01	1.0613747e-02
2.9175260e+01	4.2241603e-03
2.9197069e+01	-1.6680592e-02
2.9218878e+01	-1.1825871e-01
2.9240687e+01	4.8429163e-02
2.9262496e+01	4.4279199e-02
2.9284305e+01	1.0855846e-02
2.9306113e+01	-3.3319439e-02
2.9327922e+01	-6.0624417e-02
2.9349731e+01	-5.3218747e-02
2.9371540e+01	-7.8977329e-03
2.9393349e+01	5.6221790e-02
2.9415158e+01	-2.2003210e-04
2.9436967e+01	1.7052840e-01
2.9458776e+01	1.4322099e-01
2.9480585e+01	4.6444062e-02
2.9502394e+01	-7.3876524e-02
2.9524203e+01	-1.3560026e-01
2.9546012e+01	2.6268556e-02
2.9567821e+01	1.2330949e-01
2.9589630e+01	-1.2623302e-01
2.9611439e+01	-1.2970626e-01
2.9633248e+01	-5.6168259e-03
2.9655057e+01	-5.5459537e-03
2.9676865e+01	-2.1403284e-01
2.9698674e+01	1.5636990e-02
2.9720483e+01	1.7133948e-03
2.9742292e+01	6.1030091e-02
2.9764101e+01	2.1721776e-01
2.9785910e+01	1.2085732e-01
2.9807719e+01	5.2690508e-02
2.9829528e+01	-4.2892662e-02
2.9851337e+01	-3.7964928e-02
2.9873146e+01	-1.9758682e-01
2.9894955e+01	-2.9590041e-04
2.9916764e+01	1.2936944e-01
2.9938573e+01	1.7946769e-01
2.9960382e+01	6.1336006e-01
2.9982191e+01	1.1868899e+00
3.0004000e+01	1.7445452e+00
3.0025808e+01	2.2553901e+00
3.0047617e+01	2.5362126e+00
3.0069426e+01	2.9457588e+00
3.0091235e+01	3.1017987e+00
3.0113044e+01	3.1424084e+00
3.0134853e+01	2.7639619e+00
3.0156662e+01	2.2967353e+00
3.0178471e+01	1.7035206e+00
3.0200280e+01	1.2638469e+00
3.0222089e+01	8.0013421e-01
3.0243898e+01	3.0562563e-01
3.0265707e+01	1.6784219e-01
3.0287516e+01	-9.6622416e-02
3.0309325e+01	-1.1899902e-01
3.0331134e+01	8.2243032e-02
3.0352943e+01	-8.1011123e-02
3.0374751e+01	-5.8282107e-02
3.0396560e+01	1.7928494e-02
3.0418369e+01	-3.5036347e-03
3.0440178e+01	-2.7011111e-02
3.0461987e+01	-6.7588995e-03
3.0483796e+01	1.4374087e-01
3.0505605e+01	6.1493105e-02
3.0527414e+01	-2.2648035e-01
3.0549223e+01	-9.6580527e-02
3.0571032e+01	-3.7777095e-02
3.0592841e+01	1.6832357e-02
3.0614650e+01	1.6489093e-01
3.0636459e+01	-4.2675152e-02
3.0658268e+01	-1.6131684e-01
3.0680077e+01	8.1499090e-03
3.0701886e+01	8.4581270e-02
3.0723694e+01	9.9518223e-02
3.0745503e+01	5.3745941e-02
3.0767312e+01	1.1320404e-01
3.0789121e+01	4.8240730e-02
3.0810930e+01	-8.3167377e-03
3.0832739e+01	-3.1996626e-02
3.0854548e+01	1.1363474e-01
3.0876357e+01	-9.1433942e-02
3.0898166e+01	1.4456473e-01
3.0919975e+01	-5.2573148e-03
3.0941784e+01	-1.4313209e-01
3.0963593e+01	1.7817416e-02
3.0985402e+01	5.6491207e-02
3.1007211e+01	-9.1754334e-02
3.1029020e+01	-6.5737198e-02
3.1050829e+01	-5.4794174e-02
3.1072637e+01	-4.5285237e-02
3.1094446e+01	-5.2162372e-02
3.1116255e+01	8.2804413e-02
3.1138064e+01	-4.4046439e-03
3.1159873e+01	-9.6207842e-02
3.1181682e+01	1.5899017e-01
3.1203491e+01	-5.1761586e-02
3.1225300e+01	-8.4195454e-02
3.1247109e+01	-1.3118954e-03
3.1268918e+01	1.4965083e-01
3.1290727e+01	1.9808212e-01
3.1312536e+01	4.7336682e-03
3.1334345e+01	6.8876987e-02
3.1356154e+01	-2.1238950e-02
3.1377963e+01	-1.3183401e-01
3.1399772e+01	-2.2216572e-02
3.1421580e+01	2.0484298e-02
3.1443389e+01	-3.0387403e-02
3.1465198e+01	4.8671279e-03
3.1487007e+01	-6.3590943e-02
3.1508816e+01	-8.2398443e-02
3.1530625e+01	-5.7066934e-02
3.1552434e+01	-5.1408693e-02
3.1574243e+01	1.0298759e-02
3.1596052e+01	6.2644026e-02
3.1617861e+01	1.0755602e-01
3.1639670e+01	1.1779731e-01
3.1661479e+01	9.2302365e-02
3.1683288e+01	-7.4770804e-02
3.1705097e+01	-7.2630022e-02
3.1726906e+01	-9.8753122e-02
3.1748715e+01	1.0775668e-01
3.1770524e+01	3.0060270e-01
3.1792332e+01	8.9959511e-01
3.1814141e+01	1.4372222e+00
3.1835950e+01	1.8386683e+00
3.1857759e+01	2.2508457e+00
3.1879568e+01	2.6671576e+00
3.1901377e+01	2.8939074e+00
3.1923186e+01	3.0365333e+00
3.1944995e+01	2.9163267e+00
3.1966804e+01	2.8946748e+00
3.1988613e+01	2.3348570e+00
3.2010422e+01	1.8345235e+00
3.2032231e+01	1.4416866e+00
3.2054040e+01	1.0283626e+00
3.2075849e+01	5.8907784e-01
3.2097658e+01	1.5871357e-01
3.2119467e+01	-2.5110437e-02
3.2141275e+01	-9.9589331e-02
3.2163084e+01	-8.2416758e-02
3.2184893e+01	6.2617040e-02
3.2206702e+01	7.0283714e-02
3.2228511e+01	8.6358441e-02
3.2250320e+01	-1.4663194e-01
3.2272129e+01	-1.8180645e-01
3.2293938e+01	7.1938519e-02
3.2315747e+01	6.5200746e-02
3.2337556e+01	-8.1711745e-02
3.2359365e+01	3.1508505e-02
3.2381174e+01	-2.2071650e-02
3.2402983e+01	1.0422579e-01
3.2424792e+01	-1.0621297e-01
3.2446601e+01	-2.4931071e-02
3.2468410e+01	6.5626556e-02
3.2490218e+01	6.5054937e-03
3.2512027e+01	-1.9006077e-02
3.2533836e+01	1.8303352e-01
3.2555645e+01	9.9050131e-03
3.2577454e+01	1.2068370e-02
3.2599263e+01	-5.4522038e-02
3.2621072e+01	-2.7031371e-02
3.2642881e+01	2.8711238e-03
3.2664690e+01	-5.3400290e-02
3.2686499e+01	1.7510833e-03
3.2708308e+01	1.2548245e-01
3.2730117e+01	-1.1774325e-01
3.2751926e+01	-4.8015216e-02
3.2773735e+01	7.5019003e-02
3.2795544e+01	-7.9181715e-03
3.2817353e+01	-2.7242255e-02
3.2839161e+01	-2.1301096e-02
3.2860970e+01	3.1342993e-02
3.2882779e+01	9.7086238e-02
3.2904588e+01	-9.7540511e-02
3.2926397e+01	-7.6717629e-03
3.2948206e+01	5.0477072e-02
3.2970015e+01	6.6467043e-02
3.2991824e+01	-9.3758592e-03
3.3013633e+01	-9.4575338e-02
3.3035442e+01	-2.6997878e-02
3.3057251e+01	8.5498285e-02
3.3079060e+01	1.5201304e-02
3.3100869e+01	6.4125573e-02
3.3122678e+01	-1.2816195e-02
3.3144487e+01	2.7892117e-02
3.3166296e+01	-9.6553553e-02
3.3188104e+01	-1.5120327e-01
3.3209913e+01	-1.1451491e-01
3.3231722e+01	1.6631696e-02
3.3253531e+01	9.4297686e-02
3.3275340e+01	1.4929899e-01
3.3297149e+01	8.3947935e-02
3.3318958e+01	3.0061688e-02
3.3340767e+01	8.1187644e-02
3.3362576e+01	-7.8527724e-02
3.3384385e+01	1.7508773e-03
3.3406194e+01	-1.1582502e-01
3.3428003e+01	-7.1149151e-02
3.3449812e+01	-1.0368161e-01
3.3471621e+01	-1.8859724e-01
3.3493430e+01	8.8850951e-02
3.3515239e+01	9.7941502e-02
3.3537047e+01	6.4786777e-02
3.3558856e+01	1.7729611e-02
3.3580665e+01	1.9343731e-02
3.3602474e+01	2.1771694e-03
3.3624283e+01	2.3932165e-01
3.3646092e+01	1.3352411e-02
3.3667901e+01	4.3693726e-02
3.3689710e+01	4.0295633e-02
3.3711519e+01	2.7784777e-03
3.3733328e+01	6.1550070e-02
3.3755137e+01	-1.2052826e-01
3.3776946e+01	-1.4147901e-02
3.3798755e+01	-4.4423767e-02
3.3820564e+01	1.3500402e-02
3.3842373e+01	3.0018128e-02
3.3864182e+01	2.5950379e-01
3.3885991e+01	-1.0187069e-03
3.3907799e+01	-1.3787238e-01
3.3929608e+01	-4.8976309e-02
3.3951417e+01	2.0934704e-01
3.3973226e+01	-2.0227653e-03
3.3995035e+01	-1.2262094e-01
3.4016844e+01	-5.1417359e-02
3.4038653e+01	-6.4689696e-02
3.4060462e+01	-6.4802045e-03
3.4082271e+01	1.1712075e-01
3.4104080e+01	-7.8441415e-02
3.4125889e+01	8.3764050e-02
3.4147698e+01	1.3868427e-01
3.4169507e+01	3.1386412e-02
3.4191316e+01	3.5434293e-02
3.4213125e+01	-8.2370092e-02
3.4234934e+01	1.4251434e-02
3.4256742e+01	-8.4661614e-02
3.4278551e+01	-9.3212826e-02
3.4300360e+01	3.8598946e-02
3.4322169e+01	1.0562367e-01
3.4343978e+01	1.1194285e-01
3.4365787e+01	-7.9505986e-02
3.4387596e+01	-2.8966103e-02
3.4409405e+01	-2.7930900e-02
3.4431214e+01	-2.1675789e-02
3.4453023e+01	-2.8931690e-02
3.4474832e+01	-1.1143750e-01
3.4496641e+01	7.0627303e-03
3.4518450e+01	1.0012434e-01
3.4540259e+01	6.5387627e-02
3.4562068e+01	-9.3340627e-03
3.4583877e+01	-6.5745015e-02
3.4605685e+01	1.4687331e-01
3.4627494e+01	8.9665277e-03
3.4649303e+01	-6.0093367e-02
3.4671112e+01	-3.9977757e-02
3.4692921e+01	-9.1996367e-02
3.4714730e+01	1.4011123e-02
3.4736539e+01	6.9783304e-02
3.4758348e+01	2.2284464e-01
3.4780157e+01	5.3135451e-02
3.4801966e+01	-1.0461762e-01
3.4823775e+01	-1.3362629e-01
3.4845584e+01	-1.0766233e-02
3.4867393e+01	1.2416495e-01
3.4889202e+01	3.1156203e-02
3.4911011e+01	3.8952029e-02
3.4932820e+01	-1.3038425e-01
3.4954628e+01	4.8168544e-02
3.4976437e+01	6.9143598e-02
3.4998246e+01	-5.2978025e-02
3.5020055e+01	-4.6787716e-02
3.5041864e+01	-7.4643428e-02
3.5063673e+01	3.0458955e-02
3.5085482e+01	1.3807929e-01
3.5107291e+01	7.0046354e-02
3.5129100e+01	-5.0428825e-02
3.5150909e+01	-1.2193987e-01
3.5172718e+01	-1.4552596e-01
3.5194527e+01	8.5434255e-02
3.5216336e+01	5.6882875e-02
3.5238145e+01	-3.0372734e-02
3.5259954e+01	-1.3896404e-02
3.5281763e+01	-1.5328093e-02
3.5303571e+01	1.4653505e-01
3.5325380e+01	1.9745939e-01
3.5347189e+01	1.0736088e-02
3.5368998e+01	-1.5454676e-01
3.5390807e+01	-4.7705276e-02
3.5412616e+01	2.8653888e-02
3.5434425e+01	5.1845743e-02
3.5456234e+01	1.1949038e-02
3.5478043e+01	4.3610493e-02
3.5499852e+01	-8.5032735e-02
3.5521661e+01	-1.9134344e-01
3.5543470e+01	-1.1997930e-01
3.5565279e+01	7.4579096e-02
3.5587088e+01	6.2350289e-02
3.5608897e+01	7.0820038e-02
3.5630706e+01	5.6654310e-02
3.5652514e+01	-3.0486592e-02
3.5674323e+01	5.8650925e-02
3.5696132e+01	7.3361122e-02
3.5717941e+01	9.8353228e-02
3.5739750e+01	1.3280485e-01
3.5761559e+01	-1.6693476e-02
3.5783368e+01	2.1704753e-02
3.5805177e+01	-7.7748945e-02
3.5826986e+01	-4.5653770e-02
3.5848795e+01	9.7975357e-02
3.5870604e+01	-4.3239221e-02
3.5892413e+01	-1.7381971e-01
3.5914222e+01	-3.0065548e-02
3.5936031e+01	-4.6302236e-03
3.5957840e+01	-1.4746859e-01
3.5979649e+01	-2.8226635e-01
3.6001458e+01	-3.2102645e-02
3.6023266e+01	9.2504232e-02
3.6045075e+01	2.9997454e-01
3.6066884e+01	3.1505937e-01
3.6088693e+01	1.5787475e-01
3.6110502e+01	5.1202371e-02
3.6132311e+01	1.0648400e-01
3.6154120e+01	7.6185500e-02
3.6175929e+01	2.2449413e-01
3.6197738e+01	-3.2816277e-02
3.6219547e+01	6.1545219e-02
3.6241356e+01	5.5288869e-02
3.6263165e+01	-1.1848662e-01
3.6284974e+01	-1.5749954e-01
3.6306783e+01	-8.0946787e-02
3.6328592e+01	-7.1843348e-02
3.6350401e+01	4.1065681e-02
3.6372209e+01	-5.9085402e-02
3.6394018e+01	-8.8023266e-02
3.6415827e+01	5.3733475e-02
3.6437636e+01	1.2939202e-01
3.6459445e+01	-1.8244442e-02
3.6481254e+01	1.0679064e-01
3.6503063e+01	2.3645247e-01
3.6524872e+01	6.8866690e-02
3.6546681e+01	3.1116655e-02
3.6568490e+01	9.4622233e-03
3.6590299e+01	-2.3019628e-02
3.6612108e+01	-1.7802478e-01
3.6633917e+01	-1.0896733e-01
3.6655726e+01	-5.3171214e-02
3.6677535e+01	-7.7463700e-03
3.6699344e+01	-4.0146831e-02
3.6721152e+01	-1.6506942e-03
3.6742961e+01	2.9708628e-02
3.6764770e+01	1.1127968e-01
3.6786579e+01	-6.8152281e-03
3.6808388e+01	5.7733580e-02
3.6830197e+01	-5.0486302e-02
3.6852006e+01	1.0227968e-01
3.6873815e+01	7.2814469e-02
3.6895624e+01	-5.2437066e-02
3.6917433e+01	-7.8992053e-02
3.6939242e+01	-1.1296219e-02
3.6961051e+01	3.0398043e-01
3.6982860e+01	1.1116208e-01
3.7004669e+01	1.3146787e-01
3.7026478e+01	3.9845962e-01
3.7048287e+01	5.6498266e-01
3.7070095e+01	5.8452919e-01
3.7091904e+01	1.7037333e-02
3.7113713e+01	-1.3985240e-01
3.7135522e+01	-1.1762117e-01
3.7157331e+01	-8.2248533e-02
3.7179140e+01	8.1781531e-02
3.7200949e+01	-1.2341869e-01
3.7222758e+01	-3.5272955e-02
3.7244567e+01	9.4735781e-02
3.7266376e+01	7.8197778e-02
3.7288185e+01	-4.9469817e-02
3.7309994e+01	7.1683321e-02
3.7331803e+01	1.1592996e-02
3.7353612e+01	-2.3117754e-01
3.7375421e+01	6.6048232e-02
3.7397230e+01	2.3838674e-01
3.7419038e+01	3.9854326e-01
3.7440847e+01	4.6259260e-01
3.7462656e+01	1.0162212e+00
3.7484465e+01	1.4994527e+00
3.7506274e+01	1.3217435e+00
3.7528083e+01	7.2127927e-01
3.7549892e+01	5.2569850e-01
3.7571701e+01	4.1261273e-01
3.7593510e+01	1.3821644e-01
3.7615319e+01	8.4702928e-02
3.7637128e+01	-1.7059800e-02
3.7658937e+01	-1.3312041e-01
3.7680746e+01	-1.4068369e-02
3.7702555e+01	-9.8228910e-02
3.7724364e+01	-1.5176573e-01
3.7746173e+01	-7.9364489e-02
3.7767981e+01	3.6827955e-02
3.7789790e+01	8.6089864e-02
3.7811599e+01	-1.3599842e-01
3.7833408e+01	7.2891044e-02
3.7855217e+01	3.8544337e-02
3.7877026e+01	1.4893508e-01
3.7898835e+01	1.6804922e-01
3.7920644e+01	1.6481608e-01
3.7942453e+01	1.2700761e-01
3.7964262e+01	-3.1008462e-03
3.7986071e+01	9.0102253e-02
3.8007880e+01	6.5047680e-02
3.8029689e+01	6.5395908e-02
3.8051498e+01	5.3984822e-02
3.8073307e+01	-2.5789860e-01
3.8095116e+01	-3.7991060e-01
3.8116925e+01	-2.2184883e-01
3.8138733e+01	-1.7866124e-01
3.8160542e+01	-1.2418184e-01
3.8182351e+01	2.8657000e-03
3.8204160e+01	4.8834943e-02
3.8225969e+01	1.5539208e-01
3.8247778e+01	5.3613223e-02
3.8269587e+01	2.9915639e-01
3.8291396e+01	1.7132553e-01
3.8313205e+01	1.3514607e-01
3.8335014e+01	3.3504396e-01
3.8356823e+01	1.2296074e-01
3.8378632e+01	1.2579962e-01
3.8400441e+01	3.9647223e-01
3.8422250e+01	4.1032359e-01
3.8444059e+01	1.0321851e-01
3.8465868e+01	-1.1663158e-03
3.8487676e+01	-1.0347429e-02
3.8509485e+01	-1.6146057e-01
3.8531294e+01	-1.2798887e-01
3.8553103e+01	-7.5252549e-02
3.8574912e+01	2.5130376e-02
3.8596721e+01	-1.4680308e-01
3.8618530e+01	-9.1631746e-04
3.8640339e+01	1.1983663e-01
3.8662148e+01	2.2085221e-02
3.8683957e+01	4.3899157e-02
3.8705766e+01	-9.5122205e-02
3.8727575e+01	-1.0472098e-01
3.8749384e+01	1.6334214e-02
3.8771193e+01	8.0848215e-02
3.8793002e+01	3.9760547e-02
3.8814811e+01	-2.8086445e-03
3.8836619e+01	7.6972926e-02
3.8858428e+01	-1.2669447e-03
3.8880237e+01	3.6727919e-02
3.8902046e+01	-8.3785128e-02
3.8923855e+01	6.5679654e-02
3.8945664e+01	1.2349152e-01
3.8967473e+01	-4.5809393e-02
3.8989282e+01	-3.4314507e-02
3.9011091e+01	-1.9906179e-01
3.9032900e+01	-7.2369930e-02
3.9054709e+01	2.4452973e-01
3.9076518e+01	6.4963805e-02
3.9098327e+01	9.6568762e-03
3.9120136e+01	-4.3962357e-02
3.9141945e+01	1.2610247e-01
3.9163754e+01	2.5428058e-01
3.9185562e+01	-7.7601304e-02
3.9207371e+01	-2.5450691e-01
3.9229180e+01	1.3281041e-01
3.9250989e+01	-1.0662214e-01
3.9272798e+01	1.1003823e-01
3.9294607e+01	2.7428218e-01
3.9316416e+01	1.3184758e-01
3.9338225e+01	-2.0015921e-01
3.9360034e+01	3.1731343e-02
3.9381843e+01	9.3748713e-02
3.9403652e+01	1.0484914e-01
3.9425461e+01	2.6502117e-03
3.9447270e+01	4.6295638e-03
3.9469079e+01	-2.2336439e-01
3.9490888e+01	-2.7923089e-03
3.9512697e+01	4.5176591e-02
3.9534505e+01	-4.8192727e-04
3.9556314e+01	-1.1611269e-01
3.9578123e+01	-2.3992473e-02
3.9599932e+01	7.3368187e-02
3.9621741e+01	1.5786099e-01
3.9643550e+01	2.4854787e-02
3.9665359e+01	-1.4768346e-01
3.9687168e+01	-1.3193204e-01
3.9708977e+01	4.2632434e-02
3.9730786e+01	3.0768197e-01
3.9752595e+01	1.4849590e-01
3.9774404e+01	8.0208809e-03
3.9796213e+01	4.5360298e-01
3.9818022e+01	4.0820134e-01
3.9839831e+01	5.5546263e-01
3.9861640e+01	7.5670553e-02
3.9883449e+01	5.4922407e-02
3.9905257e+01	5.9680646e-02
3.9927066e+01	-1.1528726e-01
3.9948875e+01	1.5677847e-01
3.9970684e+01	-1.0142365e-01
3.9992493e+01	4.2504576e-02
4.0014302e+01	4.9541903e-02
4.0036111e+01	3.0245620e-02
4.0057920e+01	-2.0437129e-01
4.0079729e+01	5.4610125e-02
4.0101538e+01	5.0661939e-03
4.0123347e+01	-1.9653551e-01
4.0145156e+01	-2.1144305e-01
4.0166965e+01	1.1378711e-02
4.0188774e+01	2.6339595e-01
4.0210583e+01	1.8868826e-01
4.0232392e+01	1.0778881e-01
4.0254200e+01	-1.4237044e-02
4.0276009e+01	1.1310003e-01
4.0297818e+01	-4.1391499e-02
4.0319627e+01	-1.5863022e-01
4.0341436e+01	-5.0375555e-02
4.0363245e+01	1.1274568e-01
4.0385054e+01	4.9181340e-02
4.0406863e+01	-4.9590556e-02
4.0428672e+01	7.9937552e-02
4.0450481e+01	-2.5824269e-02
4.0472290e+01	-7.7978315e-02
4.0494099e+01	1.2704340e-01
4.0515908e+01	3.9693772e-02
4.0537717e+01	-6.6113946e-02
4.0559526e+01	-4.9115170e-02
4.0581335e+01	-2.9556934e-02
4.0603143e+01	1.5472839e-01
4.0624952e+01	7.3432102e-02
4.0646761e+01	-2.9077902e-01
4.0668570e+01	2.3847086e-01
4.0690379e+01	1.2326233e-02
4.0712188e+01	-1.2545862e-01
4.0733997e+01	-6.1071496e-02
4.0755806e+01	1.3835159e-01
4.0777615e+01	1.5235910e-02
4.0799424e+01	1.0163875e-01
4.0821233e+01	1.0674158e-01
4.0843042e+01	1.1640010e-01
4.0864851e+01	-2.2307415e-01
4.0886660e+01	-1.5989620e-01
4.0908469e+01	2.6356968e-01
4.0930278e+01	-4.9516972e-02
4.0952086e+01	2.5880630e-03
4.0973895e+01	2.0074705e-01
4.0995704e+01	2.5258610e-01
4.1017513e+01	-1.0481956e-01
4.1039322e+01	-9.9022976e-02
4.1061131e+01	-5.6974266e-03
4.1082940e+01	4.1733134e-01
4.1104749e+01	3.6961026e-01
4.1126558e+01	4.4117193e-03
4.1148367e+01	1.6532168e-01
4.1170176e+01	4.1479729e-01
4.1191985e+01	3.7894082e-01
4.1213794e+01	4.3865208e-01
4.1235603e+01	-5.9384658e-02
4.1257412e+01	-5.4746105e-02
4.1279221e+01	3.3021043e-02
4.1301029e+01	-2.9225217e-03
4.1322838e+01	1.6655944e-02
4.1344647e+01	4.1932448e-01
4.1366456e+01	1.5879512e-01
4.1388265e+01	-3.2058171e-01
4.1410074e+01	1.2841776e-01
4.1431883e+01	6.4335388e-02
4.1453692e+01	8.7728077e-02
4.1475501e+01	3.7692328e-02
4.1497310e+01	5.6008681e-02
4.1519119e+01	-1.5774883e-01
4.1540928e+01	-1.1632276e-01
4.1562737e+01	2.4036357e-01
4.1584546e+01	-1.2426790e-01
4.1606355e+01	-7.9086402e-02
4.1628164e+01	1.5045095e-01
4.1649972e+01	-7.6297072e-02
4.1671781e+01	-1.0475002e-01
4.1693590e+01	2.1939344e-01
4.1715399e+01	4.4176610e-01
4.1737208e+01	3.9584729e-02
4.1759017e+01	-1.4190734e-01
4.1780826e+01	1.2014917e-01
4.1802635e+01	7.8705652e-02
4.1824444e+01	4.4987014e-01
4.1846253e+01	6.0797158e-01
4.1868062e+01	5.0147324e-01
4.1889871e+01	1.1577105e-01
4.1911680e+01	1.4481005e-01
4.1933489e+01	1.0455044e-01
4.1955298e+01	6.6085421e-02
4.1977107e+01	-6.2425862e-02
4.1998916e+01	-6.9193574e-02
4.2020724e+01	-2.4408646e-01
4.2042533e+01	-7.5780217e-02
4.2064342e+01	-2.0090133e-01
4.2086151e+01	8.9587343e-02
4.2107960e+01	1.7675665e-01
4.2129769e+01	6.0418307e-02
4.2151578e+01	-1.2707277e-01
4.2173387e+01	1.6816601e-02
4.2195196e+01	1.7490123e-01
4.2217005e+01	3.3946957e-01
4.2238814e+01	4.0035475e-02
4.2260623e+01	1.2605629e-01
4.2282432e+01	3.2955641e-01
4.2304241e+01	-2.2472665e-01
4.2326050e+01	-3.0245654e-01
4.2347859e+01	-2.1774604e-01
4.2369667e+01	2.5515893e-01
4.2391476e+01	2.2352676e-02
4.2413285e+01	2.0976148e-01
4.2435094e+01	3.2746126e-01
4.2456903e+01	5.0551108e-01
4.2478712e+01	1.8906263e-01
4.2500521e+01	1.1492275e-01
4.2522330e+01	5.0714302e-01
4.2544139e+01	6.4286953e-01
4.2565948e+01	6.1932489e-01
4.2587757e+01	4.2447757e-01
4.2609566e+01	7.5873879e-01
4.2631375e+01	1.1845152e+00
4.2653184e+01	1.0671516e+00
4.2674993e+01	8.6267655e-01
4.2696802e+01	5.0029776e-01
4.2718610e+01	1.5780493e-01
4.2740419e+01	4.1669451e-01
4.2762228e+01	3.7283530e-01
4.2784037e+01	-1.7983802e-01
4.2805846e+01	5.6748663e-02
4.2827655e+01	-3.5842983e-02
4.2849464e+01	-1.2640412e-01
4.2871273e+01	8.7622319e-02
4.2893082e+01	9.5947095e-03
4.2914891e+01	6.3540856e-02
4.2936700e+01	3.2381291e-02
4.2958509e+01	-3.7040078e-03
4.2980318e+01	1.1592518e-01
4.3002127e+01	-2.0302360e-01
4.3023936e+01	6.3350066e-02
4.3045745e+01	3.1864604e-01
4.3067553e+01	1.5472283e-01
4.3089362e+01	-1.8808466e-01
4.3111171e+01	-2.5416104e-01
4.3132980e+01	-1.1175449e-01
4.3154789e+01	3.1296184e-01
4.3176598e+01	1.4279377e-01
4.3198407e+01	1.5566858e-01
4.3220216e+01	2.5112566e-01
4.3242025e+01	8.2374925e-02
4.3263834e+01	-9.9238913e-02
4.3285643e+01	-7.7969102e-02
4.3307452e+01	9.3132831e-02
4.3329261e+01	-1.4080402e-01
4.3351070e+01	1.1647378e-01
4.3372879e+01	5.0138602e-01
4.3394688e+01	4.5452946e-01
4.3416496e+01	5.2802292e-01
4.3438305e+01	6.1413017e-01
4.3460114e+01	6.4478711e-01
4.3481923e+01	3.1707334e-01
4.3503732e+01	2.3501837e-01
4.3525541e+01	-1.9569338e-01
4.3547350e+01	-3.6800420e-02
4.3569159e+01	-7.2503203e-02
4.3590968e+01	6.1355970e-02
4.3612777e+01	4.7656218e-01
4.3634586e+01	7.5991611e-01
4.3656395e+01	3.9849888e-01
4.3678204e+01	1.3590758e-01
4.3700013e+01	6.4118536e-01
4.3721822e+01	1.5148977e+00
4.3743631e+01	1.7296520e+00
4.3765439e+01	1.4477117e+00
4.3787248e+01	1.9357902e+00
4.3809057e+01	2.4199588e+00
4.3830866e+01	2.2695589e+00
4.3852675e+01	2.9559530e+00
4.3874484e+01	2.5871723e+00
4.3896293e+01	2.4676044e+00
4.3918102e+01	2.0530135e+00
4.3939911e+01	1.6387782e+00
4.3961720e+01	1.5696067e+00
4.3983529e+01	8.0090943e-01
4.4005338e+01	9.8801284e-01
4.4027147e+01	4.5825529e-01
4.4048956e+01	-1.4587383e-01
4.4070765e+01	6.5223935e-02
4.4092574e+01	2.4195542e-01
4.4114383e+01	-5.9129880e-02
4.4136191e+01	-1.6670941e-01
4.4158000e+01	1.2121390e-01
4.4179809e+01	1.0029106e-01
4.4201618e+01	7.3377651e-02
4.4223427e+01	-8.6722813e-02
4.4245236e+01	2.8972903e-01
4.4267045e+01	6.6672984e-02
4.4288854e+01	-4.7178481e-02
4.4310663e+01	-1.9247929e-01
4.4332472e+01	1.6064372e-01
4.4354281e+01	-8.0533341e-02
4.4376090e+01	-1.4905411e-01
4.4397899e+01	4.4434878e-02
4.4419708e+01	3.1002461e-02
4.4441517e+01	1.5319336e-01
4.4463326e+01	1.0816618e-01
4.4485134e+01	-8.7126184e-02
4.4506943e+01	-1.6327688e-01
4.4528752e+01	1.5698686e-01
4.4550561e+01	6.5548631e-01
4.4572370e+01	5.1492718e-01
4.4594179e+01	-3.4486888e-02
4.4615988e+01	6.3279864e-01
4.4637797e+01	4.0429333e-01
4.4659606e+01	1.7031156e-01
4.4681415e+01	3.9986481e-01
4.4703224e+01	7.1719066e-01
4.4725033e+01	6.2209284e-01
4.4746842e+01	4.2379409e-01
4.4768651e+01	4.4768491e-01
4.4790460e+01	7.8680190e-02
4.4812269e+01	-1.9951329e-01
4.4834077e+01	-2.4064030e-02
4.4855886e+01	6.6184909e-02
4.4877695e+01	-2.1320493e-01
4.4899504e+01	-4.4111549e-02
4.4921313e+01	-2.4285116e-02
4.4943122e+01	1.2617004e-01
4.4964931e+01	1.1881257e-01
4.4986740e+01	7.3581409e-01