Image file: \\Gfs05\g45\SAXS\2020_12\HDF5\2020-12.10_Kevin_day2_SN\2020-12-10_Max_Cu123_SN_000017_data_000131.h5
ImageIntegration1d_chi_output; Output_Directory= \\Gfs05\g45\SAXS\2020_12\Processed\2020-12-09_Kevin_day1_SN\Chi-Sample-7
Profile = Radial, StartAzimuth = 0.0, EndAzimuth = 360.0, Sam_Det_distance = 250.818474293, InnerRadius = 15.0, OuterRadius = 2400.0, Lambda = 30, Ratio = 0.001, Itermax = 100
2400
2.0013229e+00	-2.8875620e-02
2.0231319e+00	-4.2979535e-02
2.0449408e+00	-5.6408435e-02
2.0667497e+00	8.8274976e-02
2.0885587e+00	1.3882259e-01
2.1103676e+00	-8.5755802e-02
2.1321765e+00	-5.2178693e-02
2.1539855e+00	1.5028129e-01
2.1757944e+00	-9.8077108e-02
2.1976034e+00	1.0403678e-01
2.2194123e+00	-1.7760767e-02
2.2412212e+00	-7.9811893e-02
2.2630302e+00	1.0905704e-01
2.2848391e+00	-5.0778760e-02
2.3066480e+00	1.0471802e-01
2.3284570e+00	9.2677473e-02
2.3502659e+00	-5.3375937e-02
2.3720749e+00	-3.5037989e-01
2.3938838e+00	1.7255165e-01
2.4156927e+00	4.2170502e-01
2.4375017e+00	3.8350723e-01
2.4593106e+00	3.7102523e-01
2.4811196e+00	2.5719558e-01
2.5029285e+00	1.5595858e-01
2.5247374e+00	-9.5769860e-02
2.5465464e+00	3.5110876e-01
2.5683553e+00	6.6698040e-02
2.5901642e+00	8.7892861e-03
2.6119732e+00	6.4637874e-02
2.6337821e+00	-2.3894165e-02
2.6555911e+00	-1.2765590e-01
2.6774000e+00	-1.0495351e-01
2.6992089e+00	6.3268906e-02
2.7210179e+00	-3.8571476e-02
2.7428268e+00	2.0741290e-02
2.7646358e+00	1.1920928e-01
2.7864447e+00	-3.4131610e-02
2.8082536e+00	-2.9525689e-02
2.8300626e+00	-2.2151155e-02
2.8518715e+00	5.2704379e-02
2.8736804e+00	1.0695109e-01
2.8954894e+00	1.5965117e-01
2.9172983e+00	-9.9073912e-02
2.9391073e+00	-1.4712119e-01
2.9609162e+00	2.3735776e-03
2.9827251e+00	2.3577590e-02
3.0045341e+00	-5.1512926e-02
3.0263430e+00	-2.0318919e-02
3.0481519e+00	1.1421224e-01
3.0699609e+00	6.4540922e-02
3.0917698e+00	6.4059130e-04
3.1135788e+00	-1.6422424e-01
3.1353877e+00	-7.1772362e-02
3.1571966e+00	3.2793510e-02
3.1790056e+00	5.3653719e-02
3.2008145e+00	1.7205464e-01
3.2226235e+00	1.2020280e-01
3.2444324e+00	-5.5888829e-02
3.2662413e+00	-2.1917915e-01
3.2880503e+00	7.0870400e-02
3.3098592e+00	-3.4926344e-03
3.3316681e+00	2.3377619e-01
3.3534771e+00	6.4488556e-02
3.3752860e+00	-1.4932491e-01
3.3970950e+00	-4.2598889e-02
3.4189039e+00	1.7206391e-02
3.4407128e+00	2.2634083e-02
3.4625218e+00	1.4289543e-01
3.4843307e+00	-1.3308252e-02
3.5061396e+00	2.9656785e-02
3.5279486e+00	5.8499427e-02
3.5497575e+00	-4.2927794e-02
3.5715665e+00	6.4946860e-02
3.5933754e+00	-2.1464552e-01
3.6151843e+00	-8.0251767e-02
3.6369933e+00	2.2545117e-02
3.6588022e+00	9.4085878e-02
3.6806112e+00	5.8207298e-02
3.7024201e+00	7.1052516e-02
3.7242290e+00	-2.5566694e-02
3.7460380e+00	-9.2706399e-02
3.7678469e+00	-5.2696040e-02
3.7896558e+00	-4.0854403e-06
3.8114648e+00	1.3510902e-01
3.8332737e+00	1.0084197e-01
3.8550827e+00	-3.0689790e-03
3.8768916e+00	-4.9482704e-02
3.8987005e+00	-1.1138492e-01
3.9205095e+00	-3.0160466e-02
3.9423184e+00	-2.1479486e-02
3.9641273e+00	-8.2743950e-03
3.9859363e+00	3.2848803e-02
4.0077452e+00	-3.4253425e-02
4.0295542e+00	-5.7275397e-02
4.0513631e+00	4.7020745e-02
4.0731720e+00	1.3166456e-01
4.0949810e+00	4.0196001e-02
4.1167899e+00	1.8086328e-01
4.1385989e+00	5.0877778e-02
4.1604078e+00	-4.4485444e-02
4.1822167e+00	-1.2109888e-01
4.2040257e+00	-3.6440716e-02
4.2258346e+00	-1.0523866e-01
4.2476435e+00	-6.8305300e-02
4.2694525e+00	6.5106529e-02
4.2912614e+00	8.0367452e-02
4.3130704e+00	1.6220573e-03
4.3348793e+00	8.7588529e-03
4.3566882e+00	-1.0382763e-01
4.3784972e+00	3.0384810e-02
4.4003061e+00	1.0093510e-01
4.4221151e+00	3.1759765e-02
4.4439240e+00	6.8659598e-02
4.4657329e+00	-6.1650438e-02
4.4875419e+00	-1.0140054e-01
4.5093508e+00	2.0972368e-01
4.5311597e+00	2.7988441e-01
4.5529687e+00	1.5291126e-02
4.5747776e+00	-1.2563955e-01
4.5965866e+00	-1.1286633e-01
4.6183955e+00	-2.4651084e-02
4.6402044e+00	1.3946641e-01
4.6620134e+00	1.0718747e-01
4.6838223e+00	1.5810504e-01
4.7056312e+00	5.4291990e-03
4.7274402e+00	-1.7867953e-01
4.7492491e+00	-9.3796234e-02
4.7710581e+00	9.0739302e-03
4.7928670e+00	9.2672129e-02
4.8146759e+00	9.9950720e-02
4.8364849e+00	6.9454362e-02
4.8582938e+00	-5.2076811e-02
4.8801028e+00	-2.7990993e-02
4.9019117e+00	-1.2278199e-01
4.9237206e+00	-8.4368194e-02
4.9455296e+00	6.9846633e-02
4.9673385e+00	3.3672705e-02
4.9891474e+00	1.7856050e-01
5.0109564e+00	4.4541513e-02
5.0327653e+00	-2.1770229e-01
5.0545743e+00	-1.6844425e-02
5.0763832e+00	7.2619354e-02
5.0981921e+00	-2.9691770e-02
5.1200011e+00	-1.1312781e-02
5.1418100e+00	4.6866452e-02
5.1636189e+00	1.1630573e-01
5.1854279e+00	1.4993329e-01
5.2072368e+00	-9.5370554e-02
5.2290458e+00	-4.8784825e-02
5.2508547e+00	-4.4875766e-02
5.2726636e+00	-1.5909988e-02
5.2944726e+00	1.9710196e-02
5.3162815e+00	-9.4752703e-02
5.3380905e+00	2.7603841e-02
5.3598994e+00	-3.3661453e-02
5.3817083e+00	-5.6253331e-02
5.4035173e+00	8.6116906e-02
5.4253262e+00	1.1029759e-01
5.4471351e+00	-3.3878639e-04
5.4689441e+00	-1.4439341e-03
5.4907530e+00	1.8982693e-02
5.5125620e+00	-8.7916299e-02
5.5343709e+00	-2.9403156e-02
5.5561798e+00	1.0704915e-01
5.5779888e+00	-9.6388543e-03
5.5997977e+00	-3.6611953e-02
5.6216066e+00	7.8126987e-02
5.6434156e+00	2.7398981e-03
5.6652245e+00	-9.9079285e-02
5.6870335e+00	-7.5604796e-02
5.7088424e+00	-1.3206435e-02
5.7306513e+00	6.0378813e-02
5.7524603e+00	9.6958715e-02
5.7742692e+00	-2.7658356e-02
5.7960782e+00	3.5364244e-02
5.8178871e+00	2.9700504e-02
5.8396960e+00	-8.3871355e-02
5.8615050e+00	6.5438092e-02
5.8833139e+00	-6.0515307e-02
5.9051228e+00	2.7436753e-03
5.9269318e+00	9.5595993e-02
5.9487407e+00	-2.0974970e-01
5.9705497e+00	3.9901259e-02
5.9923586e+00	2.3863149e-02
6.0141675e+00	-7.4494882e-02
6.0359765e+00	1.5092674e-02
6.0577854e+00	2.0106813e-01
6.0795944e+00	2.0281205e-01
6.1014033e+00	7.2123128e-02
6.1232122e+00	3.1787919e-02
6.1450212e+00	-1.8130170e-01
6.1668301e+00	-1.1386263e-01
6.1886390e+00	3.3745909e-03
6.2104480e+00	2.5387703e-02
6.2322569e+00	1.0627716e-01
6.2540659e+00	1.8688288e-02
6.2758748e+00	7.4030243e-02
6.2976837e+00	-2.2044912e-02
6.3194927e+00	-5.4205524e-03
6.3413016e+00	7.6994199e-02
6.3631105e+00	-7.4437341e-02
6.3849195e+00	-1.7055973e-01
6.4067284e+00	-3.6452647e-02
6.4285374e+00	3.5688054e-01
6.4503463e+00	2.1321893e-01
6.4721552e+00	1.2678426e-02
6.4939642e+00	2.5319911e-02
6.5157731e+00	3.4827057e-03
6.5375821e+00	-8.1884750e-02
6.5593910e+00	1.1529110e-01
6.5811999e+00	-1.8135986e-02
6.6030089e+00	-2.4246493e-03
6.6248178e+00	6.3749478e-02
6.6466267e+00	2.9742458e-02
6.6684357e+00	3.5057724e-02
6.6902446e+00	-1.8892476e-02
6.7120536e+00	-1.1942555e-01
6.7338625e+00	-6.1556715e-02
6.7556714e+00	-1.8105455e-02
6.7774804e+00	7.7501847e-03
6.7992893e+00	4.4645137e-02
6.8210982e+00	2.8501532e-02
6.8429072e+00	1.2623646e-02
6.8647161e+00	8.2962595e-02
6.8865251e+00	-3.5866259e-02
6.9083340e+00	-2.7491995e-02
6.9301429e+00	4.0911255e-02
6.9519519e+00	1.2752615e-01
6.9737608e+00	-3.8090972e-02
6.9955698e+00	-9.4466699e-02
7.0173787e+00	-2.5891049e-01
7.0391876e+00	-1.1473017e-01
7.0609966e+00	1.0570382e-01
7.0828055e+00	1.2832119e-01
7.1046144e+00	1.1274160e-01
7.1264234e+00	1.3634359e-01
7.1482323e+00	4.5203194e-02
7.1700413e+00	1.7031936e-01
7.1918502e+00	4.1135905e-02
7.2136591e+00	-1.8991018e-01
7.2354681e+00	-2.5729260e-01
7.2572770e+00	4.2279244e-02
7.2790859e+00	7.1831381e-02
7.3008949e+00	-1.9583428e-02
7.3227038e+00	2.6419005e-04
7.3445128e+00	5.1538308e-03
7.3663217e+00	-1.2232470e-01
7.3881306e+00	1.3266193e-01
7.4099396e+00	1.0452345e-01
7.4317485e+00	4.7471100e-02
7.4535575e+00	-1.3269366e-01
7.4753664e+00	-1.7811738e-02
7.4971753e+00	-9.4390103e-03
7.5189843e+00	8.7013836e-02
7.5407932e+00	-9.4266280e-03
7.5626021e+00	-6.5535543e-02
7.5844111e+00	3.1760797e-02
7.6062200e+00	1.4524200e-02
7.6280290e+00	-1.0882039e-01
7.6498379e+00	1.1104109e-01
7.6716468e+00	1.3204887e-01
7.6934558e+00	1.0114045e-01
7.7152647e+00	-1.8999552e-01
7.7370737e+00	-2.7491716e-02
7.7588826e+00	-9.8840644e-02
7.7806915e+00	-4.3802494e-04
7.8025005e+00	6.7442900e-02
7.8243094e+00	4.1174466e-02
7.8461183e+00	1.4980508e-02
7.8679273e+00	1.2281879e-02
7.8897362e+00	-9.6958601e-02
7.9115452e+00	6.0076480e-02
7.9333541e+00	2.7124327e-01
7.9551630e+00	1.3451256e-02
7.9769720e+00	-6.2573295e-02
7.9987809e+00	5.0344635e-02
8.0205898e+00	3.0400405e-02
8.0423988e+00	1.0896521e-01
8.0642077e+00	-1.2799567e-01
8.0860167e+00	-4.3686549e-02
8.1078256e+00	-7.1957328e-02
8.1296345e+00	-4.9907247e-02
8.1514435e+00	8.2538661e-02
8.1732524e+00	1.2695641e-01
8.1950614e+00	-1.1299051e-01
8.2168703e+00	2.4881986e-02
8.2386792e+00	1.2894016e-01
8.2604882e+00	-1.6361021e-03
8.2822971e+00	-4.9220088e-03
8.3041060e+00	6.1825671e-02
8.3259150e+00	-2.0933699e-01
8.3477239e+00	-1.2394836e-02
8.3695329e+00	1.5967517e-01
8.3913418e+00	4.4905769e-02
8.4131507e+00	-1.0761717e-02
8.4349597e+00	-2.2013938e-01
8.4567686e+00	-2.3166989e-02
8.4785775e+00	1.8413865e-01
8.5003865e+00	3.7448340e-01
8.5221954e+00	1.2022740e-01
8.5440044e+00	-1.4391597e-01
8.5658133e+00	8.8570217e-02
8.5876222e+00	6.0171013e-02
8.6094312e+00	2.6209435e-01
8.6312401e+00	5.9312479e-02
8.6530491e+00	-1.1855967e-01
8.6748580e+00	-2.7799181e-02
8.6966669e+00	-9.1192888e-03
8.7184759e+00	7.2087809e-02
8.7402848e+00	-3.1079476e-02
8.7620937e+00	-4.5603197e-02
8.7839027e+00	-1.5849003e-01
8.8057116e+00	-1.9073112e-02
8.8275206e+00	1.4158539e-01
8.8493295e+00	2.5809453e-01
8.8711384e+00	1.6414551e-01
8.8929474e+00	1.0973276e-01
8.9147563e+00	5.4644706e-02
8.9365652e+00	-1.7895432e-01
8.9583742e+00	-2.2952801e-01
8.9801831e+00	1.3155404e-01
9.0019921e+00	2.4424179e-02
9.0238010e+00	2.3520737e-02
9.0456099e+00	8.0774831e-02
9.0674189e+00	8.3795283e-02
9.0892278e+00	-6.3786675e-02
9.1110368e+00	-2.1689657e-01
9.1328457e+00	4.3595881e-02
9.1546546e+00	8.8875816e-02
9.1764636e+00	2.0456891e-01
9.1982725e+00	2.5522853e-01
9.2200814e+00	-1.0567046e-01
9.2418904e+00	-3.4213724e-02
9.2636993e+00	2.4032546e-03
9.2855083e+00	-1.1032317e-01
9.3073172e+00	-6.9068592e-02
9.3291261e+00	2.3953165e-01
9.3509351e+00	4.2759124e-02
9.3727440e+00	5.3002778e-02
9.3945530e+00	5.0527542e-02
9.4163619e+00	1.4447865e-01
9.4381708e+00	1.6545520e-01
9.4599798e+00	3.2430771e-01
9.4817887e+00	-5.3197428e-02
9.5035976e+00	-9.7582260e-02
9.5254066e+00	-3.3172410e-01
9.5472155e+00	8.9638277e-02
9.5690245e+00	1.5317555e-01
9.5908334e+00	-2.5433473e-03
9.6126423e+00	8.0887892e-02
9.6344513e+00	-2.1902782e-02
9.6562602e+00	3.0219534e-02
9.6780691e+00	2.4601262e-02
9.6998781e+00	-1.4523013e-01
9.7216870e+00	-2.8259254e-02
9.7434960e+00	7.6442215e-02
9.7653049e+00	-1.0388003e-01
9.7871138e+00	5.0338988e-02
9.8089228e+00	5.5254711e-02
9.8307317e+00	9.7922617e-02
9.8525407e+00	7.9066373e-02
9.8743496e+00	-1.3839528e-01
9.8961585e+00	2.8512397e-02
9.9179675e+00	5.5765208e-02
9.9397764e+00	1.0828846e-01
9.9615853e+00	-2.3857590e-01
9.9833943e+00	-2.2614329e-01
1.0005203e+01	1.4939338e-01
1.0027012e+01	1.3961033e-01
1.0048821e+01	1.6360347e-01
1.0070630e+01	2.7646506e-01
1.0092439e+01	-2.5156396e-02
1.0114248e+01	1.2469820e-01
1.0136057e+01	-6.5059107e-02
1.0157866e+01	2.8584598e-01
1.0179675e+01	3.9764695e-01
1.0201484e+01	-1.5027140e-01
1.0223293e+01	7.2501395e-02
1.0245102e+01	1.0154176e-01
1.0266910e+01	-1.7123135e-01
1.0288719e+01	-9.2286341e-02
1.0310528e+01	2.8958607e-01
1.0332337e+01	1.1899321e+00
1.0354146e+01	1.7217991e+00
1.0375955e+01	2.2718371e+00
1.0397764e+01	2.7450865e+00
1.0419573e+01	3.0159814e+00
1.0441382e+01	3.3681172e+00
1.0463191e+01	4.3216660e+00
1.0485000e+01	5.9186932e+00
1.0506809e+01	8.0094578e+00
1.0528618e+01	9.2508822e+00
1.0550427e+01	8.6214836e+00
1.0572236e+01	7.8065021e+00
1.0594045e+01	7.7400282e+00
1.0615853e+01	8.2816549e+00
1.0637662e+01	8.5487336e+00
1.0659471e+01	8.0831134e+00
1.0681280e+01	6.6389997e+00
1.0703089e+01	4.5982565e+00
1.0724898e+01	3.1049122e+00
1.0746707e+01	2.1015461e+00
1.0768516e+01	1.3194182e+00
1.0790325e+01	6.4115994e-01
1.0812134e+01	4.0864347e-01
1.0833943e+01	1.5504202e-01
1.0855752e+01	2.9748662e-01
1.0877561e+01	2.7676233e-02
1.0899370e+01	-1.1096393e-01
1.0921179e+01	-6.1543543e-02
1.0942988e+01	-4.5727631e-02
1.0964796e+01	5.4958784e-02
1.0986605e+01	3.2846382e-02
1.1008414e+01	1.4455863e-01
1.1030223e+01	5.1538931e-01
1.1052032e+01	3.6626764e-01
1.1073841e+01	7.5829236e-01
1.1095650e+01	1.4571032e+00
1.1117459e+01	1.5945810e+00
1.1139268e+01	1.6365265e+00
1.1161077e+01	1.8245314e+00
1.1182886e+01	2.0245515e+00
1.1204695e+01	2.3367326e+00
1.1226504e+01	2.9753535e+00
1.1248313e+01	2.7598618e+00
1.1270122e+01	1.4763484e+00
1.1291931e+01	8.4769002e-01
1.1313740e+01	5.2889844e-01
1.1335548e+01	1.2583742e-01
1.1357357e+01	5.2384389e-02
1.1379166e+01	-1.8138455e-01
1.1400975e+01	-1.3718186e-01
1.1422784e+01	-5.4094905e-02
1.1444593e+01	6.7774623e-02
1.1466402e+01	3.3386838e-03
1.1488211e+01	-3.4932805e-02
1.1510020e+01	7.9061987e-02
1.1531829e+01	5.9592712e-02
1.1553638e+01	5.6271339e-03
1.1575447e+01	5.5546946e-02
1.1597256e+01	-1.0073637e-01
1.1619065e+01	-8.4059926e-04
1.1640874e+01	8.1587122e-02
1.1662683e+01	-2.4244735e-01
1.1684491e+01	-1.3503863e-01
1.1706300e+01	9.6474224e-02
1.1728109e+01	1.1316237e-01
1.1749918e+01	1.7587490e-01
1.1771727e+01	4.3562076e-02
1.1793536e+01	1.9522909e-01
1.1815345e+01	3.1967796e-02
1.1837154e+01	-1.0853388e-01
1.1858963e+01	-6.5359691e-02
1.1880772e+01	-2.0313079e-01
1.1902581e+01	1.0142693e-01
1.1924390e+01	4.0848574e-02
1.1946199e+01	5.3672057e-02
1.1968008e+01	-3.5867991e-02
1.1989817e+01	8.0853616e-02
1.2011626e+01	6.8165063e-02
1.2033434e+01	4.9385536e-02
1.2055243e+01	-8.5570224e-02
1.2077052e+01	-1.6790135e-01
1.2098861e+01	3.4731008e-01
1.2120670e+01	2.4280668e-02
1.2142479e+01	-7.1621637e-02
1.2164288e+01	2.5737649e-02
1.2186097e+01	-1.3206972e-02
1.2207906e+01	-6.8145709e-02
1.2229715e+01	1.2847900e-01
1.2251524e+01	2.4314285e-01
1.2273333e+01	1.5363428e-01
1.2295142e+01	5.3239144e-03
1.2316951e+01	1.3612299e-01
1.2338760e+01	8.9436297e-03
1.2360569e+01	-1.3425760e-01
1.2382377e+01	-1.2692060e-01
1.2404186e+01	-9.5221117e-03
1.2425995e+01	-1.6164428e-01
1.2447804e+01	6.2590752e-02
1.2469613e+01	1.0953696e-01
1.2491422e+01	9.3318825e-02
1.2513231e+01	-5.0208239e-02
1.2535040e+01	-7.0912654e-03
1.2556849e+01	1.6734579e-01
1.2578658e+01	-3.5144941e-02
1.2600467e+01	-6.0391045e-02
1.2622276e+01	-1.0353196e-02
1.2644085e+01	-1.3959149e-01
1.2665894e+01	1.1036969e-01
1.2687703e+01	1.6215920e-02
1.2709512e+01	3.4549767e-02
1.2731320e+01	-4.7303257e-02
1.2753129e+01	-8.4579544e-02
1.2774938e+01	3.2115742e-02
1.2796747e+01	3.2397469e-02
1.2818556e+01	-3.9850818e-03
1.2840365e+01	-9.3526519e-02
1.2862174e+01	5.1173196e-02
1.2883983e+01	1.5217041e-01
1.2905792e+01	3.1762633e-01
1.2927601e+01	3.2812865e-02
1.2949410e+01	-1.1097347e-01
1.2971219e+01	1.0346228e-02
1.2993028e+01	2.2603380e-01
1.3014837e+01	5.4408701e-01
1.3036646e+01	7.5522356e-01
1.3058455e+01	6.3141993e-01
1.3080264e+01	6.7259362e-01
1.3102072e+01	6.6575408e-01
1.3123881e+01	9.4521805e-02
1.3145690e+01	-9.6348755e-02
1.3167499e+01	3.1536142e-03
1.3189308e+01	1.2620353e-01
1.3211117e+01	3.2686594e-03
1.3232926e+01	4.7276373e-02
1.3254735e+01	7.5397264e-02
1.3276544e+01	7.9341951e-02
1.3298353e+01	-1.5070713e-01
1.3320162e+01	-2.0614112e-01
1.3341971e+01	-3.1326462e-01
1.3363780e+01	3.4824409e-01
1.3385589e+01	2.7768091e-01
1.3407398e+01	4.5645191e-01
1.3429207e+01	4.2741905e-01
1.3451015e+01	2.0303817e-01
1.3472824e+01	1.0497562e-01
1.3494633e+01	1.1091067e-01
1.3516442e+01	1.0284407e-04
1.3538251e+01	1.1477242e-02
1.3560060e+01	-1.4684458e-02
1.3581869e+01	4.7380746e-02
1.3603678e+01	8.0582850e-02
1.3625487e+01	8.3644908e-04
1.3647296e+01	4.8744438e-03
1.3669105e+01	3.1615890e-01
1.3690914e+01	4.8965702e-02
1.3712723e+01	-2.4479198e-01
1.3734532e+01	-9.3321141e-02
1.3756341e+01	2.0169994e-01
1.3778150e+01	4.8169451e-02
1.3799958e+01	-5.7337519e-02
1.3821767e+01	-6.2200576e-03
1.3843576e+01	1.0680053e-01
1.3865385e+01	7.4339984e-02
1.3887194e+01	9.8437243e-02
1.3909003e+01	-2.1183991e-01
1.3930812e+01	-4.2417043e-02
1.3952621e+01	-9.3943427e-02
1.3974430e+01	7.2425011e-02
1.3996239e+01	2.3292255e-01
1.4018048e+01	1.4489041e-01
1.4039857e+01	5.9722566e-02
1.4061666e+01	6.0660303e-02
1.4083475e+01	-8.6427372e-02
1.4105284e+01	-1.2188690e-01
1.4127093e+01	-7.7924103e-02
1.4148901e+01	2.8399642e-04
1.4170710e+01	-8.8927500e-02
1.4192519e+01	3.5287062e-02
1.4214328e+01	4.6851326e-02
1.4236137e+01	1.5635172e-01
1.4257946e+01	-3.9276428e-02
1.4279755e+01	-4.8227086e-03
1.4301564e+01	5.4724896e-02
1.4323373e+01	-5.0402058e-02
1.4345182e+01	4.1065362e-02
1.4366991e+01	-1.3793737e-01
1.4388800e+01	6.3470825e-02
1.4410609e+01	1.0218086e-01
1.4432418e+01	9.8583925e-02
1.4454227e+01	5.1274773e-03
1.4476036e+01	5.9857485e-02
1.4497844e+01	-8.8229671e-02
1.4519653e+01	-1.4684021e-01
1.4541462e+01	-4.3616308e-03
1.4563271e+01	-1.4350682e-01
1.4585080e+01	7.1870514e-02
1.4606889e+01	2.4548316e-01
1.4628698e+01	1.0245327e-01
1.4650507e+01	3.5463560e-02
1.4672316e+01	-5.5827448e-02
1.4694125e+01	-8.3617254e-02
1.4715934e+01	-2.3484932e-02
1.4737743e+01	-1.8662608e-02
1.4759552e+01	-7.1674163e-02
1.4781361e+01	1.0014706e-01
1.4803170e+01	8.4386486e-02
1.4824979e+01	5.2875758e-01
1.4846787e+01	8.0566317e-01
1.4868596e+01	1.4293878e+00
1.4890405e+01	1.4541588e+00
1.4912214e+01	1.4336249e+00
1.4934023e+01	1.2324784e+00
1.4955832e+01	1.1082048e+00
1.4977641e+01	1.0963648e+00
1.4999450e+01	1.6871046e+00
1.5021259e+01	2.0523089e+00
1.5043068e+01	2.0223762e+00
1.5064877e+01	1.9807869e+00
1.5086686e+01	1.7146665e+00
1.5108495e+01	1.1749615e+00
1.5130304e+01	6.7315836e-01
1.5152113e+01	4.4240767e-01
1.5173922e+01	9.8028868e-02
1.5195731e+01	1.4298472e-01
1.5217539e+01	5.6539114e-02
1.5239348e+01	-2.0374828e-01
1.5261157e+01	-2.5820221e-01
1.5282966e+01	-2.9846848e-02
1.5304775e+01	-4.9159613e-02
1.5326584e+01	5.3347360e-02
1.5348393e+01	1.6250506e-01
1.5370202e+01	1.1631157e-01
1.5392011e+01	1.4688925e-01
1.5413820e+01	-4.5415802e-03
1.5435629e+01	1.4122670e-01
1.5457438e+01	2.7936693e-01
1.5479247e+01	-1.5246009e-01
1.5501056e+01	-2.2980601e-01
1.5522865e+01	-1.3046253e-01
1.5544674e+01	7.4074830e-02
1.5566482e+01	1.6638208e-02
1.5588291e+01	3.9665900e-02
1.5610100e+01	6.4010138e-02
1.5631909e+01	8.5094755e-02
1.5653718e+01	1.8223608e-02
1.5675527e+01	6.5149503e-02
1.5697336e+01	4.0016577e-02
1.5719145e+01	-1.3682844e-01
1.5740954e+01	-1.2250275e-01
1.5762763e+01	-7.8150695e-02
1.5784572e+01	1.0809170e-01
1.5806381e+01	7.8767091e-02
1.5828190e+01	9.5151910e-02
1.5849999e+01	5.0148007e-03
1.5871808e+01	-9.7479850e-02
1.5893617e+01	1.7564050e-01
1.5915425e+01	1.9508514e-02
1.5937234e+01	-1.8324984e-01
1.5959043e+01	-9.6310891e-02
1.5980852e+01	6.8143354e-02
1.6002661e+01	1.1426201e-01
1.6024470e+01	-5.2117546e-02
1.6046279e+01	1.3097990e-02
1.6068088e+01	-2.6689330e-02
1.6089897e+01	1.3147603e-01
1.6111706e+01	-1.0655361e-02
1.6133515e+01	-1.7338566e-01
1.6155324e+01	-5.2262466e-03
1.6177133e+01	3.6109967e-02
1.6198942e+01	1.1180906e-01
1.6220751e+01	-6.5205248e-02
1.6242560e+01	-6.8519659e-03
1.6264368e+01	8.7169976e-02
1.6286177e+01	-1.9258244e-02
1.6307986e+01	6.1031658e-03
1.6329795e+01	-5.8638615e-02
1.6351604e+01	7.0087557e-02
1.6373413e+01	2.7749980e-02
1.6395222e+01	-4.4841413e-02
1.6417031e+01	-3.2659873e-03
1.6438840e+01	-1.4504954e-02
1.6460649e+01	-6.3781467e-04
1.6482458e+01	3.7948939e-02
1.6504267e+01	-5.5427958e-02
1.6526076e+01	-7.7979678e-02
1.6547885e+01	-2.2993287e-02
1.6569694e+01	1.4072215e-01
1.6591503e+01	5.4300409e-02
1.6613311e+01	3.2648559e-02
1.6635120e+01	-1.2051619e-01
1.6656929e+01	-7.7268820e-02
1.6678738e+01	-1.4779221e-01
1.6700547e+01	-1.7180972e-02
1.6722356e+01	1.2464465e-01
1.6744165e+01	1.9172858e-01
1.6765974e+01	1.7586343e-01
1.6787783e+01	3.5501545e-01
1.6809592e+01	3.5634040e-01
1.6831401e+01	8.2771830e-02
1.6853210e+01	7.2905735e-02
1.6875019e+01	-8.0328789e-02
1.6896828e+01	-7.3414947e-02
1.6918637e+01	-4.8146307e-03
1.6940446e+01	5.3520745e-03
1.6962254e+01	-1.3091165e-01
1.6984063e+01	-1.2267768e-01
1.7005872e+01	5.0322720e-02
1.7027681e+01	1.3435244e-01
1.7049490e+01	1.2861930e-02
1.7071299e+01	1.5973063e-02
1.7093108e+01	-4.6898953e-02
1.7114917e+01	1.2081911e-01
1.7136726e+01	-3.1317784e-02
1.7158535e+01	-1.0755772e-01
1.7180344e+01	-9.9606472e-02
1.7202153e+01	1.4027827e-01
1.7223962e+01	7.0337820e-02
1.7245771e+01	-2.5475666e-02
1.7267580e+01	-1.7315313e-02
1.7289389e+01	-1.5693650e-02
1.7311198e+01	4.0584401e-03
1.7333006e+01	1.2574269e-01
1.7354815e+01	6.2336793e-02
1.7376624e+01	-1.3964419e-01
1.7398433e+01	-2.6010544e-02
1.7420242e+01	2.9382171e-02
1.7442051e+01	4.3645818e-02
1.7463860e+01	-5.8921017e-02
1.7485669e+01	-6.7041842e-02
1.7507478e+01	-7.5715987e-03
1.7529287e+01	-1.2064902e-02
1.7551096e+01	3.8204701e-02
1.7572905e+01	-3.8176614e-02
1.7594714e+01	-2.3302000e-02
1.7616523e+01	1.3490135e-01
1.7638332e+01	6.3287401e-02
1.7660141e+01	3.5855558e-02
1.7681949e+01	2.8298409e-02
1.7703758e+01	-4.1346417e-02
1.7725567e+01	-1.6458073e-01
1.7747376e+01	-3.8393712e-02
1.7769185e+01	9.9570454e-02
1.7790994e+01	-8.8161226e-02
1.7812803e+01	-4.3114722e-02
1.7834612e+01	7.4327436e-02
1.7856421e+01	7.6716309e-02
1.7878230e+01	1.5946722e-01
1.7900039e+01	-5.9260758e-02
1.7921848e+01	2.4892019e-02
1.7943657e+01	1.8550081e-02
1.7965466e+01	-1.4501875e-01
1.7987275e+01	-1.5133142e-02
1.8009084e+01	1.0343510e-01
1.8030892e+01	-6.6051855e-02
1.8052701e+01	-5.4226562e-02
1.8074510e+01	2.4979760e-02
1.8096319e+01	5.8412943e-02
1.8118128e+01	2.0602038e-03
1.8139937e+01	-2.7662532e-03
1.8161746e+01	-1.4538978e-01
1.8183555e+01	4.9861354e-02
1.8205364e+01	2.0934812e-01
1.8227173e+01	1.6843210e-01
1.8248982e+01	1.6971511e-02
1.8270791e+01	4.5326853e-02
1.8292600e+01	-1.2628051e-01
1.8314409e+01	-8.5385412e-02
1.8336218e+01	-6.1476434e-02
1.8358027e+01	-6.4983267e-02
1.8379835e+01	-5.1583208e-04
1.8401644e+01	1.9311642e-02
1.8423453e+01	1.3038093e-02
1.8445262e+01	1.0269769e-01
1.8467071e+01	-7.3918912e-02
1.8488880e+01	4.1708135e-02
1.8510689e+01	7.5449304e-02
1.8532498e+01	7.4980548e-02
1.8554307e+01	-5.7177969e-02
1.8576116e+01	-7.9671251e-02
1.8597925e+01	-2.2409845e-02
1.8619734e+01	9.1958094e-02
1.8641543e+01	9.1698824e-02
1.8663352e+01	9.5990704e-02
1.8685161e+01	1.0147777e-01
1.8706970e+01	-8.0450182e-02
1.8728778e+01	-1.8323791e-01
1.8750587e+01	-1.0125984e-01
1.8772396e+01	-9.6655451e-02
1.8794205e+01	7.4500866e-02
1.8816014e+01	1.4436237e-01
1.8837823e+01	-8.4438518e-03
1.8859632e+01	-9.8090271e-02
1.8881441e+01	1.5820575e-01
1.8903250e+01	-3.5079673e-02
1.8925059e+01	-1.0351459e-01
1.8946868e+01	1.0153684e-02
1.8968677e+01	5.9266128e-02
1.8990486e+01	6.1365026e-02
1.9012295e+01	-9.8166873e-02
1.9034104e+01	7.0739053e-02
1.9055913e+01	6.8484432e-03
1.9077721e+01	-2.9682013e-02
1.9099530e+01	4.5055489e-04
1.9121339e+01	-5.2762188e-02
1.9143148e+01	5.0608428e-02
1.9164957e+01	8.9812306e-02
1.9186766e+01	1.2297959e-01
1.9208575e+01	-5.2977454e-02
1.9230384e+01	-1.2900568e-01
1.9252193e+01	-1.3492854e-01
1.9274002e+01	1.1305630e-02
1.9295811e+01	-7.8209002e-02
1.9317620e+01	1.3979770e-02
1.9339429e+01	2.3075788e-02
1.9361238e+01	2.1635209e-01
1.9383047e+01	1.7368417e-01
1.9404856e+01	1.2703327e-01
1.9426665e+01	-1.1281437e-01
1.9448473e+01	-9.7650912e-03
1.9470282e+01	5.9888141e-02
1.9492091e+01	1.1979246e-01
1.9513900e+01	-1.2467609e-02
1.9535709e+01	-2.4360684e-02
1.9557518e+01	-1.1486025e-01
1.9579327e+01	-1.3250337e-01
1.9601136e+01	7.1302448e-02
1.9622945e+01	-4.3323646e-02
1.9644754e+01	-3.8404212e-02
1.9666563e+01	1.6007746e-02
1.9688372e+01	1.0443377e-01
1.9710181e+01	3.8006269e-02
1.9731990e+01	2.2450203e-02
1.9753799e+01	-4.1990267e-02
1.9775608e+01	-2.9405798e-02
1.9797416e+01	-7.4544950e-02
1.9819225e+01	-8.7836693e-02
1.9841034e+01	-6.8653519e-02
1.9862843e+01	2.7434703e-02
1.9884652e+01	1.8483516e-01
1.9906461e+01	6.1117178e-02
1.9928270e+01	1.2017952e-01
1.9950079e+01	1.0948680e-01
1.9971888e+01	3.4967267e-02
1.9993697e+01	-3.8439619e-02
2.0015506e+01	-3.0219083e-02
2.0037315e+01	2.4626382e-02
2.0059124e+01	-8.8010021e-02
2.0080933e+01	-6.3050005e-03
2.0102742e+01	-1.3941987e-01
2.0124551e+01	-3.7598040e-02
2.0146359e+01	-9.5296885e-03
2.0168168e+01	1.4318169e-01
2.0189977e+01	-7.7340115e-02
2.0211786e+01	-2.0300935e-01
2.0233595e+01	-4.9595922e-03
2.0255404e+01	3.5143556e-02
2.0277213e+01	1.5404958e-01
2.0299022e+01	1.1678546e-01
2.0320831e+01	1.6451363e-01
2.0342640e+01	7.0262642e-02
2.0364449e+01	-8.1120394e-02
2.0386258e+01	-4.2038241e-02
2.0408067e+01	-9.0719964e-02
2.0429876e+01	-1.0088492e-01
2.0451685e+01	7.3931265e-02
2.0473494e+01	-7.8173862e-03
2.0495302e+01	2.1276781e-02
2.0517111e+01	9.0129678e-02
2.0538920e+01	2.6658428e-01
2.0560729e+01	1.9820023e-01
2.0582538e+01	-1.0223257e-02
2.0604347e+01	-8.2431392e-02
2.0626156e+01	-2.1514988e-02
2.0647965e+01	2.6491549e-02
2.0669774e+01	8.2034046e-03
2.0691583e+01	5.3279105e-02
2.0713392e+01	-2.0670469e-01
2.0735201e+01	-1.0824302e-01
2.0757010e+01	-6.3437431e-03
2.0778819e+01	1.8330318e-01
2.0800628e+01	-1.1102017e-02
2.0822437e+01	9.0260349e-02
2.0844245e+01	1.2792761e-01
2.0866054e+01	7.7356009e-02
2.0887863e+01	-1.3035131e-01
2.0909672e+01	-9.4496319e-02
2.0931481e+01	-9.0490247e-03
2.0953290e+01	4.7592720e-01
2.0975099e+01	1.0445132e+00
2.0996908e+01	1.5927763e+00
2.1018717e+01	2.3835366e+00
2.1040526e+01	3.1447864e+00
2.1062335e+01	3.5215597e+00
2.1084144e+01	2.9943559e+00
2.1105953e+01	2.1521742e+00
2.1127762e+01	1.8066236e+00
2.1149571e+01	2.1332285e+00
2.1171380e+01	3.0435461e+00
2.1193188e+01	4.9246114e+00
2.1214997e+01	6.7846698e+00
2.1236806e+01	8.2103555e+00
2.1258615e+01	9.2964285e+00
2.1280424e+01	9.8251832e+00
2.1302233e+01	9.1632838e+00
2.1324042e+01	7.7187344e+00
2.1345851e+01	6.0415382e+00
2.1367660e+01	3.9187145e+00
2.1389469e+01	2.2090474e+00
2.1411278e+01	1.0220921e+00
2.1433087e+01	3.9925689e-01
2.1454896e+01	3.0805924e-02
2.1476705e+01	7.6533921e-02
2.1498514e+01	3.7495829e-01
2.1520323e+01	5.2584884e-01
2.1542132e+01	7.9219012e-01
2.1563940e+01	8.3849831e-01
2.1585749e+01	9.7417758e-01
2.1607558e+01	8.1415811e-01
2.1629367e+01	7.5086408e-01
2.1651176e+01	5.1244566e-01
2.1672985e+01	2.8130303e-01
2.1694794e+01	9.3238808e-02
2.1716603e+01	-1.1016021e-01
2.1738412e+01	-8.3339403e-02
2.1760221e+01	7.2189702e-02
2.1782030e+01	-6.1203737e-02
2.1803839e+01	-5.8512237e-02
2.1825648e+01	2.4231366e-02
2.1847457e+01	3.1714175e-02
2.1869266e+01	-1.8212154e-01
2.1891075e+01	4.3864182e-02
2.1912883e+01	2.2153964e-02
2.1934692e+01	-2.1158076e-03
2.1956501e+01	7.8293245e-02
2.1978310e+01	-1.9203081e-02
2.2000119e+01	1.3926587e-01
2.2021928e+01	6.6864321e-02
2.2043737e+01	-2.8536611e-02
2.2065546e+01	8.6604123e-02
2.2087355e+01	-8.1012821e-02
2.2109164e+01	-1.1185822e-01
2.2130973e+01	-7.3872740e-02
2.2152782e+01	-5.3965879e-03
2.2174591e+01	4.6687093e-02
2.2196400e+01	-6.1923198e-02
2.2218209e+01	8.2829332e-02
2.2240018e+01	1.3351139e-02
2.2261826e+01	1.3487331e-01
2.2283635e+01	9.8870997e-02
2.2305444e+01	-1.2299376e-01
2.2327253e+01	-6.7390409e-02
2.2349062e+01	-6.7298740e-02
2.2370871e+01	-4.1124586e-02
2.2392680e+01	4.5647108e-02
2.2414489e+01	6.0260635e-02
2.2436298e+01	-3.3130385e-02
2.2458107e+01	-7.6859219e-03
2.2479916e+01	7.1237796e-02
2.2501725e+01	5.5947415e-02
2.2523534e+01	-4.5131068e-03
2.2545343e+01	-6.8850726e-03
2.2567152e+01	-1.1523556e-01
2.2588961e+01	-1.1294383e-03
2.2610769e+01	5.8795461e-02
2.2632578e+01	4.5779899e-02
2.2654387e+01	-1.3186720e-02
2.2676196e+01	-6.9416015e-02
2.2698005e+01	-1.0361051e-01
2.2719814e+01	4.4790759e-02
2.2741623e+01	8.1481237e-02
2.2763432e+01	1.0888175e-01
2.2785241e+01	-1.4181910e-01
2.2807050e+01	-1.3061794e-03
2.2828859e+01	1.8660875e-02
2.2850668e+01	2.7309903e-02
2.2872477e+01	2.6056561e-02
2.2894286e+01	-9.8323123e-04
2.2916095e+01	3.4326180e-02
2.2937904e+01	-3.2667828e-02
2.2959712e+01	-4.6567414e-02
2.2981521e+01	-5.2944413e-02
2.3003330e+01	5.0470361e-03
2.3025139e+01	2.8761044e-03
2.3046948e+01	5.0830482e-03
2.3068757e+01	7.2663424e-02
2.3090566e+01	1.4748679e-02
2.3112375e+01	6.6336689e-02
2.3134184e+01	4.7163000e-02
2.3155993e+01	1.8409870e-02
2.3177802e+01	-4.3411717e-02
2.3199611e+01	-4.4307628e-02
2.3221420e+01	-3.1543238e-02
2.3243229e+01	-9.6756570e-04
2.3265038e+01	2.1563207e-02
2.3286847e+01	-6.0447901e-02
2.3308655e+01	-1.9593295e-02
2.3330464e+01	-5.3562900e-02
2.3352273e+01	2.8967909e-02
2.3374082e+01	7.9218688e-02
2.3395891e+01	-1.0649759e-01
2.3417700e+01	-7.3774663e-02
2.3439509e+01	-3.0765469e-03
2.3461318e+01	4.1806555e-02
2.3483127e+01	5.3926384e-01
2.3504936e+01	9.6943575e-01
2.3526745e+01	1.2545245e+00
2.3548554e+01	1.2199673e+00
2.3570363e+01	8.6675536e-01
2.3592172e+01	5.3247389e-01
2.3613981e+01	6.9805094e-02
2.3635790e+01	6.9907882e-02
2.3657599e+01	3.9636574e-01
2.3679407e+01	1.3444355e+00
2.3701216e+01	3.0783518e+00
2.3723025e+01	4.8097044e+00
2.3744834e+01	6.3257512e+00
2.3766643e+01	7.4916537e+00
2.3788452e+01	9.0931558e+00
2.3810261e+01	1.0168156e+01
2.3832070e+01	9.9213196e+00
2.3853879e+01	9.1249037e+00
2.3875688e+01	7.4558004e+00
2.3897497e+01	5.5665582e+00
2.3919306e+01	3.7526310e+00
2.3941115e+01	2.2620165e+00
2.3962924e+01	1.4445565e+00
2.3984733e+01	6.5044756e-01
2.4006542e+01	-2.2484429e-03
2.4028350e+01	7.2305186e-02
2.4050159e+01	5.6164007e-02
2.4071968e+01	-7.4255721e-02
2.4093777e+01	3.3483984e-02
2.4115586e+01	-6.0595061e-02
2.4137395e+01	-1.1342787e-02
2.4159204e+01	6.4774257e-02
2.4181013e+01	-1.3930181e-01
2.4202822e+01	-1.3193327e-01
2.4224631e+01	4.6025878e-02
2.4246440e+01	-3.5201650e-02
2.4268249e+01	6.6986770e-02
2.4290058e+01	1.3029955e-01
2.4311867e+01	8.7512700e-04
2.4333676e+01	-1.8486855e-01
2.4355485e+01	-1.9970064e-01
2.4377293e+01	9.9662946e-02
2.4399102e+01	2.1026499e-01
2.4420911e+01	1.5981462e-01
2.4442720e+01	6.9589131e-02
2.4464529e+01	-3.4997656e-02
2.4486338e+01	3.0658472e-02
2.4508147e+01	7.4377122e-03
2.4529956e+01	6.2436807e-02
2.4551765e+01	2.8117409e-01
2.4573574e+01	3.4588031e-01
2.4595383e+01	8.8247804e-01
2.4617192e+01	7.8962258e-01
2.4639001e+01	7.4812418e-01
2.4660810e+01	2.6300713e-01
2.4682619e+01	5.1672706e-02
2.4704428e+01	4.3067214e-02
2.4726236e+01	-4.1466463e-02
2.4748045e+01	-8.3082572e-02
2.4769854e+01	-6.2654718e-02
2.4791663e+01	-2.8325385e-02
2.4813472e+01	3.9569997e-02
2.4835281e+01	-5.9324427e-02
2.4857090e+01	-1.0359876e-01
2.4878899e+01	-8.1430825e-03
2.4900708e+01	5.2697626e-02
2.4922517e+01	9.9291486e-02
2.4944326e+01	1.3887845e-02
2.4966135e+01	-7.9274176e-02
2.4987944e+01	-4.6470200e-02
2.5009753e+01	7.6372964e-03
2.5031562e+01	1.1499630e-01
2.5053371e+01	1.4824674e-01
2.5075179e+01	-1.6292784e-01
2.5096988e+01	-3.6064527e-02
2.5118797e+01	-1.3243251e-01
2.5140606e+01	1.3164575e-02
2.5162415e+01	1.5951641e-01
2.5184224e+01	8.2014942e-02
2.5206033e+01	-4.0661049e-02
2.5227842e+01	-1.2524329e-02
2.5249651e+01	2.2639129e-02
2.5271460e+01	-4.1851623e-02
2.5293269e+01	3.8850390e-02
2.5315078e+01	1.6368262e-01
2.5336887e+01	9.9138939e-02
2.5358696e+01	-2.7902306e-02
2.5380505e+01	-1.8050573e-01
2.5402314e+01	-5.6724458e-02
2.5424123e+01	1.8454419e-01
2.5445931e+01	-1.0251745e-02
2.5467740e+01	-5.0717185e-02
2.5489549e+01	6.1537288e-02
2.5511358e+01	-1.1609860e-02
2.5533167e+01	-6.4842823e-02
2.5554976e+01	3.0354770e-02
2.5576785e+01	-3.9279699e-02
2.5598594e+01	9.5047288e-03
2.5620403e+01	1.0260275e-01
2.5642212e+01	-1.0722906e-01
2.5664021e+01	-6.9808353e-02
2.5685830e+01	-4.0952645e-02
2.5707639e+01	-4.5282896e-02
2.5729448e+01	-5.8615554e-02
2.5751257e+01	1.2119180e-01
2.5773066e+01	1.8400599e-01
2.5794874e+01	1.0407798e-01
2.5816683e+01	2.8724385e-02
2.5838492e+01	-5.1209007e-02
2.5860301e+01	-1.0276394e-01
2.5882110e+01	-1.0713871e-01
2.5903919e+01	8.3978671e-02
2.5925728e+01	1.2885529e-01
2.5947537e+01	5.0018285e-01
2.5969346e+01	1.1686964e+00
2.5991155e+01	1.7006622e+00
2.6012964e+01	2.0526555e+00
2.6034773e+01	2.3993015e+00
2.6056582e+01	2.6925785e+00
2.6078391e+01	2.7696558e+00
2.6100200e+01	2.7740765e+00
2.6122009e+01	2.5523689e+00
2.6143817e+01	1.9813262e+00
2.6165626e+01	1.5944638e+00
2.6187435e+01	1.1283218e+00
2.6209244e+01	5.6908945e-01
2.6231053e+01	2.2310807e-01
2.6252862e+01	6.9670767e-02
2.6274671e+01	-3.2583708e-02
2.6296480e+01	-1.4214409e-01
2.6318289e+01	-1.4829661e-01
2.6340098e+01	-1.3706542e-01
2.6361907e+01	3.3680496e-02
2.6383716e+01	1.1513789e-01
2.6405525e+01	9.3730292e-02
2.6427334e+01	-5.6333624e-03
2.6449143e+01	1.0396957e-01
2.6470952e+01	4.1826270e-02
2.6492760e+01	-4.0271089e-02
2.6514569e+01	-1.8671716e-02
2.6536378e+01	-1.4223303e-01
2.6558187e+01	2.2219378e-02
2.6579996e+01	2.3337497e-01
2.6601805e+01	4.0302301e-01
2.6623614e+01	4.7419359e-01
2.6645423e+01	2.8453511e-01
2.6667232e+01	1.6326313e-01
2.6689041e+01	1.1187314e-01
2.6710850e+01	6.5613974e-02
2.6732659e+01	-2.5959004e-02
2.6754468e+01	-1.0298979e-01
2.6776277e+01	-1.7008366e-01
2.6798086e+01	-1.0148012e-01
2.6819895e+01	-1.4147123e-01
2.6841703e+01	7.1435420e-02
2.6863512e+01	7.3875864e-02
2.6885321e+01	-8.2585761e-02
2.6907130e+01	8.1531092e-02
2.6928939e+01	1.4407853e-01
2.6950748e+01	7.8292928e-02
2.6972557e+01	7.5292467e-02
2.6994366e+01	-7.3471788e-02
2.7016175e+01	4.6659340e-02
2.7037984e+01	1.6132573e-01
2.7059793e+01	-4.3633528e-02
2.7081602e+01	-1.3763767e-01
2.7103411e+01	-7.1771037e-02
2.7125220e+01	-2.6774127e-02
2.7147029e+01	6.6280555e-02
2.7168838e+01	-6.9200627e-02
2.7190646e+01	-5.8699803e-02
2.7212455e+01	2.9643197e-02
2.7234264e+01	-7.3102621e-03
2.7256073e+01	1.0697328e-01
2.7277882e+01	1.1755266e-01
2.7299691e+01	-1.5406643e-02
2.7321500e+01	-5.2739522e-02
2.7343309e+01	-2.1346833e-02
2.7365118e+01	-8.4686955e-02
2.7386927e+01	-1.4116276e-02
2.7408736e+01	-1.7665727e-03
2.7430545e+01	2.3074439e-02
2.7452354e+01	1.9077841e-02
2.7474163e+01	-7.8689791e-02
2.7495972e+01	1.3686511e-01
2.7517781e+01	6.3736772e-02
2.7539590e+01	-1.8724258e-01
2.7561398e+01	2.0190409e-03
2.7583207e+01	8.3268034e-02
2.7605016e+01	4.2465606e-02
2.7626825e+01	-3.8847776e-02
2.7648634e+01	-1.0284802e-01
2.7670443e+01	1.7827328e-01
2.7692252e+01	3.5423865e-01
2.7714061e+01	4.3541861e-01
2.7735870e+01	7.6694830e-01
2.7757679e+01	7.2233704e-01
2.7779488e+01	6.3045912e-01
2.7801297e+01	4.6818584e-01
2.7823106e+01	4.9121048e-01
2.7844915e+01	5.0746917e-01
2.7866724e+01	1.3974798e-01
2.7888533e+01	3.8157335e-02
2.7910341e+01	6.9423926e-02
2.7932150e+01	-1.0647831e-01
2.7953959e+01	-1.4704983e-01
2.7975768e+01	6.8080413e-03
2.7997577e+01	3.6756551e-02
2.8019386e+01	5.4134797e-03
2.8041195e+01	1.0995896e-01
2.8063004e+01	-4.2034987e-02
2.8084813e+01	-1.1804408e-01
2.8106622e+01	-3.3377446e-02
2.8128431e+01	-1.1192356e-01
2.8150240e+01	-1.4027899e-02
2.8172049e+01	4.5186694e-03
2.8193858e+01	-8.4165919e-03
2.8215667e+01	1.5605424e-01
2.8237476e+01	5.6871281e-02
2.8259284e+01	1.4357996e-01
2.8281093e+01	3.6496247e-03
2.8302902e+01	-3.8290124e-02
2.8324711e+01	-2.5898105e-02
2.8346520e+01	5.8440607e-02
2.8368329e+01	-9.5410390e-02
2.8390138e+01	-6.1424582e-02
2.8411947e+01	3.8683669e-02
2.8433756e+01	2.6984605e-01
2.8455565e+01	4.4601091e-01
2.8477374e+01	6.6791014e-01
2.8499183e+01	8.5963917e-01
2.8520992e+01	9.5139644e-01
2.8542801e+01	1.1424934e+00
2.8564610e+01	1.1662444e+00
2.8586419e+01	1.0282569e+00
2.8608227e+01	9.0126833e-01
2.8630036e+01	7.7767715e-01
2.8651845e+01	5.2696976e-01
2.8673654e+01	5.5440259e-01
2.8695463e+01	3.3277470e-01
2.8717272e+01	1.1295700e-01
2.8739081e+01	1.4479975e-02
2.8760890e+01	-7.0310682e-02
2.8782699e+01	-1.9177052e-03
2.8804508e+01	-1.1210052e-01
2.8826317e+01	-5.9844730e-02
2.8848126e+01	4.0821600e-02
2.8869935e+01	-5.8612234e-02
2.8891744e+01	8.1144689e-02
2.8913553e+01	1.2809656e-01
2.8935362e+01	7.1778748e-02
2.8957170e+01	-1.0309215e-01
2.8978979e+01	1.2370765e-02
2.9000788e+01	-1.6734373e-02
2.9022597e+01	-3.9464807e-02
2.9044406e+01	-2.5604483e-02
2.9066215e+01	3.3755558e-02
2.9088024e+01	-5.9821840e-02
2.9109833e+01	-3.8370545e-02
2.9131642e+01	1.4002918e-01
2.9153451e+01	7.5139505e-02
2.9175260e+01	-4.0864955e-02
2.9197069e+01	-1.2553070e-01
2.9218878e+01	1.2814534e-01
2.9240687e+01	3.3578510e-02
2.9262496e+01	-6.4290952e-02
2.9284305e+01	-3.5649663e-02
2.9306113e+01	-3.4729631e-02
2.9327922e+01	3.0510852e-02
2.9349731e+01	3.8680553e-02
2.9371540e+01	1.8516657e-02
2.9393349e+01	2.0766361e-02
2.9415158e+01	-1.3842530e-02
2.9436967e+01	-6.5462221e-02
2.9458776e+01	1.3087103e-01
2.9480585e+01	9.3243617e-02
2.9502394e+01	-1.3282895e-01
2.9524203e+01	-2.6436463e-02
2.9546012e+01	7.7369845e-02
2.9567821e+01	-1.1980166e-01
2.9589630e+01	8.7928570e-03
2.9611439e+01	6.0155487e-02
2.9633248e+01	-2.0443139e-02
2.9655057e+01	-8.9798596e-02
2.9676865e+01	-1.2440658e-01
2.9698674e+01	1.2191322e-01
2.9720483e+01	4.8375993e-01
2.9742292e+01	7.4367648e-01
2.9764101e+01	8.3871750e-01
2.9785910e+01	7.8408959e-01
2.9807719e+01	5.7992038e-01
2.9829528e+01	3.2273547e-01
2.9851337e+01	-1.8741591e-02
2.9873146e+01	4.2922685e-02
2.9894955e+01	-9.4050522e-03
2.9916764e+01	1.0407447e-01
2.9938573e+01	4.4289767e-01
2.9960382e+01	1.2472121e+00
2.9982191e+01	2.2965066e+00
3.0004000e+01	3.5566602e+00
3.0025808e+01	4.5141677e+00
3.0047617e+01	5.5384171e+00
3.0069426e+01	6.8264452e+00
3.0091235e+01	7.4845169e+00
3.0113044e+01	7.8860283e+00
3.0134853e+01	7.7642470e+00
3.0156662e+01	6.9234881e+00
3.0178471e+01	5.3938215e+00
3.0200280e+01	3.7590141e+00
3.0222089e+01	2.4055957e+00
3.0243898e+01	1.3231123e+00
3.0265707e+01	6.1162978e-01
3.0287516e+01	3.8646004e-01
3.0309325e+01	9.3027964e-02
3.0331134e+01	1.9557738e-02
3.0352943e+01	2.5866516e-02
3.0374751e+01	-6.5047477e-02
3.0396560e+01	-4.7082990e-02
3.0418369e+01	-9.3731941e-02
3.0440178e+01	1.9942642e-02
3.0461987e+01	-5.3572109e-02
3.0483796e+01	2.0150244e-02
3.0505605e+01	1.0177538e-01
3.0527414e+01	-3.9778613e-02
3.0549223e+01	-7.6365344e-02
3.0571032e+01	-2.3006632e-04
3.0592841e+01	-6.4640858e-02
3.0614650e+01	-1.0848139e-02
3.0636459e+01	-1.4205058e-02
3.0658268e+01	5.2964332e-03
3.0680077e+01	-5.3502600e-02
3.0701886e+01	3.9807703e-02
3.0723694e+01	1.0014012e-01
3.0745503e+01	1.1458736e-01
3.0767312e+01	8.3655370e-02
3.0789121e+01	2.1882310e-02
3.0810930e+01	2.9811854e-02
3.0832739e+01	-1.1386432e-01
3.0854548e+01	-1.9201028e-02
3.0876357e+01	3.7397270e-02
3.0898166e+01	6.9056577e-02
3.0919975e+01	2.7821533e-03
3.0941784e+01	-9.7517469e-02
3.0963593e+01	-1.7516333e-01
3.0985402e+01	1.0891789e-01
3.1007211e+01	1.2646427e-01
3.1029020e+01	2.1873503e-02
3.1050829e+01	-1.4643098e-01
3.1072637e+01	1.5476525e-02
3.1094446e+01	5.8760711e-02
3.1116255e+01	-1.2348524e-01
3.1138064e+01	-1.0928539e-01
3.1159873e+01	1.1529928e-01
3.1181682e+01	1.4171546e-01
3.1203491e+01	-1.6346698e-02
3.1225300e+01	-2.4376824e-03
3.1247109e+01	4.6155371e-02
3.1268918e+01	-5.1881532e-02
3.1290727e+01	1.7469930e-01
3.1312536e+01	3.2818442e-02
3.1334345e+01	-7.2983250e-02
3.1356154e+01	-1.7269270e-01
3.1377963e+01	-2.5778402e-02
3.1399772e+01	7.2692511e-02
3.1421580e+01	4.1242607e-02
3.1443389e+01	-1.2310503e-01
3.1465198e+01	-1.0271531e-02
3.1487007e+01	4.6483473e-03
3.1508816e+01	1.3334284e-01
3.1530625e+01	4.0644653e-01
3.1552434e+01	6.4142025e-01
3.1574243e+01	6.5243778e-01
3.1596052e+01	7.6945885e-01
3.1617861e+01	5.6269524e-01
3.1639670e+01	3.4539970e-01
3.1661479e+01	4.7352845e-02
3.1683288e+01	-1.1625717e-01
3.1705097e+01	4.9893308e-02
3.1726906e+01	2.6244902e-01
3.1748715e+01	5.1150625e-01
3.1770524e+01	1.1382625e+00
3.1792332e+01	2.0015505e+00
3.1814141e+01	2.9036232e+00
3.1835950e+01	4.0953145e+00
3.1857759e+01	5.1364513e+00
3.1879568e+01	6.0188223e+00
3.1901377e+01	6.7883256e+00
3.1923186e+01	7.4835889e+00
3.1944995e+01	7.7786781e+00
3.1966804e+01	7.3625971e+00
3.1988613e+01	6.6650777e+00
3.2010422e+01	5.4649089e+00
3.2032231e+01	3.9553385e+00
3.2054040e+01	2.5574714e+00
3.2075849e+01	1.5808674e+00
3.2097658e+01	6.8817039e-01
3.2119467e+01	4.3250427e-01
3.2141275e+01	1.3983190e-01
3.2163084e+01	8.9291747e-02
3.2184893e+01	-7.1441261e-02
3.2206702e+01	6.5711270e-02
3.2228511e+01	-1.8223326e-01
3.2250320e+01	-1.6419279e-01
3.2272129e+01	1.1791315e-01
3.2293938e+01	1.3462511e-01
3.2315747e+01	3.1447123e-02
3.2337556e+01	-2.7618304e-02
3.2359365e+01	-1.3282419e-01
3.2381174e+01	-1.3725353e-01
3.2402983e+01	-1.6282960e-02
3.2424792e+01	1.1009393e-01
3.2446601e+01	-4.0471199e-02
3.2468410e+01	6.4098190e-02
3.2490218e+01	8.4390094e-02
3.2512027e+01	1.6511717e-02
3.2533836e+01	4.1476508e-02
3.2555645e+01	1.3630052e-02
3.2577454e+01	-1.7338197e-01
3.2599263e+01	1.7361936e-02
3.2621072e+01	3.4952627e-02
3.2642881e+01	-1.8338116e-02
3.2664690e+01	9.2950290e-02
3.2686499e+01	5.5671156e-02
3.2708308e+01	-9.2018992e-02
3.2730117e+01	9.9431058e-02
3.2751926e+01	-1.6959422e-02
3.2773735e+01	3.1847234e-03
3.2795544e+01	-5.7695558e-02
3.2817353e+01	7.3771214e-04
3.2839161e+01	-5.8421773e-02
3.2860970e+01	3.4482131e-02
3.2882779e+01	2.6854491e-02
3.2904588e+01	-3.4257303e-02
3.2926397e+01	-4.0294533e-02
3.2948206e+01	4.9208825e-02
3.2970015e+01	1.9917366e-02
3.2991824e+01	-3.7954260e-03
3.3013633e+01	-1.4518920e-02
3.3035442e+01	-2.8930153e-02
3.3057251e+01	-6.1676836e-03
3.3079060e+01	1.7156566e-01
3.3100869e+01	-7.4665631e-02
3.3122678e+01	-1.1059919e-02
3.3144487e+01	-3.2279065e-02
3.3166296e+01	-1.0076767e-03
3.3188104e+01	-5.6006004e-02
3.3209913e+01	-4.7184758e-02
3.3231722e+01	1.2494573e-01
3.3253531e+01	6.4188420e-02
3.3275340e+01	7.9217977e-02
3.3297149e+01	-1.5869600e-02
3.3318958e+01	-1.5482016e-02
3.3340767e+01	6.8839501e-02
3.3362576e+01	2.8607287e-02
3.3384385e+01	-4.2551665e-03
3.3406194e+01	-8.2243024e-02
3.3428003e+01	-7.7685811e-02
3.3449812e+01	-8.7549918e-02
3.3471621e+01	-1.0661154e-01
3.3493430e+01	-1.2530781e-01
3.3515239e+01	-2.9342329e-02
3.3537047e+01	1.5463134e-02
3.3558856e+01	-2.8868731e-02
3.3580665e+01	4.9057714e-02
3.3602474e+01	1.2041379e-01
3.3624283e+01	6.7125641e-02
3.3646092e+01	1.4588502e-01
3.3667901e+01	1.6847927e-01
3.3689710e+01	7.1728414e-02
3.3711519e+01	9.8948783e-02
3.3733328e+01	1.1372457e-01
3.3755137e+01	-2.3387684e-02
3.3776946e+01	-1.4083564e-01
3.3798755e+01	-1.5199976e-02
3.3820564e+01	-6.9047905e-02
3.3842373e+01	-5.1979484e-02
3.3864182e+01	-1.2839356e-01
3.3885991e+01	-2.7899849e-02
3.3907799e+01	1.0225624e-02
3.3929608e+01	-6.7417782e-02
3.3951417e+01	3.1871209e-02
3.3973226e+01	-1.3058268e-02
3.3995035e+01	-7.7148591e-02
3.4016844e+01	-2.0108324e-02
3.4038653e+01	1.3908726e-01
3.4060462e+01	4.1882589e-02
3.4082271e+01	5.0920527e-03
3.4104080e+01	4.5148789e-02
3.4125889e+01	9.7600528e-02
3.4147698e+01	2.2193645e-02
3.4169507e+01	-6.7136339e-02
3.4191316e+01	-6.1802197e-03
3.4213125e+01	8.7436679e-02
3.4234934e+01	-3.4988232e-02
3.4256742e+01	-1.3290589e-01
3.4278551e+01	-1.1622578e-02
3.4300360e+01	-3.8508451e-02
3.4322169e+01	-4.7301689e-02
3.4343978e+01	7.8972556e-02
3.4365787e+01	3.7690313e-02
3.4387596e+01	-8.3152257e-04
3.4409405e+01	1.0373955e-01
3.4431214e+01	-1.3063730e-01
3.4453023e+01	-3.0649765e-02
3.4474832e+01	4.9416912e-02
3.4496641e+01	3.6626560e-02
3.4518450e+01	5.9692102e-02
3.4540259e+01	-1.5995890e-01
3.4562068e+01	4.8984837e-02
3.4583877e+01	5.4224519e-02
3.4605685e+01	2.1712552e-02
3.4627494e+01	-3.8130468e-03
3.4649303e+01	9.6436648e-04
3.4671112e+01	3.0559356e-02
3.4692921e+01	4.1762394e-02
3.4714730e+01	-1.5385323e-01
3.4736539e+01	-1.4033507e-02
3.4758348e+01	-4.2471062e-02
3.4780157e+01	-1.5371988e-03
3.4801966e+01	5.9500902e-02
3.4823775e+01	9.3259224e-02
3.4845584e+01	-3.2333612e-03
3.4867393e+01	-2.6692728e-02
3.4889202e+01	1.3188871e-02
3.4911011e+01	8.8889340e-02
3.4932820e+01	-1.4705895e-01
3.4954628e+01	1.1657745e-03
3.4976437e+01	1.5425721e-01
3.4998246e+01	-1.7584474e-01
3.5020055e+01	-1.0098880e-02
3.5041864e+01	1.1684748e-01
3.5063673e+01	2.8128240e-02
3.5085482e+01	1.2359698e-01
3.5107291e+01	-1.4902253e-01
3.5129100e+01	-1.7873115e-02
3.5150909e+01	2.5312752e-02
3.5172718e+01	-5.3476157e-02
3.5194527e+01	-3.6587718e-02
3.5216336e+01	5.4152233e-02
3.5238145e+01	-5.7253149e-02
3.5259954e+01	-3.9370746e-02
3.5281763e+01	-3.5334822e-03
3.5303571e+01	1.6063349e-01
3.5325380e+01	4.6439647e-02
3.5347189e+01	7.5300561e-02
3.5368998e+01	8.5904210e-02
3.5390807e+01	-6.5129581e-02
3.5412616e+01	-4.4785407e-02
3.5434425e+01	4.5437015e-03
3.5456234e+01	-1.4692699e-01
3.5478043e+01	-6.5972409e-02
3.5499852e+01	3.4771048e-02
3.5521661e+01	-1.0929237e-01
3.5543470e+01	-1.4693603e-02
3.5565279e+01	7.0929301e-02
3.5587088e+01	5.5803608e-02
3.5608897e+01	2.4995622e-02
3.5630706e+01	1.1654105e-01
3.5652514e+01	-1.5183552e-02
3.5674323e+01	7.5202028e-02
3.5696132e+01	-9.2973864e-03
3.5717941e+01	8.3757948e-02
3.5739750e+01	2.5111321e-02
3.5761559e+01	-6.6346581e-02
3.5783368e+01	-2.6321038e-02
3.5805177e+01	-8.1685189e-02
3.5826986e+01	3.1378593e-02
3.5848795e+01	9.9153471e-02
3.5870604e+01	1.7166637e-01
3.5892413e+01	2.2794847e-02
3.5914222e+01	-9.9638612e-02
3.5936031e+01	-1.9364177e-01
3.5957840e+01	-2.0483031e-01
3.5979649e+01	-3.4895621e-01
3.6001458e+01	5.2770220e-02
3.6023266e+01	1.1080954e-01
3.6045075e+01	1.0450919e-01
3.6066884e+01	1.4647353e-01
3.6088693e+01	1.9349448e-01
3.6110502e+01	9.8530580e-02
3.6132311e+01	1.0443945e-01
3.6154120e+01	-1.3724307e-02
3.6175929e+01	6.4895304e-02
3.6197738e+01	1.0379027e-01
3.6219547e+01	-1.5306170e-01
3.6241356e+01	-5.3153153e-02
3.6263165e+01	-3.2455633e-02
3.6284974e+01	-5.4292416e-02
3.6306783e+01	1.7724713e-03
3.6328592e+01	-1.1596075e-01
3.6350401e+01	-5.2498835e-02
3.6372209e+01	-7.1865328e-02
3.6394018e+01	1.5450168e-01
3.6415827e+01	5.6829251e-02
3.6437636e+01	-9.8631743e-03
3.6459445e+01	1.5111049e-02
3.6481254e+01	1.9214395e-01
3.6503063e+01	1.5440819e-01
3.6524872e+01	-4.7714520e-02
3.6546681e+01	-7.5426915e-02
3.6568490e+01	-2.4231804e-02
3.6590299e+01	5.2915893e-02
3.6612108e+01	-5.2923607e-02
3.6633917e+01	-1.0545396e-01
3.6655726e+01	9.3415775e-02
3.6677535e+01	2.9292452e-01
3.6699344e+01	5.2798566e-01
3.6721152e+01	8.9456844e-01
3.6742961e+01	1.2723417e+00
3.6764770e+01	1.7359774e+00
3.6786579e+01	2.0097374e+00
3.6808388e+01	2.2373246e+00
3.6830197e+01	2.5139038e+00
3.6852006e+01	2.9481520e+00
3.6873815e+01	3.2633890e+00
3.6895624e+01	3.1774368e+00
3.6917433e+01	3.0339141e+00
3.6939242e+01	2.9070260e+00
3.6961051e+01	2.4820892e+00
3.6982860e+01	2.1034247e+00
3.7004669e+01	1.5901894e+00
3.7026478e+01	1.5092931e+00
3.7048287e+01	1.2408467e+00
3.7070095e+01	9.6537614e-01
3.7091904e+01	1.9401628e-01
3.7113713e+01	-6.2937994e-02
3.7135522e+01	-7.7817630e-02
3.7157331e+01	-3.3032079e-02
3.7179140e+01	8.5956804e-02
3.7200949e+01	2.3272763e-01
3.7222758e+01	5.7286817e-02
3.7244567e+01	-8.7833586e-02
3.7266376e+01	6.1093850e-02
3.7288185e+01	7.5485072e-02
3.7309994e+01	-1.6435037e-01
3.7331803e+01	-1.3147684e-01
3.7353612e+01	1.9839637e-02
3.7375421e+01	1.1039471e-02
3.7397230e+01	-9.5091928e-03
3.7419038e+01	-4.4403379e-03
3.7440847e+01	9.3335648e-02
3.7462656e+01	6.4505318e-01
3.7484465e+01	1.1537117e+00
3.7506274e+01	1.0341597e+00
3.7528083e+01	6.0914247e-01
3.7549892e+01	2.6366758e-01
3.7571701e+01	2.1630389e-02
3.7593510e+01	1.9419750e-02
3.7615319e+01	1.6511686e-01
3.7637128e+01	-2.5330427e-02
3.7658937e+01	-2.5564047e-02
3.7680746e+01	-1.6490418e-01
3.7702555e+01	-1.4798347e-01
3.7724364e+01	-5.2942786e-02
3.7746173e+01	4.3084702e-02
3.7767981e+01	1.8409122e-04
3.7789790e+01	-8.4692154e-03
3.7811599e+01	1.1073006e-01
3.7833408e+01	1.1360815e-01
3.7855217e+01	7.2243043e-02
3.7877026e+01	-7.1496116e-02
3.7898835e+01	-5.9613658e-02
3.7920644e+01	1.8755693e-01
3.7942453e+01	2.5187581e-01
3.7964262e+01	1.6811940e-01
3.7986071e+01	-4.3101560e-02
3.8007880e+01	1.0285988e-02
3.8029689e+01	7.3031273e-02
3.8051498e+01	-1.5991557e-01
3.8073307e+01	-1.1698365e-01
3.8095116e+01	-5.1232561e-02
3.8116925e+01	-4.9044618e-02
3.8138733e+01	1.2357611e-01
3.8160542e+01	3.6753886e-01
3.8182351e+01	8.2610400e-01
3.8204160e+01	1.2088307e+00
3.8225969e+01	1.5192912e+00
3.8247778e+01	1.9921667e+00
3.8269587e+01	2.4601272e+00
3.8291396e+01	2.7550031e+00
3.8313205e+01	3.2467274e+00
3.8335014e+01	3.6703784e+00
3.8356823e+01	3.9986732e+00
3.8378632e+01	3.8767801e+00
3.8400441e+01	3.9170702e+00
3.8422250e+01	3.4751566e+00
3.8444059e+01	2.9704836e+00
3.8465868e+01	2.4557113e+00
3.8487676e+01	1.8113370e+00
3.8509485e+01	1.4143747e+00
3.8531294e+01	7.8061273e-01
3.8553103e+01	4.5354520e-01
3.8574912e+01	3.4994431e-01
3.8596721e+01	5.6218864e-02
3.8618530e+01	2.9986271e-02
3.8640339e+01	-1.9566413e-01
3.8662148e+01	1.1346378e-01
3.8683957e+01	2.4122918e-04
3.8705766e+01	-6.7906543e-02
3.8727575e+01	1.2280569e-01
3.8749384e+01	8.2144301e-02
3.8771193e+01	1.0885093e-02
3.8793002e+01	-8.5522624e-02
3.8814811e+01	3.1255461e-02
3.8836619e+01	-6.8020870e-02
3.8858428e+01	8.0207991e-02
3.8880237e+01	-5.1556384e-02
3.8902046e+01	-6.5046064e-03
3.8923855e+01	-4.1429256e-02
3.8945664e+01	-7.8387376e-02
3.8967473e+01	6.2693879e-03
3.8989282e+01	-1.0245024e-02
3.9011091e+01	1.4996676e-01
3.9032900e+01	2.5618724e-01
3.9054709e+01	4.0966620e-01
3.9076518e+01	3.4009537e-03
3.9098327e+01	-6.2533947e-02
3.9120136e+01	9.2681880e-02
3.9141945e+01	-5.7858151e-02
3.9163754e+01	-2.3784619e-02
3.9185562e+01	-6.1639969e-02
3.9207371e+01	2.3379585e-02
3.9229180e+01	-6.8187948e-02
3.9250989e+01	5.8109824e-02
3.9272798e+01	-5.0401696e-03
3.9294607e+01	-1.2071221e-02
3.9316416e+01	8.0739153e-02
3.9338225e+01	3.0859037e-01
3.9360034e+01	2.7218034e-01
3.9381843e+01	-1.3792099e-02
3.9403652e+01	4.2649436e-03
3.9425461e+01	2.3136260e-01
3.9447270e+01	9.5623111e-02
3.9469079e+01	-9.6251194e-02
3.9490888e+01	-1.2018878e-01
3.9512697e+01	4.4030023e-02
3.9534505e+01	-8.4333925e-02
3.9556314e+01	-7.6422478e-02
3.9578123e+01	3.3251436e-01
3.9599932e+01	8.2618650e-02
3.9621741e+01	5.2584627e-02
3.9643550e+01	3.5573252e-01
3.9665359e+01	7.5005044e-01
3.9687168e+01	1.0155650e+00
3.9708977e+01	1.1357809e+00
3.9730786e+01	1.5279598e+00
3.9752595e+01	1.8144103e+00
3.9774404e+01	2.0375080e+00
3.9796213e+01	2.3883287e+00
3.9818022e+01	2.5550228e+00
3.9839831e+01	2.4039442e+00
3.9861640e+01	2.2027634e+00
3.9883449e+01	2.1951211e+00
3.9905257e+01	1.5593009e+00
3.9927066e+01	1.1272674e+00
3.9948875e+01	8.3312838e-01
3.9970684e+01	1.5235340e-01
3.9992493e+01	1.8303712e-01
4.0014302e+01	3.3501149e-02
4.0036111e+01	-2.5770438e-03
4.0057920e+01	-9.4681323e-02
4.0079729e+01	-1.6251278e-01
4.0101538e+01	-7.2591698e-02
4.0123347e+01	-7.2828304e-02
4.0145156e+01	-4.3419470e-02
4.0166965e+01	1.6301618e-01
4.0188774e+01	5.6846765e-02
4.0210583e+01	1.2491427e-02
4.0232392e+01	1.1292293e-01
4.0254200e+01	6.8176670e-02
4.0276009e+01	-1.5231379e-01
4.0297818e+01	-1.3451471e-01
4.0319627e+01	1.2414174e-01
4.0341436e+01	-5.8745879e-02
4.0363245e+01	1.1213517e-02
4.0385054e+01	2.1073976e-01
4.0406863e+01	-6.5679253e-02
4.0428672e+01	1.4673385e-02
4.0450481e+01	5.9413459e-02
4.0472290e+01	-4.5097079e-02
4.0494099e+01	-1.4610856e-01
4.0515908e+01	1.1971935e-01
4.0537717e+01	1.4543621e-01
4.0559526e+01	-1.6027982e-01
4.0581335e+01	8.7633991e-02
4.0603143e+01	-1.7850193e-03
4.0624952e+01	-1.3067673e-01
4.0646761e+01	7.0665387e-02
4.0668570e+01	4.9324650e-02
4.0690379e+01	1.9211476e-01
4.0712188e+01	9.0444552e-02
4.0733997e+01	1.0363292e-01
4.0755806e+01	-6.7001729e-02
4.0777615e+01	-1.9903893e-01
4.0799424e+01	-6.2802434e-03
4.0821233e+01	-1.3993960e-01
4.0843042e+01	7.5313034e-04
4.0864851e+01	7.0964721e-04
4.0886660e+01	3.4678593e-02
4.0908469e+01	6.1527994e-02
4.0930278e+01	3.9916712e-02
4.0952086e+01	-1.9651797e-02
4.0973895e+01	-4.6450753e-02
4.0995704e+01	1.6206113e-01
4.1017513e+01	-1.7577205e-01
4.1039322e+01	2.1174496e-01
4.1061131e+01	3.5330145e-01
4.1082940e+01	2.2350775e-01
4.1104749e+01	-4.1985164e-02
4.1126558e+01	8.4590887e-02
4.1148367e+01	3.2142030e-02
4.1170176e+01	-2.3406085e-02
4.1191985e+01	-6.4698292e-02
4.1213794e+01	-5.5802810e-02
4.1235603e+01	2.5031134e-01
4.1257412e+01	-1.0732278e-02
4.1279221e+01	-6.4750166e-02
4.1301029e+01	2.0624849e-01
4.1322838e+01	-8.9058425e-04
4.1344647e+01	1.7204056e-01
4.1366456e+01	2.6651343e-04
4.1388265e+01	-1.2984608e-02
4.1410074e+01	-1.0977254e-01
4.1431883e+01	1.0433633e-01
4.1453692e+01	-9.8075452e-02
4.1475501e+01	-6.2568207e-02
4.1497310e+01	3.5969670e-01
4.1519119e+01	5.8672098e-02
4.1540928e+01	-3.1465419e-02
4.1562737e+01	9.4313997e-03
4.1584546e+01	-3.0200962e-02
4.1606355e+01	-1.7978708e-02
4.1628164e+01	-7.1194950e-02
4.1649972e+01	7.3770950e-02
4.1671781e+01	3.3153422e-02
4.1693590e+01	-1.1630840e-01
4.1715399e+01	4.2609775e-02
4.1737208e+01	1.2591504e-01
4.1759017e+01	2.1741359e-02
4.1780826e+01	-7.1231723e-02
4.1802635e+01	-9.4782999e-02
4.1824444e+01	2.3686375e-01
4.1846253e+01	1.8377897e-01
4.1868062e+01	1.9832869e-01
4.1889871e+01	1.3212346e-01
4.1911680e+01	-2.3415007e-02
4.1933489e+01	-5.0384650e-02
4.1955298e+01	5.2257521e-02
4.1977107e+01	8.4676465e-02
4.1998916e+01	-3.8648444e-01
4.2020724e+01	-1.3880451e-01
4.2042533e+01	9.7097398e-03
4.2064342e+01	1.5603054e-01
4.2086151e+01	7.9085175e-02
4.2107960e+01	2.6265549e-02
4.2129769e+01	-4.2541954e-02
4.2151578e+01	1.7779188e-01
4.2173387e+01	1.8687746e-02
4.2195196e+01	1.4284403e-02
4.2217005e+01	-1.4611847e-01
4.2238814e+01	1.1251888e-01
4.2260623e+01	2.3130478e-01
4.2282432e+01	-4.2385771e-03
4.2304241e+01	-1.3728943e-01
4.2326050e+01	-1.8909092e-01
4.2347859e+01	3.7870302e-03
4.2369667e+01	2.8300050e-01
4.2391476e+01	3.3194587e-02
4.2413285e+01	1.0634343e-01
4.2435094e+01	6.3732596e-01
4.2456903e+01	1.1542882e+00
4.2478712e+01	1.4662722e+00
4.2500521e+01	1.7848620e+00
4.2522330e+01	1.8209475e+00
4.2544139e+01	2.1902668e+00
4.2565948e+01	1.9671210e+00
4.2587757e+01	2.1155740e+00
4.2609566e+01	1.9177478e+00
4.2631375e+01	1.8794655e+00
4.2653184e+01	1.4151521e+00
4.2674993e+01	1.1825636e+00
4.2696802e+01	6.2238908e-01
4.2718610e+01	5.5614346e-01
4.2740419e+01	1.6245579e-01
4.2762228e+01	1.1607893e-01
4.2784037e+01	9.3914719e-02
4.2805846e+01	6.2137352e-02
4.2827655e+01	-3.6210068e-01
4.2849464e+01	3.9069169e-02
4.2871273e+01	3.7849749e-01
4.2893082e+01	4.6949069e-02
4.2914891e+01	-1.3037790e-01
4.2936700e+01	-4.5725364e-03
4.2958509e+01	8.8369900e-02
4.2980318e+01	2.1854534e-01
4.3002127e+01	1.1187353e-01
4.3023936e+01	-7.1779948e-02
4.3045745e+01	-8.9342914e-02
4.3067553e+01	-1.6079990e-01
4.3089362e+01	1.7806539e-01
4.3111171e+01	3.6991423e-01
4.3132980e+01	3.4572194e-01
4.3154789e+01	6.0685659e-02
4.3176598e+01	-1.4409157e-02
4.3198407e+01	-1.4850232e-01
4.3220216e+01	6.6642177e-02
4.3242025e+01	-7.8102651e-02
4.3263834e+01	1.0538820e-01
4.3285643e+01	-7.0545180e-02
4.3307452e+01	1.1573585e-02
4.3329261e+01	-1.7799011e-02
4.3351070e+01	-1.5158734e-01
4.3372879e+01	1.8389797e-01
4.3394688e+01	6.6881170e-02
4.3416496e+01	3.4202805e-01
4.3438305e+01	1.3503687e-01
4.3460114e+01	1.5271157e-01
4.3481923e+01	2.9190942e-02
4.3503732e+01	-3.0909663e-02
4.3525541e+01	2.8134152e-02
4.3547350e+01	-1.5304750e-01
4.3569159e+01	-7.8389508e-02
4.3590968e+01	-2.6904232e-02
4.3612777e+01	6.3061623e-02
4.3634586e+01	6.4124356e-01
4.3656395e+01	1.4109195e+00
4.3678204e+01	1.3414562e+00
4.3700013e+01	2.1127218e+00
4.3721822e+01	3.0976229e+00
4.3743631e+01	3.8358616e+00
4.3765439e+01	4.2727896e+00
4.3787248e+01	4.9381549e+00
4.3809057e+01	5.6463184e+00
4.3830866e+01	6.6239610e+00
4.3852675e+01	6.4316304e+00
4.3874484e+01	7.2036417e+00
4.3896293e+01	7.1799667e+00
4.3918102e+01	6.8725913e+00
4.3939911e+01	5.9170213e+00
4.3961720e+01	4.9285537e+00
4.3983529e+01	3.9646743e+00
4.4005338e+01	2.6852701e+00
4.4027147e+01	1.5648318e+00
4.4048956e+01	9.3598244e-01
4.4070765e+01	5.6630084e-01
4.4092574e+01	5.2720889e-01
4.4114383e+01	4.3298737e-01
4.4136191e+01	5.4667718e-02
4.4158000e+01	-2.1012095e-01
4.4179809e+01	7.1460723e-02
4.4201618e+01	1.4082611e-01
4.4223427e+01	1.3813692e-01
4.4245236e+01	2.7801297e-01
4.4267045e+01	3.1798055e-01
4.4288854e+01	-8.9058220e-02
4.4310663e+01	1.2732323e-02
4.4332472e+01	2.4486019e-01
4.4354281e+01	-1.6769499e-01
4.4376090e+01	-6.3463610e-02
4.4397899e+01	2.4836371e-01
4.4419708e+01	-2.2413063e-01
4.4441517e+01	7.2744660e-02
4.4463326e+01	2.9624190e-01
4.4485134e+01	1.3083538e-01
4.4506943e+01	7.8341748e-02
4.4528752e+01	1.9988808e-02
4.4550561e+01	-1.0773824e-01
4.4572370e+01	8.5382596e-02
4.4594179e+01	1.5192439e-01
4.4615988e+01	2.1235700e-03
4.4637797e+01	-4.4809810e-02
4.4659606e+01	5.8216563e-01
4.4681415e+01	8.5132535e-01
4.4703224e+01	2.3177978e-01
4.4725033e+01	-8.4229672e-02
4.4746842e+01	-2.3745372e-02
4.4768651e+01	1.9448668e-01
4.4790460e+01	4.6653938e-01
4.4812269e+01	-6.2618671e-02
4.4834077e+01	-2.0175010e-01
4.4855886e+01	1.9925134e-01
4.4877695e+01	3.3573186e-01
4.4899504e+01	-1.1526483e-01
4.4921313e+01	1.5414590e-02
4.4943122e+01	1.5581949e-01
4.4964931e+01	-1.3579323e-02
4.4986740e+01	2.6657088e-01