Image file: \\Gfs05\g45\SAXS\2020_12\HDF5\2020-12.10_Kevin_day2_SN\2020-12-10_Max_Cu123_SN_000017_data_000117.h5
ImageIntegration1d_chi_output; Output_Directory= \\Gfs05\g45\SAXS\2020_12\Processed\2020-12-09_Kevin_day1_SN\Chi-Sample-7
Profile = Radial, StartAzimuth = 0.0, EndAzimuth = 360.0, Sam_Det_distance = 250.818474293, InnerRadius = 15.0, OuterRadius = 2400.0, Lambda = 30, Ratio = 0.001, Itermax = 100
2400
2.0013229e+00	1.2582797e-04
2.0231319e+00	2.7125413e-02
2.0449408e+00	2.8110310e-02
2.0667497e+00	-1.1822551e-02
2.0885587e+00	-1.4390920e-01
2.1103676e+00	1.4665656e-02
2.1321765e+00	-3.2847219e-03
2.1539855e+00	1.4777048e-01
2.1757944e+00	6.4948452e-02
2.1976034e+00	-8.9815783e-02
2.2194123e+00	5.6512254e-02
2.2412212e+00	-3.3398251e-02
2.2630302e+00	-1.1838574e-01
2.2848391e+00	5.8329166e-02
2.3066480e+00	9.2902987e-02
2.3284570e+00	2.9311096e-02
2.3502659e+00	-3.7288610e-02
2.3720749e+00	-9.4086409e-02
2.3938838e+00	-3.7071051e-02
2.4156927e+00	3.9476795e-02
2.4375017e+00	1.1404773e-01
2.4593106e+00	-8.6375977e-02
2.4811196e+00	4.1918615e-02
2.5029285e+00	2.8322150e-01
2.5247374e+00	2.9747413e-01
2.5465464e+00	1.9586571e-01
2.5683553e+00	2.3556617e-02
2.5901642e+00	-1.8634024e-01
2.6119732e+00	1.3174734e-01
2.6337821e+00	3.9962391e-01
2.6555911e+00	1.3104080e-01
2.6774000e+00	-1.9330973e-01
2.6992089e+00	-9.6262832e-02
2.7210179e+00	1.0048801e-01
2.7428268e+00	-1.4751059e-02
2.7646358e+00	3.1671158e-02
2.7864447e+00	3.8841737e-03
2.8082536e+00	3.8651348e-02
2.8300626e+00	-5.0474232e-02
2.8518715e+00	4.9512312e-02
2.8736804e+00	2.8976771e-05
2.8954894e+00	-4.1534998e-02
2.9172983e+00	9.5947661e-02
2.9391073e+00	6.1333232e-03
2.9609162e+00	-1.9166130e-01
2.9827251e+00	6.8905403e-02
3.0045341e+00	7.1171750e-02
3.0263430e+00	1.9859637e-02
3.0481519e+00	4.1478651e-02
3.0699609e+00	-1.0243976e-01
3.0917698e+00	5.7496755e-02
3.1135788e+00	-7.8535888e-02
3.1353877e+00	-2.8251138e-02
3.1571966e+00	1.5906224e-02
3.1790056e+00	2.0977671e-02
3.2008145e+00	2.8364751e-02
3.2226235e+00	7.4211796e-02
3.2444324e+00	5.6479255e-02
3.2662413e+00	2.8932299e-01
3.2880503e+00	2.2553830e-01
3.3098592e+00	-9.8486969e-02
3.3316681e+00	-7.8988045e-02
3.3534771e+00	4.6691627e-02
3.3752860e+00	-7.9710659e-02
3.3970950e+00	-5.4033771e-03
3.4189039e+00	-1.3580517e-01
3.4407128e+00	7.0913225e-02
3.4625218e+00	1.3702882e-02
3.4843307e+00	1.4629162e-01
3.5061396e+00	1.1426454e-01
3.5279486e+00	-1.2905433e-01
3.5497575e+00	-7.4217581e-02
3.5715665e+00	1.6884092e-01
3.5933754e+00	4.5932019e-02
3.6151843e+00	7.5691081e-02
3.6369933e+00	-2.0351482e-02
3.6588022e+00	-1.5993536e-01
3.6806112e+00	-1.3642282e-02
3.7024201e+00	2.7531163e-02
3.7242290e+00	7.2523769e-02
3.7460380e+00	7.5994021e-02
3.7678469e+00	7.2010384e-03
3.7896558e+00	-3.6783469e-02
3.8114648e+00	-2.0402140e-01
3.8332737e+00	-2.7328975e-02
3.8550827e+00	1.2393831e-01
3.8768916e+00	3.0248452e-02
3.8987005e+00	6.6681267e-02
3.9205095e+00	2.3155640e-01
3.9423184e+00	2.3311307e-03
3.9641273e+00	-1.3928822e-01
3.9859363e+00	3.1110088e-02
4.0077452e+00	3.1218704e-02
4.0295542e+00	-4.3429354e-02
4.0513631e+00	4.9694724e-02
4.0731720e+00	5.0593998e-02
4.0949810e+00	5.9064830e-02
4.1167899e+00	-7.2275373e-02
4.1385989e+00	-9.0787971e-02
4.1604078e+00	2.6752627e-02
4.1822167e+00	-8.1132872e-02
4.2040257e+00	-9.4757298e-02
4.2258346e+00	7.1570756e-02
4.2476435e+00	8.1947147e-02
4.2694525e+00	1.3702099e-01
4.2912614e+00	7.9355906e-02
4.3130704e+00	-5.2989915e-02
4.3348793e+00	4.1150140e-03
4.3566882e+00	9.0029172e-02
4.3784972e+00	-2.1534492e-01
4.4003061e+00	-5.4056631e-02
4.4221151e+00	-3.9993194e-02
4.4439240e+00	8.8417729e-02
4.4657329e+00	2.2425816e-01
4.4875419e+00	3.2120196e-02
4.5093508e+00	-7.5480367e-04
4.5311597e+00	-9.2514512e-03
4.5529687e+00	-1.7272523e-01
4.5747776e+00	3.4156445e-02
4.5965866e+00	1.0114368e-01
4.6183955e+00	9.3250386e-02
4.6402044e+00	2.0268125e-03
4.6620134e+00	-5.7338638e-03
4.6838223e+00	-1.1199393e-01
4.7056312e+00	-3.8458744e-02
4.7274402e+00	1.9112637e-01
4.7492491e+00	6.8216393e-03
4.7710581e+00	6.4020064e-02
4.7928670e+00	4.4356565e-03
4.8146759e+00	4.4151359e-02
4.8364849e+00	2.5277949e-01
4.8582938e+00	2.6480869e-01
4.8801028e+00	-1.1723066e-01
4.9019117e+00	-9.6312207e-02
4.9237206e+00	-4.3027978e-02
4.9455296e+00	-9.5317243e-03
4.9673385e+00	1.9630867e-01
4.9891474e+00	3.0017974e-01
5.0109564e+00	1.8794003e-01
5.0327653e+00	8.4853389e-02
5.0545743e+00	-1.8060765e-02
5.0763832e+00	-1.5476133e-01
5.0981921e+00	1.4774388e-02
5.1200011e+00	2.7478879e-01
5.1418100e+00	9.4847924e-02
5.1636189e+00	1.7596347e-01
5.1854279e+00	2.6245239e-01
5.2072368e+00	-1.1960093e-01
5.2290458e+00	-1.3609146e-01
5.2508547e+00	1.3038351e-01
5.2726636e+00	8.1449842e-03
5.2944726e+00	-1.0542244e-01
5.3162815e+00	-8.9941856e-03
5.3380905e+00	-3.4224694e-02
5.3598994e+00	2.6428113e-02
5.3817083e+00	1.2451670e-01
5.4035173e+00	1.6566572e-01
5.4253262e+00	-1.7445413e-02
5.4471351e+00	-5.0562525e-02
5.4689441e+00	-1.2453236e-01
5.4907530e+00	1.0419424e-02
5.5125620e+00	1.1503616e-01
5.5343709e+00	8.2189581e-02
5.5561798e+00	-2.1110608e-02
5.5779888e+00	8.3645760e-03
5.5997977e+00	-3.0601634e-02
5.6216066e+00	-3.6893149e-03
5.6434156e+00	-2.8538934e-02
5.6652245e+00	-1.2256913e-01
5.6870335e+00	2.0734314e-02
5.7088424e+00	2.3178518e-01
5.7306513e+00	-2.6228888e-02
5.7524603e+00	2.1423066e-02
5.7742692e+00	9.0920844e-02
5.7960782e+00	-1.3066274e-01
5.8178871e+00	7.2540426e-03
5.8396960e+00	4.1667281e-02
5.8615050e+00	1.7914700e-02
5.8833139e+00	8.9334740e-02
5.9051228e+00	8.8593241e-02
5.9269318e+00	-8.4141395e-03
5.9487407e+00	-5.8310741e-02
5.9705497e+00	-8.4155709e-02
5.9923586e+00	-7.2404807e-02
6.0141675e+00	-4.4841779e-02
6.0359765e+00	9.7094898e-02
6.0577854e+00	-1.5632919e-02
6.0795944e+00	-4.4833731e-02
6.1014033e+00	-4.6573407e-03
6.1232122e+00	8.5758519e-02
6.1450212e+00	6.8781184e-02
6.1668301e+00	2.4867700e-01
6.1886390e+00	-6.5744215e-02
6.2104480e+00	8.3934797e-02
6.2322569e+00	3.6156484e-02
6.2540659e+00	-8.3209166e-02
6.2758748e+00	-6.4855261e-02
6.2976837e+00	-8.8541445e-02
6.3194927e+00	3.7368210e-02
6.3413016e+00	3.0344861e-02
6.3631105e+00	-6.1407329e-02
6.3849195e+00	1.7341146e-01
6.4067284e+00	6.4861678e-02
6.4285374e+00	-3.3845396e-02
6.4503463e+00	3.6211727e-02
6.4721552e+00	2.0273274e-02
6.4939642e+00	-2.1117440e-02
6.5157731e+00	-4.3850958e-02
6.5375821e+00	-1.2162734e-01
6.5593910e+00	-3.0606357e-02
6.5811999e+00	1.4020042e-01
6.6030089e+00	1.7934818e-01
6.6248178e+00	-7.0711712e-02
6.6466267e+00	-1.3300114e-01
6.6684357e+00	2.6361854e-02
6.6902446e+00	4.3309527e-02
6.7120536e+00	1.1060754e-01
6.7338625e+00	1.2417944e-01
6.7556714e+00	1.2095430e-01
6.7774804e+00	-1.3248342e-01
6.7992893e+00	-1.9962165e-02
6.8210982e+00	-1.5829831e-01
6.8429072e+00	1.3802725e-02
6.8647161e+00	-7.9496870e-02
6.8865251e+00	-2.9668977e-02
6.9083340e+00	-2.0935772e-02
6.9301429e+00	8.9848084e-02
6.9519519e+00	1.1182336e-01
6.9737608e+00	7.1603021e-02
6.9955698e+00	5.6449452e-02
7.0173787e+00	-4.8223724e-02
7.0391876e+00	-1.0350549e-01
7.0609966e+00	-5.8736726e-02
7.0828055e+00	-4.7481258e-02
7.1046144e+00	1.1227969e-01
7.1264234e+00	1.9884924e-01
7.1482323e+00	4.9331519e-02
7.1700413e+00	-9.1465092e-02
7.1918502e+00	2.2825091e-01
7.2136591e+00	1.1117373e-01
7.2354681e+00	-1.3584543e-01
7.2572770e+00	-1.1871892e-01
7.2790859e+00	1.8398066e-02
7.3008949e+00	3.6430538e-02
7.3227038e+00	-6.9785121e-02
7.3445128e+00	5.3905349e-02
7.3663217e+00	5.8556136e-02
7.3881306e+00	3.8782026e-02
7.4099396e+00	-1.6794625e-02
7.4317485e+00	4.9245033e-02
7.4535575e+00	-4.4565738e-02
7.4753664e+00	9.7167271e-02
7.4971753e+00	-1.4516160e-01
7.5189843e+00	7.9886713e-02
7.5407932e+00	-6.7159047e-02
7.5626021e+00	4.1108150e-02
7.5844111e+00	2.3358771e-01
7.6062200e+00	1.3347116e-02
7.6280290e+00	3.6053804e-02
7.6498379e+00	-1.5391271e-01
7.6716468e+00	-4.6469611e-02
7.6934558e+00	8.5124297e-02
7.7152647e+00	-7.3865167e-02
7.7370737e+00	1.3527936e-01
7.7588826e+00	2.0747198e-02
7.7806915e+00	-9.2635029e-02
7.8025005e+00	-1.2402726e-03
7.8243094e+00	1.0995214e-02
7.8461183e+00	-5.5855347e-03
7.8679273e+00	-3.1256251e-02
7.8897362e+00	1.3228231e-01
7.9115452e+00	1.1956383e-01
7.9333541e+00	1.8464723e-01
7.9551630e+00	-6.5140266e-02
7.9769720e+00	-1.3192954e-01
7.9987809e+00	3.9266587e-02
8.0205898e+00	-2.2714510e-01
8.0423988e+00	4.3805748e-02
8.0642077e+00	9.5142984e-02
8.0860167e+00	-1.2237892e-01
8.1078256e+00	7.0440618e-02
8.1296345e+00	5.0397423e-02
8.1514435e+00	-2.2507169e-02
8.1732524e+00	1.4729962e-01
8.1950614e+00	4.2164536e-01
8.2168703e+00	8.6071928e-02
8.2386792e+00	3.0178625e-01
8.2604882e+00	2.3838918e-01
8.2822971e+00	-1.7012126e-01
8.3041060e+00	-6.6189506e-02
8.3259150e+00	-7.8392292e-02
8.3477239e+00	5.1002694e-02
8.3695329e+00	-1.7771355e-02
8.3913418e+00	7.6591515e-02
8.4131507e+00	3.9670222e-01
8.4349597e+00	1.1591299e-01
8.4567686e+00	2.2775058e-03
8.4785775e+00	-1.1615249e-01
8.5003865e+00	7.0014952e-02
8.5221954e+00	-6.4840570e-02
8.5440044e+00	1.5936839e-01
8.5658133e+00	2.4620137e-01
8.5876222e+00	-2.5394992e-02
8.6094312e+00	-1.4963704e-01
8.6312401e+00	1.5647939e-02
8.6530491e+00	7.9155088e-03
8.6748580e+00	2.2400090e-01
8.6966669e+00	1.0842198e-01
8.7184759e+00	-1.3060654e-01
8.7402848e+00	7.8133471e-03
8.7620937e+00	2.1629615e-01
8.7839027e+00	2.7312141e-01
8.8057116e+00	-1.9535925e-02
8.8275206e+00	1.5455298e-01
8.8493295e+00	1.0870722e-02
8.8711384e+00	-2.8478970e-01
8.8929474e+00	1.2667206e-01
8.9147563e+00	3.8542365e-02
8.9365652e+00	-9.9924459e-02
8.9583742e+00	1.8556430e-01
8.9801831e+00	5.0779045e-02
9.0019921e+00	5.8965498e-02
9.0238010e+00	2.8866942e-01
9.0456099e+00	1.8310202e-01
9.0674189e+00	-5.7304427e-02
9.0892278e+00	-1.7693667e-01
9.1110368e+00	5.7161388e-02
9.1328457e+00	3.0932704e-02
9.1546546e+00	2.7223071e-01
9.1764636e+00	3.2330208e-01
9.1982725e+00	3.5531705e-01
9.2200814e+00	5.8025725e-01
9.2418904e+00	2.4672473e-01
9.2636993e+00	1.3233355e-01
9.2855083e+00	-1.2297673e-01
9.3073172e+00	-1.9012735e-01
9.3291261e+00	3.1429603e-02
9.3509351e+00	2.0673063e-01
9.3727440e+00	-1.7731956e-02
9.3945530e+00	9.8071636e-02
9.4163619e+00	9.4400843e-02
9.4381708e+00	-2.2135046e-02
9.4599798e+00	-1.2936539e-01
9.4817887e+00	-8.7525144e-02
9.5035976e+00	1.0426085e-01
9.5254066e+00	1.3148911e-01
9.5472155e+00	1.7639997e-02
9.5690245e+00	-5.1997726e-02
9.5908334e+00	1.0252622e-01
9.6126423e+00	2.9000904e-01
9.6344513e+00	9.3078475e-02
9.6562602e+00	-1.6815252e-01
9.6780691e+00	-2.0096328e-01
9.6998781e+00	-2.1309096e-02
9.7216870e+00	-4.2114479e-02
9.7434960e+00	1.0873993e-01
9.7653049e+00	1.6337188e-01
9.7871138e+00	6.9323073e-02
9.8089228e+00	-5.5808211e-02
9.8307317e+00	5.8635830e-02
9.8525407e+00	1.5038495e-01
9.8743496e+00	2.6206691e-01
9.8961585e+00	-7.6577229e-02
9.9179675e+00	-1.3090580e-01
9.9397764e+00	-1.4251975e-01
9.9615853e+00	7.7185431e-02
9.9833943e+00	2.6922290e-01
1.0005203e+01	2.8111301e-01
1.0027012e+01	1.1304503e-01
1.0048821e+01	2.9212261e-02
1.0070630e+01	4.0662961e-02
1.0092439e+01	-7.7894501e-02
1.0114248e+01	3.5308927e-02
1.0136057e+01	8.9144579e-02
1.0157866e+01	2.7740621e-02
1.0179675e+01	-1.2744654e-01
1.0201484e+01	4.7753272e-02
1.0223293e+01	6.2839390e-02
1.0245102e+01	-4.2004274e-02
1.0266910e+01	-9.1085321e-02
1.0288719e+01	-4.5320613e-02
1.0310528e+01	-2.5170979e-02
1.0332337e+01	8.8070705e-01
1.0354146e+01	1.4995545e+00
1.0375955e+01	2.0540955e+00
1.0397764e+01	2.6008511e+00
1.0419573e+01	3.0367513e+00
1.0441382e+01	3.6684751e+00
1.0463191e+01	4.7175517e+00
1.0485000e+01	6.2501131e+00
1.0506809e+01	7.7639293e+00
1.0528618e+01	8.5675754e+00
1.0550427e+01	8.4466755e+00
1.0572236e+01	7.9836816e+00
1.0594045e+01	8.2609908e+00
1.0615853e+01	8.9203840e+00
1.0637662e+01	8.9665515e+00
1.0659471e+01	8.2594512e+00
1.0681280e+01	7.2615942e+00
1.0703089e+01	5.4463525e+00
1.0724898e+01	3.8553822e+00
1.0746707e+01	2.6176664e+00
1.0768516e+01	2.0394891e+00
1.0790325e+01	1.6454314e+00
1.0812134e+01	1.1494282e+00
1.0833943e+01	7.5696681e-01
1.0855752e+01	7.1522611e-01
1.0877561e+01	3.9179721e-01
1.0899370e+01	-4.9406850e-02
1.0921179e+01	-1.5922373e-02
1.0942988e+01	-1.7779514e-01
1.0964796e+01	7.9127419e-02
1.0986605e+01	1.7535536e-01
1.1008414e+01	3.4215980e-02
1.1030223e+01	1.3206213e-01
1.1052032e+01	6.7431531e-02
1.1073841e+01	6.5249865e-02
1.1095650e+01	4.1199176e-01
1.1117459e+01	9.3530176e-01
1.1139268e+01	1.1869487e+00
1.1161077e+01	1.6217704e+00
1.1182886e+01	2.1555498e+00
1.1204695e+01	2.2931536e+00
1.1226504e+01	2.8287578e+00
1.1248313e+01	2.5808852e+00
1.1270122e+01	1.0394495e+00
1.1291931e+01	5.1342278e-01
1.1313740e+01	3.2497574e-01
1.1335548e+01	-6.7400821e-02
1.1357357e+01	2.8103218e-01
1.1379166e+01	4.1857725e-01
1.1400975e+01	-7.4607710e-02
1.1422784e+01	9.5375053e-02
1.1444593e+01	-1.3761400e-01
1.1466402e+01	-1.4263360e-01
1.1488211e+01	-7.9403349e-02
1.1510020e+01	9.4609530e-02
1.1531829e+01	1.0083542e-01
1.1553638e+01	-5.3756588e-03
1.1575447e+01	1.5528751e-01
1.1597256e+01	-9.4643883e-02
1.1619065e+01	-6.6974158e-02
1.1640874e+01	1.7772015e-02
1.1662683e+01	1.6361218e-01
1.1684491e+01	5.8940022e-02
1.1706300e+01	6.0139487e-02
1.1728109e+01	-3.8590228e-02
1.1749918e+01	-7.0809157e-02
1.1771727e+01	-3.1303414e-02
1.1793536e+01	2.0433958e-02
1.1815345e+01	4.0213391e-01
1.1837154e+01	3.3828022e-01
1.1858963e+01	3.3262789e-01
1.1880772e+01	2.8930688e-01
1.1902581e+01	2.6906615e-01
1.1924390e+01	1.1121017e-01
1.1946199e+01	-1.2035326e-01
1.1968008e+01	-6.5478773e-02
1.1989817e+01	-1.1337228e-01
1.2011626e+01	-5.8019338e-02
1.2033434e+01	1.0342749e-01
1.2055243e+01	1.4902332e-01
1.2077052e+01	5.8027505e-02
1.2098861e+01	-7.9694497e-03
1.2120670e+01	2.9077529e-02
1.2142479e+01	8.8268969e-03
1.2164288e+01	-6.4605344e-02
1.2186097e+01	3.3541130e-02
1.2207906e+01	-1.6511118e-02
1.2229715e+01	3.5225560e-01
1.2251524e+01	1.4326793e-01
1.2273333e+01	-1.0193309e-01
1.2295142e+01	-1.1396832e-02
1.2316951e+01	-7.3237019e-02
1.2338760e+01	1.3318192e-02
1.2360569e+01	3.8298653e-02
1.2382377e+01	4.5417625e-01
1.2404186e+01	1.4579527e-01
1.2425995e+01	-7.9954641e-02
1.2447804e+01	-6.9148609e-02
1.2469613e+01	4.0020199e-02
1.2491422e+01	2.8083833e-01
1.2513231e+01	2.6588012e-01
1.2535040e+01	-1.9314030e-02
1.2556849e+01	-1.5439566e-01
1.2578658e+01	3.8050761e-03
1.2600467e+01	1.0256351e-01
1.2622276e+01	1.3293534e-01
1.2644085e+01	1.8835700e-01
1.2665894e+01	-8.4216340e-03
1.2687703e+01	-2.0321723e-01
1.2709512e+01	9.7801994e-02
1.2731320e+01	1.2164730e-02
1.2753129e+01	9.4447612e-02
1.2774938e+01	-1.0912036e-01
1.2796747e+01	-5.6169148e-02
1.2818556e+01	-8.0562439e-02
1.2840365e+01	3.2052767e-05
1.2862174e+01	-1.5926159e-02
1.2883983e+01	-8.9401626e-02
1.2905792e+01	2.0667571e-02
1.2927601e+01	5.5449258e-02
1.2949410e+01	3.0616323e-02
1.2971219e+01	1.4134434e-01
1.2993028e+01	8.3533569e-02
1.3014837e+01	1.3224668e-01
1.3036646e+01	2.2613182e-01
1.3058455e+01	3.8367018e-01
1.3080264e+01	5.2144250e-01
1.3102072e+01	5.4215449e-01
1.3123881e+01	-1.0973124e-01
1.3145690e+01	-1.4108808e-01
1.3167499e+01	9.4016176e-02
1.3189308e+01	2.2660966e-01
1.3211117e+01	4.4285408e-02
1.3232926e+01	2.7459685e-02
1.3254735e+01	-1.9633504e-03
1.3276544e+01	-4.6527472e-02
1.3298353e+01	-4.6213092e-02
1.3320162e+01	-6.0999087e-02
1.3341971e+01	-1.1983128e-01
1.3363780e+01	6.7760353e-01
1.3385589e+01	9.6028384e-01
1.3407398e+01	8.9668015e-01
1.3429207e+01	8.8176696e-01
1.3451015e+01	7.8745278e-01
1.3472824e+01	7.3645009e-01
1.3494633e+01	5.4861742e-01
1.3516442e+01	7.1181125e-01
1.3538251e+01	8.4470406e-01
1.3560060e+01	7.9234834e-01
1.3581869e+01	6.8948355e-01
1.3603678e+01	3.4823418e-01
1.3625487e+01	1.2541971e-01
1.3647296e+01	-2.0936020e-02
1.3669105e+01	9.1202365e-02
1.3690914e+01	-2.0731348e-02
1.3712723e+01	-1.4223871e-03
1.3734532e+01	5.8808631e-02
1.3756341e+01	3.9941439e-02
1.3778150e+01	3.5769231e-02
1.3799958e+01	-1.5258941e-01
1.3821767e+01	1.0237774e-01
1.3843576e+01	-2.0818977e-01
1.3865385e+01	-5.5285174e-02
1.3887194e+01	1.1160694e-01
1.3909003e+01	-2.8554785e-03
1.3930812e+01	9.9289489e-02
1.3952621e+01	5.4177841e-02
1.3974430e+01	-6.8723495e-02
1.3996239e+01	-1.0631582e-01
1.4018048e+01	9.3401224e-03
1.4039857e+01	-5.7626767e-03
1.4061666e+01	7.4404741e-04
1.4083475e+01	2.7054344e-03
1.4105284e+01	4.4563857e-02
1.4127093e+01	2.1690964e-01
1.4148901e+01	7.6596909e-02
1.4170710e+01	2.3163058e-02
1.4192519e+01	6.0186407e-03
1.4214328e+01	-1.3289645e-01
1.4236137e+01	-1.4213662e-01
1.4257946e+01	-1.9304143e-03
1.4279755e+01	5.1941457e-02
1.4301564e+01	1.5225156e-01
1.4323373e+01	1.7871372e-01
1.4345182e+01	5.3870882e-02
1.4366991e+01	-1.0731817e-01
1.4388800e+01	-7.2763928e-02
1.4410609e+01	1.0649532e-01
1.4432418e+01	1.1026350e-01
1.4454227e+01	-1.5942692e-01
1.4476036e+01	-1.2631045e-01
1.4497844e+01	2.9225617e-02
1.4519653e+01	-2.5818721e-02
1.4541462e+01	8.3972193e-02
1.4563271e+01	1.9704719e-01
1.4585080e+01	1.4999557e-01
1.4606889e+01	-7.6789848e-02
1.4628698e+01	-9.1901597e-02
1.4650507e+01	-7.5725739e-02
1.4672316e+01	4.2070903e-02
1.4694125e+01	2.3816549e-01
1.4715934e+01	-4.0020339e-02
1.4737743e+01	-1.5532748e-02
1.4759552e+01	9.1476897e-03
1.4781361e+01	2.5821767e-02
1.4803170e+01	2.3961593e-01
1.4824979e+01	5.1201489e-01
1.4846787e+01	8.7281191e-01
1.4868596e+01	1.2270182e+00
1.4890405e+01	1.5132498e+00
1.4912214e+01	1.2189280e+00
1.4934023e+01	1.0050590e+00
1.4955832e+01	1.1221118e+00
1.4977641e+01	1.5371448e+00
1.4999450e+01	1.8752740e+00
1.5021259e+01	2.1160616e+00
1.5043068e+01	2.0877248e+00
1.5064877e+01	1.8054698e+00
1.5086686e+01	1.2431987e+00
1.5108495e+01	1.0232147e+00
1.5130304e+01	6.6877799e-01
1.5152113e+01	1.3969972e-01
1.5173922e+01	7.2986078e-02
1.5195731e+01	2.2691755e-02
1.5217539e+01	-2.3132209e-03
1.5239348e+01	-1.1216587e-01
1.5261157e+01	-1.5580821e-01
1.5282966e+01	-1.4741146e-01
1.5304775e+01	1.0756723e-02
1.5326584e+01	7.3558389e-02
1.5348393e+01	4.1270736e-02
1.5370202e+01	9.2702544e-02
1.5392011e+01	1.0905932e-01
1.5413820e+01	1.1200667e-01
1.5435629e+01	-4.1395190e-02
1.5457438e+01	-2.6097512e-02
1.5479247e+01	-5.5483107e-02
1.5501056e+01	-6.5001323e-02
1.5522865e+01	-2.6129396e-02
1.5544674e+01	-9.9278120e-02
1.5566482e+01	-8.4251759e-02
1.5588291e+01	1.1604158e-01
1.5610100e+01	2.1784900e-01
1.5631909e+01	1.2804838e-01
1.5653718e+01	1.3199986e-02
1.5675527e+01	2.7180761e-02
1.5697336e+01	-3.7738400e-02
1.5719145e+01	-6.3528310e-02
1.5740954e+01	-5.5629260e-02
1.5762763e+01	5.4907793e-02
1.5784572e+01	4.4058756e-03
1.5806381e+01	-4.3727815e-02
1.5828190e+01	-1.1584371e-01
1.5849999e+01	8.5775952e-02
1.5871808e+01	1.2107733e-01
1.5893617e+01	9.3221049e-02
1.5915425e+01	-2.7198199e-02
1.5937234e+01	-1.7888004e-02
1.5959043e+01	-2.1857795e-02
1.5980852e+01	-4.0011151e-02
1.6002661e+01	-4.6343500e-02
1.6024470e+01	8.4610222e-03
1.6046279e+01	1.1088168e-01
1.6068088e+01	-3.7158766e-02
1.6089897e+01	-6.4374043e-02
1.6111706e+01	-1.1369668e-02
1.6133515e+01	-6.4030630e-02
1.6155324e+01	5.9503731e-02
1.6177133e+01	6.5133157e-02
1.6198942e+01	9.0035373e-03
1.6220751e+01	-1.4929657e-02
1.6242560e+01	-3.2984506e-02
1.6264368e+01	-7.3574824e-02
1.6286177e+01	-8.2497385e-02
1.6307986e+01	7.6348312e-02
1.6329795e+01	1.4498050e-01
1.6351604e+01	1.1946167e-02
1.6373413e+01	1.7017613e-02
1.6395222e+01	7.7966771e-02
1.6417031e+01	6.4017455e-03
1.6438840e+01	-6.2089698e-03
1.6460649e+01	-5.5631910e-02
1.6482458e+01	-1.8359868e-02
1.6504267e+01	-6.8100561e-02
1.6526076e+01	1.4294865e-02
1.6547885e+01	-3.8851965e-02
1.6569694e+01	-7.5308837e-02
1.6591503e+01	2.4131111e-02
1.6613311e+01	5.2280821e-02
1.6635120e+01	-7.2750505e-02
1.6656929e+01	5.9385589e-02
1.6678738e+01	4.2196349e-02
1.6700547e+01	-9.3113036e-02
1.6722356e+01	1.3508799e-01
1.6744165e+01	4.2748562e-01
1.6765974e+01	6.7223603e-01
1.6787783e+01	6.5942381e-01
1.6809592e+01	5.4389257e-01
1.6831401e+01	2.9634490e-01
1.6853210e+01	2.0679138e-01
1.6875019e+01	1.0087799e-01
1.6896828e+01	2.8177301e-02
1.6918637e+01	-1.4574477e-01
1.6940446e+01	-1.4597240e-04
1.6962254e+01	-6.5247951e-02
1.6984063e+01	2.2269527e-02
1.7005872e+01	4.2237351e-02
1.7027681e+01	-8.7545635e-02
1.7049490e+01	-8.6454570e-02
1.7071299e+01	8.0200437e-02
1.7093108e+01	5.1387935e-02
1.7114917e+01	2.5819633e-01
1.7136726e+01	2.3876828e-01
1.7158535e+01	1.6754654e-02
1.7180344e+01	-6.2728682e-02
1.7202153e+01	-7.1653952e-02
1.7223962e+01	1.7008229e-01
1.7245771e+01	2.0408473e-01
1.7267580e+01	-3.0117510e-03
1.7289389e+01	-4.9677866e-02
1.7311198e+01	-9.1048053e-02
1.7333006e+01	-6.2328184e-02
1.7354815e+01	7.4531659e-02
1.7376624e+01	1.0089272e-01
1.7398433e+01	-7.5821220e-02
1.7420242e+01	-7.2497649e-02
1.7442051e+01	3.3191098e-02
1.7463860e+01	1.1392205e-01
1.7485669e+01	9.7611903e-02
1.7507478e+01	-6.4029564e-02
1.7529287e+01	-9.1896544e-03
1.7551096e+01	1.4502537e-01
1.7572905e+01	-1.4019171e-01
1.7594714e+01	-1.6169760e-01
1.7616523e+01	6.9669011e-02
1.7638332e+01	1.2880735e-01
1.7660141e+01	5.2009285e-02
1.7681949e+01	-1.1346720e-01
1.7703758e+01	-3.7649057e-02
1.7725567e+01	-6.3730714e-03
1.7747376e+01	3.9203512e-02
1.7769185e+01	6.9438657e-02
1.7790994e+01	-4.1085035e-02
1.7812803e+01	7.8855895e-02
1.7834612e+01	-7.3805000e-02
1.7856421e+01	9.8505242e-02
1.7878230e+01	-1.3154947e-01
1.7900039e+01	-6.6372802e-02
1.7921848e+01	1.6333349e-01
1.7943657e+01	3.8907843e-02
1.7965466e+01	-6.9360982e-02
1.7987275e+01	-1.0679586e-01
1.8009084e+01	5.5375138e-02
1.8030892e+01	1.1637368e-01
1.8052701e+01	6.0404525e-02
1.8074510e+01	4.7426672e-06
1.8096319e+01	-4.3398318e-02
1.8118128e+01	-3.9523468e-02
1.8139937e+01	1.5730699e-02
1.8161746e+01	1.4425162e-01
1.8183555e+01	-5.4175370e-02
1.8205364e+01	-1.7078044e-01
1.8227173e+01	9.5047473e-03
1.8248982e+01	1.0249193e-02
1.8270791e+01	1.8676845e-03
1.8292600e+01	5.0929038e-02
1.8314409e+01	4.4047905e-02
1.8336218e+01	-4.1196912e-02
1.8358027e+01	4.3934079e-02
1.8379835e+01	1.2161892e-03
1.8401644e+01	-7.8271854e-02
1.8423453e+01	6.7709193e-02
1.8445262e+01	3.8280144e-01
1.8467071e+01	6.0527219e-01
1.8488880e+01	4.5476346e-01
1.8510689e+01	5.5938525e-01
1.8532498e+01	3.4142496e-01
1.8554307e+01	-1.1938403e-01
1.8576116e+01	-1.4628706e-01
1.8597925e+01	1.9517096e-01
1.8619734e+01	1.5827231e-01
1.8641543e+01	1.6540413e-01
1.8663352e+01	3.6118681e-02
1.8685161e+01	9.0606641e-02
1.8706970e+01	5.8880854e-02
1.8728778e+01	-3.8729937e-03
1.8750587e+01	-4.7843064e-02
1.8772396e+01	-1.6441257e-01
1.8794205e+01	-7.9457321e-02
1.8816014e+01	-1.9167735e-02
1.8837823e+01	2.8216038e-04
1.8859632e+01	8.6457835e-02
1.8881441e+01	2.0168937e-01
1.8903250e+01	1.6207489e-02
1.8925059e+01	-8.6322565e-02
1.8946868e+01	-1.0349649e-01
1.8968677e+01	1.0478626e-01
1.8990486e+01	5.8601042e-02
1.9012295e+01	-4.3187677e-02
1.9034104e+01	2.0320714e-02
1.9055913e+01	1.6278017e-02
1.9077721e+01	4.6417600e-02
1.9099530e+01	-1.6244345e-03
1.9121339e+01	-2.4823808e-02
1.9143148e+01	-8.7847162e-02
1.9164957e+01	5.9218875e-02
1.9186766e+01	7.5526754e-02
1.9208575e+01	-1.1021479e-01
1.9230384e+01	-1.2008708e-01
1.9252193e+01	6.9291269e-02
1.9274002e+01	-2.7726494e-02
1.9295811e+01	-1.7102654e-02
1.9317620e+01	2.0091273e-02
1.9339429e+01	4.0072448e-02
1.9361238e+01	-3.5140788e-02
1.9383047e+01	8.6740988e-02
1.9404856e+01	4.5091214e-03
1.9426665e+01	6.5907375e-02
1.9448473e+01	1.4964144e-01
1.9470282e+01	3.2694098e-02
1.9492091e+01	-5.2357274e-02
1.9513900e+01	-8.4091210e-02
1.9535709e+01	-2.4659346e-02
1.9557518e+01	1.9328546e-02
1.9579327e+01	1.2078226e-02
1.9601136e+01	-1.0381106e-01
1.9622945e+01	-3.0452843e-02
1.9644754e+01	8.6663426e-04
1.9666563e+01	-4.0768238e-02
1.9688372e+01	7.8989087e-02
1.9710181e+01	-3.9645315e-02
1.9731990e+01	-1.5518991e-02
1.9753799e+01	6.8155605e-02
1.9775608e+01	5.1764925e-02
1.9797416e+01	-1.2375436e-02
1.9819225e+01	-2.1339988e-01
1.9841034e+01	5.5029341e-02
1.9862843e+01	1.7563732e-01
1.9884652e+01	2.8804376e-02
1.9906461e+01	-8.2458771e-02
1.9928270e+01	8.0259172e-02
1.9950079e+01	6.9881945e-02
1.9971888e+01	8.2546380e-02
1.9993697e+01	1.7348330e-01
2.0015506e+01	1.6107226e-02
2.0037315e+01	-2.1121286e-01
2.0059124e+01	4.2979437e-02
2.0080933e+01	6.7008937e-02
2.0102742e+01	-8.1977851e-02
2.0124551e+01	-7.8931152e-02
2.0146359e+01	-1.1955777e-01
2.0168168e+01	-1.1814685e-02
2.0189977e+01	6.9092339e-02
2.0211786e+01	-4.1202996e-02
2.0233595e+01	-6.8557264e-02
2.0255404e+01	1.0001999e-01
2.0277213e+01	2.4232920e-01
2.0299022e+01	4.0878896e-01
2.0320831e+01	2.9425741e-01
2.0342640e+01	1.3691374e-01
2.0364449e+01	2.4788833e-02
2.0386258e+01	-1.6287048e-02
2.0408067e+01	-1.7524216e-01
2.0429876e+01	1.3241374e-01
2.0451685e+01	-3.0959713e-02
2.0473494e+01	-6.8794638e-02
2.0495302e+01	1.9541840e-01
2.0517111e+01	3.5393872e-01
2.0538920e+01	1.0955979e-01
2.0560729e+01	8.6734593e-02
2.0582538e+01	7.3185737e-02
2.0604347e+01	3.2247464e-02
2.0626156e+01	-7.9278550e-03
2.0647965e+01	-1.0638903e-01
2.0669774e+01	-5.8264885e-02
2.0691583e+01	-4.9307026e-02
2.0713392e+01	-6.6544212e-02
2.0735201e+01	-1.6397300e-01
2.0757010e+01	-3.0494048e-02
2.0778819e+01	1.3317471e-01
2.0800628e+01	1.6023137e-01
2.0822437e+01	4.5180480e-02
2.0844245e+01	6.9358015e-02
2.0866054e+01	-3.9072424e-02
2.0887863e+01	-9.0832838e-02
2.0909672e+01	-4.8863232e-02
2.0931481e+01	-2.9834995e-02
2.0953290e+01	8.0587892e-02
2.0975099e+01	3.9169850e-01
2.0996908e+01	1.0010621e+00
2.1018717e+01	1.7343875e+00
2.1040526e+01	2.4767086e+00
2.1062335e+01	2.7895332e+00
2.1084144e+01	2.3104563e+00
2.1105953e+01	1.8852226e+00
2.1127762e+01	1.6362050e+00
2.1149571e+01	1.8248455e+00
2.1171380e+01	3.0432958e+00
2.1193188e+01	4.9917718e+00
2.1214997e+01	7.1575754e+00
2.1236806e+01	8.7164394e+00
2.1258615e+01	1.0068579e+01
2.1280424e+01	9.9480351e+00
2.1302233e+01	8.8109846e+00
2.1324042e+01	6.9716129e+00
2.1345851e+01	5.1498629e+00
2.1367660e+01	3.4120096e+00
2.1389469e+01	1.8623727e+00
2.1411278e+01	9.0306710e-01
2.1433087e+01	3.2881689e-02
2.1454896e+01	1.1793079e-03
2.1476705e+01	6.9149702e-02
2.1498514e+01	3.2724636e-01
2.1520323e+01	6.5394468e-01
2.1542132e+01	1.0236642e+00
2.1563940e+01	1.3502523e+00
2.1585749e+01	1.2091176e+00
2.1607558e+01	1.0716486e+00
2.1629367e+01	7.0675472e-01
2.1651176e+01	3.1882648e-01
2.1672985e+01	4.6505390e-02
2.1694794e+01	-9.7059564e-02
2.1716603e+01	-1.0898906e-01
2.1738412e+01	2.8112396e-02
2.1760221e+01	1.8490921e-01
2.1782030e+01	-4.3327814e-03
2.1803839e+01	-1.0003351e-01
2.1825648e+01	-8.7005674e-02
2.1847457e+01	1.6957382e-02
2.1869266e+01	5.1501333e-02
2.1891075e+01	8.4767032e-02
2.1912883e+01	3.5685892e-02
2.1934692e+01	1.1592836e-01
2.1956501e+01	-1.2933726e-02
2.1978310e+01	-4.0539768e-02
2.2000119e+01	-1.1305427e-02
2.2021928e+01	-1.6718944e-01
2.2043737e+01	4.7326956e-02
2.2065546e+01	1.3752506e-02
2.2087355e+01	-1.7875697e-03
2.2109164e+01	-7.3274427e-03
2.2130973e+01	-3.5827773e-02
2.2152782e+01	3.8005777e-02
2.2174591e+01	6.0736901e-04
2.2196400e+01	-5.6637808e-02
2.2218209e+01	9.4402218e-02
2.2240018e+01	2.8134027e-02
2.2261826e+01	1.2414648e-01
2.2283635e+01	-7.3108198e-03
2.2305444e+01	-5.6500468e-02
2.2327253e+01	-2.8091630e-02
2.2349062e+01	-3.5880435e-02
2.2370871e+01	1.2418922e-02
2.2392680e+01	6.3328306e-03
2.2414489e+01	3.8741596e-02
2.2436298e+01	-7.1846210e-02
2.2458107e+01	-1.3108419e-01
2.2479916e+01	6.7277679e-02
2.2501725e+01	7.3589875e-02
2.2523534e+01	8.8846414e-03
2.2545343e+01	1.2796584e-01
2.2567152e+01	-2.0035280e-02
2.2588961e+01	-1.0169615e-01
2.2610769e+01	-5.1746799e-02
2.2632578e+01	-8.7714929e-03
2.2654387e+01	6.6960483e-03
2.2676196e+01	9.5492203e-02
2.2698005e+01	2.4439531e-02
2.2719814e+01	-6.0627752e-02
2.2741623e+01	-7.9279391e-02
2.2763432e+01	9.7993503e-02
2.2785241e+01	2.1758627e-01
2.2807050e+01	2.3760146e-02
2.2828859e+01	-7.4129916e-02
2.2850668e+01	-8.1114094e-03
2.2872477e+01	6.0965953e-02
2.2894286e+01	-7.1272435e-02
2.2916095e+01	3.2918129e-02
2.2937904e+01	4.9099863e-02
2.2959712e+01	-1.5190134e-01
2.2981521e+01	1.0008710e-01
2.3003330e+01	1.1852510e-01
2.3025139e+01	-4.6039100e-02
2.3046948e+01	-7.5832176e-02
2.3068757e+01	-5.1017560e-02
2.3090566e+01	-6.3610153e-02
2.3112375e+01	9.8693378e-02
2.3134184e+01	1.4367643e-01
2.3155993e+01	1.3627790e-01
2.3177802e+01	-3.4324495e-02
2.3199611e+01	-1.0110837e-01
2.3221420e+01	-4.4588629e-02
2.3243229e+01	4.3223991e-02
2.3265038e+01	-2.2821348e-02
2.3286847e+01	-1.4336081e-01
2.3308655e+01	-2.7342285e-02
2.3330464e+01	-2.2380011e-02
2.3352273e+01	1.0123174e-01
2.3374082e+01	-9.1664753e-02
2.3395891e+01	1.1095087e-01
2.3417700e+01	8.2274321e-02
2.3439509e+01	-1.1854656e-02
2.3461318e+01	-2.3403565e-02
2.3483127e+01	5.1056090e-01
2.3504936e+01	1.0775087e+00
2.3526745e+01	1.4425188e+00
2.3548554e+01	1.3875279e+00
2.3570363e+01	1.2522831e+00
2.3592172e+01	1.0658312e+00
2.3613981e+01	6.8607813e-01
2.3635790e+01	8.6903571e-01
2.3657599e+01	1.6237939e+00
2.3679407e+01	2.7371005e+00
2.3701216e+01	4.2369394e+00
2.3723025e+01	5.9951566e+00
2.3744834e+01	7.5972460e+00
2.3766643e+01	8.8860663e+00
2.3788452e+01	1.0374552e+01
2.3810261e+01	1.1202418e+01
2.3832070e+01	1.0760873e+01
2.3853879e+01	9.7117026e+00
2.3875688e+01	7.8809503e+00
2.3897497e+01	5.8118114e+00
2.3919306e+01	4.2000537e+00
2.3941115e+01	2.9350502e+00
2.3962924e+01	1.9164267e+00
2.3984733e+01	9.7892802e-01
2.4006542e+01	4.8764917e-01
2.4028350e+01	1.5878601e-01
2.4050159e+01	4.3370218e-02
2.4071968e+01	5.1128770e-02
2.4093777e+01	-7.9019465e-02
2.4115586e+01	-1.1008095e-01
2.4137395e+01	-8.2933539e-03
2.4159204e+01	-3.9882078e-02
2.4181013e+01	1.3777365e-01
2.4202822e+01	-2.0803947e-03
2.4224631e+01	-1.3243141e-01
2.4246440e+01	-8.8117319e-02
2.4268249e+01	-2.8567711e-02
2.4290058e+01	5.7258912e-02
2.4311867e+01	-3.8449147e-02
2.4333676e+01	4.2422720e-02
2.4355485e+01	8.2259336e-02
2.4377293e+01	4.2324466e-02
2.4399102e+01	-1.3415937e-02
2.4420911e+01	-1.6723476e-01
2.4442720e+01	6.7365950e-02
2.4464529e+01	4.1516605e-02
2.4486338e+01	1.4294644e-02
2.4508147e+01	2.5534417e-01
2.4529956e+01	2.4706687e-01
2.4551765e+01	5.3210686e-02
2.4573574e+01	1.0162216e-01
2.4595383e+01	4.4738998e-01
2.4617192e+01	7.3387911e-01
2.4639001e+01	9.3588375e-01
2.4660810e+01	3.1920208e-01
2.4682619e+01	8.6824286e-02
2.4704428e+01	-4.8788151e-02
2.4726236e+01	1.9677254e-02
2.4748045e+01	-5.0114109e-02
2.4769854e+01	-1.3120394e-01
2.4791663e+01	5.3882193e-02
2.4813472e+01	8.0972109e-02
2.4835281e+01	-8.3254003e-02
2.4857090e+01	-1.3830131e-01
2.4878899e+01	-1.0678000e-01
2.4900708e+01	4.9605704e-02
2.4922517e+01	1.4766186e-01
2.4944326e+01	1.6466371e-01
2.4966135e+01	-1.7481155e-01
2.4987944e+01	-1.4926484e-03
2.5009753e+01	9.8649714e-02
2.5031562e+01	-1.3174469e-02
2.5053371e+01	1.5371349e-01
2.5075179e+01	-8.0731954e-02
2.5096988e+01	-1.2092380e-01
2.5118797e+01	-7.8675200e-02
2.5140606e+01	8.7952450e-02
2.5162415e+01	4.1828050e-02
2.5184224e+01	-6.1355085e-02
2.5206033e+01	9.5323811e-02
2.5227842e+01	1.3793238e-01
2.5249651e+01	3.8607472e-02
2.5271460e+01	3.1205782e-03
2.5293269e+01	-1.1537158e-01
2.5315078e+01	7.6471865e-02
2.5336887e+01	3.9067414e-02
2.5358696e+01	5.3853801e-04
2.5380505e+01	6.3148190e-03
2.5402314e+01	-5.4894089e-02
2.5424123e+01	-1.3182067e-01
2.5445931e+01	-1.5222924e-02
2.5467740e+01	-5.6018896e-03
2.5489549e+01	-1.8192557e-02
2.5511358e+01	1.3309261e-01
2.5533167e+01	2.1929131e-02
2.5554976e+01	-8.8811545e-02
2.5576785e+01	8.6752480e-03
2.5598594e+01	7.9759415e-02
2.5620403e+01	1.7075222e-01
2.5642212e+01	-5.9156935e-02
2.5664021e+01	-1.1138466e-01
2.5685830e+01	3.2260248e-03
2.5707639e+01	-2.3613148e-02
2.5729448e+01	1.6998174e-02
2.5751257e+01	3.1437200e-01
2.5773066e+01	4.5927417e-01
2.5794874e+01	4.7693483e-01
2.5816683e+01	4.1923059e-01
2.5838492e+01	3.8403780e-01
2.5860301e+01	3.1328683e-02
2.5882110e+01	1.1111489e-02
2.5903919e+01	3.3393961e-01
2.5925728e+01	7.2164183e-01
2.5947537e+01	1.1260406e+00
2.5969346e+01	1.5570386e+00
2.5991155e+01	1.8342681e+00
2.6012964e+01	2.4224478e+00
2.6034773e+01	2.7857592e+00
2.6056582e+01	3.0578737e+00
2.6078391e+01	3.0171680e+00
2.6100200e+01	2.6900304e+00
2.6122009e+01	2.5490566e+00
2.6143817e+01	1.9529330e+00
2.6165626e+01	1.3297001e+00
2.6187435e+01	8.7548554e-01
2.6209244e+01	4.1198474e-01
2.6231053e+01	1.2227022e-01
2.6252862e+01	1.6893384e-01
2.6274671e+01	-6.1153692e-02
2.6296480e+01	-2.1810229e-01
2.6318289e+01	-3.5589697e-02
2.6340098e+01	2.8797396e-02
2.6361907e+01	8.4192026e-03
2.6383716e+01	2.3297746e-02
2.6405525e+01	-1.4037076e-02
2.6427334e+01	6.6885055e-03
2.6449143e+01	-3.6889213e-02
2.6470952e+01	9.1315498e-02
2.6492760e+01	-3.0707418e-02
2.6514569e+01	-1.0166723e-01
2.6536378e+01	9.2385919e-02
2.6558187e+01	9.9348700e-02
2.6579996e+01	4.1282065e-01
2.6601805e+01	4.7552771e-01
2.6623614e+01	5.4126918e-01
2.6645423e+01	5.6043510e-01
2.6667232e+01	4.8785844e-01
2.6689041e+01	3.7937619e-01
2.6710850e+01	3.4043611e-01
2.6732659e+01	1.0429979e-01
2.6754468e+01	-8.8026961e-02
2.6776277e+01	-5.5721441e-02
2.6798086e+01	-7.1732887e-02
2.6819895e+01	-1.4689447e-01
2.6841703e+01	-4.3203510e-02
2.6863512e+01	1.0127814e-01
2.6885321e+01	1.0676035e-01
2.6907130e+01	1.4085601e-01
2.6928939e+01	3.2619851e-01
2.6950748e+01	5.2498280e-01
2.6972557e+01	3.0129828e-01
2.6994366e+01	1.8972331e-01
2.7016175e+01	-1.9054243e-02
2.7037984e+01	-8.6677697e-02
2.7059793e+01	4.7953596e-03
2.7081602e+01	-4.8770572e-02
2.7103411e+01	-5.0585576e-02
2.7125220e+01	-9.4524179e-03
2.7147029e+01	8.0817968e-02
2.7168838e+01	4.4065427e-02
2.7190646e+01	-3.5660923e-02
2.7212455e+01	1.1640715e-01
2.7234264e+01	-7.9101859e-02
2.7256073e+01	2.2205181e-02
2.7277882e+01	-6.7600068e-02
2.7299691e+01	-9.0017859e-02
2.7321500e+01	6.7446384e-03
2.7343309e+01	6.7105699e-02
2.7365118e+01	2.6336165e-02
2.7386927e+01	6.4327091e-02
2.7408736e+01	-3.2220230e-02
2.7430545e+01	-2.5374345e-02
2.7452354e+01	-2.6413235e-02
2.7474163e+01	-2.3397521e-02
2.7495972e+01	-9.0701832e-02
2.7517781e+01	4.7246675e-02
2.7539590e+01	1.1676809e-01
2.7561398e+01	-1.3214939e-01
2.7583207e+01	-6.0603669e-02
2.7605016e+01	9.9547286e-02
2.7626825e+01	5.4573322e-03
2.7648634e+01	1.0067860e-01
2.7670443e+01	3.1999062e-01
2.7692252e+01	3.4872413e-01
2.7714061e+01	5.3504983e-01
2.7735870e+01	6.7052520e-01
2.7757679e+01	8.1601969e-01
2.7779488e+01	9.2679273e-01
2.7801297e+01	7.8930177e-01
2.7823106e+01	7.4752425e-01
2.7844915e+01	4.6543861e-01
2.7866724e+01	4.1879629e-01
2.7888533e+01	2.3327930e-01
2.7910341e+01	9.0891548e-02
2.7932150e+01	-7.8915110e-03
2.7953959e+01	-5.9227588e-02
2.7975768e+01	-1.5450616e-02
2.7997577e+01	3.3272427e-02
2.8019386e+01	-8.5483815e-02
2.8041195e+01	-7.3262706e-02
2.8063004e+01	-5.6363318e-02
2.8084813e+01	3.7734145e-02
2.8106622e+01	1.8559376e-03
2.8128431e+01	-8.1166725e-02
2.8150240e+01	7.7348598e-02
2.8172049e+01	7.3975721e-02
2.8193858e+01	-4.8441349e-02
2.8215667e+01	3.7972076e-02
2.8237476e+01	7.7223030e-02
2.8259284e+01	3.1529680e-02
2.8281093e+01	-1.1260478e-01
2.8302902e+01	-4.2480648e-02
2.8324711e+01	1.2445020e-01
2.8346520e+01	4.3361510e-02
2.8368329e+01	-1.3029244e-01
2.8390138e+01	-8.6951194e-02
2.8411947e+01	-3.3988266e-02
2.8433756e+01	5.3200045e-02
2.8455565e+01	4.3696942e-02
2.8477374e+01	1.2760707e-01
2.8499183e+01	3.8498527e-01
2.8520992e+01	6.3199089e-01
2.8542801e+01	6.9339151e-01
2.8564610e+01	6.7324770e-01
2.8586419e+01	5.9872805e-01
2.8608227e+01	5.5872012e-01
2.8630036e+01	2.6206850e-01
2.8651845e+01	5.5725736e-02
2.8673654e+01	-7.1690656e-03
2.8695463e+01	5.8812947e-02
2.8717272e+01	-1.6634565e-01
2.8739081e+01	-2.1387963e-02
2.8760890e+01	8.2778746e-02
2.8782699e+01	-3.3263295e-02
2.8804508e+01	-1.8400110e-02
2.8826317e+01	1.1236361e-01
2.8848126e+01	-2.1658909e-02
2.8869935e+01	-7.6313402e-02
2.8891744e+01	-1.3273108e-01
2.8913553e+01	-9.1935867e-03
2.8935362e+01	4.7576767e-02
2.8957170e+01	6.3201820e-02
2.8978979e+01	2.0104749e-02
2.9000788e+01	-2.7890327e-02
2.9022597e+01	3.6388442e-02
2.9044406e+01	-2.1905864e-02
2.9066215e+01	-6.5379010e-03
2.9088024e+01	9.4450429e-02
2.9109833e+01	-1.6112908e-01
2.9131642e+01	9.0339340e-02
2.9153451e+01	9.5306382e-02
2.9175260e+01	2.1688056e-02
2.9197069e+01	-1.1022896e-01
2.9218878e+01	5.3922241e-03
2.9240687e+01	4.8539736e-02
2.9262496e+01	-7.8801760e-02
2.9284305e+01	3.1493333e-02
2.9306113e+01	2.2521140e-02
2.9327922e+01	9.9975061e-03
2.9349731e+01	-2.7079116e-02
2.9371540e+01	-6.4110875e-02
2.9393349e+01	2.7160269e-02
2.9415158e+01	6.3916111e-02
2.9436967e+01	4.1956410e-02
2.9458776e+01	1.5221467e-03
2.9480585e+01	-4.7915467e-02
2.9502394e+01	-1.9070884e-02
2.9524203e+01	1.0867255e-02
2.9546012e+01	9.7165579e-02
2.9567821e+01	-8.1907798e-02
2.9589630e+01	1.3817995e-02
2.9611439e+01	5.8759904e-02
2.9633248e+01	-7.8103692e-02
2.9655057e+01	-1.7864138e-01
2.9676865e+01	2.8322493e-02
2.9698674e+01	2.2867030e-01
2.9720483e+01	3.6933794e-01
2.9742292e+01	6.6316047e-01
2.9764101e+01	7.7530044e-01
2.9785910e+01	5.0277239e-01
2.9807719e+01	4.7906986e-01
2.9829528e+01	4.1486127e-01
2.9851337e+01	1.0519179e-01
2.9873146e+01	-8.8840859e-02
2.9894955e+01	1.3619757e-01
2.9916764e+01	3.3996753e-01
2.9938573e+01	9.6121099e-01
2.9960382e+01	1.8695978e+00
2.9982191e+01	2.8390356e+00
3.0004000e+01	4.0211413e+00
3.0025808e+01	4.9723706e+00
3.0047617e+01	6.0734323e+00
3.0069426e+01	7.0475292e+00
3.0091235e+01	7.6169351e+00
3.0113044e+01	7.8376577e+00
3.0134853e+01	7.5523099e+00
3.0156662e+01	6.6299764e+00
3.0178471e+01	5.1905040e+00
3.0200280e+01	3.8140735e+00
3.0222089e+01	2.3253246e+00
3.0243898e+01	1.2131841e+00
3.0265707e+01	5.7657392e-01
3.0287516e+01	2.1729870e-01
3.0309325e+01	5.8922257e-02
3.0331134e+01	-3.0141032e-02
3.0352943e+01	5.5712071e-02
3.0374751e+01	-4.8288947e-02
3.0396560e+01	-4.5427397e-02
3.0418369e+01	-4.0510330e-02
3.0440178e+01	-3.2969338e-03
3.0461987e+01	-6.1755464e-02
3.0483796e+01	-1.5040941e-01
3.0505605e+01	1.0313797e-01
3.0527414e+01	1.4062703e-01
3.0549223e+01	-2.2150519e-02
3.0571032e+01	2.6772574e-02
3.0592841e+01	-2.0873538e-02
3.0614650e+01	-1.9761690e-01
3.0636459e+01	1.0295784e-02
3.0658268e+01	8.8053041e-02
3.0680077e+01	8.0939878e-02
3.0701886e+01	-3.4922187e-02
3.0723694e+01	-9.2921015e-02
3.0745503e+01	7.7757167e-02
3.0767312e+01	1.0412336e-01
3.0789121e+01	1.2430534e-01
3.0810930e+01	-2.5069551e-03
3.0832739e+01	-5.8178000e-02
3.0854548e+01	3.9452189e-02
3.0876357e+01	-6.3256444e-02
3.0898166e+01	2.3695034e-03
3.0919975e+01	-4.7632293e-02
3.0941784e+01	3.0164972e-02
3.0963593e+01	3.4064478e-02
3.0985402e+01	1.1101200e-01
3.1007211e+01	-4.1283808e-02
3.1029020e+01	-1.6734661e-01
3.1050829e+01	6.4377687e-02
3.1072637e+01	-3.0954651e-02
3.1094446e+01	4.8519210e-02
3.1116255e+01	-6.7704520e-02
3.1138064e+01	-1.3475304e-01
3.1159873e+01	-1.5551985e-02
3.1181682e+01	6.7497740e-02
3.1203491e+01	6.0962231e-02
3.1225300e+01	7.6075440e-02
3.1247109e+01	2.7233675e-01
3.1268918e+01	5.3306785e-03
3.1290727e+01	1.9141111e-02
3.1312536e+01	1.5843355e-01
3.1334345e+01	2.2617820e-01
3.1356154e+01	6.5591528e-02
3.1377963e+01	-1.8244672e-01
3.1399772e+01	-1.4010270e-01
3.1421580e+01	-1.2184301e-01
3.1443389e+01	-6.7700226e-02
3.1465198e+01	1.3428348e-01
3.1487007e+01	-1.8637656e-02
3.1508816e+01	5.2142902e-02
3.1530625e+01	3.6023053e-01
3.1552434e+01	2.1931834e-01
3.1574243e+01	6.6070874e-01
3.1596052e+01	6.3285919e-01
3.1617861e+01	4.4431916e-01
3.1639670e+01	1.1830312e-01
3.1661479e+01	1.4501650e-02
3.1683288e+01	-1.0624254e-03
3.1705097e+01	-1.4107755e-01
3.1726906e+01	1.1686019e-01
3.1748715e+01	5.1317727e-01
3.1770524e+01	1.2296904e+00
3.1792332e+01	2.3071170e+00
3.1814141e+01	3.3549329e+00
3.1835950e+01	4.2591395e+00
3.1857759e+01	5.3970135e+00
3.1879568e+01	6.2149834e+00
3.1901377e+01	7.1235899e+00
3.1923186e+01	7.8464355e+00
3.1944995e+01	7.8831517e+00
3.1966804e+01	7.4256863e+00
3.1988613e+01	6.5293778e+00
3.2010422e+01	5.1963847e+00
3.2032231e+01	3.8651756e+00
3.2054040e+01	2.5464022e+00
3.2075849e+01	1.5111680e+00
3.2097658e+01	1.0320737e+00
3.2119467e+01	5.5281070e-01
3.2141275e+01	3.8649773e-01
3.2163084e+01	3.0449330e-01
3.2184893e+01	2.3374563e-02
3.2206702e+01	-2.8960660e-02
3.2228511e+01	-7.7840214e-02
3.2250320e+01	8.9800958e-02
3.2272129e+01	9.5151390e-02
3.2293938e+01	-6.7020827e-02
3.2315747e+01	-8.9693728e-02
3.2337556e+01	4.8181423e-02
3.2359365e+01	-4.2649967e-03
3.2381174e+01	-9.9874001e-02
3.2402983e+01	7.3231399e-02
3.2424792e+01	-8.9443789e-02
3.2446601e+01	-3.0350860e-02
3.2468410e+01	2.6684198e-02
3.2490218e+01	5.6675649e-02
3.2512027e+01	2.2112472e-02
3.2533836e+01	4.5398750e-02
3.2555645e+01	-1.1409283e-02
3.2577454e+01	1.8840938e-03
3.2599263e+01	-5.3071428e-02
3.2621072e+01	1.6411413e-01
3.2642881e+01	1.3241460e-02
3.2664690e+01	2.6111794e-02
3.2686499e+01	-1.3213040e-02
3.2708308e+01	-4.5693548e-02
3.2730117e+01	4.2196830e-02
3.2751926e+01	-1.1893361e-01
3.2773735e+01	-8.5128217e-02
3.2795544e+01	5.0659034e-02
3.2817353e+01	1.0753362e-01
3.2839161e+01	-2.4156066e-02
3.2860970e+01	6.1320683e-02
3.2882779e+01	5.0424319e-02
3.2904588e+01	-3.0743744e-02
3.2926397e+01	-1.2088053e-01
3.2948206e+01	3.7253296e-02
3.2970015e+01	-7.4726668e-02
3.2991824e+01	1.4095398e-01
3.3013633e+01	3.4104315e-02
3.3035442e+01	5.0059935e-03
3.3057251e+01	-8.8976780e-02
3.3079060e+01	-1.1534340e-01
3.3100869e+01	9.8764952e-03
3.3122678e+01	9.8559947e-02
3.3144487e+01	4.4262435e-02
3.3166296e+01	1.0746540e-01
3.3188104e+01	-1.2450068e-02
3.3209913e+01	-1.2621898e-01
3.3231722e+01	-6.3178730e-02
3.3253531e+01	5.1173563e-02
3.3275340e+01	2.3604439e-02
3.3297149e+01	7.7016510e-03
3.3318958e+01	9.9535658e-02
3.3340767e+01	-2.0992340e-02
3.3362576e+01	-2.1710615e-02
3.3384385e+01	3.4286779e-04
3.3406194e+01	-8.9465607e-02
3.3428003e+01	-9.0600169e-02
3.3449812e+01	2.6145087e-02
3.3471621e+01	2.3249929e-02
3.3493430e+01	-3.0787310e-02
3.3515239e+01	1.7269416e-01
3.3537047e+01	5.4110594e-01
3.3558856e+01	5.9421249e-01
3.3580665e+01	6.8061527e-01
3.3602474e+01	7.4720073e-01
3.3624283e+01	8.5196831e-01
3.3646092e+01	9.8254345e-01
3.3667901e+01	8.9984460e-01
3.3689710e+01	8.2153221e-01
3.3711519e+01	6.2322771e-01
3.3733328e+01	4.6075556e-01
3.3755137e+01	2.6621219e-01
3.3776946e+01	2.1528559e-02
3.3798755e+01	9.6867591e-02
3.3820564e+01	-2.4587253e-02
3.3842373e+01	9.1559242e-02
3.3864182e+01	9.7564195e-03
3.3885991e+01	-8.0191401e-02
3.3907799e+01	-9.7793488e-02
3.3929608e+01	-3.4764251e-02
3.3951417e+01	1.4698562e-02
3.3973226e+01	-6.9496426e-02
3.3995035e+01	2.7586592e-02
3.4016844e+01	-4.8908274e-02
3.4038653e+01	3.9791945e-02
3.4060462e+01	1.7442131e-02
3.4082271e+01	1.7209461e-02
3.4104080e+01	1.9514196e-02
3.4125889e+01	3.6201404e-02
3.4147698e+01	2.2748475e-02
3.4169507e+01	4.0746225e-02
3.4191316e+01	5.4129547e-02
3.4213125e+01	-9.8406719e-02
3.4234934e+01	-5.9522387e-02
3.4256742e+01	-6.9095168e-02
3.4278551e+01	2.1180052e-03
3.4300360e+01	4.7211129e-02
3.4322169e+01	1.0458570e-01
3.4343978e+01	5.4647485e-02
3.4365787e+01	-7.1922805e-02
3.4387596e+01	-4.2965870e-02
3.4409405e+01	-5.3341214e-02
3.4431214e+01	1.1796456e-02
3.4453023e+01	-4.4839864e-02
3.4474832e+01	4.1804423e-02
3.4496641e+01	-2.3503810e-02
3.4518450e+01	2.9123529e-02
3.4540259e+01	4.1301546e-02
3.4562068e+01	-1.0606626e-02
3.4583877e+01	1.1756387e-01
3.4605685e+01	4.9193119e-02
3.4627494e+01	-9.6900530e-02
3.4649303e+01	-1.1550091e-02
3.4671112e+01	2.5548315e-02
3.4692921e+01	-3.3333771e-02
3.4714730e+01	-2.4858482e-02
3.4736539e+01	2.2229732e-02
3.4758348e+01	-1.5661941e-01
3.4780157e+01	-8.7777926e-02
3.4801966e+01	1.7864800e-02
3.4823775e+01	1.1172415e-01
3.4845584e+01	1.0671957e-01
3.4867393e+01	1.1691002e-01
3.4889202e+01	-2.0417336e-02
3.4911011e+01	3.1840959e-02
3.4932820e+01	-4.1777496e-02
3.4954628e+01	-7.8634866e-02
3.4976437e+01	1.6562866e-02
3.4998246e+01	6.6287679e-02
3.5020055e+01	-2.9286173e-02
3.5041864e+01	-7.3758398e-02
3.5063673e+01	-5.5868947e-02
3.5085482e+01	1.0040262e-01
3.5107291e+01	1.1784727e-02
3.5129100e+01	-1.3080048e-03
3.5150909e+01	2.8824048e-02
3.5172718e+01	-2.6280951e-02
3.5194527e+01	-1.1932690e-01
3.5216336e+01	-1.8661214e-01
3.5238145e+01	9.5397520e-02
3.5259954e+01	5.4850641e-02
3.5281763e+01	1.2909000e-01
3.5303571e+01	1.0479440e-01
3.5325380e+01	-4.4834231e-02
3.5347189e+01	5.0025956e-02
3.5368998e+01	5.0443904e-02
3.5390807e+01	3.0756078e-02
3.5412616e+01	-1.6463129e-02
3.5434425e+01	-2.6369255e-02
3.5456234e+01	-1.8107447e-01
3.5478043e+01	-6.5452421e-02
3.5499852e+01	-2.2169469e-03
3.5521661e+01	-6.8634076e-03
3.5543470e+01	6.5636645e-02
3.5565279e+01	-2.7225803e-02
3.5587088e+01	-4.4429128e-02
3.5608897e+01	-1.2518633e-02
3.5630706e+01	5.8069959e-02
3.5652514e+01	1.0874386e-01
3.5674323e+01	9.6745478e-02
3.5696132e+01	8.9714935e-02
3.5717941e+01	3.5598304e-02
3.5739750e+01	-4.5558334e-02
3.5761559e+01	-1.9005601e-02
3.5783368e+01	-7.4893893e-02
3.5805177e+01	-1.2422351e-01
3.5826986e+01	6.9587486e-02
3.5848795e+01	4.8182775e-02
3.5870604e+01	1.0062709e-03
3.5892413e+01	6.3601468e-02
3.5914222e+01	1.2923837e-01
3.5936031e+01	-7.6196779e-02
3.5957840e+01	-2.1457736e-01
3.5979649e+01	-6.2785080e-02
3.6001458e+01	4.2936694e-01
3.6023266e+01	7.2827114e-01
3.6045075e+01	8.8806943e-01
3.6066884e+01	9.0054076e-01
3.6088693e+01	8.3941606e-01
3.6110502e+01	8.6417326e-01
3.6132311e+01	8.9406628e-01
3.6154120e+01	7.2320907e-01
3.6175929e+01	5.5163754e-01
3.6197738e+01	4.2093065e-01
3.6219547e+01	3.6064128e-01
3.6241356e+01	2.0906827e-01
3.6263165e+01	1.4340307e-01
3.6284974e+01	1.2378238e-01
3.6306783e+01	-1.1269729e-01
3.6328592e+01	-2.1664092e-01
3.6350401e+01	-8.8113998e-02
3.6372209e+01	5.5245337e-02
3.6394018e+01	1.1449094e-01
3.6415827e+01	5.6861864e-02
3.6437636e+01	6.1125885e-02
3.6459445e+01	-1.8930996e-03
3.6481254e+01	1.2050906e-01
3.6503063e+01	2.7118054e-01
3.6524872e+01	-2.8271277e-02
3.6546681e+01	2.3279904e-02
3.6568490e+01	-1.4805670e-01
3.6590299e+01	-1.1736640e-01
3.6612108e+01	6.4336871e-03
3.6633917e+01	3.5739577e-02
3.6655726e+01	9.1346205e-02
3.6677535e+01	3.3270314e-01
3.6699344e+01	5.3010286e-01
3.6721152e+01	9.7505793e-01
3.6742961e+01	1.4300109e+00
3.6764770e+01	1.7671662e+00
3.6786579e+01	1.7906124e+00
3.6808388e+01	2.2698861e+00
3.6830197e+01	2.6043727e+00
3.6852006e+01	3.1035067e+00
3.6873815e+01	3.1294578e+00
3.6895624e+01	2.9707883e+00
3.6917433e+01	2.9201929e+00
3.6939242e+01	2.5642330e+00
3.6961051e+01	2.2567752e+00
3.6982860e+01	1.9045690e+00
3.7004669e+01	1.7152858e+00
3.7026478e+01	1.4448783e+00
3.7048287e+01	1.2890580e+00
3.7070095e+01	1.2062623e+00
3.7091904e+01	4.6667573e-01
3.7113713e+01	-1.6047090e-02
3.7135522e+01	1.0877890e-01
3.7157331e+01	6.8340321e-02
3.7179140e+01	-7.3952960e-03
3.7200949e+01	-8.0131078e-02
3.7222758e+01	-1.2539190e-01
3.7244567e+01	-3.8582787e-02
3.7266376e+01	1.1591491e-01
3.7288185e+01	2.2384496e-02
3.7309994e+01	-1.9896717e-02
3.7331803e+01	-3.4645297e-02
3.7353612e+01	-7.4912016e-02
3.7375421e+01	-1.4098237e-02
3.7397230e+01	-6.8470471e-02
3.7419038e+01	7.4692333e-02
3.7440847e+01	9.0306327e-02
3.7462656e+01	6.7655926e-01
3.7484465e+01	9.5469614e-01
3.7506274e+01	6.9853001e-01
3.7528083e+01	5.5412986e-01
3.7549892e+01	3.1998873e-01
3.7571701e+01	7.3268601e-02
3.7593510e+01	1.3868484e-02
3.7615319e+01	7.8923999e-02
3.7637128e+01	-4.0055471e-02
3.7658937e+01	4.2609259e-03
3.7680746e+01	-1.5064019e-01
3.7702555e+01	-1.2661801e-01
3.7724364e+01	-8.7203958e-03
3.7746173e+01	7.0017315e-02
3.7767981e+01	-4.2520806e-02
3.7789790e+01	4.7386667e-02
3.7811599e+01	1.5806912e-01
3.7833408e+01	3.4530121e-01
3.7855217e+01	4.4243545e-01
3.7877026e+01	5.6285924e-01
3.7898835e+01	3.1241201e-01
3.7920644e+01	4.6690515e-01
3.7942453e+01	3.9098643e-01
3.7964262e+01	5.2973317e-01
3.7986071e+01	4.4793194e-01
3.8007880e+01	1.2556227e-01
3.8029689e+01	1.2018388e-01
3.8051498e+01	-8.3352296e-02
3.8073307e+01	-1.5083825e-01
3.8095116e+01	-1.1888774e-01
3.8116925e+01	1.6705435e-01
3.8138733e+01	3.2814002e-01
3.8160542e+01	5.6500171e-01
3.8182351e+01	8.1055086e-01
3.8204160e+01	1.2589209e+00
3.8225969e+01	1.6623254e+00
3.8247778e+01	2.0487987e+00
3.8269587e+01	2.5887383e+00
3.8291396e+01	3.1030806e+00
3.8313205e+01	3.3806631e+00
3.8335014e+01	3.7132852e+00
3.8356823e+01	4.1342674e+00
3.8378632e+01	3.8926252e+00
3.8400441e+01	3.5001910e+00
3.8422250e+01	3.1116322e+00
3.8444059e+01	2.8742394e+00
3.8465868e+01	2.3136809e+00
3.8487676e+01	1.7927602e+00
3.8509485e+01	1.3950457e+00
3.8531294e+01	8.3668702e-01
3.8553103e+01	6.3133347e-01
3.8574912e+01	4.8521754e-01
3.8596721e+01	3.0720069e-01
3.8618530e+01	4.9530155e-02
3.8640339e+01	-6.0553963e-02
3.8662148e+01	5.7596317e-02
3.8683957e+01	-1.0056857e-02
3.8705766e+01	1.6978172e-02
3.8727575e+01	2.4912977e-02
3.8749384e+01	-3.5428387e-02
3.8771193e+01	-3.2468512e-02
3.8793002e+01	6.7702528e-02
3.8814811e+01	-3.3423504e-02
3.8836619e+01	3.3734920e-03
3.8858428e+01	9.9132932e-03
3.8880237e+01	-9.7809602e-02
3.8902046e+01	8.6770503e-02
3.8923855e+01	-9.9504495e-02
3.8945664e+01	6.5090858e-02
3.8967473e+01	2.2985472e-01
3.8989282e+01	-3.7322814e-02
3.9011091e+01	1.6218574e-02
3.9032900e+01	2.5196871e-02
3.9054709e+01	-5.9125233e-02
3.9076518e+01	-2.4326085e-02
3.9098327e+01	7.6115039e-03
3.9120136e+01	1.0201215e-01
3.9141945e+01	-3.5932812e-02
3.9163754e+01	1.7309243e-01
3.9185562e+01	-3.1055984e-02
3.9207371e+01	-1.1645551e-01
3.9229180e+01	-2.5766844e-02
3.9250989e+01	-4.0283892e-02
3.9272798e+01	1.8931387e-01
3.9294607e+01	1.9651361e-02
3.9316416e+01	-5.6635763e-02
3.9338225e+01	4.1434934e-02
3.9360034e+01	1.1546425e-02
3.9381843e+01	2.5100003e-01
3.9403652e+01	3.1919952e-03
3.9425461e+01	-8.6295808e-02
3.9447270e+01	8.2754270e-02
3.9469079e+01	-5.1287614e-03
3.9490888e+01	2.2132582e-02
3.9512697e+01	2.1893552e-02
3.9534505e+01	-1.0209311e-01
3.9556314e+01	6.1548756e-02
3.9578123e+01	2.9018030e-01
3.9599932e+01	5.5888234e-01
3.9621741e+01	8.3793792e-01
3.9643550e+01	9.2874201e-01
3.9665359e+01	1.1072736e+00
3.9687168e+01	1.4777558e+00
3.9708977e+01	1.7291465e+00
3.9730786e+01	2.0414537e+00
3.9752595e+01	2.3028904e+00
3.9774404e+01	2.5173127e+00
3.9796213e+01	2.6727485e+00
3.9818022e+01	3.1739599e+00
3.9839831e+01	3.0887968e+00
3.9861640e+01	2.9135622e+00
3.9883449e+01	2.6372092e+00
3.9905257e+01	1.9005127e+00
3.9927066e+01	1.5741667e+00
3.9948875e+01	1.1129263e+00
3.9970684e+01	1.0214025e+00
3.9992493e+01	6.6110317e-01
4.0014302e+01	2.0904042e-01
4.0036111e+01	7.3415209e-02
4.0057920e+01	-9.7388583e-02
4.0079729e+01	3.2059690e-03
4.0101538e+01	-1.0913404e-01
4.0123347e+01	-1.3183823e-01
4.0145156e+01	1.1897650e-01
4.0166965e+01	2.0125782e-01
4.0188774e+01	9.0072735e-02
4.0210583e+01	2.5156292e-03
4.0232392e+01	-6.1260216e-02
4.0254200e+01	1.3502754e-02
4.0276009e+01	-4.3851925e-03
4.0297818e+01	2.3322012e-01
4.0319627e+01	-2.3800125e-02
4.0341436e+01	-5.2032053e-02
4.0363245e+01	5.8205102e-02
4.0385054e+01	1.6416116e-01
4.0406863e+01	2.2068784e-01
4.0428672e+01	-5.2089937e-02
4.0450481e+01	-1.9430982e-01
4.0472290e+01	-1.3814461e-02
4.0494099e+01	1.4723545e-01
4.0515908e+01	-6.5882646e-02
4.0537717e+01	-1.2856534e-01
4.0559526e+01	3.9602619e-02
4.0581335e+01	1.1734493e-01
4.0603143e+01	-5.5558184e-02
4.0624952e+01	9.7507783e-02
4.0646761e+01	1.0247495e-01
4.0668570e+01	-9.7353895e-02
4.0690379e+01	6.0862841e-02
4.0712188e+01	-3.6305241e-02
4.0733997e+01	4.3537058e-02
4.0755806e+01	1.4758683e-02
4.0777615e+01	-2.3680003e-02
4.0799424e+01	6.6051546e-02
4.0821233e+01	7.0848765e-02
4.0843042e+01	-1.7827440e-01
4.0864851e+01	-1.5403923e-01
4.0886660e+01	1.4720946e-01
4.0908469e+01	5.0619148e-01
4.0930278e+01	5.7094400e-01
4.0952086e+01	3.9516110e-01
4.0973895e+01	3.6440582e-01
4.0995704e+01	5.2644746e-01
4.1017513e+01	5.0920968e-01
4.1039322e+01	4.4192509e-01
4.1061131e+01	2.2279320e-01
4.1082940e+01	-1.9789842e-01
4.1104749e+01	-3.1018419e-02
4.1126558e+01	1.5060314e-01
4.1148367e+01	7.4453722e-02
4.1170176e+01	-9.2722743e-03
4.1191985e+01	1.0630554e-01
4.1213794e+01	7.1298316e-02
4.1235603e+01	-8.8994807e-02
4.1257412e+01	7.3917043e-02
4.1279221e+01	6.7948086e-02
4.1301029e+01	1.6677033e-02
4.1322838e+01	-1.3100736e-02
4.1344647e+01	-2.2674136e-01
4.1366456e+01	-5.7110652e-02
4.1388265e+01	-5.7822379e-02
4.1410074e+01	1.0104706e-01
4.1431883e+01	2.7947382e-02
4.1453692e+01	3.3441056e-02
4.1475501e+01	1.4186549e-01
4.1497310e+01	4.6364520e-02
4.1519119e+01	-1.8372792e-01
4.1540928e+01	-2.7409966e-02
4.1562737e+01	3.3721488e-02
4.1584546e+01	-3.6974232e-02
4.1606355e+01	1.0550938e-01
4.1628164e+01	9.9388855e-02
4.1649972e+01	-5.9386465e-02
4.1671781e+01	-4.1057488e-01
4.1693590e+01	6.6829557e-02
4.1715399e+01	1.4945063e-01
4.1737208e+01	2.5025305e-01
4.1759017e+01	9.7629862e-02
4.1780826e+01	9.7221063e-02
4.1802635e+01	8.8762157e-03
4.1824444e+01	-4.9105692e-02
4.1846253e+01	-3.0007991e-02
4.1868062e+01	1.6949148e-01
4.1889871e+01	1.8269369e-01
4.1911680e+01	3.3999172e-01
4.1933489e+01	2.6834200e-02
4.1955298e+01	-1.3409336e-01
4.1977107e+01	-2.5971716e-02
4.1998916e+01	8.5772134e-02
4.2020724e+01	-1.0412548e-02
4.2042533e+01	-1.1077386e-01
4.2064342e+01	-9.9360154e-02
4.2086151e+01	5.9473623e-02
4.2107960e+01	1.1783539e-01
4.2129769e+01	2.9758520e-01
4.2151578e+01	-8.3620580e-02
4.2173387e+01	8.2839069e-03
4.2195196e+01	-1.3893307e-02
4.2217005e+01	-9.2139813e-02
4.2238814e+01	1.3309853e-01
4.2260623e+01	1.0671105e-01
4.2282432e+01	-2.1335009e-01
4.2304241e+01	1.0119676e-02
4.2326050e+01	1.2456358e-01
4.2347859e+01	-2.3894801e-02
4.2369667e+01	-1.9228628e-03
4.2391476e+01	5.4664504e-01
4.2413285e+01	7.0464158e-01
4.2435094e+01	1.0554284e+00
4.2456903e+01	1.1248261e+00
4.2478712e+01	1.3933714e+00
4.2500521e+01	1.8083649e+00
4.2522330e+01	2.1573662e+00
4.2544139e+01	2.4604470e+00
4.2565948e+01	3.0125228e+00
4.2587757e+01	2.7254575e+00
4.2609566e+01	2.5047245e+00
4.2631375e+01	2.2613746e+00
4.2653184e+01	2.1699883e+00
4.2674993e+01	1.9628003e+00
4.2696802e+01	1.2710023e+00
4.2718610e+01	7.5051392e-01
4.2740419e+01	7.5679173e-01
4.2762228e+01	2.2842340e-01
4.2784037e+01	1.0381658e-01
4.2805846e+01	-9.2217434e-02
4.2827655e+01	8.5235554e-02
4.2849464e+01	-1.4585647e-01
4.2871273e+01	-6.2844164e-02
4.2893082e+01	1.2773868e-01
4.2914891e+01	1.4886978e-01
4.2936700e+01	4.1194933e-01
4.2958509e+01	2.0957744e-01
4.2980318e+01	-6.5360446e-02
4.3002127e+01	1.1082339e-01
4.3023936e+01	-1.3196691e-01
4.3045745e+01	-4.5939162e-02
4.3067553e+01	2.5995167e-01
4.3089362e+01	-5.5114474e-03
4.3111171e+01	-1.6394517e-02
4.3132980e+01	5.5803984e-02
4.3154789e+01	-2.1263735e-01
4.3176598e+01	-2.2927688e-02
4.3198407e+01	1.0866684e-02
4.3220216e+01	-2.2066944e-03
4.3242025e+01	5.4780222e-02
4.3263834e+01	1.2361794e-01
4.3285643e+01	3.2336426e-01
4.3307452e+01	3.8484330e-01
4.3329261e+01	3.4380761e-01
4.3351070e+01	-6.0203076e-02
4.3372879e+01	5.5982551e-02
4.3394688e+01	4.3880027e-01
4.3416496e+01	3.4459032e-01
4.3438305e+01	4.1879487e-01
4.3460114e+01	3.6287238e-01
4.3481923e+01	-1.3408300e-03
4.3503732e+01	-1.3512880e-01
4.3525541e+01	1.4512906e-01
4.3547350e+01	2.6317460e-01
4.3569159e+01	1.4646326e-01
4.3590968e+01	7.9374005e-02
4.3612777e+01	-2.0455274e-01
4.3634586e+01	5.7631023e-01
4.3656395e+01	8.7990256e-01
4.3678204e+01	1.5341989e+00
4.3700013e+01	1.8640538e+00
4.3721822e+01	2.6761879e+00
4.3743631e+01	3.3755219e+00
4.3765439e+01	4.6477243e+00
4.3787248e+01	4.8216698e+00
4.3809057e+01	5.1942531e+00
4.3830866e+01	5.8066887e+00
4.3852675e+01	6.3029863e+00
4.3874484e+01	7.0901534e+00
4.3896293e+01	6.6675708e+00
4.3918102e+01	5.9675760e+00
4.3939911e+01	5.0593897e+00
4.3961720e+01	4.2622935e+00
4.3983529e+01	3.1452490e+00
4.4005338e+01	2.0579668e+00
4.4027147e+01	1.2930265e+00
4.4048956e+01	4.4457291e-01
4.4070765e+01	8.1956471e-02
4.4092574e+01	-8.7324009e-02
4.4114383e+01	-2.1278567e-02
4.4136191e+01	9.5651403e-02
4.4158000e+01	-2.3086646e-02
4.4179809e+01	7.4260076e-02
4.4201618e+01	5.6062471e-02
4.4223427e+01	-6.2925653e-02
4.4245236e+01	5.8349385e-02
4.4267045e+01	1.1949151e-01
4.4288854e+01	-1.4317713e-01
4.4310663e+01	5.9808932e-03
4.4332472e+01	4.9798858e-01
4.4354281e+01	3.4943587e-01
4.4376090e+01	-3.4387340e-01
4.4397899e+01	-3.5091116e-02
4.4419708e+01	1.2598631e-01
4.4441517e+01	3.7590974e-01
4.4463326e+01	9.4669245e-02
4.4485134e+01	-1.0706731e-01
4.4506943e+01	3.7304500e-01
4.4528752e+01	2.6592912e-02
4.4550561e+01	2.0851198e-01
4.4572370e+01	4.2245153e-01
4.4594179e+01	1.2129015e-01
4.4615988e+01	9.6207567e-02
4.4637797e+01	6.2660151e-01
4.4659606e+01	7.3258170e-02
4.4681415e+01	5.5539275e-01
4.4703224e+01	8.2512733e-01
4.4725033e+01	4.6589799e-01
4.4746842e+01	3.6827378e-01
4.4768651e+01	-2.7763467e-04
4.4790460e+01	-1.5219559e-01
4.4812269e+01	2.9140835e-02
4.4834077e+01	3.7541272e-01
4.4855886e+01	-1.1961441e-01
4.4877695e+01	-1.9161941e-01
4.4899504e+01	-3.7279044e-02
4.4921313e+01	1.4794920e-01
4.4943122e+01	5.6330075e-02
4.4964931e+01	1.3901967e-01
4.4986740e+01	2.8574437e-01