Image file: \\Gfs05\g45\SAXS\2020_12\HDF5\2020-12.10_Kevin_day2_SN\2020-12-10_Max_Cu123_SN_000017_data_000107.h5
ImageIntegration1d_chi_output; Output_Directory= \\Gfs05\g45\SAXS\2020_12\Processed\2020-12-09_Kevin_day1_SN\Chi-Sample-7
Profile = Radial, StartAzimuth = 0.0, EndAzimuth = 360.0, Sam_Det_distance = 250.818474293, InnerRadius = 15.0, OuterRadius = 2400.0, Lambda = 30, Ratio = 0.001, Itermax = 100
2400
2.0013229e+00	2.9659620e-03
2.0231319e+00	-5.4987320e-02
2.0449408e+00	6.5725992e-02
2.0667497e+00	-3.0420073e-02
2.0885587e+00	-6.1657624e-02
2.1103676e+00	1.0242354e-01
2.1321765e+00	2.5342823e-01
2.1539855e+00	1.5223479e-02
2.1757944e+00	5.7914444e-03
2.1976034e+00	1.6460868e-03
2.2194123e+00	-1.0339454e-01
2.2412212e+00	-2.8184351e-02
2.2630302e+00	-1.3854126e-02
2.2848391e+00	1.1268815e-01
2.3066480e+00	7.7041689e-02
2.3284570e+00	-6.9701135e-02
2.3502659e+00	5.0494658e-02
2.3720749e+00	-6.3278625e-03
2.3938838e+00	-4.7595171e-02
2.4156927e+00	-4.0180055e-02
2.4375017e+00	-4.6854218e-02
2.4593106e+00	-1.1288549e-01
2.4811196e+00	1.0254968e-01
2.5029285e+00	2.5148585e-02
2.5247374e+00	1.9086142e-01
2.5465464e+00	8.8580384e-03
2.5683553e+00	2.7366665e-02
2.5901642e+00	-6.4763160e-02
2.6119732e+00	8.3381371e-02
2.6337821e+00	2.4031653e-01
2.6555911e+00	-2.5915412e-02
2.6774000e+00	-1.0601533e-01
2.6992089e+00	-3.2615785e-02
2.7210179e+00	4.1520421e-02
2.7428268e+00	3.3613170e-02
2.7646358e+00	4.5279308e-01
2.7864447e+00	6.2323067e-01
2.8082536e+00	2.6659146e-01
2.8300626e+00	-1.6340617e-03
2.8518715e+00	-2.6518546e-02
2.8736804e+00	-1.0399125e-01
2.8954894e+00	-1.1053399e-01
2.9172983e+00	9.9843692e-02
2.9391073e+00	1.7409060e-01
2.9609162e+00	4.2602425e-02
2.9827251e+00	6.8559940e-02
3.0045341e+00	-4.7623843e-02
3.0263430e+00	4.8467234e-02
3.0481519e+00	8.7522368e-02
3.0699609e+00	-6.2113761e-02
3.0917698e+00	-1.3635431e-01
3.1135788e+00	-4.3532288e-02
3.1353877e+00	-4.8951632e-02
3.1571966e+00	-4.8651637e-02
3.1790056e+00	1.2667271e-01
3.2008145e+00	1.5390673e-01
3.2226235e+00	7.9666691e-02
3.2444324e+00	-8.7646391e-02
3.2662413e+00	-1.2305187e-01
3.2880503e+00	-4.3176728e-02
3.3098592e+00	1.1571869e-01
3.3316681e+00	6.0256834e-02
3.3534771e+00	2.3690847e-02
3.3752860e+00	2.7491924e-02
3.3970950e+00	-7.9867859e-03
3.4189039e+00	-1.7737201e-01
3.4407128e+00	-1.2413953e-01
3.4625218e+00	5.1749236e-02
3.4843307e+00	1.0214781e-01
3.5061396e+00	1.5340836e-01
3.5279486e+00	-8.4119696e-02
3.5497575e+00	-3.0097282e-02
3.5715665e+00	1.1872749e-01
3.5933754e+00	6.0085245e-02
3.6151843e+00	-2.4327245e-02
3.6369933e+00	4.7663343e-03
3.6588022e+00	-2.4314285e-02
3.6806112e+00	-2.0014976e-02
3.7024201e+00	-9.9527632e-02
3.7242290e+00	2.3851550e-02
3.7460380e+00	2.5959282e-01
3.7678469e+00	3.8048065e-02
3.7896558e+00	-4.5590358e-02
3.8114648e+00	3.0432734e-02
3.8332737e+00	-7.3056238e-02
3.8550827e+00	-3.6829944e-02
3.8768916e+00	3.1336887e-02
3.8987005e+00	1.0292872e-01
3.9205095e+00	-1.6925956e-02
3.9423184e+00	1.2297681e-02
3.9641273e+00	-1.9778806e-02
3.9859363e+00	-1.2814986e-01
4.0077452e+00	8.9076911e-02
4.0295542e+00	3.5924478e-02
4.0513631e+00	3.4929009e-02
4.0731720e+00	1.6423540e-01
4.0949810e+00	1.2273053e-02
4.1167899e+00	-8.8698049e-02
4.1385989e+00	-8.0839122e-02
4.1604078e+00	1.1877404e-01
4.1822167e+00	2.0775059e-02
4.2040257e+00	-2.0515818e-01
4.2258346e+00	-9.6433196e-02
4.2476435e+00	3.3350082e-02
4.2694525e+00	1.1498702e-01
4.2912614e+00	2.6743586e-02
4.3130704e+00	1.4311537e-01
4.3348793e+00	-3.7959119e-02
4.3566882e+00	-1.3254459e-01
4.3784972e+00	5.6985099e-02
4.4003061e+00	-2.6402819e-02
4.4221151e+00	8.2923123e-02
4.4439240e+00	8.2065990e-02
4.4657329e+00	-4.2235441e-02
4.4875419e+00	2.9749507e-03
4.5093508e+00	-4.0577320e-02
4.5311597e+00	-7.1380745e-02
4.5529687e+00	-7.1575696e-02
4.5747776e+00	-5.5273462e-02
4.5965866e+00	1.4377726e-01
4.6183955e+00	2.3450185e-01
4.6402044e+00	-1.0011213e-02
4.6620134e+00	9.3875304e-03
4.6838223e+00	1.5129589e-01
4.7056312e+00	1.4025392e-02
4.7274402e+00	1.1410329e-02
4.7492491e+00	1.2826588e-02
4.7710581e+00	-1.1851146e-01
4.7928670e+00	-1.5402902e-01
4.8146759e+00	1.8118998e-02
4.8364849e+00	1.8256295e-01
4.8582938e+00	1.0301690e-01
4.8801028e+00	-4.3791209e-02
4.9019117e+00	-1.9424586e-03
4.9237206e+00	1.6650348e-02
4.9455296e+00	2.0381106e-01
4.9673385e+00	-1.1182702e-01
4.9891474e+00	-1.0967594e-01
5.0109564e+00	2.7740771e-02
5.0327653e+00	-8.9899703e-02
5.0545743e+00	6.5208732e-02
5.0763832e+00	1.7777965e-01
5.0981921e+00	1.0479168e-01
5.1200011e+00	-5.1101978e-02
5.1418100e+00	-1.9194967e-03
5.1636189e+00	1.7169707e-03
5.1854279e+00	4.6399161e-02
5.2072368e+00	-1.7805331e-02
5.2290458e+00	-6.6145935e-02
5.2508547e+00	-3.5760223e-03
5.2726636e+00	-2.7477404e-02
5.2944726e+00	1.1866216e-01
5.3162815e+00	8.7913192e-03
5.3380905e+00	-1.8803692e-01
5.3598994e+00	1.3139988e-02
5.3817083e+00	1.6358746e-01
5.4035173e+00	1.0063933e-02
5.4253262e+00	-3.2506201e-02
5.4471351e+00	-4.3247325e-02
5.4689441e+00	4.0729228e-02
5.4907530e+00	-1.8300745e-02
5.5125620e+00	-5.4104746e-02
5.5343709e+00	7.7306292e-02
5.5561798e+00	4.4435436e-03
5.5779888e+00	1.1646069e-01
5.5997977e+00	1.1152535e-02
5.6216066e+00	6.0457262e-03
5.6434156e+00	-6.1322050e-02
5.6652245e+00	-1.1067327e-01
5.6870335e+00	-8.5800663e-02
5.7088424e+00	8.5015029e-02
5.7306513e+00	2.6530690e-01
5.7524603e+00	2.4217663e-01
5.7742692e+00	1.1625129e-01
5.7960782e+00	-3.3717072e-02
5.8178871e+00	-7.3590662e-02
5.8396960e+00	-5.4422265e-02
5.8615050e+00	-3.3577903e-02
5.8833139e+00	1.7951100e-02
5.9051228e+00	3.5180194e-02
5.9269318e+00	1.3040610e-01
5.9487407e+00	5.8210772e-02
5.9705497e+00	-6.4264932e-02
5.9923586e+00	-5.6328413e-02
6.0141675e+00	-1.9450211e-02
6.0359765e+00	9.6850376e-02
6.0577854e+00	5.6109267e-03
6.0795944e+00	-8.1189231e-02
6.1014033e+00	-2.0072847e-01
6.1232122e+00	-1.1616065e-02
6.1450212e+00	1.2459864e-01
6.1668301e+00	1.2965714e-01
6.1886390e+00	-1.0180319e-02
6.2104480e+00	1.6194033e-01
6.2322569e+00	2.1607715e-01
6.2540659e+00	-1.8760655e-02
6.2758748e+00	-1.6573132e-01
6.2976837e+00	3.4075800e-02
6.3194927e+00	9.3517160e-03
6.3413016e+00	1.5540082e-02
6.3631105e+00	1.9878746e-01
6.3849195e+00	-2.0018630e-01
6.4067284e+00	-1.0385721e-01
6.4285374e+00	6.7752572e-02
6.4503463e+00	9.2116675e-02
6.4721552e+00	3.3040310e-02
6.4939642e+00	-3.8862790e-02
6.5157731e+00	3.5711907e-02
6.5375821e+00	1.6848893e-02
6.5593910e+00	2.2223594e-03
6.5811999e+00	2.0496934e-01
6.6030089e+00	2.6581890e-01
6.6248178e+00	2.5931284e-01
6.6466267e+00	1.4127712e-01
6.6684357e+00	-1.6875537e-01
6.6902446e+00	-2.6495954e-01
6.7120536e+00	7.0548600e-03
6.7338625e+00	1.1168806e-01
6.7556714e+00	7.5995570e-02
6.7774804e+00	9.7180456e-02
6.7992893e+00	1.7504144e-01
6.8210982e+00	7.2779022e-02
6.8429072e+00	-8.5201014e-02
6.8647161e+00	-1.8300773e-01
6.8865251e+00	-1.2062136e-01
6.9083340e+00	3.8389120e-02
6.9301429e+00	-6.1613635e-02
6.9519519e+00	1.0538563e-01
6.9737608e+00	1.5515762e-01
6.9955698e+00	6.9681617e-03
7.0173787e+00	-3.3477348e-02
7.0391876e+00	-2.8148346e-02
7.0609966e+00	-6.6150851e-02
7.0828055e+00	1.3977390e-01
7.1046144e+00	4.3056396e-02
7.1264234e+00	-1.0081109e-01
7.1482323e+00	-9.6539304e-03
7.1700413e+00	5.6878752e-02
7.1918502e+00	-2.8123708e-02
7.2136591e+00	6.0797692e-02
7.2354681e+00	4.4308908e-02
7.2572770e+00	-2.6185387e-02
7.2790859e+00	-1.3102618e-01
7.3008949e+00	1.8435886e-02
7.3227038e+00	3.0221656e-02
7.3445128e+00	6.5524150e-02
7.3663217e+00	-1.1668673e-01
7.3881306e+00	9.2018979e-02
7.4099396e+00	5.7493705e-02
7.4317485e+00	-2.2978200e-04
7.4535575e+00	-8.8547874e-02
7.4753664e+00	-6.9132311e-02
7.4971753e+00	-5.7357423e-02
7.5189843e+00	6.7098589e-02
7.5407932e+00	7.3726080e-02
7.5626021e+00	-4.0645368e-02
7.5844111e+00	7.4884583e-02
7.6062200e+00	5.9446561e-03
7.6280290e+00	-5.4261501e-02
7.6498379e+00	7.9380957e-02
7.6716468e+00	-3.7218785e-02
7.6934558e+00	1.1822976e-01
7.7152647e+00	-1.7664779e-01
7.7370737e+00	-9.4634269e-02
7.7588826e+00	8.7198692e-02
7.7806915e+00	8.6029802e-02
7.8025005e+00	-2.7743638e-02
7.8243094e+00	-6.7445554e-02
7.8461183e+00	-5.7632584e-02
7.8679273e+00	1.6501153e-01
7.8897362e+00	4.8500764e-02
7.9115452e+00	-6.5005352e-03
7.9333541e+00	7.4133556e-03
7.9551630e+00	1.4096560e-01
7.9769720e+00	1.4092371e-01
7.9987809e+00	-5.0268747e-02
8.0205898e+00	-3.4318903e-01
8.0423988e+00	-9.5121196e-02
8.0642077e+00	-3.4929643e-02
8.0860167e+00	1.5327677e-01
8.1078256e+00	9.2771014e-02
8.1296345e+00	6.7203454e-02
8.1514435e+00	1.1619639e-02
8.1732524e+00	-6.2949619e-03
8.1950614e+00	-3.5800354e-02
8.2168703e+00	1.0501305e-01
8.2386792e+00	3.2170569e-01
8.2604882e+00	-9.9245744e-02
8.2822971e+00	3.3053391e-02
8.3041060e+00	-9.1421078e-04
8.3259150e+00	-1.4677248e-01
8.3477239e+00	1.3142210e-01
8.3695329e+00	6.1797401e-02
8.3913418e+00	-2.1709083e-02
8.4131507e+00	2.6743886e-01
8.4349597e+00	5.8055589e-02
8.4567686e+00	-1.9399082e-01
8.4785775e+00	2.4316244e-01
8.5003865e+00	3.2680653e-01
8.5221954e+00	1.2644940e-01
8.5440044e+00	-4.7128383e-02
8.5658133e+00	-1.1482351e-01
8.5876222e+00	4.2002874e-02
8.6094312e+00	1.4458396e-01
8.6312401e+00	3.1644684e-01
8.6530491e+00	3.0670446e-02
8.6748580e+00	-2.3688591e-02
8.6966669e+00	-1.1915836e-03
8.7184759e+00	2.3985281e-02
8.7402848e+00	-1.6982152e-01
8.7620937e+00	9.7263703e-02
8.7839027e+00	2.9755322e-02
8.8057116e+00	-9.4655696e-02
8.8275206e+00	5.4956899e-02
8.8493295e+00	-9.7204607e-02
8.8711384e+00	4.8079789e-02
8.8929474e+00	1.5945910e-01
8.9147563e+00	9.3853458e-02
8.9365652e+00	-1.6557230e-01
8.9583742e+00	-8.0985339e-02
8.9801831e+00	8.5922207e-02
9.0019921e+00	2.4118510e-02
9.0238010e+00	4.2696687e-03
9.0456099e+00	2.4706572e-02
9.0674189e+00	-3.5827975e-02
9.0892278e+00	8.5371469e-03
9.1110368e+00	2.4242384e-01
9.1328457e+00	3.4646996e-02
9.1546546e+00	-3.6924083e-02
9.1764636e+00	-1.3753273e-02
9.1982725e+00	-1.2640126e-02
9.2200814e+00	5.0807843e-02
9.2418904e+00	-4.6009931e-02
9.2636993e+00	-5.0587437e-03
9.2855083e+00	-2.5902657e-02
9.3073172e+00	5.2442688e-02
9.3291261e+00	9.3852578e-02
9.3509351e+00	-6.7977536e-02
9.3727440e+00	-1.3012720e-01
9.3945530e+00	-4.4438336e-02
9.4163619e+00	3.6275650e-02
9.4381708e+00	-9.7099812e-02
9.4599798e+00	8.4079864e-02
9.4817887e+00	1.4097778e-01
9.5035976e+00	2.1483346e-02
9.5254066e+00	9.5714049e-02
9.5472155e+00	1.5929149e-01
9.5690245e+00	-1.6748405e-01
9.5908334e+00	-7.7299435e-02
9.6126423e+00	2.7838626e-01
9.6344513e+00	4.5405337e-01
9.6562602e+00	5.0884947e-02
9.6780691e+00	-7.7823959e-02
9.6998781e+00	3.7166847e-01
9.7216870e+00	3.9206095e-01
9.7434960e+00	1.3023608e-01
9.7653049e+00	1.6987673e-01
9.7871138e+00	-6.9769727e-02
9.8089228e+00	-1.7651794e-01
9.8307317e+00	-1.2778418e-01
9.8525407e+00	1.7979823e-01
9.8743496e+00	2.6312334e-01
9.8961585e+00	6.9501367e-02
9.9179675e+00	2.5162017e-01
9.9397764e+00	6.1916952e-02
9.9615853e+00	2.6761271e-01
9.9833943e+00	-6.2486795e-02
1.0005203e+01	-1.5899800e-01
1.0027012e+01	8.0928224e-02
1.0048821e+01	1.5815190e-01
1.0070630e+01	-3.6782555e-02
1.0092439e+01	2.1290817e-01
1.0114248e+01	7.1072012e-02
1.0136057e+01	-1.4759971e-01
1.0157866e+01	1.2983459e-01
1.0179675e+01	7.9196454e-02
1.0201484e+01	2.6348261e-01
1.0223293e+01	2.1146854e-01
1.0245102e+01	-9.9710175e-02
1.0266910e+01	-1.8294564e-01
1.0288719e+01	-4.9612432e-02
1.0310528e+01	1.4581035e-02
1.0332337e+01	8.2890270e-01
1.0354146e+01	1.8856586e+00
1.0375955e+01	2.4673909e+00
1.0397764e+01	2.8022726e+00
1.0419573e+01	3.2913979e+00
1.0441382e+01	3.9018617e+00
1.0463191e+01	4.5721222e+00
1.0485000e+01	5.4840744e+00
1.0506809e+01	6.9676925e+00
1.0528618e+01	8.1396795e+00
1.0550427e+01	8.0858625e+00
1.0572236e+01	7.7685405e+00
1.0594045e+01	7.8669417e+00
1.0615853e+01	8.4109211e+00
1.0637662e+01	8.2297858e+00
1.0659471e+01	7.9293159e+00
1.0681280e+01	6.7527825e+00
1.0703089e+01	4.7811636e+00
1.0724898e+01	3.2593553e+00
1.0746707e+01	2.3634437e+00
1.0768516e+01	1.6871309e+00
1.0790325e+01	1.2455440e+00
1.0812134e+01	1.0431530e+00
1.0833943e+01	8.2458201e-01
1.0855752e+01	4.6261114e-01
1.0877561e+01	-1.1947056e-01
1.0899370e+01	1.4489526e-01
1.0921179e+01	-4.9776774e-02
1.0942988e+01	-1.7019256e-03
1.0964796e+01	8.7168364e-02
1.0986605e+01	7.6422305e-02
1.1008414e+01	-4.5782824e-02
1.1030223e+01	1.8391740e-01
1.1052032e+01	6.7415807e-01
1.1073841e+01	7.2279406e-01
1.1095650e+01	7.9898627e-01
1.1117459e+01	1.3411656e+00
1.1139268e+01	1.4386679e+00
1.1161077e+01	1.8464250e+00
1.1182886e+01	2.2255389e+00
1.1204695e+01	2.1998494e+00
1.1226504e+01	2.7064774e+00
1.1248313e+01	2.8574048e+00
1.1270122e+01	1.2024005e+00
1.1291931e+01	6.6658528e-01
1.1313740e+01	1.6332215e-01
1.1335548e+01	-9.4462064e-02
1.1357357e+01	-2.0080970e-02
1.1379166e+01	3.4158340e-01
1.1400975e+01	2.4857391e-01
1.1422784e+01	3.3687391e-01
1.1444593e+01	4.4317406e-01
1.1466402e+01	2.5630982e-01
1.1488211e+01	-1.2362983e-01
1.1510020e+01	-1.7662382e-01
1.1531829e+01	-2.9110169e-02
1.1553638e+01	3.2210535e-02
1.1575447e+01	3.2971956e-01
1.1597256e+01	4.6017737e-01
1.1619065e+01	1.9225989e-01
1.1640874e+01	-1.7331706e-02
1.1662683e+01	8.1305035e-02
1.1684491e+01	6.0931847e-02
1.1706300e+01	6.4493711e-02
1.1728109e+01	7.6834046e-02
1.1749918e+01	2.7471069e-02
1.1771727e+01	-2.7932020e-02
1.1793536e+01	-2.0708420e-01
1.1815345e+01	-4.3968897e-02
1.1837154e+01	-4.4778715e-02
1.1858963e+01	4.4443916e-02
1.1880772e+01	-1.3019224e-01
1.1902581e+01	1.4378748e-01
1.1924390e+01	2.2208344e-01
1.1946199e+01	7.9398019e-02
1.1968008e+01	9.0729161e-02
1.1989817e+01	5.7885493e-03
1.2011626e+01	1.1496569e-01
1.2033434e+01	-1.1332552e-01
1.2055243e+01	-2.7977523e-01
1.2077052e+01	-1.3688148e-02
1.2098861e+01	2.5845984e-01
1.2120670e+01	6.4637733e-02
1.2142479e+01	5.9105743e-02
1.2164288e+01	9.0632913e-03
1.2186097e+01	-3.7973219e-02
1.2207906e+01	8.4257107e-02
1.2229715e+01	1.1228047e-01
1.2251524e+01	1.4569097e-02
1.2273333e+01	-1.3817976e-01
1.2295142e+01	-1.3713318e-02
1.2316951e+01	1.3397115e-01
1.2338760e+01	2.3691506e-01
1.2360569e+01	-9.9688040e-02
1.2382377e+01	-5.0231893e-02
1.2404186e+01	-8.6053420e-02
1.2425995e+01	2.6782644e-01
1.2447804e+01	1.2138902e-01
1.2469613e+01	1.8950145e-02
1.2491422e+01	3.0919560e-01
1.2513231e+01	1.2482827e-01
1.2535040e+01	2.2802773e-01
1.2556849e+01	-1.8352325e-01
1.2578658e+01	-1.2375481e-01
1.2600467e+01	-7.3782689e-02
1.2622276e+01	9.7164819e-03
1.2644085e+01	7.0237231e-02
1.2665894e+01	2.9929287e-01
1.2687703e+01	1.3675418e-01
1.2709512e+01	1.9753071e-02
1.2731320e+01	2.4033449e-01
1.2753129e+01	9.5997881e-02
1.2774938e+01	-1.4952968e-02
1.2796747e+01	1.2059756e-02
1.2818556e+01	-9.5501125e-02
1.2840365e+01	-1.9207289e-01
1.2862174e+01	-9.7567594e-02
1.2883983e+01	8.6590119e-02
1.2905792e+01	6.0203717e-02
1.2927601e+01	3.7415311e-03
1.2949410e+01	1.7984543e-01
1.2971219e+01	3.3242676e-01
1.2993028e+01	1.8426978e-01
1.3014837e+01	2.8071358e-02
1.3036646e+01	3.0723157e-01
1.3058455e+01	4.5306639e-01
1.3080264e+01	5.1414215e-01
1.3102072e+01	3.1615218e-01
1.3123881e+01	-2.1853135e-01
1.3145690e+01	1.2582742e-02
1.3167499e+01	1.4963001e-01
1.3189308e+01	1.4539652e-01
1.3211117e+01	1.5745295e-01
1.3232926e+01	1.1219970e-02
1.3254735e+01	-6.4651390e-02
1.3276544e+01	5.3405722e-02
1.3298353e+01	-1.4646911e-01
1.3320162e+01	-1.6587037e-01
1.3341971e+01	-2.4490826e-01
1.3363780e+01	1.2951998e-01
1.3385589e+01	2.9598174e-01
1.3407398e+01	6.1491066e-01
1.3429207e+01	6.3997398e-01
1.3451015e+01	3.8178498e-01
1.3472824e+01	3.8766289e-01
1.3494633e+01	2.2224169e-02
1.3516442e+01	-4.7457648e-02
1.3538251e+01	1.4291053e-01
1.3560060e+01	4.8585308e-02
1.3581869e+01	6.2133923e-02
1.3603678e+01	2.0291726e-01
1.3625487e+01	3.0385150e-02
1.3647296e+01	9.2125627e-02
1.3669105e+01	-2.0421809e-02
1.3690914e+01	-6.1717364e-02
1.3712723e+01	-2.3092988e-02
1.3734532e+01	-2.3882718e-02
1.3756341e+01	-1.7516431e-01
1.3778150e+01	-1.9669935e-02
1.3799958e+01	1.1370051e-02
1.3821767e+01	-9.2675272e-03
1.3843576e+01	1.5126298e-01
1.3865385e+01	1.8763081e-01
1.3887194e+01	-7.2565443e-02
1.3909003e+01	-2.4107251e-02
1.3930812e+01	1.7414249e-01
1.3952621e+01	5.1279691e-03
1.3974430e+01	-1.2184780e-01
1.3996239e+01	-4.6874452e-02
1.4018048e+01	-7.3213084e-02
1.4039857e+01	5.3438248e-02
1.4061666e+01	5.8391670e-02
1.4083475e+01	-4.4544812e-02
1.4105284e+01	9.2978744e-02
1.4127093e+01	1.7339767e-01
1.4148901e+01	9.4836686e-03
1.4170710e+01	-1.3422142e-01
1.4192519e+01	8.3997742e-02
1.4214328e+01	-6.7738486e-02
1.4236137e+01	-1.0597403e-01
1.4257946e+01	-1.6546172e-02
1.4279755e+01	1.1311918e-01
1.4301564e+01	2.1822320e-01
1.4323373e+01	9.3928839e-02
1.4345182e+01	-1.7837671e-01
1.4366991e+01	4.9643598e-02
1.4388800e+01	7.5413670e-02
1.4410609e+01	2.5285572e-02
1.4432418e+01	-1.4719504e-01
1.4454227e+01	2.4174645e-02
1.4476036e+01	1.0111489e-01
1.4497844e+01	-5.2730117e-02
1.4519653e+01	5.3496108e-03
1.4541462e+01	-1.6242672e-02
1.4563271e+01	-5.2500719e-02
1.4585080e+01	5.5132705e-02
1.4606889e+01	9.5261463e-02
1.4628698e+01	3.7335460e-02
1.4650507e+01	-7.4929323e-02
1.4672316e+01	-6.9979642e-02
1.4694125e+01	-6.8705858e-02
1.4715934e+01	-1.1680896e-01
1.4737743e+01	-3.9240096e-03
1.4759552e+01	1.6977545e-01
1.4781361e+01	1.7160652e-01
1.4803170e+01	-8.8062704e-02
1.4824979e+01	8.9578415e-02
1.4846787e+01	7.4444775e-01
1.4868596e+01	1.2403818e+00
1.4890405e+01	1.3585139e+00
1.4912214e+01	1.0936176e+00
1.4934023e+01	9.4449840e-01
1.4955832e+01	1.0734636e+00
1.4977641e+01	1.3811958e+00
1.4999450e+01	1.6077784e+00
1.5021259e+01	1.7933539e+00
1.5043068e+01	1.8112496e+00
1.5064877e+01	1.5770171e+00
1.5086686e+01	1.3498688e+00
1.5108495e+01	9.6518914e-01
1.5130304e+01	6.5893062e-01
1.5152113e+01	2.8391067e-01
1.5173922e+01	1.1637374e-01
1.5195731e+01	-2.3487206e-02
1.5217539e+01	1.4568415e-01
1.5239348e+01	-5.8743464e-02
1.5261157e+01	-2.4524409e-01
1.5282966e+01	-4.4375002e-02
1.5304775e+01	-7.1250672e-02
1.5326584e+01	5.9001520e-03
1.5348393e+01	9.4181475e-02
1.5370202e+01	3.4038981e-02
1.5392011e+01	1.4305724e-01
1.5413820e+01	1.2845470e-01
1.5435629e+01	7.8283723e-02
1.5457438e+01	-8.2990018e-03
1.5479247e+01	-1.1910312e-01
1.5501056e+01	-2.2113952e-02
1.5522865e+01	-1.9683878e-01
1.5544674e+01	-1.3270925e-01
1.5566482e+01	6.7246272e-02
1.5588291e+01	-1.7781981e-02
1.5610100e+01	4.3663768e-02
1.5631909e+01	1.0130557e-01
1.5653718e+01	1.9971796e-01
1.5675527e+01	1.3726216e-01
1.5697336e+01	-5.3011026e-02
1.5719145e+01	9.8426434e-02
1.5740954e+01	-1.2142780e-02
1.5762763e+01	-9.8998640e-02
1.5784572e+01	-9.7598735e-02
1.5806381e+01	8.4716159e-02
1.5828190e+01	-3.7725889e-03
1.5849999e+01	-7.7246149e-02
1.5871808e+01	1.3208890e-01
1.5893617e+01	-3.3444379e-02
1.5915425e+01	-1.2403402e-01
1.5937234e+01	1.1352291e-02
1.5959043e+01	2.4584232e-02
1.5980852e+01	1.5121914e-02
1.6002661e+01	3.9329804e-02
1.6024470e+01	5.0251556e-02
1.6046279e+01	4.1501497e-02
1.6068088e+01	-7.9566680e-02
1.6089897e+01	-1.8232693e-01
1.6111706e+01	8.2005799e-02
1.6133515e+01	1.0723909e-01
1.6155324e+01	-2.9159303e-02
1.6177133e+01	-4.6194379e-02
1.6198942e+01	1.4748835e-01
1.6220751e+01	-2.4390239e-02
1.6242560e+01	-3.5661626e-02
1.6264368e+01	-1.8385765e-02
1.6286177e+01	1.2134362e-01
1.6307986e+01	4.2058215e-02
1.6329795e+01	-1.7040118e-01
1.6351604e+01	-7.4681656e-02
1.6373413e+01	1.5595070e-01
1.6395222e+01	9.8853950e-02
1.6417031e+01	-4.2867734e-02
1.6438840e+01	-8.9101132e-02
1.6460649e+01	3.5463454e-02
1.6482458e+01	3.4825578e-02
1.6504267e+01	2.6785471e-01
1.6526076e+01	7.5364251e-02
1.6547885e+01	-7.6576996e-02
1.6569694e+01	-1.0302308e-01
1.6591503e+01	2.5607259e-02
1.6613311e+01	8.7642823e-03
1.6635120e+01	-1.1288827e-01
1.6656929e+01	-9.1059231e-02
1.6678738e+01	4.9530429e-02
1.6700547e+01	1.1180286e-01
1.6722356e+01	6.6491017e-02
1.6744165e+01	1.9167391e-01
1.6765974e+01	3.9394775e-01
1.6787783e+01	4.9960688e-01
1.6809592e+01	4.9405035e-01
1.6831401e+01	3.9075200e-01
1.6853210e+01	2.2705139e-01
1.6875019e+01	5.5597679e-04
1.6896828e+01	1.0625404e-02
1.6918637e+01	5.7049811e-02
1.6940446e+01	-1.4318910e-01
1.6962254e+01	-1.0412253e-01
1.6984063e+01	-8.9851776e-02
1.7005872e+01	-7.7076482e-02
1.7027681e+01	1.5810458e-01
1.7049490e+01	1.2888962e-01
1.7071299e+01	6.7141902e-02
1.7093108e+01	2.1396686e-02
1.7114917e+01	3.7277090e-02
1.7136726e+01	2.0852722e-01
1.7158535e+01	-4.0163768e-04
1.7180344e+01	-1.8827210e-01
1.7202153e+01	-3.0334234e-03
1.7223962e+01	-6.1448138e-02
1.7245771e+01	-9.0688790e-02
1.7267580e+01	2.7845014e-02
1.7289389e+01	8.2453454e-02
1.7311198e+01	2.4412715e-01
1.7333006e+01	1.4222545e-01
1.7354815e+01	3.9895656e-02
1.7376624e+01	-7.4581576e-02
1.7398433e+01	-1.0105552e-01
1.7420242e+01	2.1143362e-02
1.7442051e+01	8.2933976e-02
1.7463860e+01	9.7965619e-02
1.7485669e+01	-1.1270302e-01
1.7507478e+01	-4.5171550e-02
1.7529287e+01	-1.5283884e-02
1.7551096e+01	7.5908333e-02
1.7572905e+01	-5.8621508e-02
1.7594714e+01	-3.9738633e-02
1.7616523e+01	5.9382430e-02
1.7638332e+01	3.2909311e-02
1.7660141e+01	-6.8602263e-02
1.7681949e+01	-2.2232433e-02
1.7703758e+01	4.2960117e-02
1.7725567e+01	2.1561296e-02
1.7747376e+01	2.4755339e-03
1.7769185e+01	3.7289788e-02
1.7790994e+01	3.1025628e-02
1.7812803e+01	-2.6755607e-02
1.7834612e+01	-1.1663926e-01
1.7856421e+01	5.0899677e-02
1.7878230e+01	2.6455109e-02
1.7900039e+01	2.7083220e-02
1.7921848e+01	5.7949624e-02
1.7943657e+01	-2.4276418e-02
1.7965466e+01	-1.0092949e-01
1.7987275e+01	-1.0487544e-01
1.8009084e+01	4.1301058e-02
1.8030892e+01	3.6142047e-02
1.8052701e+01	4.7804516e-02
1.8074510e+01	6.1923007e-02
1.8096319e+01	-2.5602844e-02
1.8118128e+01	-8.2336858e-03
1.8139937e+01	-4.5462373e-03
1.8161746e+01	6.4030944e-02
1.8183555e+01	7.1138654e-02
1.8205364e+01	-1.1949881e-01
1.8227173e+01	6.0961110e-02
1.8248982e+01	-5.7075793e-02
1.8270791e+01	1.8543742e-02
1.8292600e+01	-3.1267856e-02
1.8314409e+01	2.9059445e-02
1.8336218e+01	-2.1381055e-01
1.8358027e+01	-1.1682770e-02
1.8379835e+01	2.0784190e-01
1.8401644e+01	1.8026603e-02
1.8423453e+01	1.0174189e-01
1.8445262e+01	2.8746306e-01
1.8467071e+01	4.4933785e-01
1.8488880e+01	4.1080637e-01
1.8510689e+01	1.4391460e-01
1.8532498e+01	2.2813393e-02
1.8554307e+01	-6.5799292e-02
1.8576116e+01	-1.7996146e-01
1.8597925e+01	-3.9219106e-02
1.8619734e+01	-1.0796532e-02
1.8641543e+01	5.1284803e-02
1.8663352e+01	9.2994965e-02
1.8685161e+01	6.4444792e-02
1.8706970e+01	1.3441305e-01
1.8728778e+01	1.7248846e-02
1.8750587e+01	-1.0990795e-01
1.8772396e+01	8.5461092e-02
1.8794205e+01	-3.3480078e-02
1.8816014e+01	4.2044962e-02
1.8837823e+01	-1.1625584e-01
1.8859632e+01	-1.3994903e-01
1.8881441e+01	-8.4229028e-02
1.8903250e+01	-2.5407339e-02
1.8925059e+01	1.4298396e-01
1.8946868e+01	1.0253218e-02
1.8968677e+01	9.8448479e-02
1.8990486e+01	4.7230736e-02
1.9012295e+01	-1.6364246e-02
1.9034104e+01	1.9877712e-01
1.9055913e+01	1.2811844e-01
1.9077721e+01	-6.5692008e-02
1.9099530e+01	-2.0658666e-01
1.9121339e+01	-9.4780544e-02
1.9143148e+01	8.8210545e-02
1.9164957e+01	1.2946800e-01
1.9186766e+01	2.1903408e-02
1.9208575e+01	-2.7993936e-02
1.9230384e+01	-1.0896054e-01
1.9252193e+01	-1.3940630e-01
1.9274002e+01	-1.1536118e-01
1.9295811e+01	9.0749681e-02
1.9317620e+01	1.2609542e-01
1.9339429e+01	1.2937648e-01
1.9361238e+01	9.9324620e-03
1.9383047e+01	9.8268494e-03
1.9404856e+01	7.6751734e-02
1.9426665e+01	1.0652632e-01
1.9448473e+01	-3.5227713e-02
1.9470282e+01	-3.4033310e-02
1.9492091e+01	1.5968346e-02
1.9513900e+01	3.4117030e-02
1.9535709e+01	-9.3278402e-02
1.9557518e+01	-2.0680480e-01
1.9579327e+01	-2.6147900e-02
1.9601136e+01	8.4853057e-02
1.9622945e+01	1.3259992e-01
1.9644754e+01	-1.7977025e-02
1.9666563e+01	-1.6775462e-01
1.9688372e+01	4.4064088e-02
1.9710181e+01	7.6809845e-02
1.9731990e+01	7.3624754e-02
1.9753799e+01	-3.2840380e-02
1.9775608e+01	-1.1990854e-02
1.9797416e+01	-1.4305775e-02
1.9819225e+01	-8.5352935e-02
1.9841034e+01	-6.2144680e-02
1.9862843e+01	-3.7278454e-02
1.9884652e+01	1.1321646e-01
1.9906461e+01	1.7055091e-01
1.9928270e+01	1.0915247e-01
1.9950079e+01	1.3103754e-02
1.9971888e+01	2.7021762e-01
1.9993697e+01	8.7043136e-02
2.0015506e+01	-1.0856447e-01
2.0037315e+01	-7.0534887e-02
2.0059124e+01	-1.9593075e-02
2.0080933e+01	4.9596880e-02
2.0102742e+01	-1.0455247e-01
2.0124551e+01	-3.9880910e-02
2.0146359e+01	-2.1029248e-02
2.0168168e+01	2.0999599e-02
2.0189977e+01	-3.2127792e-02
2.0211786e+01	8.1331308e-02
2.0233595e+01	1.3630061e-02
2.0255404e+01	-4.9310981e-02
2.0277213e+01	3.1293646e-01
2.0299022e+01	4.4931296e-01
2.0320831e+01	4.6239991e-01
2.0342640e+01	5.0941756e-01
2.0364449e+01	3.6337340e-01
2.0386258e+01	-5.0036210e-02
2.0408067e+01	-2.1063741e-02
2.0429876e+01	8.7680805e-02
2.0451685e+01	1.1245307e-01
2.0473494e+01	2.9965524e-01
2.0495302e+01	4.6432266e-01
2.0517111e+01	4.1403148e-01
2.0538920e+01	4.4696713e-01
2.0560729e+01	3.4060535e-01
2.0582538e+01	2.9609861e-01
2.0604347e+01	5.9105645e-02
2.0626156e+01	-9.3940682e-02
2.0647965e+01	3.4826478e-02
2.0669774e+01	-6.6094832e-02
2.0691583e+01	-7.5448664e-02
2.0713392e+01	2.2317904e-03
2.0735201e+01	1.0926905e-01
2.0757010e+01	4.6406341e-02
2.0778819e+01	5.8752805e-02
2.0800628e+01	-1.0240967e-01
2.0822437e+01	-4.0811838e-02
2.0844245e+01	1.5178309e-01
2.0866054e+01	-1.5196219e-01
2.0887863e+01	-1.1854424e-01
2.0909672e+01	-8.6746272e-02
2.0931481e+01	8.3579904e-02
2.0953290e+01	1.0071083e-01
2.0975099e+01	2.1932501e-01
2.0996908e+01	6.3062164e-01
2.1018717e+01	1.4433950e+00
2.1040526e+01	2.0102984e+00
2.1062335e+01	1.9598471e+00
2.1084144e+01	1.7295354e+00
2.1105953e+01	1.4637936e+00
2.1127762e+01	1.4423309e+00
2.1149571e+01	1.8219617e+00
2.1171380e+01	2.8978652e+00
2.1193188e+01	4.9767477e+00
2.1214997e+01	7.0470965e+00
2.1236806e+01	8.6813449e+00
2.1258615e+01	9.5089361e+00
2.1280424e+01	9.3958855e+00
2.1302233e+01	8.5459744e+00
2.1324042e+01	6.9941329e+00
2.1345851e+01	4.8618495e+00
2.1367660e+01	3.0887524e+00
2.1389469e+01	1.6179678e+00
2.1411278e+01	6.9975008e-01
2.1433087e+01	4.8438504e-02
2.1454896e+01	1.8023532e-03
2.1476705e+01	-4.6214717e-02
2.1498514e+01	3.4849962e-02
2.1520323e+01	2.7659012e-01
2.1542132e+01	6.2662263e-01
2.1563940e+01	8.4979569e-01
2.1585749e+01	1.0605945e+00
2.1607558e+01	9.4937519e-01
2.1629367e+01	7.5715902e-01
2.1651176e+01	4.3166115e-01
2.1672985e+01	1.8928777e-01
2.1694794e+01	1.2198802e-01
2.1716603e+01	-5.6933626e-02
2.1738412e+01	-8.4047146e-03
2.1760221e+01	-2.8821385e-02
2.1782030e+01	-5.6750916e-02
2.1803839e+01	-1.5564237e-01
2.1825648e+01	-1.6696247e-01
2.1847457e+01	2.7549010e-01
2.1869266e+01	3.3294406e-01
2.1891075e+01	1.5643616e-01
2.1912883e+01	1.4735812e-01
2.1934692e+01	1.8824874e-01
2.1956501e+01	8.3615849e-02
2.1978310e+01	-4.7212995e-02
2.2000119e+01	-1.5767768e-01
2.2021928e+01	-1.9376376e-01
2.2043737e+01	7.8771122e-02
2.2065546e+01	1.2453309e-01
2.2087355e+01	9.7282029e-02
2.2109164e+01	2.6720908e-02
2.2130973e+01	1.2648181e-01
2.2152782e+01	-8.8538550e-02
2.2174591e+01	-2.1118661e-01
2.2196400e+01	1.1912629e-01
2.2218209e+01	5.6566371e-02
2.2240018e+01	-3.3776325e-02
2.2261826e+01	-1.0536001e-02
2.2283635e+01	-6.2018471e-02
2.2305444e+01	2.5326297e-02
2.2327253e+01	2.4060292e-02
2.2349062e+01	-3.9946702e-02
2.2370871e+01	-2.2118468e-04
2.2392680e+01	5.1294376e-03
2.2414489e+01	3.6004121e-02
2.2436298e+01	2.8911137e-02
2.2458107e+01	1.8298858e-02
2.2479916e+01	6.4278846e-02
2.2501725e+01	-2.8149608e-02
2.2523534e+01	-5.8480606e-02
2.2545343e+01	6.6605731e-03
2.2567152e+01	-9.7763475e-03
2.2588961e+01	-4.0870257e-02
2.2610769e+01	-6.0724498e-02
2.2632578e+01	7.5185468e-02
2.2654387e+01	1.1150499e-01
2.2676196e+01	1.1884070e-02
2.2698005e+01	-5.6823262e-02
2.2719814e+01	-2.0352522e-01
2.2741623e+01	3.2321716e-02
2.2763432e+01	1.6208324e-01
2.2785241e+01	1.6117258e-01
2.2807050e+01	-4.5144428e-03
2.2828859e+01	-5.9731296e-02
2.2850668e+01	-7.9676160e-02
2.2872477e+01	1.0523149e-01
2.2894286e+01	-1.5167186e-02
2.2916095e+01	-7.2870177e-02
2.2937904e+01	1.1218665e-02
2.2959712e+01	-2.9401767e-02
2.2981521e+01	-7.4184729e-02
2.3003330e+01	8.4745084e-02
2.3025139e+01	1.0759955e-01
2.3046948e+01	-9.3938520e-03
2.3068757e+01	4.0919072e-02
2.3090566e+01	1.3093931e-01
2.3112375e+01	-1.1143368e-01
2.3134184e+01	8.5285503e-02
2.3155993e+01	-1.6691411e-02
2.3177802e+01	-8.9730018e-02
2.3199611e+01	-1.4499198e-01
2.3221420e+01	3.1164857e-02
2.3243229e+01	7.5811685e-02
2.3265038e+01	-1.3331359e-01
2.3286847e+01	-5.5844701e-02
2.3308655e+01	7.2849359e-02
2.3330464e+01	8.3055713e-02
2.3352273e+01	-6.5083505e-02
2.3374082e+01	3.2569049e-04
2.3395891e+01	2.0526742e-01
2.3417700e+01	3.6939806e-03
2.3439509e+01	-3.7473720e-03
2.3461318e+01	-7.1504296e-02
2.3483127e+01	9.9574302e-02
2.3504936e+01	6.4072572e-01
2.3526745e+01	1.1158911e+00
2.3548554e+01	1.1966426e+00
2.3570363e+01	1.0129014e+00
2.3592172e+01	8.0074155e-01
2.3613981e+01	7.3876527e-01
2.3635790e+01	1.0350607e+00
2.3657599e+01	1.5729980e+00
2.3679407e+01	2.9000362e+00
2.3701216e+01	4.4790496e+00
2.3723025e+01	6.0992553e+00
2.3744834e+01	7.8153424e+00
2.3766643e+01	8.7029261e+00
2.3788452e+01	1.0301669e+01
2.3810261e+01	1.0924160e+01
2.3832070e+01	1.0382372e+01
2.3853879e+01	9.3130094e+00
2.3875688e+01	7.5456492e+00
2.3897497e+01	5.8698784e+00
2.3919306e+01	4.4219531e+00
2.3941115e+01	3.1143337e+00
2.3962924e+01	2.0085821e+00
2.3984733e+01	1.2035305e+00
2.4006542e+01	5.8745911e-01
2.4028350e+01	3.8751205e-01
2.4050159e+01	1.9964145e-01
2.4071968e+01	4.2949665e-02
2.4093777e+01	-3.0770448e-02
2.4115586e+01	-1.0590068e-01
2.4137395e+01	-2.6696619e-02
2.4159204e+01	-1.0561994e-01
2.4181013e+01	8.6320069e-02
2.4202822e+01	1.6171068e-01
2.4224631e+01	1.7485231e-03
2.4246440e+01	-7.4028118e-02
2.4268249e+01	-1.6404016e-01
2.4290058e+01	3.8695823e-02
2.4311867e+01	1.0863225e-01
2.4333676e+01	6.2360072e-02
2.4355485e+01	-5.6021892e-02
2.4377293e+01	-9.0416038e-02
2.4399102e+01	-3.4712730e-02
2.4420911e+01	1.6638436e-01
2.4442720e+01	2.7758216e-01
2.4464529e+01	9.2369923e-03
2.4486338e+01	1.0885094e-01
2.4508147e+01	4.7590580e-01
2.4529956e+01	3.0794036e-01
2.4551765e+01	5.6791091e-01
2.4573574e+01	6.0880969e-01
2.4595383e+01	7.5820391e-01
2.4617192e+01	1.0933818e+00
2.4639001e+01	1.2217795e+00
2.4660810e+01	4.1319020e-01
2.4682619e+01	8.3172185e-02
2.4704428e+01	4.1224793e-02
2.4726236e+01	-3.0219336e-02
2.4748045e+01	-4.0220129e-02
2.4769854e+01	-4.5526699e-02
2.4791663e+01	-2.8279951e-02
2.4813472e+01	-3.6062666e-02
2.4835281e+01	-9.7670458e-02
2.4857090e+01	-3.2593334e-02
2.4878899e+01	5.0883236e-02
2.4900708e+01	6.0453735e-02
2.4922517e+01	4.7754465e-02
2.4944326e+01	-8.8580536e-02
2.4966135e+01	4.6178495e-02
2.4987944e+01	5.7381825e-02
2.5009753e+01	-7.2508090e-02
2.5031562e+01	5.6640653e-02
2.5053371e+01	-1.0034837e-01
2.5075179e+01	1.0812751e-02
2.5096988e+01	-7.9913253e-02
2.5118797e+01	2.8938681e-02
2.5140606e+01	9.0717171e-02
2.5162415e+01	1.3448911e-01
2.5184224e+01	-7.8484362e-02
2.5206033e+01	-1.7653102e-01
2.5227842e+01	-4.7516901e-03
2.5249651e+01	1.3103712e-01
2.5271460e+01	7.7214130e-02
2.5293269e+01	3.3975925e-02
2.5315078e+01	7.6919429e-02
2.5336887e+01	6.6013509e-02
2.5358696e+01	-6.7607621e-02
2.5380505e+01	-1.0108620e-01
2.5402314e+01	-3.9768155e-02
2.5424123e+01	2.3757969e-02
2.5445931e+01	-4.8976214e-02
2.5467740e+01	-7.1703655e-03
2.5489549e+01	5.1803984e-02
2.5511358e+01	6.3318048e-02
2.5533167e+01	6.9699412e-03
2.5554976e+01	2.8679700e-03
2.5576785e+01	2.4070542e-02
2.5598594e+01	-3.4659384e-02
2.5620403e+01	2.2653438e-04
2.5642212e+01	-9.3478538e-02
2.5664021e+01	-1.4182998e-01
2.5685830e+01	-2.2525361e-02
2.5707639e+01	-5.1138656e-02
2.5729448e+01	4.7518537e-02
2.5751257e+01	1.6651984e-01
2.5773066e+01	1.0514329e-01
2.5794874e+01	-7.4570834e-03
2.5816683e+01	1.3731751e-02
2.5838492e+01	-4.6138777e-03
2.5860301e+01	2.1436713e-02
2.5882110e+01	-1.4209186e-02
2.5903919e+01	-3.4096293e-03
2.5925728e+01	3.2115456e-01
2.5947537e+01	9.0085706e-01
2.5969346e+01	1.3828681e+00
2.5991155e+01	1.7283020e+00
2.6012964e+01	2.2351459e+00
2.6034773e+01	2.4165241e+00
2.6056582e+01	2.6537908e+00
2.6078391e+01	2.7109693e+00
2.6100200e+01	2.7064488e+00
2.6122009e+01	2.3052885e+00
2.6143817e+01	1.5649128e+00
2.6165626e+01	1.2136398e+00
2.6187435e+01	8.0808780e-01
2.6209244e+01	5.1133503e-01
2.6231053e+01	3.2570874e-01
2.6252862e+01	9.9700024e-02
2.6274671e+01	-5.1767175e-03
2.6296480e+01	-4.4176407e-02
2.6318289e+01	-1.7144662e-01
2.6340098e+01	-9.5487818e-02
2.6361907e+01	1.2182394e-02
2.6383716e+01	1.2657719e-01
2.6405525e+01	2.6068858e-01
2.6427334e+01	4.6805772e-02
2.6449143e+01	2.1374687e-02
2.6470952e+01	-4.3997051e-02
2.6492760e+01	1.0455489e-01
2.6514569e+01	-7.9650033e-02
2.6536378e+01	-1.4603819e-02
2.6558187e+01	6.8504305e-02
2.6579996e+01	3.6368949e-01
2.6601805e+01	5.3399477e-01
2.6623614e+01	5.5672755e-01
2.6645423e+01	7.0557417e-01
2.6667232e+01	6.4286196e-01
2.6689041e+01	4.9976921e-01
2.6710850e+01	4.7368423e-01
2.6732659e+01	2.3304913e-01
2.6754468e+01	2.3098497e-02
2.6776277e+01	-8.9116096e-02
2.6798086e+01	-1.6897349e-01
2.6819895e+01	-3.1369174e-02
2.6841703e+01	4.7521798e-02
2.6863512e+01	7.9598514e-02
2.6885321e+01	2.7223377e-02
2.6907130e+01	1.8092473e-02
2.6928939e+01	2.3734589e-01
2.6950748e+01	4.0860131e-01
2.6972557e+01	3.3693308e-01
2.6994366e+01	1.0446312e-01
2.7016175e+01	7.4677287e-02
2.7037984e+01	-9.1067758e-03
2.7059793e+01	-1.1800212e-01
2.7081602e+01	-2.3155545e-02
2.7103411e+01	3.0508456e-02
2.7125220e+01	-4.6582383e-03
2.7147029e+01	-5.2818352e-02
2.7168838e+01	-4.0165243e-03
2.7190646e+01	6.4538302e-03
2.7212455e+01	-8.1119988e-02
2.7234264e+01	-3.7594127e-03
2.7256073e+01	1.1394090e-01
2.7277882e+01	4.7234589e-03
2.7299691e+01	-8.7167845e-02
2.7321500e+01	-1.3408293e-02
2.7343309e+01	2.4247241e-02
2.7365118e+01	4.0828421e-02
2.7386927e+01	2.7170442e-02
2.7408736e+01	2.4809942e-02
2.7430545e+01	-5.1866755e-03
2.7452354e+01	-7.4750118e-02
2.7474163e+01	3.1917589e-02
2.7495972e+01	-6.9205158e-02
2.7517781e+01	2.0171903e-02
2.7539590e+01	2.8596593e-02
2.7561398e+01	-1.2269767e-01
2.7583207e+01	1.7968120e-02
2.7605016e+01	9.4946824e-02
2.7626825e+01	7.2057995e-02
2.7648634e+01	3.5509605e-01
2.7670443e+01	4.9857849e-01
2.7692252e+01	4.1442232e-01
2.7714061e+01	7.0826636e-01
2.7735870e+01	9.5074161e-01
2.7757679e+01	8.6879007e-01
2.7779488e+01	1.0401738e+00
2.7801297e+01	1.0961397e+00
2.7823106e+01	9.0295884e-01
2.7844915e+01	7.3758326e-01
2.7866724e+01	5.6153193e-01
2.7888533e+01	3.8469986e-01
2.7910341e+01	2.4017904e-01
2.7932150e+01	7.9979014e-02
2.7953959e+01	4.8013274e-02
2.7975768e+01	-4.6804102e-02
2.7997577e+01	-1.8547413e-01
2.8019386e+01	-1.0577212e-01
2.8041195e+01	1.9443109e-02
2.8063004e+01	3.4793324e-02
2.8084813e+01	-3.5518925e-02
2.8106622e+01	7.0066911e-02
2.8128431e+01	-8.2591370e-03
2.8150240e+01	-1.6261183e-03
2.8172049e+01	-6.9981075e-02
2.8193858e+01	-1.6629206e-03
2.8215667e+01	1.9791486e-01
2.8237476e+01	1.3908812e-01
2.8259284e+01	9.4687495e-03
2.8281093e+01	7.6748319e-02
2.8302902e+01	1.9102542e-01
2.8324711e+01	-7.4382765e-02
2.8346520e+01	-1.9696976e-01
2.8368329e+01	-5.7071887e-02
2.8390138e+01	6.9260161e-02
2.8411947e+01	2.7932738e-02
2.8433756e+01	3.2578631e-01
2.8455565e+01	4.6137989e-01
2.8477374e+01	7.1996295e-01
2.8499183e+01	9.4186318e-01
2.8520992e+01	1.1232453e+00
2.8542801e+01	1.1376830e+00
2.8564610e+01	1.0594149e+00
2.8586419e+01	7.6769487e-01
2.8608227e+01	5.9848049e-01
2.8630036e+01	5.1267149e-01
2.8651845e+01	3.8562857e-01
2.8673654e+01	9.1695268e-02
2.8695463e+01	4.9236632e-02
2.8717272e+01	-1.7898356e-03
2.8739081e+01	-8.4937222e-02
2.8760890e+01	-2.7117032e-02
2.8782699e+01	5.4614269e-02
2.8804508e+01	3.2376216e-03
2.8826317e+01	-7.1660231e-02
2.8848126e+01	-2.3774288e-02
2.8869935e+01	1.3688285e-01
2.8891744e+01	-4.0427421e-02
2.8913553e+01	-1.9498472e-01
2.8935362e+01	4.2728464e-02
2.8957170e+01	1.4832512e-01
2.8978979e+01	2.1828334e-02
2.9000788e+01	-1.3406115e-01
2.9022597e+01	5.4171070e-02
2.9044406e+01	-1.6537953e-02
2.9066215e+01	1.7791895e-01
2.9088024e+01	2.1116179e-01
2.9109833e+01	6.6016656e-02
2.9131642e+01	-5.1518540e-02
2.9153451e+01	-7.8851514e-02
2.9175260e+01	-6.7626092e-02
2.9197069e+01	-2.2927943e-02
2.9218878e+01	-7.9987826e-02
2.9240687e+01	1.2030427e-01
2.9262496e+01	3.3398412e-02
2.9284305e+01	3.1449973e-02
2.9306113e+01	-3.3149663e-02
2.9327922e+01	5.4991190e-02
2.9349731e+01	-5.6808285e-02
2.9371540e+01	-1.6159291e-02
2.9393349e+01	6.6867216e-02
2.9415158e+01	7.6614487e-02
2.9436967e+01	-7.3378690e-02
2.9458776e+01	-1.1671384e-01
2.9480585e+01	6.6783225e-02
2.9502394e+01	5.5435042e-02
2.9524203e+01	1.8432235e-01
2.9546012e+01	-2.2852849e-02
2.9567821e+01	-1.0621079e-01
2.9589630e+01	4.8246554e-02
2.9611439e+01	7.7715478e-02
2.9633248e+01	-9.2092066e-02
2.9655057e+01	-1.3879514e-01
2.9676865e+01	-9.2604221e-02
2.9698674e+01	-2.7345355e-02
2.9720483e+01	4.2662072e-02
2.9742292e+01	1.5220868e-01
2.9764101e+01	4.6503940e-01
2.9785910e+01	5.5632864e-01
2.9807719e+01	3.3491916e-01
2.9829528e+01	3.6858168e-01
2.9851337e+01	1.1230272e-01
2.9873146e+01	-1.1865494e-01
2.9894955e+01	9.3497041e-02
2.9916764e+01	4.5313708e-01
2.9938573e+01	9.0907249e-01
2.9960382e+01	1.7844036e+00
2.9982191e+01	2.6812477e+00
3.0004000e+01	3.7448820e+00
3.0025808e+01	4.6905470e+00
3.0047617e+01	5.7809429e+00
3.0069426e+01	6.7664810e+00
3.0091235e+01	7.1258696e+00
3.0113044e+01	7.0788010e+00
3.0134853e+01	6.6497586e+00
3.0156662e+01	5.6363346e+00
3.0178471e+01	4.4193354e+00
3.0200280e+01	2.9348932e+00
3.0222089e+01	1.6009724e+00
3.0243898e+01	7.7644625e-01
3.0265707e+01	5.2202408e-01
3.0287516e+01	1.1768819e-01
3.0309325e+01	5.0445796e-02
3.0331134e+01	-3.4300035e-02
3.0352943e+01	-8.2055180e-02
3.0374751e+01	1.2841433e-01
3.0396560e+01	1.0254424e-02
3.0418369e+01	-9.6113210e-02
3.0440178e+01	-2.8736986e-02
3.0461987e+01	-1.0285870e-01
3.0483796e+01	3.4147273e-02
3.0505605e+01	2.5097024e-02
3.0527414e+01	-4.6605037e-02
3.0549223e+01	-1.0641912e-01
3.0571032e+01	-7.2714354e-02
3.0592841e+01	2.7727308e-02
3.0614650e+01	2.7241470e-02
3.0636459e+01	3.4598074e-02
3.0658268e+01	1.2609747e-01
3.0680077e+01	-9.9482566e-02
3.0701886e+01	-4.4894207e-02
3.0723694e+01	8.5281321e-02
3.0745503e+01	1.0117183e-01
3.0767312e+01	2.2184220e-01
3.0789121e+01	2.7004775e-01
3.0810930e+01	1.9744236e-01
3.0832739e+01	-2.5319251e-02
3.0854548e+01	-3.0071473e-02
3.0876357e+01	-1.1530231e-02
3.0898166e+01	-6.0110556e-02
3.0919975e+01	8.9824977e-03
3.0941784e+01	1.1947522e-01
3.0963593e+01	-7.4369230e-03
3.0985402e+01	-4.6087424e-02
3.1007211e+01	-4.7886159e-02
3.1029020e+01	-9.6143182e-02
3.1050829e+01	-2.8147764e-02
3.1072637e+01	7.2979446e-02
3.1094446e+01	-7.6277440e-02
3.1116255e+01	5.9186310e-03
3.1138064e+01	8.1005050e-02
3.1159873e+01	-2.9696728e-02
3.1181682e+01	-8.6102029e-02
3.1203491e+01	1.1604214e-02
3.1225300e+01	-2.1740588e-03
3.1247109e+01	1.2769613e-01
3.1268918e+01	9.7449139e-02
3.1290727e+01	1.1332540e-01
3.1312536e+01	-4.7104057e-02
3.1334345e+01	-5.6236699e-02
3.1356154e+01	5.3847042e-03
3.1377963e+01	-6.2812422e-02
3.1399772e+01	7.4681723e-03
3.1421580e+01	-4.7975840e-02
3.1443389e+01	-2.2938255e-02
3.1465198e+01	-1.4046809e-01
3.1487007e+01	-3.6557253e-02
3.1508816e+01	7.0541588e-02
3.1530625e+01	6.3034851e-02
3.1552434e+01	3.1511190e-01
3.1574243e+01	4.2226929e-01
3.1596052e+01	6.6293227e-01
3.1617861e+01	4.6309525e-01
3.1639670e+01	1.6506163e-01
3.1661479e+01	-4.8389032e-04
3.1683288e+01	-7.2580085e-03
3.1705097e+01	-4.9296297e-02
3.1726906e+01	2.4624133e-01
3.1748715e+01	7.0933876e-01
3.1770524e+01	1.3981761e+00
3.1792332e+01	2.2685525e+00
3.1814141e+01	3.2411459e+00
3.1835950e+01	4.1826436e+00
3.1857759e+01	5.3815626e+00
3.1879568e+01	5.9908330e+00
3.1901377e+01	6.4170910e+00
3.1923186e+01	6.9083296e+00
3.1944995e+01	6.9901309e+00
3.1966804e+01	6.5327621e+00
3.1988613e+01	5.6453952e+00
3.2010422e+01	4.3550123e+00
3.2032231e+01	3.0890186e+00
3.2054040e+01	1.8721502e+00
3.2075849e+01	1.0681191e+00
3.2097658e+01	6.3952442e-01
3.2119467e+01	1.4960335e-01
3.2141275e+01	-5.0347063e-02
3.2163084e+01	1.1569239e-02
3.2184893e+01	-3.1129869e-02
3.2206702e+01	-3.1169305e-02
3.2228511e+01	4.4879177e-02
3.2250320e+01	-4.8017695e-02
3.2272129e+01	3.7176484e-02
3.2293938e+01	7.3593290e-02
3.2315747e+01	-3.9150203e-02
3.2337556e+01	-1.6597505e-01
3.2359365e+01	2.7766246e-02
3.2381174e+01	2.3745643e-02
3.2402983e+01	-1.6305884e-01
3.2424792e+01	-7.0860419e-03
3.2446601e+01	9.2259465e-02
3.2468410e+01	9.2965046e-02
3.2490218e+01	7.7394633e-02
3.2512027e+01	2.0182913e-02
3.2533836e+01	-1.6563762e-01
3.2555645e+01	-6.3056256e-02
3.2577454e+01	1.5309196e-01
3.2599263e+01	1.1888355e-01
3.2621072e+01	3.7916614e-02
3.2642881e+01	-2.9410475e-02
3.2664690e+01	4.0453781e-02
3.2686499e+01	9.6547321e-03
3.2708308e+01	-1.1178552e-01
3.2730117e+01	-1.4393305e-01
3.2751926e+01	-1.5935833e-02
3.2773735e+01	6.7683864e-02
3.2795544e+01	7.8037545e-02
3.2817353e+01	1.3548461e-02
3.2839161e+01	5.4968027e-02
3.2860970e+01	-3.0380904e-02
3.2882779e+01	1.6478884e-02
3.2904588e+01	-9.9502192e-02
3.2926397e+01	-2.3746584e-02
3.2948206e+01	3.0306855e-02
3.2970015e+01	7.3529336e-02
3.2991824e+01	3.9356131e-02
3.3013633e+01	-7.8544635e-02
3.3035442e+01	2.4736972e-02
3.3057251e+01	3.7358809e-02
3.3079060e+01	-1.3139961e-02
3.3100869e+01	-1.0713673e-02
3.3122678e+01	-3.0533065e-02
3.3144487e+01	2.3428968e-03
3.3166296e+01	-4.6314798e-03
3.3188104e+01	-4.3899863e-02
3.3209913e+01	-2.9579725e-02
3.3231722e+01	7.3000344e-02
3.3253531e+01	4.1452251e-02
3.3275340e+01	-8.8420815e-02
3.3297149e+01	6.3799310e-02
3.3318958e+01	3.6441967e-02
3.3340767e+01	6.8318381e-02
3.3362576e+01	6.8025461e-02
3.3384385e+01	-6.2379108e-02
3.3406194e+01	-1.8132365e-01
3.3428003e+01	-1.8680506e-02
3.3449812e+01	-1.3641991e-01
3.3471621e+01	-7.2430891e-02
3.3493430e+01	5.9600832e-02
3.3515239e+01	1.7957362e-01
3.3537047e+01	1.5339268e-01
3.3558856e+01	3.2529540e-01
3.3580665e+01	4.4700864e-01
3.3602474e+01	5.9333048e-01
3.3624283e+01	6.1954974e-01
3.3646092e+01	6.5269726e-01
3.3667901e+01	7.1986186e-01
3.3689710e+01	8.0533634e-01
3.3711519e+01	3.5108653e-01
3.3733328e+01	1.4051324e-01
3.3755137e+01	7.7544420e-02
3.3776946e+01	3.0648543e-02
3.3798755e+01	-7.7339117e-03
3.3820564e+01	-4.6949698e-02
3.3842373e+01	-1.2746706e-01
3.3864182e+01	-1.6451662e-02
3.3885991e+01	2.7587647e-02
3.3907799e+01	-2.6468023e-02
3.3929608e+01	2.3471397e-02
3.3951417e+01	-9.7670257e-02
3.3973226e+01	-4.5906918e-02
3.3995035e+01	9.0650007e-02
3.4016844e+01	2.9218914e-02
3.4038653e+01	-2.0339658e-02
3.4060462e+01	-8.0324154e-02
3.4082271e+01	6.2239497e-02
3.4104080e+01	-1.3381387e-02
3.4125889e+01	9.1621148e-03
3.4147698e+01	-3.6908430e-02
3.4169507e+01	1.2531775e-01
3.4191316e+01	6.5585241e-02
3.4213125e+01	-4.4309994e-02
3.4234934e+01	-1.8748856e-02
3.4256742e+01	-6.4236688e-02
3.4278551e+01	-4.6714336e-02
3.4300360e+01	6.7885264e-02
3.4322169e+01	9.6304891e-02
3.4343978e+01	5.2307296e-03
3.4365787e+01	-2.0945488e-02
3.4387596e+01	-7.2007083e-02
3.4409405e+01	-2.6534671e-02
3.4431214e+01	-5.2848902e-02
3.4453023e+01	-2.8301429e-02
3.4474832e+01	3.0259332e-02
3.4496641e+01	3.1546852e-02
3.4518450e+01	4.3214233e-02
3.4540259e+01	-1.6847321e-02
3.4562068e+01	5.3779589e-02
3.4583877e+01	4.8962492e-02
3.4605685e+01	-1.9327258e-02
3.4627494e+01	-7.4188968e-02
3.4649303e+01	2.5572829e-02
3.4671112e+01	-1.3330692e-02
3.4692921e+01	-4.6039718e-02
3.4714730e+01	5.5244515e-02
3.4736539e+01	9.9600097e-04
3.4758348e+01	5.9661552e-03
3.4780157e+01	-1.9049758e-02
3.4801966e+01	-4.7189911e-03
3.4823775e+01	-3.4546269e-02
3.4845584e+01	1.0919789e-02
3.4867393e+01	5.3200621e-02
3.4889202e+01	-2.2771554e-02
3.4911011e+01	4.2843072e-02
3.4932820e+01	8.9171868e-02
3.4954628e+01	1.7775559e-02
3.4976437e+01	-1.3353868e-01
3.4998246e+01	-5.6174564e-02
3.5020055e+01	-7.0336599e-02
3.5041864e+01	3.9084383e-04
3.5063673e+01	2.5885667e-02
3.5085482e+01	7.7217764e-02
3.5107291e+01	3.3841304e-02
3.5129100e+01	6.8856664e-02
3.5150909e+01	-4.2643943e-03
3.5172718e+01	-1.0182329e-01
3.5194527e+01	-8.1755490e-02
3.5216336e+01	-1.0860457e-02
3.5238145e+01	4.7506298e-02
3.5259954e+01	3.3741929e-02
3.5281763e+01	-3.5315849e-03
3.5303571e+01	6.2866401e-02
3.5325380e+01	1.0907910e-01
3.5347189e+01	5.9814322e-02
3.5368998e+01	-6.5402105e-02
3.5390807e+01	-4.8910111e-02
3.5412616e+01	-3.1008663e-03
3.5434425e+01	-9.2656139e-03
3.5456234e+01	-7.8022370e-02
3.5478043e+01	-1.2049162e-01
3.5499852e+01	-1.0792533e-01
3.5521661e+01	3.0738326e-03
3.5543470e+01	3.9244605e-02
3.5565279e+01	9.8450430e-02
3.5587088e+01	1.0527322e-01
3.5608897e+01	1.1205646e-02
3.5630706e+01	3.0747189e-02
3.5652514e+01	-2.3897394e-02
3.5674323e+01	1.3171717e-01
3.5696132e+01	2.3450625e-01
3.5717941e+01	1.4359973e-01
3.5739750e+01	-2.7902894e-02
3.5761559e+01	-9.5977451e-02
3.5783368e+01	-5.2507156e-02
3.5805177e+01	-3.0800133e-02
3.5826986e+01	-8.5640656e-02
3.5848795e+01	1.3003217e-01
3.5870604e+01	8.6945746e-02
3.5892413e+01	6.7574366e-02
3.5914222e+01	-3.7364627e-02
3.5936031e+01	-2.3466573e-01
3.5957840e+01	-1.7150942e-01
3.5979649e+01	-1.8218700e-01
3.6001458e+01	6.5372163e-03
3.6023266e+01	1.7204977e-01
3.6045075e+01	2.2754571e-01
3.6066884e+01	1.8589427e-01
3.6088693e+01	1.2125515e-01
3.6110502e+01	6.1525603e-02
3.6132311e+01	1.6966282e-01
3.6154120e+01	-2.3093437e-02
3.6175929e+01	-1.7000601e-01
3.6197738e+01	8.7094555e-02
3.6219547e+01	2.0387541e-02
3.6241356e+01	4.7303263e-02
3.6263165e+01	-5.2755326e-03
3.6284974e+01	7.3113446e-03
3.6306783e+01	-5.7062275e-02
3.6328592e+01	-7.5377814e-02
3.6350401e+01	-1.5002898e-01
3.6372209e+01	3.8381861e-02
3.6394018e+01	3.7792281e-02
3.6415827e+01	3.4661694e-02
3.6437636e+01	2.7713752e-02
3.6459445e+01	1.6415044e-01
3.6481254e+01	3.0602555e-01
3.6503063e+01	6.8364512e-02
3.6524872e+01	-6.9860700e-02
3.6546681e+01	-6.5887835e-02
3.6568490e+01	-1.4701123e-01
3.6590299e+01	1.3133174e-01
3.6612108e+01	-7.6294974e-02
3.6633917e+01	1.4011269e-02
3.6655726e+01	3.1140021e-02
3.6677535e+01	1.0517691e-01
3.6699344e+01	3.9836510e-01
3.6721152e+01	7.3129296e-01
3.6742961e+01	1.2450026e+00
3.6764770e+01	1.4198452e+00
3.6786579e+01	1.7443149e+00
3.6808388e+01	2.0885917e+00
3.6830197e+01	2.2976078e+00
3.6852006e+01	2.4951964e+00
3.6873815e+01	2.4770245e+00
3.6895624e+01	2.6749073e+00
3.6917433e+01	2.6837839e+00
3.6939242e+01	2.3838245e+00
3.6961051e+01	2.0150111e+00
3.6982860e+01	1.7941349e+00
3.7004669e+01	1.5050350e+00
3.7026478e+01	1.2248316e+00
3.7048287e+01	9.6609566e-01
3.7070095e+01	9.4340046e-01
3.7091904e+01	2.7702708e-01
3.7113713e+01	4.3385631e-02
3.7135522e+01	5.7459005e-03
3.7157331e+01	-1.4619977e-01
3.7179140e+01	1.2565779e-02
3.7200949e+01	9.4005987e-02
3.7222758e+01	2.3092738e-01
3.7244567e+01	-1.7241812e-02
3.7266376e+01	-1.4752782e-02
3.7288185e+01	-1.7494643e-01
3.7309994e+01	5.7772692e-02
3.7331803e+01	2.2618254e-01
3.7353612e+01	-6.3100585e-03
3.7375421e+01	-1.0874039e-01
3.7397230e+01	7.5867369e-02
3.7419038e+01	-1.1404030e-03
3.7440847e+01	6.8849282e-02
3.7462656e+01	5.5758037e-01
3.7484465e+01	1.2976708e+00
3.7506274e+01	8.4850250e-01
3.7528083e+01	2.4377136e-01
3.7549892e+01	1.1564731e-01
3.7571701e+01	3.4923298e-01
3.7593510e+01	2.5162136e-01
3.7615319e+01	4.3912833e-02
3.7637128e+01	-9.4757879e-02
3.7658937e+01	-5.0877765e-02
3.7680746e+01	-3.0943372e-02
3.7702555e+01	-1.5302972e-01
3.7724364e+01	-1.0275689e-01
3.7746173e+01	-6.0755986e-02
3.7767981e+01	3.2666798e-01
3.7789790e+01	2.2965786e-01
3.7811599e+01	7.0306865e-02
3.7833408e+01	1.4486284e-01
3.7855217e+01	7.2216942e-02
3.7877026e+01	9.7018432e-02
3.7898835e+01	-8.7091694e-02
3.7920644e+01	9.9869124e-02
3.7942453e+01	5.0576315e-02
3.7964262e+01	1.5326827e-01
3.7986071e+01	7.9307237e-02
3.8007880e+01	-1.8214104e-01
3.8029689e+01	8.1396793e-04
3.8051498e+01	-1.6916286e-01
3.8073307e+01	4.9106285e-02
3.8095116e+01	-1.0200307e-01
3.8116925e+01	1.4989925e-03
3.8138733e+01	2.3592539e-01
3.8160542e+01	3.6038913e-01
3.8182351e+01	6.8325883e-01
3.8204160e+01	1.1972604e+00
3.8225969e+01	1.5651148e+00
3.8247778e+01	2.0652699e+00
3.8269587e+01	2.5930787e+00
3.8291396e+01	2.7831681e+00
3.8313205e+01	3.0871580e+00
3.8335014e+01	3.1894514e+00
3.8356823e+01	3.3958581e+00
3.8378632e+01	3.2138502e+00
3.8400441e+01	3.0759294e+00
3.8422250e+01	2.8469598e+00
3.8444059e+01	2.3628773e+00
3.8465868e+01	1.6736388e+00
3.8487676e+01	1.3908472e+00
3.8509485e+01	1.0038355e+00
3.8531294e+01	5.4782652e-01
3.8553103e+01	2.7803629e-01
3.8574912e+01	1.4848065e-01
3.8596721e+01	1.0234346e-01
3.8618530e+01	-7.6382087e-02
3.8640339e+01	-4.9979547e-02
3.8662148e+01	-9.2000642e-02
3.8683957e+01	2.6065487e-02
3.8705766e+01	-8.6625780e-02
3.8727575e+01	8.1089265e-02
3.8749384e+01	1.6999666e-01
3.8771193e+01	-5.2541620e-02
3.8793002e+01	-6.6200588e-02
3.8814811e+01	-1.2789926e-01
3.8836619e+01	4.4877736e-02
3.8858428e+01	2.1543301e-01
3.8880237e+01	2.4757913e-02
3.8902046e+01	-3.1110093e-03
3.8923855e+01	9.7361404e-02
3.8945664e+01	1.6016088e-01
3.8967473e+01	-8.7724948e-02
3.8989282e+01	-2.7665241e-03
3.9011091e+01	-3.0181324e-02
3.9032900e+01	-7.3341724e-02
3.9054709e+01	1.8860545e-01
3.9076518e+01	-1.1316917e-01
3.9098327e+01	-5.3275803e-02
3.9120136e+01	9.4635584e-03
3.9141945e+01	4.6646378e-02
3.9163754e+01	1.7994315e-02
3.9185562e+01	4.1179925e-02
3.9207371e+01	5.1932600e-02
3.9229180e+01	-8.1175361e-02
3.9250989e+01	-1.1799494e-01
3.9272798e+01	3.4916529e-02
3.9294607e+01	3.9778763e-02
3.9316416e+01	1.4633644e-01
3.9338225e+01	-2.7934866e-02
3.9360034e+01	-9.9420488e-02
3.9381843e+01	1.2564688e-01
3.9403652e+01	3.5325440e-02
3.9425461e+01	7.1397975e-02
3.9447270e+01	-1.2063826e-01
3.9469079e+01	-2.7509834e-02
3.9490888e+01	-5.1312114e-02
3.9512697e+01	-7.1805975e-02
3.9534505e+01	5.2229715e-02
3.9556314e+01	7.9664353e-02
3.9578123e+01	2.9447441e-01
3.9599932e+01	6.4190904e-01
3.9621741e+01	7.6690530e-01
3.9643550e+01	8.7367225e-01
3.9665359e+01	1.2454010e+00
3.9687168e+01	1.6021295e+00
3.9708977e+01	1.7100959e+00
3.9730786e+01	2.1766993e+00
3.9752595e+01	2.3004176e+00
3.9774404e+01	2.6368540e+00
3.9796213e+01	2.5016306e+00
3.9818022e+01	2.7448833e+00
3.9839831e+01	2.7045853e+00
3.9861640e+01	2.4221046e+00
3.9883449e+01	2.1277493e+00
3.9905257e+01	1.7543655e+00
3.9927066e+01	1.3793011e+00
3.9948875e+01	7.9194629e-01
3.9970684e+01	7.3916411e-01
3.9992493e+01	2.5795962e-01
4.0014302e+01	-9.2011262e-03
4.0036111e+01	-2.0116648e-02
4.0057920e+01	-1.5982095e-02
4.0079729e+01	1.5933471e-02
4.0101538e+01	-6.5389714e-02
4.0123347e+01	2.8012827e-02
4.0145156e+01	4.1855917e-02
4.0166965e+01	-2.5764723e-02
4.0188774e+01	3.8714352e-02
4.0210583e+01	1.6388917e-02
4.0232392e+01	1.5974651e-02
4.0254200e+01	1.7726351e-02
4.0276009e+01	-7.9979314e-02
4.0297818e+01	1.3601905e-01
4.0319627e+01	-6.8428405e-02
4.0341436e+01	-1.8000933e-02
4.0363245e+01	1.0997872e-02
4.0385054e+01	-6.3680074e-03
4.0406863e+01	-3.0314404e-02
4.0428672e+01	1.6483874e-02
4.0450481e+01	6.6446001e-02
4.0472290e+01	-1.5682488e-01
4.0494099e+01	2.7234226e-02
4.0515908e+01	-1.7300921e-01
4.0537717e+01	4.5041944e-02
4.0559526e+01	1.0724375e-01
4.0581335e+01	1.2965363e-01
4.0603143e+01	1.3604913e-01
4.0624952e+01	-8.5021845e-02
4.0646761e+01	-6.1824264e-02
4.0668570e+01	2.2306375e-01
4.0690379e+01	6.3703575e-02
4.0712188e+01	-1.9391239e-02
4.0733997e+01	-6.5061237e-02
4.0755806e+01	1.8893594e-01
4.0777615e+01	-4.6779539e-03
4.0799424e+01	-1.4815012e-02
4.0821233e+01	-3.3013588e-02
4.0843042e+01	-1.2104062e-01
4.0864851e+01	-4.5524095e-02
4.0886660e+01	4.4796256e-03
4.0908469e+01	9.8462049e-03
4.0930278e+01	1.5316224e-01
4.0952086e+01	6.5699804e-02
4.0973895e+01	-1.3668300e-01
4.0995704e+01	2.4198642e-01
4.1017513e+01	-1.7501286e-02
4.1039322e+01	-1.4308470e-01
4.1061131e+01	1.1945952e-01
4.1082940e+01	1.0459717e-01
4.1104749e+01	3.0002598e-02
4.1126558e+01	7.3976675e-02
4.1148367e+01	-1.1169862e-01
4.1170176e+01	2.4893676e-02
4.1191985e+01	-7.0547267e-02
4.1213794e+01	1.0889183e-01
4.1235603e+01	-2.6624469e-02
4.1257412e+01	3.1008714e-02
4.1279221e+01	2.5858122e-01
4.1301029e+01	-8.9412201e-03
4.1322838e+01	2.3132593e-01
4.1344647e+01	2.8591993e-01
4.1366456e+01	7.9230186e-02
4.1388265e+01	-2.2474588e-01
4.1410074e+01	-1.2248104e-01
4.1431883e+01	9.6891459e-02
4.1453692e+01	1.2639990e-02
4.1475501e+01	3.8020031e-01
4.1497310e+01	2.5151579e-01
4.1519119e+01	3.0558737e-01
4.1540928e+01	4.6365205e-02
4.1562737e+01	3.0068161e-01
4.1584546e+01	1.9403793e-01
4.1606355e+01	-7.2532368e-02
4.1628164e+01	-2.0048200e-01
4.1649972e+01	5.0838803e-02
4.1671781e+01	1.6204155e-01
4.1693590e+01	4.3303295e-01
4.1715399e+01	7.6009391e-01
4.1737208e+01	6.9203934e-01
4.1759017e+01	4.3123016e-01
4.1780826e+01	6.7960431e-01
4.1802635e+01	7.4369559e-01
4.1824444e+01	7.0698982e-01
4.1846253e+01	5.1531482e-01
4.1868062e+01	7.2702141e-01
4.1889871e+01	5.2977329e-01
4.1911680e+01	2.1131328e-03
4.1933489e+01	6.6170567e-02
4.1955298e+01	-1.1658122e-02
4.1977107e+01	-1.2571069e-02
4.1998916e+01	8.5912827e-02
4.2020724e+01	-6.3904688e-02
4.2042533e+01	5.0667343e-02
4.2064342e+01	1.0086171e-01
4.2086151e+01	-1.5752195e-01
4.2107960e+01	-1.2821180e-01
4.2129769e+01	-4.5277295e-02
4.2151578e+01	1.9810377e-01
4.2173387e+01	1.9357741e-01
4.2195196e+01	2.5572461e-02
4.2217005e+01	1.2732382e-01
4.2238814e+01	-2.6226199e-01
4.2260623e+01	-6.5902632e-03
4.2282432e+01	1.2267075e-01
4.2304241e+01	8.2755250e-02
4.2326050e+01	-4.9735018e-02
4.2347859e+01	-7.5698580e-02
4.2369667e+01	5.2315546e-01
4.2391476e+01	4.5463603e-01
4.2413285e+01	5.8536598e-01
4.2435094e+01	1.1352902e+00
4.2456903e+01	1.1265375e+00
4.2478712e+01	1.2569248e+00
4.2500521e+01	1.7053000e+00
4.2522330e+01	1.7505249e+00
4.2544139e+01	2.0165813e+00
4.2565948e+01	2.2303233e+00
4.2587757e+01	2.3532265e+00
4.2609566e+01	2.3674340e+00
4.2631375e+01	1.9246955e+00
4.2653184e+01	1.4992199e+00
4.2674993e+01	1.3593022e+00
4.2696802e+01	1.2055940e+00
4.2718610e+01	6.4749547e-01
4.2740419e+01	4.8396628e-01
4.2762228e+01	3.7137835e-01
4.2784037e+01	1.1640620e-01
4.2805846e+01	1.2081088e-02
4.2827655e+01	1.1676430e-01
4.2849464e+01	5.3865286e-02
4.2871273e+01	-1.4737761e-01
4.2893082e+01	-5.3349992e-02
4.2914891e+01	7.9562065e-02
4.2936700e+01	6.2125450e-02
4.2958509e+01	8.8709856e-02
4.2980318e+01	-1.8597778e-01
4.3002127e+01	-2.5337756e-02
4.3023936e+01	-9.1295132e-02
4.3045745e+01	-1.1313186e-01
4.3067553e+01	-2.3444905e-02
4.3089362e+01	1.7265075e-01
4.3111171e+01	1.5935611e-01
4.3132980e+01	3.9915768e-01
4.3154789e+01	-4.3130088e-02
4.3176598e+01	-2.4598076e-03
4.3198407e+01	4.6161118e-02
4.3220216e+01	-1.5500828e-02
4.3242025e+01	-8.7692406e-02
4.3263834e+01	7.0589886e-02
4.3285643e+01	-1.1783455e-01
4.3307452e+01	-6.7164900e-02
4.3329261e+01	3.5205341e-01
4.3351070e+01	1.2303648e-01
4.3372879e+01	-7.0305344e-02
4.3394688e+01	1.4725862e-01
4.3416496e+01	4.5729628e-01
4.3438305e+01	3.0784463e-02
4.3460114e+01	2.4328013e-01
4.3481923e+01	2.3576748e-01
4.3503732e+01	1.2400751e-01
4.3525541e+01	3.9368559e-03
4.3547350e+01	-1.4843580e-02
4.3569159e+01	-2.1727290e-01
4.3590968e+01	5.4538143e-02
4.3612777e+01	5.0032224e-01
4.3634586e+01	8.8719535e-01
4.3656395e+01	1.1919292e+00
4.3678204e+01	1.7592445e+00
4.3700013e+01	2.4310690e+00
4.3721822e+01	2.8141305e+00
4.3743631e+01	3.3590307e+00
4.3765439e+01	4.0875033e+00
4.3787248e+01	4.4529661e+00
4.3809057e+01	5.0799228e+00
4.3830866e+01	6.1137231e+00
4.3852675e+01	6.5122719e+00
4.3874484e+01	6.2348047e+00
4.3896293e+01	6.5926364e+00
4.3918102e+01	5.7149417e+00
4.3939911e+01	5.2176124e+00
4.3961720e+01	4.5606781e+00
4.3983529e+01	3.0951087e+00
4.4005338e+01	2.0112798e+00
4.4027147e+01	9.6061720e-01
4.4048956e+01	8.6681063e-01
4.4070765e+01	7.8218584e-01
4.4092574e+01	3.7899955e-01
4.4114383e+01	2.6487952e-01
4.4136191e+01	4.2116074e-03
4.4158000e+01	1.9379206e-02
4.4179809e+01	-1.7606045e-01
4.4201618e+01	1.0167175e-01
4.4223427e+01	1.8763260e-01
4.4245236e+01	3.1138207e-01
4.4267045e+01	7.5156042e-02
4.4288854e+01	-7.3701227e-03
4.4310663e+01	1.4665642e-01
4.4332472e+01	-1.5755007e-01
4.4354281e+01	-1.0968612e-01
4.4376090e+01	2.7737440e-01
4.4397899e+01	4.6714973e-01
4.4419708e+01	-2.7114850e-02
4.4441517e+01	1.0758433e-01
4.4463326e+01	-2.1491738e-02
4.4485134e+01	-2.0387503e-01
4.4506943e+01	4.9483374e-02
4.4528752e+01	7.1813235e-02
4.4550561e+01	-4.4532320e-02
4.4572370e+01	1.7519057e-02
4.4594179e+01	3.4391269e-01
4.4615988e+01	4.3808502e-02
4.4637797e+01	7.2857958e-02
4.4659606e+01	6.6559239e-02
4.4681415e+01	-4.2336767e-02
4.4703224e+01	6.7039104e-02
4.4725033e+01	9.2582790e-02
4.4746842e+01	2.9188033e-01
4.4768651e+01	-1.7036795e-02
4.4790460e+01	-4.4791875e-02
4.4812269e+01	-2.8295574e-01
4.4834077e+01	-2.6264611e-02
4.4855886e+01	2.2861517e-01
4.4877695e+01	2.3513923e-01
4.4899504e+01	3.4995301e-02
4.4921313e+01	1.0284201e-01
4.4943122e+01	-1.4171869e-01
4.4964931e+01	1.0750546e-01
4.4986740e+01	9.2321060e-01