Image file: \\Gfs05\g45\SAXS\2020_12\HDF5\2020-12.10_Kevin_day2_SN\2020-12-10_Max_Cu123_SN_000017_data_000018.h5
ImageIntegration1d_chi_output; Output_Directory= \\Gfs05\g45\SAXS\2020_12\Processed\2020-12-09_Kevin_day1_SN\Chi-Sample-7
Profile = Radial, StartAzimuth = 0.0, EndAzimuth = 360.0, Sam_Det_distance = 250.818474293, InnerRadius = 15.0, OuterRadius = 2400.0, Lambda = 30, Ratio = 0.001, Itermax = 100
2400
2.0013229e+00	-4.4508411e-02
2.0231319e+00	5.7697133e-01
2.0449408e+00	9.3575299e-01
2.0667497e+00	4.2490377e-01
2.0885587e+00	8.4398921e-02
2.1103676e+00	-5.3944783e-03
2.1321765e+00	-2.0372381e-01
2.1539855e+00	3.6773139e-02
2.1757944e+00	2.6116303e-02
2.1976034e+00	1.2957026e-01
2.2194123e+00	1.1718343e-01
2.2412212e+00	-4.6462062e-03
2.2630302e+00	5.8777982e-01
2.2848391e+00	4.4356365e-01
2.3066480e+00	7.9647479e-02
2.3284570e+00	-3.0960030e-01
2.3502659e+00	1.1816235e-01
2.3720749e+00	-6.6743501e-02
2.3938838e+00	-5.9246655e-02
2.4156927e+00	1.4892927e-01
2.4375017e+00	-1.5075009e-01
2.4593106e+00	-5.0003970e-02
2.4811196e+00	3.4697525e-01
2.5029285e+00	2.0621830e-01
2.5247374e+00	2.9529067e-01
2.5465464e+00	1.7764659e-01
2.5683553e+00	-2.0612054e-01
2.5901642e+00	4.0650191e-01
2.6119732e+00	4.6020919e-01
2.6337821e+00	-2.0023410e-01
2.6555911e+00	-8.2583084e-02
2.6774000e+00	4.7718752e-01
2.6992089e+00	3.6875125e-01
2.7210179e+00	1.1223871e-01
2.7428268e+00	1.6153799e-01
2.7646358e+00	9.5161380e-03
2.7864447e+00	-3.8237913e-02
2.8082536e+00	-3.3246786e-01
2.8300626e+00	5.4422492e-02
2.8518715e+00	2.5975359e-01
2.8736804e+00	5.0318901e-02
2.8954894e+00	3.5803514e-02
2.9172983e+00	1.1738866e-01
2.9391073e+00	3.9796231e-01
2.9609162e+00	5.8513074e-01
2.9827251e+00	-1.2075379e-03
3.0045341e+00	-1.3993036e-01
3.0263430e+00	1.4490961e-01
3.0481519e+00	-1.1191513e-01
3.0699609e+00	-9.5082138e-02
3.0917698e+00	1.5539920e-01
3.1135788e+00	-9.7377528e-02
3.1353877e+00	-1.7847661e-01
3.1571966e+00	1.6556818e-01
3.1790056e+00	3.9610150e-02
3.2008145e+00	-4.3314878e-02
3.2226235e+00	-1.0996135e-01
3.2444324e+00	-6.3251590e-02
3.2662413e+00	3.2235612e-01
3.2880503e+00	1.9344325e-01
3.3098592e+00	1.9643397e-01
3.3316681e+00	1.6491162e-01
3.3534771e+00	-1.9840562e-01
3.3752860e+00	9.8295094e-02
3.3970950e+00	-2.3235793e-01
3.4189039e+00	-2.9397148e-02
3.4407128e+00	3.9685123e-01
3.4625218e+00	-4.9700779e-02
3.4843307e+00	-6.3050646e-02
3.5061396e+00	1.1896617e-01
3.5279486e+00	-2.2289743e-02
3.5497575e+00	2.0526838e-01
3.5715665e+00	3.9133166e-01
3.5933754e+00	-1.5819475e-02
3.6151843e+00	-8.3592942e-02
3.6369933e+00	4.1445142e-02
3.6588022e+00	-2.4718941e-01
3.6806112e+00	-2.6125722e-02
3.7024201e+00	1.7415972e-01
3.7242290e+00	1.8246612e-02
3.7460380e+00	-1.3696176e-01
3.7678469e+00	8.5008028e-02
3.7896558e+00	4.7537659e-01
3.8114648e+00	1.9086750e-01
3.8332737e+00	1.2781427e-01
3.8550827e+00	1.9894877e-01
3.8768916e+00	-2.6016939e-01
3.8987005e+00	-2.5958724e-01
3.9205095e+00	-2.3312507e-02
3.9423184e+00	3.8037196e-01
3.9641273e+00	1.5730177e-01
3.9859363e+00	-1.3978106e-01
4.0077452e+00	5.6934559e-02
4.0295542e+00	9.0348879e-02
4.0513631e+00	2.4101857e-01
4.0731720e+00	3.4152350e-02
4.0949810e+00	5.2513520e-02
4.1167899e+00	-7.8570187e-02
4.1385989e+00	-1.7403620e-01
4.1604078e+00	-2.1918148e-01
4.1822167e+00	2.4620912e-01
4.2040257e+00	4.0702274e-01
4.2258346e+00	1.3441426e-02
4.2476435e+00	-3.6893851e-02
4.2694525e+00	7.7878735e-02
4.2912614e+00	4.0375095e-02
4.3130704e+00	3.6828978e-02
4.3348793e+00	1.6473559e-01
4.3566882e+00	-1.3782096e-02
4.3784972e+00	-3.9912357e-01
4.4003061e+00	8.1386053e-03
4.4221151e+00	1.3587497e-01
4.4439240e+00	-5.6543723e-02
4.4657329e+00	-4.6185277e-02
4.4875419e+00	2.8001564e-01
4.5093508e+00	2.5774617e-01
4.5311597e+00	1.1276310e-01
4.5529687e+00	1.7008277e-03
4.5747776e+00	-7.3280353e-02
4.5965866e+00	-7.5921742e-02
4.6183955e+00	-5.6760533e-02
4.6402044e+00	-6.2837460e-03
4.6620134e+00	2.7739951e-02
4.6838223e+00	5.9164092e-02
4.7056312e+00	-1.0677980e-01
4.7274402e+00	-1.7826700e-01
4.7492491e+00	8.6562204e-02
4.7710581e+00	1.6850763e-01
4.7928670e+00	2.8589820e-01
4.8146759e+00	-9.4690835e-02
4.8364849e+00	-3.6765694e-02
4.8582938e+00	1.3242635e-01
4.8801028e+00	-2.7942171e-02
4.9019117e+00	-2.8325112e-01
4.9237206e+00	2.0510355e-02
4.9455296e+00	9.5118225e-03
4.9673385e+00	2.2696796e-02
4.9891474e+00	2.7377331e-01
5.0109564e+00	2.0343077e-01
5.0327653e+00	7.9444468e-02
5.0545743e+00	-5.3282655e-02
5.0763832e+00	-9.6167487e-02
5.0981921e+00	-2.3428502e-02
5.1200011e+00	-7.8763015e-02
5.1418100e+00	-3.4236018e-02
5.1636189e+00	3.3733972e-03
5.1854279e+00	-2.2591363e-02
5.2072368e+00	1.2547384e-01
5.2290458e+00	2.9480556e-01
5.2508547e+00	-4.5218164e-02
5.2726636e+00	-7.9330767e-02
5.2944726e+00	-2.5688010e-01
5.3162815e+00	8.6210813e-02
5.3380905e+00	1.9260960e-01
5.3598994e+00	1.2777624e-01
5.3817083e+00	-2.6005595e-01
5.4035173e+00	-2.0064752e-02
5.4253262e+00	1.1631754e-01
5.4471351e+00	1.5309390e-01
5.4689441e+00	1.3516773e-02
5.4907530e+00	-1.0761669e-02
5.5125620e+00	-3.2231918e-02
5.5343709e+00	-1.2257613e-01
5.5561798e+00	1.8604522e-01
5.5779888e+00	6.4483279e-02
5.5997977e+00	-3.6407323e-01
5.6216066e+00	-2.2130663e-02
5.6434156e+00	1.1520738e-01
5.6652245e+00	1.3201637e-01
5.6870335e+00	1.0837773e-02
5.7088424e+00	9.5042194e-02
5.7306513e+00	-9.8533322e-03
5.7524603e+00	-2.3975683e-01
5.7742692e+00	1.7015674e-01
5.7960782e+00	5.2751029e-01
5.8178871e+00	3.7323085e-01
5.8396960e+00	-6.9514608e-02
5.8615050e+00	8.2418095e-02
5.8833139e+00	-1.1046313e-02
5.9051228e+00	-4.4924845e-02
5.9269318e+00	-1.2224671e-01
5.9487407e+00	3.6325369e-01
5.9705497e+00	-2.4900461e-02
5.9923586e+00	1.1979295e-01
6.0141675e+00	5.0263341e-01
6.0359765e+00	5.6899958e-02
6.0577854e+00	-1.7481688e-01
6.0795944e+00	2.6266004e-02
6.1014033e+00	5.4282821e-02
6.1232122e+00	3.9463568e-01
6.1450212e+00	1.2774731e-01
6.1668301e+00	-1.2965210e-01
6.1886390e+00	5.4952418e-02
6.2104480e+00	7.6727281e-02
6.2322569e+00	-2.6803549e-01
6.2540659e+00	7.1716241e-02
6.2758748e+00	1.6197912e-01
6.2976837e+00	5.3292668e-02
6.3194927e+00	-8.1512120e-02
6.3413016e+00	-7.5586035e-02
6.3631105e+00	9.5836681e-02
6.3849195e+00	-1.0757123e-01
6.4067284e+00	-2.9110229e-02
6.4285374e+00	-1.1742407e-02
6.4503463e+00	-1.0423721e-01
6.4721552e+00	1.1930593e-01
6.4939642e+00	3.0495776e-01
6.5157731e+00	-2.4282084e-02
6.5375821e+00	2.9221049e-01
6.5593910e+00	-8.5706654e-02
6.5811999e+00	-2.4600297e-02
6.6030089e+00	2.1820620e-01
6.6248178e+00	1.0444683e-01
6.6466267e+00	1.4824776e-01
6.6684357e+00	-1.8735103e-01
6.6902446e+00	-2.4809597e-01
6.7120536e+00	-1.6168149e-01
6.7338625e+00	6.2604768e-02
6.7556714e+00	8.4693448e-02
6.7774804e+00	5.6753572e-02
6.7992893e+00	4.6695232e-02
6.8210982e+00	2.5369289e-01
6.8429072e+00	5.1199648e-02
6.8647161e+00	-1.8298975e-01
6.8865251e+00	-1.0605445e-01
6.9083340e+00	1.1843196e-01
6.9301429e+00	-1.0886319e-02
6.9519519e+00	-2.4727961e-02
6.9737608e+00	-1.5116418e-01
6.9955698e+00	-1.7657754e-01
7.0173787e+00	-5.3479007e-02
7.0391876e+00	2.2295430e-01
7.0609966e+00	1.5274920e-01
7.0828055e+00	4.0656902e-01
7.1046144e+00	5.1417226e-01
7.1264234e+00	3.0395677e-01
7.1482323e+00	3.6178627e-02
7.1700413e+00	2.0118458e-01
7.1918502e+00	1.5209969e-01
7.2136591e+00	8.5280994e-02
7.2354681e+00	-1.0860927e-01
7.2572770e+00	-2.1055472e-01
7.2790859e+00	-1.1918017e-02
7.3008949e+00	2.3565631e-02
7.3227038e+00	-1.8221616e-01
7.3445128e+00	-3.2692524e-01
7.3663217e+00	5.2565289e-02
7.3881306e+00	1.2282185e-01
7.4099396e+00	1.9541901e-01
7.4317485e+00	5.4300329e-02
7.4535575e+00	6.1555273e-02
7.4753664e+00	8.7863314e-03
7.4971753e+00	-9.6688222e-02
7.5189843e+00	-8.9867465e-02
7.5407932e+00	-1.2452956e-02
7.5626021e+00	1.0147187e-01
7.5844111e+00	6.9344239e-02
7.6062200e+00	-3.9540021e-02
7.6280290e+00	3.0222056e-02
7.6498379e+00	-1.3126228e-01
7.6716468e+00	1.1738791e-01
7.6934558e+00	2.4108072e-01
7.7152647e+00	-6.4975413e-02
7.7370737e+00	-1.8907664e-01
7.7588826e+00	-1.5711691e-01
7.7806915e+00	1.2960133e-01
7.8025005e+00	3.5288684e-02
7.8243094e+00	7.3772390e-02
7.8461183e+00	6.4974454e-02
7.8679273e+00	-1.9553211e-01
7.8897362e+00	6.4062535e-02
7.9115452e+00	2.2884191e-01
7.9333541e+00	6.7299195e-02
7.9551630e+00	-1.3087583e-01
7.9769720e+00	-2.7198520e-02
7.9987809e+00	6.9532058e-02
8.0205898e+00	-8.7908212e-02
8.0423988e+00	2.6055356e-01
8.0642077e+00	1.1500406e-01
8.0860167e+00	-2.1747225e-01
8.1078256e+00	-3.3608182e-01
8.1296345e+00	8.4280932e-02
8.1514435e+00	8.1835312e-02
8.1732524e+00	1.0566939e-02
8.1950614e+00	6.7335474e-02
8.2168703e+00	1.8442900e-01
8.2386792e+00	1.4595130e-01
8.2604882e+00	-3.0268784e-01
8.2822971e+00	4.5032477e-02
8.3041060e+00	3.9616274e-01
8.3259150e+00	7.2117971e-02
8.3477239e+00	-9.4717135e-02
8.3695329e+00	2.4241291e-01
8.3913418e+00	4.2583741e-01
8.4131507e+00	-9.6717839e-02
8.4349597e+00	-1.0926022e-01
8.4567686e+00	-5.0141634e-02
8.4785775e+00	1.4169270e-01
8.5003865e+00	2.4123248e-02
8.5221954e+00	-2.2034430e-01
8.5440044e+00	9.5062741e-02
8.5658133e+00	-3.1405168e-02
8.5876222e+00	1.9448972e-01
8.6094312e+00	1.1243829e-01
8.6312401e+00	1.3538955e-01
8.6530491e+00	1.1846445e-02
8.6748580e+00	-1.0964207e-01
8.6966669e+00	-2.2175515e-01
8.7184759e+00	-1.4720356e-01
8.7402848e+00	-5.9856275e-02
8.7620937e+00	1.3553634e-01
8.7839027e+00	8.3954767e-03
8.8057116e+00	-6.6332707e-02
8.8275206e+00	1.6468559e-01
8.8493295e+00	3.7904966e-01
8.8711384e+00	6.2104313e-02
8.8929474e+00	7.5799786e-02
8.9147563e+00	7.6508094e-02
8.9365652e+00	-7.0344555e-02
8.9583742e+00	1.4624328e-01
8.9801831e+00	-2.0507873e-01
9.0019921e+00	-2.3605329e-01
9.0238010e+00	5.5468812e-02
9.0456099e+00	3.6216817e-01
9.0674189e+00	1.4780301e-01
9.0892278e+00	-2.2820188e-01
9.1110368e+00	7.4025296e-02
9.1328457e+00	1.4520901e-01
9.1546546e+00	-1.1529491e-02
9.1764636e+00	-5.7407160e-03
9.1982725e+00	-2.7194294e-02
9.2200814e+00	-1.7219732e-02
9.2418904e+00	-1.1474721e-02
9.2636993e+00	2.6418494e-02
9.2855083e+00	2.3970475e-01
9.3073172e+00	-2.7909289e-02
9.3291261e+00	-2.3722002e-01
9.3509351e+00	9.1140808e-02
9.3727440e+00	1.0497574e-01
9.3945530e+00	-2.4709588e-01
9.4163619e+00	8.7762716e-02
9.4381708e+00	2.7045480e-01
9.4599798e+00	1.9504327e-01
9.4817887e+00	6.8273051e-02
9.5035976e+00	-2.2755012e-01
9.5254066e+00	1.1275459e-01
9.5472155e+00	-1.7418045e-02
9.5690245e+00	-1.1864298e-01
9.5908334e+00	-2.1155912e-01
9.6126423e+00	2.4863412e-01
9.6344513e+00	3.0812621e-01
9.6562602e+00	3.1444863e-02
9.6780691e+00	-1.1634739e-01
9.6998781e+00	-2.1868286e-01
9.7216870e+00	1.5691407e-01
9.7434960e+00	1.1395839e-01
9.7653049e+00	6.1295004e-02
9.7871138e+00	-2.6108476e-02
9.8089228e+00	1.2546588e-01
9.8307317e+00	3.5032564e-01
9.8525407e+00	8.5489035e-02
9.8743496e+00	-1.5906978e-01
9.8961585e+00	-1.2563213e-01
9.9179675e+00	3.2279282e-01
9.9397764e+00	6.7824339e-01
9.9615853e+00	4.7100785e-01
9.9833943e+00	6.5897374e-01
1.0005203e+01	4.8430126e-01
1.0027012e+01	1.9550943e-01
1.0048821e+01	-1.6997729e-01
1.0070630e+01	-1.9443229e-01
1.0092439e+01	1.1226848e-02
1.0114248e+01	2.0708355e-01
1.0136057e+01	4.2239772e-01
1.0157866e+01	5.0987746e-01
1.0179675e+01	2.4544135e-01
1.0201484e+01	1.4555194e-01
1.0223293e+01	1.3835317e-01
1.0245102e+01	-2.6409492e-01
1.0266910e+01	-7.6890658e-02
1.0288719e+01	-1.0730520e-01
1.0310528e+01	-8.7483247e-02
1.0332337e+01	6.2355600e-01
1.0354146e+01	1.7791289e+00
1.0375955e+01	2.3087394e+00
1.0397764e+01	1.9397913e+00
1.0419573e+01	2.7144683e+00
1.0441382e+01	3.2535043e+00
1.0463191e+01	3.9977631e+00
1.0485000e+01	5.7307986e+00
1.0506809e+01	7.5489545e+00
1.0528618e+01	8.9168447e+00
1.0550427e+01	9.9337530e+00
1.0572236e+01	1.0144063e+01
1.0594045e+01	1.0296069e+01
1.0615853e+01	1.0691645e+01
1.0637662e+01	1.0237814e+01
1.0659471e+01	9.3447998e+00
1.0681280e+01	7.8633570e+00
1.0703089e+01	5.3080890e+00
1.0724898e+01	3.2380397e+00
1.0746707e+01	1.8145829e+00
1.0768516e+01	6.9916239e-01
1.0790325e+01	1.3461202e-01
1.0812134e+01	1.7573516e-01
1.0833943e+01	8.5815879e-02
1.0855752e+01	1.8519362e-01
1.0877561e+01	-3.5529810e-01
1.0899370e+01	-7.4436325e-02
1.0921179e+01	2.7752032e-03
1.0942988e+01	-2.9836622e-02
1.0964796e+01	3.3582273e-01
1.0986605e+01	6.9441167e-01
1.1008414e+01	6.3476367e-01
1.1030223e+01	7.2277172e-01
1.1052032e+01	9.5650680e-01
1.1073841e+01	1.2437596e+00
1.1095650e+01	1.5585909e+00
1.1117459e+01	1.5237913e+00
1.1139268e+01	1.5461716e+00
1.1161077e+01	1.9208224e+00
1.1182886e+01	2.6269146e+00
1.1204695e+01	2.8951188e+00
1.1226504e+01	3.2976357e+00
1.1248313e+01	2.5319360e+00
1.1270122e+01	5.8688145e-01
1.1291931e+01	1.0562775e-02
1.1313740e+01	-9.5956439e-02
1.1335548e+01	7.5412975e-02
1.1357357e+01	2.2947931e-01
1.1379166e+01	1.8975659e-01
1.1400975e+01	-2.1897972e-02
1.1422784e+01	-2.3553237e-01
1.1444593e+01	-4.7304279e-02
1.1466402e+01	-1.6191433e-01
1.1488211e+01	5.1963952e-02
1.1510020e+01	1.0555606e-01
1.1531829e+01	-2.2064459e-01
1.1553638e+01	8.1390876e-02
1.1575447e+01	1.1741709e-01
1.1597256e+01	-7.5052936e-02
1.1619065e+01	1.8178529e-01
1.1640874e+01	9.4741463e-02
1.1662683e+01	-1.2709802e-01
1.1684491e+01	-1.2294332e-01
1.1706300e+01	7.0819739e-02
1.1728109e+01	3.5040119e-01
1.1749918e+01	3.4373808e-01
1.1771727e+01	-1.3487396e-01
1.1793536e+01	-9.8217084e-02
1.1815345e+01	4.5965157e-02
1.1837154e+01	3.8763690e-02
1.1858963e+01	2.5836718e-01
1.1880772e+01	5.1554065e-02
1.1902581e+01	-1.1879331e-02
1.1924390e+01	3.8723772e-02
1.1946199e+01	4.6705270e-01
1.1968008e+01	5.3841286e-01
1.1989817e+01	3.7594422e-01
1.2011626e+01	1.3605805e-01
1.2033434e+01	-2.9702447e-01
1.2055243e+01	-3.9364566e-01
1.2077052e+01	1.3630964e-02
1.2098861e+01	4.5919942e-01
1.2120670e+01	2.2394025e-01
1.2142479e+01	4.2480192e-01
1.2164288e+01	2.0844176e-01
1.2186097e+01	1.5754588e-01
1.2207906e+01	5.0706313e-02
1.2229715e+01	3.9611987e-01
1.2251524e+01	2.9610171e-01
1.2273333e+01	-3.5254498e-02
1.2295142e+01	9.2866781e-02
1.2316951e+01	-1.5348149e-01
1.2338760e+01	-1.0267844e-01
1.2360569e+01	-1.3833636e-01
1.2382377e+01	-6.0549251e-02
1.2404186e+01	-6.8877158e-02
1.2425995e+01	1.8576056e-01
1.2447804e+01	3.9916084e-01
1.2469613e+01	2.0702761e-01
1.2491422e+01	-8.2230577e-02
1.2513231e+01	-1.7268261e-01
1.2535040e+01	-3.7045878e-02
1.2556849e+01	2.9851821e-01
1.2578658e+01	3.1833140e-01
1.2600467e+01	4.7844857e-01
1.2622276e+01	6.8808525e-02
1.2644085e+01	6.7058859e-02
1.2665894e+01	3.3804465e-01
1.2687703e+01	4.9881618e-02
1.2709512e+01	-1.9163903e-01
1.2731320e+01	-3.1942551e-02
1.2753129e+01	2.7232268e-01
1.2774938e+01	-4.0452637e-02
1.2796747e+01	-2.6061050e-01
1.2818556e+01	-3.2540186e-02
1.2840365e+01	5.1279027e-02
1.2862174e+01	-9.4681642e-03
1.2883983e+01	1.4137644e-01
1.2905792e+01	-5.1796725e-02
1.2927601e+01	-5.8340545e-02
1.2949410e+01	6.2235956e-02
1.2971219e+01	7.3210781e-02
1.2993028e+01	1.0736341e-01
1.3014837e+01	3.4408358e-01
1.3036646e+01	6.3160349e-01
1.3058455e+01	1.2231833e+00
1.3080264e+01	2.0620380e+00
1.3102072e+01	2.2717405e+00
1.3123881e+01	1.7907148e+00
1.3145690e+01	1.8222840e+00
1.3167499e+01	1.6541309e+00
1.3189308e+01	1.6239326e+00
1.3211117e+01	1.9821530e+00
1.3232926e+01	2.1707811e+00
1.3254735e+01	2.1491359e+00
1.3276544e+01	1.0338403e+00
1.3298353e+01	1.6567846e-01
1.3320162e+01	-1.5814881e-01
1.3341971e+01	-5.7974040e-01
1.3363780e+01	3.1643234e-02
1.3385589e+01	2.7341731e-01
1.3407398e+01	1.7635661e-01
1.3429207e+01	-1.2833088e-02
1.3451015e+01	1.9502470e-01
1.3472824e+01	1.5280808e-02
1.3494633e+01	4.8311201e-03
1.3516442e+01	7.0543246e-02
1.3538251e+01	-1.4267998e-01
1.3560060e+01	-1.8174168e-01
1.3581869e+01	1.2815085e-01
1.3603678e+01	1.4800225e-01
1.3625487e+01	1.6016730e-01
1.3647296e+01	-5.5500252e-02
1.3669105e+01	5.7945201e-02
1.3690914e+01	5.5164602e-02
1.3712723e+01	-2.2178889e-01
1.3734532e+01	1.9885113e-03
1.3756341e+01	1.4935548e-01
1.3778150e+01	1.4400535e-02
1.3799958e+01	-9.7478742e-02
1.3821767e+01	-8.7366789e-02
1.3843576e+01	-1.2220617e-01
1.3865385e+01	3.6430303e-02
1.3887194e+01	9.7903074e-02
1.3909003e+01	-1.8935743e-01
1.3930812e+01	2.6706828e-02
1.3952621e+01	2.8409572e-01
1.3974430e+01	6.2515369e-02
1.3996239e+01	6.3437584e-02
1.4018048e+01	-9.8486516e-02
1.4039857e+01	-5.8953689e-02
1.4061666e+01	-3.7947217e-02
1.4083475e+01	1.5505309e-01
1.4105284e+01	8.1841618e-02
1.4127093e+01	-1.4343403e-01
1.4148901e+01	1.1553157e-01
1.4170710e+01	2.4004807e-02
1.4192519e+01	-5.8272760e-02
1.4214328e+01	-1.3549663e-01
1.4236137e+01	-2.4361537e-02
1.4257946e+01	1.5223312e-01
1.4279755e+01	-1.0942654e-02
1.4301564e+01	5.8286586e-02
1.4323373e+01	2.0052763e-01
1.4345182e+01	-1.3680871e-01
1.4366991e+01	-2.4304323e-02
1.4388800e+01	9.8093991e-02
1.4410609e+01	-2.8920069e-02
1.4432418e+01	-2.5610203e-02
1.4454227e+01	6.3161219e-02
1.4476036e+01	-3.8920155e-02
1.4497844e+01	-1.6604250e-01
1.4519653e+01	-1.9421136e-01
1.4541462e+01	1.0135433e-01
1.4563271e+01	1.5096928e-01
1.4585080e+01	5.5421504e-02
1.4606889e+01	-1.2963280e-01
1.4628698e+01	-4.3007266e-02
1.4650507e+01	1.0216532e-01
1.4672316e+01	4.2711005e-01
1.4694125e+01	1.0325979e+00
1.4715934e+01	1.6035585e+00
1.4737743e+01	2.1812244e+00
1.4759552e+01	2.3077681e+00
1.4781361e+01	2.3009663e+00
1.4803170e+01	2.5575264e+00
1.4824979e+01	2.6431821e+00
1.4846787e+01	2.9268450e+00
1.4868596e+01	3.7113175e+00
1.4890405e+01	4.0014303e+00
1.4912214e+01	4.1088299e+00
1.4934023e+01	3.4579829e+00
1.4955832e+01	3.0218989e+00
1.4977641e+01	2.5294084e+00
1.4999450e+01	2.1992420e+00
1.5021259e+01	1.7767303e+00
1.5043068e+01	1.3744988e+00
1.5064877e+01	8.8875611e-01
1.5086686e+01	4.7217881e-01
1.5108495e+01	8.9768441e-02
1.5130304e+01	-1.3146038e-01
1.5152113e+01	-1.4013050e-01
1.5173922e+01	1.3116805e-01
1.5195731e+01	5.7311700e-01
1.5217539e+01	1.1300382e+00
1.5239348e+01	1.3259881e+00
1.5261157e+01	9.2790310e-01
1.5282966e+01	4.2753869e-01
1.5304775e+01	5.6570828e-01
1.5326584e+01	7.6723095e-01
1.5348393e+01	1.0471698e+00
1.5370202e+01	1.0962978e+00
1.5392011e+01	8.2169993e-01
1.5413820e+01	2.3344627e-01
1.5435629e+01	-3.7665248e-02
1.5457438e+01	1.2493984e-02
1.5479247e+01	1.2236352e-02
1.5501056e+01	-1.0665340e-01
1.5522865e+01	-7.3839601e-02
1.5544674e+01	6.6086157e-02
1.5566482e+01	5.6698048e-02
1.5588291e+01	3.1733772e-01
1.5610100e+01	4.6080098e-01
1.5631909e+01	9.7560727e-01
1.5653718e+01	1.1205109e+00
1.5675527e+01	1.2562602e+00
1.5697336e+01	9.3619055e-01
1.5719145e+01	3.4994115e-01
1.5740954e+01	3.1841381e-02
1.5762763e+01	2.0931299e-02
1.5784572e+01	-1.4993031e-02
1.5806381e+01	-1.4239157e-01
1.5828190e+01	-5.8003994e-02
1.5849999e+01	-1.7655681e-01
1.5871808e+01	2.0873295e-02
1.5893617e+01	1.9070755e-02
1.5915425e+01	7.7774911e-02
1.5937234e+01	9.9241884e-02
1.5959043e+01	1.8008100e-01
1.5980852e+01	-9.4567914e-02
1.6002661e+01	-2.1298612e-01
1.6024470e+01	-6.1970076e-02
1.6046279e+01	4.9462275e-02
1.6068088e+01	-1.2803995e-02
1.6089897e+01	-2.9493437e-02
1.6111706e+01	4.7737752e-02
1.6133515e+01	1.9240281e-01
1.6155324e+01	2.2106421e-01
1.6177133e+01	8.2541387e-02
1.6198942e+01	6.3766316e-02
1.6220751e+01	-8.5782752e-02
1.6242560e+01	-1.7952120e-01
1.6264368e+01	-2.8036047e-01
1.6286177e+01	-4.4929073e-02
1.6307986e+01	1.2621883e-01
1.6329795e+01	1.6299499e-01
1.6351604e+01	4.1290037e-02
1.6373413e+01	-2.0417155e-01
1.6395222e+01	5.9136891e-02
1.6417031e+01	1.8954069e-01
1.6438840e+01	7.0525270e-02
1.6460649e+01	-8.8243911e-02
1.6482458e+01	-1.1498976e-01
1.6504267e+01	-4.2119181e-02
1.6526076e+01	6.8211584e-02
1.6547885e+01	3.7041757e-01
1.6569694e+01	9.6963886e-01
1.6591503e+01	2.0943196e+00
1.6613311e+01	3.5102638e+00
1.6635120e+01	4.7131267e+00
1.6656929e+01	5.1450044e+00
1.6678738e+01	4.9178049e+00
1.6700547e+01	4.3215945e+00
1.6722356e+01	4.3231051e+00
1.6744165e+01	4.6952129e+00
1.6765974e+01	5.2007470e+00
1.6787783e+01	5.6539306e+00
1.6809592e+01	6.0290236e+00
1.6831401e+01	5.8773974e+00
1.6853210e+01	4.9033749e+00
1.6875019e+01	3.1497652e+00
1.6896828e+01	1.7947636e+00
1.6918637e+01	9.3062103e-01
1.6940446e+01	6.0142368e-01
1.6962254e+01	2.2525164e-01
1.6984063e+01	-1.0622340e-02
1.7005872e+01	-1.5180539e-01
1.7027681e+01	1.7382803e-01
1.7049490e+01	2.2797350e-01
1.7071299e+01	-1.5721560e-01
1.7093108e+01	-2.4176830e-01
1.7114917e+01	2.5871736e-02
1.7136726e+01	-9.0067229e-02
1.7158535e+01	-7.1624965e-02
1.7180344e+01	9.9161536e-02
1.7202153e+01	1.9677621e-01
1.7223962e+01	-1.7957995e-02
1.7245771e+01	-1.8915570e-02
1.7267580e+01	1.2462202e-01
1.7289389e+01	-3.5613720e-02
1.7311198e+01	-5.8849009e-02
1.7333006e+01	-3.4892637e-02
1.7354815e+01	-1.0755441e-01
1.7376624e+01	5.6139232e-02
1.7398433e+01	1.6832866e-01
1.7420242e+01	-1.2757194e-02
1.7442051e+01	-4.9769561e-02
1.7463860e+01	-3.4939861e-02
1.7485669e+01	1.6514577e-01
1.7507478e+01	2.6875161e-02
1.7529287e+01	-2.2810175e-01
1.7551096e+01	-1.4650334e-01
1.7572905e+01	-5.5449628e-02
1.7594714e+01	1.1291962e-01
1.7616523e+01	2.4552828e-01
1.7638332e+01	-1.3268470e-02
1.7660141e+01	8.8955111e-02
1.7681949e+01	3.7918594e-02
1.7703758e+01	6.0307481e-04
1.7725567e+01	-1.2969863e-01
1.7747376e+01	-7.3839785e-02
1.7769185e+01	-1.2913601e-02
1.7790994e+01	9.6765464e-02
1.7812803e+01	2.0442096e-01
1.7834612e+01	-3.4405098e-02
1.7856421e+01	-2.1815795e-02
1.7878230e+01	-1.3676309e-01
1.7900039e+01	-5.8577361e-02
1.7921848e+01	1.5793757e-01
1.7943657e+01	4.2238103e-03
1.7965466e+01	-1.8867688e-01
1.7987275e+01	-6.5057312e-02
1.8009084e+01	1.7430387e-01
1.8030892e+01	1.0280095e-01
1.8052701e+01	1.3736937e-01
1.8074510e+01	1.7726643e-02
1.8096319e+01	-1.0280309e-01
1.8118128e+01	1.3931375e-01
1.8139937e+01	7.2553131e-02
1.8161746e+01	-1.1818512e-01
1.8183555e+01	-1.0747952e-01
1.8205364e+01	-8.7950411e-02
1.8227173e+01	-1.7009821e-02
1.8248982e+01	-1.5019657e-01
1.8270791e+01	-1.6177404e-01
1.8292600e+01	-1.3121421e-01
1.8314409e+01	-6.9552725e-02
1.8336218e+01	1.2816431e-01
1.8358027e+01	2.2321664e-01
1.8379835e+01	1.4861370e-01
1.8401644e+01	1.8123632e-01
1.8423453e+01	1.8610789e-02
1.8445262e+01	-1.3708053e-01
1.8467071e+01	3.5401677e-01
1.8488880e+01	6.3791527e-01
1.8510689e+01	9.4949208e-01
1.8532498e+01	9.1620448e-01
1.8554307e+01	8.6980274e-01
1.8576116e+01	5.7212213e-01
1.8597925e+01	1.2330591e-01
1.8619734e+01	1.2584741e-02
1.8641543e+01	7.2700061e-02
1.8663352e+01	1.5481563e-01
1.8685161e+01	2.0755908e-01
1.8706970e+01	5.1614796e-02
1.8728778e+01	-4.8482579e-02
1.8750587e+01	-3.1425495e-01
1.8772396e+01	-1.9598684e-01
1.8794205e+01	-7.6295619e-02
1.8816014e+01	-8.4447814e-02
1.8837823e+01	3.4579668e-02
1.8859632e+01	2.0136836e-01
1.8881441e+01	-2.5039947e-02
1.8903250e+01	-1.9188577e-01
1.8925059e+01	4.9890401e-02
1.8946868e+01	1.3335717e-01
1.8968677e+01	2.5817420e-02
1.8990486e+01	6.1755490e-03
1.9012295e+01	3.7536739e-02
1.9034104e+01	-1.0304934e-01
1.9055913e+01	1.2441350e-02
1.9077721e+01	5.3749431e-02
1.9099530e+01	-3.0858363e-02
1.9121339e+01	-1.1346214e-01
1.9143148e+01	-1.2266009e-01
1.9164957e+01	1.2482435e-01
1.9186766e+01	3.3743139e-02
1.9208575e+01	8.2045623e-02
1.9230384e+01	-3.9953870e-02
1.9252193e+01	-1.1946675e-01
1.9274002e+01	3.0905657e-02
1.9295811e+01	8.3043958e-02
1.9317620e+01	2.0020770e-02
1.9339429e+01	1.5406882e-01
1.9361238e+01	5.0569205e-01
1.9383047e+01	4.3349484e-01
1.9404856e+01	4.0461293e-01
1.9426665e+01	1.3426544e-01
1.9448473e+01	2.4929943e-02
1.9470282e+01	1.3235919e-01
1.9492091e+01	-7.7539858e-02
1.9513900e+01	-1.8755571e-01
1.9535709e+01	-2.4868876e-01
1.9557518e+01	-1.4706451e-03
1.9579327e+01	1.2625662e-01
1.9601136e+01	1.0156495e-01
1.9622945e+01	3.9558057e-02
1.9644754e+01	-2.1932666e-01
1.9666563e+01	-1.4331432e-01
1.9688372e+01	-1.0547321e-01
1.9710181e+01	-2.7646453e-03
1.9731990e+01	6.1505439e-02
1.9753799e+01	9.3285156e-02
1.9775608e+01	1.6880903e-01
1.9797416e+01	2.5253212e-02
1.9819225e+01	-3.7517559e-02
1.9841034e+01	-1.0585605e-01
1.9862843e+01	-2.0251491e-03
1.9884652e+01	2.5265742e-01
1.9906461e+01	1.2471636e-01
1.9928270e+01	1.8563176e-01
1.9950079e+01	1.4882154e-03
1.9971888e+01	-3.9808410e-02
1.9993697e+01	-1.8802679e-01
2.0015506e+01	-5.0856375e-02
2.0037315e+01	-8.9972117e-02
2.0059124e+01	7.6344542e-02
2.0080933e+01	5.3373577e-01
2.0102742e+01	9.9458727e-01
2.0124551e+01	1.5722769e+00
2.0146359e+01	2.2450766e+00
2.0168168e+01	2.4850542e+00
2.0189977e+01	2.4521665e+00
2.0211786e+01	2.6849115e+00
2.0233595e+01	3.0625750e+00
2.0255404e+01	3.5135319e+00
2.0277213e+01	4.3551571e+00
2.0299022e+01	5.4496774e+00
2.0320831e+01	6.4163247e+00
2.0342640e+01	6.9490139e+00
2.0364449e+01	6.9600299e+00
2.0386258e+01	6.4485855e+00
2.0408067e+01	5.6686557e+00
2.0429876e+01	5.2623892e+00
2.0451685e+01	4.9063460e+00
2.0473494e+01	4.6973720e+00
2.0495302e+01	4.6482149e+00
2.0517111e+01	4.7878437e+00
2.0538920e+01	4.7152564e+00
2.0560729e+01	4.3869336e+00
2.0582538e+01	3.6703673e+00
2.0604347e+01	2.9722575e+00
2.0626156e+01	2.0532999e+00
2.0647965e+01	1.0632424e+00
2.0669774e+01	4.2300596e-01
2.0691583e+01	1.4380539e-01
2.0713392e+01	3.5554175e-01
2.0735201e+01	6.9135783e-03
2.0757010e+01	-7.2778175e-02
2.0778819e+01	1.4513369e-02
2.0800628e+01	-6.3796541e-02
2.0822437e+01	-7.0199434e-02
2.0844245e+01	-1.3811992e-01
2.0866054e+01	-3.1467197e-02
2.0887863e+01	6.7295294e-02
2.0909672e+01	-1.2788766e-01
2.0931481e+01	8.9832726e-02
2.0953290e+01	2.2235088e-01
2.0975099e+01	7.1561374e-01
2.0996908e+01	9.4752928e-01
2.1018717e+01	1.5215272e+00
2.1040526e+01	2.5038932e+00
2.1062335e+01	3.2331649e+00
2.1084144e+01	3.9101790e+00
2.1105953e+01	4.7388843e+00
2.1127762e+01	4.7579614e+00
2.1149571e+01	4.7541519e+00
2.1171380e+01	4.9038646e+00
2.1193188e+01	5.5499402e+00
2.1214997e+01	6.4252654e+00
2.1236806e+01	7.0816827e+00
2.1258615e+01	7.8410910e+00
2.1280424e+01	8.4043099e+00
2.1302233e+01	8.8273180e+00
2.1324042e+01	8.9545872e+00
2.1345851e+01	9.0973920e+00
2.1367660e+01	9.1244731e+00
2.1389469e+01	8.6514103e+00
2.1411278e+01	7.7216052e+00
2.1433087e+01	6.6756354e+00
2.1454896e+01	6.3914288e+00
2.1476705e+01	5.9999600e+00
2.1498514e+01	6.1981586e+00
2.1520323e+01	7.2135163e+00
2.1542132e+01	7.5120309e+00
2.1563940e+01	8.1247980e+00
2.1585749e+01	8.4280683e+00
2.1607558e+01	7.8468765e+00
2.1629367e+01	6.7050132e+00
2.1651176e+01	5.0433722e+00
2.1672985e+01	3.3833822e+00
2.1694794e+01	1.8928467e+00
2.1716603e+01	9.0090264e-01
2.1738412e+01	5.1701054e-01
2.1760221e+01	1.7233012e-01
2.1782030e+01	7.6355475e-02
2.1803839e+01	-2.2347486e-01
2.1825648e+01	-9.8572198e-02
2.1847457e+01	-8.6077033e-03
2.1869266e+01	-3.9051227e-02
2.1891075e+01	4.7012976e-02
2.1912883e+01	1.1841565e-01
2.1934692e+01	1.7259686e-02
2.1956501e+01	1.1816860e-01
2.1978310e+01	-7.4202147e-02
2.2000119e+01	-1.4711116e-02
2.2021928e+01	2.9611984e-02
2.2043737e+01	4.1945322e-02
2.2065546e+01	-1.5623003e-01
2.2087355e+01	-2.2012246e-01
2.2109164e+01	-2.8453857e-02
2.2130973e+01	1.0815128e-01
2.2152782e+01	1.7296423e-01
2.2174591e+01	1.1995520e-02
2.2196400e+01	-3.9321036e-02
2.2218209e+01	6.2422312e-02
2.2240018e+01	1.3100830e-01
2.2261826e+01	-1.3048695e-01
2.2283635e+01	-1.0544271e-01
2.2305444e+01	1.4721010e-01
2.2327253e+01	-1.0207608e-01
2.2349062e+01	-6.6982781e-02
2.2370871e+01	1.0112259e-01
2.2392680e+01	5.5475806e-02
2.2414489e+01	-1.0721851e-02
2.2436298e+01	-8.6704714e-02
2.2458107e+01	1.3076488e-01
2.2479916e+01	-9.3888717e-02
2.2501725e+01	2.9451356e-02
2.2523534e+01	1.7760167e-02
2.2545343e+01	-9.9070993e-02
2.2567152e+01	-8.3687511e-02
2.2588961e+01	1.0527019e-01
2.2610769e+01	2.3037764e-02
2.2632578e+01	-5.9259828e-02
2.2654387e+01	1.1109641e-01
2.2676196e+01	1.2162514e-01
2.2698005e+01	3.8539919e-02
2.2719814e+01	-1.8228846e-01
2.2741623e+01	-1.3955904e-01
2.2763432e+01	1.3379934e-01
2.2785241e+01	2.3401459e-01
2.2807050e+01	4.8657766e-02
2.2828859e+01	-1.4217839e-01
2.2850668e+01	-1.1119623e-01
2.2872477e+01	7.3406957e-02
2.2894286e+01	1.8477510e-01
2.2916095e+01	-1.1678599e-01
2.2937904e+01	-1.0796377e-01
2.2959712e+01	-6.8251142e-02
2.2981521e+01	2.7913445e-02
2.3003330e+01	2.4607497e-01
2.3025139e+01	5.2227661e-02
2.3046948e+01	-2.5048209e-01
2.3068757e+01	-1.2072161e-01
2.3090566e+01	3.9761139e-02
2.3112375e+01	8.3849955e-02
2.3134184e+01	2.1744540e-01
2.3155993e+01	2.0147721e-01
2.3177802e+01	1.1984011e-01
2.3199611e+01	5.5056960e-02
2.3221420e+01	-3.9701256e-02
2.3243229e+01	-1.2713941e-01
2.3265038e+01	-2.7790570e-01
2.3286847e+01	-3.0060062e-01
2.3308655e+01	1.8492087e-01
2.3330464e+01	1.2580079e-01
2.3352273e+01	-1.2814579e-01
2.3374082e+01	2.1951617e-03
2.3395891e+01	1.0948196e-01
2.3417700e+01	8.8180866e-02
2.3439509e+01	-2.0715554e-02
2.3461318e+01	-3.1773438e-02
2.3483127e+01	4.7149919e-03
2.3504936e+01	1.1836094e-01
2.3526745e+01	6.3273769e-01
2.3548554e+01	1.0535018e+00
2.3570363e+01	1.7780976e+00
2.3592172e+01	2.6982947e+00
2.3613981e+01	3.6098843e+00
2.3635790e+01	5.1555420e+00
2.3657599e+01	6.1414292e+00
2.3679407e+01	6.7899563e+00
2.3701216e+01	7.2249557e+00
2.3723025e+01	7.6177079e+00
2.3744834e+01	7.8989372e+00
2.3766643e+01	8.3185361e+00
2.3788452e+01	9.3005381e+00
2.3810261e+01	1.0422787e+01
2.3832070e+01	1.1220215e+01
2.3853879e+01	1.1420058e+01
2.3875688e+01	1.1048612e+01
2.3897497e+01	1.0362599e+01
2.3919306e+01	9.3774157e+00
2.3941115e+01	7.7239128e+00
2.3962924e+01	5.6319625e+00
2.3984733e+01	3.3865090e+00
2.4006542e+01	2.0192808e+00
2.4028350e+01	1.0701954e+00
2.4050159e+01	6.2021511e-01
2.4071968e+01	9.6266417e-02
2.4093777e+01	-1.3549107e-01
2.4115586e+01	-1.3747051e-01
2.4137395e+01	3.5053509e-01
2.4159204e+01	-8.6006149e-02
2.4181013e+01	-2.3909343e-03
2.4202822e+01	1.7688041e-01
2.4224631e+01	8.3546139e-02
2.4246440e+01	8.3258151e-02
2.4268249e+01	6.4963280e-02
2.4290058e+01	-1.2533142e-01
2.4311867e+01	-1.5846171e-01
2.4333676e+01	-2.2124188e-01
2.4355485e+01	-5.0181336e-02
2.4377293e+01	2.9222722e-01
2.4399102e+01	1.4760211e-01
2.4420911e+01	1.0619837e-01
2.4442720e+01	-7.9097112e-02
2.4464529e+01	2.5532306e-01
2.4486338e+01	1.7394530e-01
2.4508147e+01	-3.4377925e-02
2.4529956e+01	-4.1818257e-02
2.4551765e+01	1.8517889e-02
2.4573574e+01	5.7858433e-01
2.4595383e+01	7.4860604e-01
2.4617192e+01	6.0135457e-01
2.4639001e+01	5.5336635e-01
2.4660810e+01	1.7802448e-02
2.4682619e+01	-6.0085326e-02
2.4704428e+01	2.7672075e-01
2.4726236e+01	6.2459603e-02
2.4748045e+01	-1.1548265e-01
2.4769854e+01	-1.6152774e-01
2.4791663e+01	-1.0836228e-01
2.4813472e+01	4.2872105e-03
2.4835281e+01	1.3792963e-02
2.4857090e+01	-1.0933548e-01
2.4878899e+01	9.7148589e-02
2.4900708e+01	1.2643006e-01
2.4922517e+01	-5.5521806e-02
2.4944326e+01	-7.8446966e-02
2.4966135e+01	2.4889660e-02
2.4987944e+01	1.4361752e-01
2.5009753e+01	-2.7009368e-02
2.5031562e+01	-1.8508043e-01
2.5053371e+01	1.2900057e-01
2.5075179e+01	-6.2570879e-02
2.5096988e+01	-5.1928523e-02
2.5118797e+01	-8.1650036e-02
2.5140606e+01	1.1447217e-01
2.5162415e+01	3.3683083e-01
2.5184224e+01	1.7949686e-01
2.5206033e+01	1.1996420e-01
2.5227842e+01	1.0644597e-01
2.5249651e+01	-2.4355926e-01
2.5271460e+01	-9.1970966e-03
2.5293269e+01	2.8061849e-01
2.5315078e+01	5.2161734e-02
2.5336887e+01	-3.6397609e-02
2.5358696e+01	-1.0119036e-01
2.5380505e+01	-9.1397802e-02
2.5402314e+01	3.4765414e-02
2.5424123e+01	2.1893771e-02
2.5445931e+01	-7.8819132e-02
2.5467740e+01	-4.2266732e-03
2.5489549e+01	-1.9037462e-02
2.5511358e+01	4.7889600e-02
2.5533167e+01	6.4929623e-02
2.5554976e+01	7.0929561e-03
2.5576785e+01	7.9980248e-02
2.5598594e+01	-8.9888744e-03
2.5620403e+01	-7.0809893e-02
2.5642212e+01	9.4546994e-02
2.5664021e+01	-8.0129664e-02
2.5685830e+01	-1.3577470e-01
2.5707639e+01	-1.8017471e-02
2.5729448e+01	-1.4916475e-01
2.5751257e+01	4.1666730e-02
2.5773066e+01	3.6394922e-01
2.5794874e+01	9.8423705e-02
2.5816683e+01	1.1509699e-01
2.5838492e+01	6.9182079e-02
2.5860301e+01	9.6107304e-02
2.5882110e+01	-1.8757260e-01
2.5903919e+01	-1.4759065e-01
2.5925728e+01	-9.0485508e-02
2.5947537e+01	8.2797645e-02
2.5969346e+01	1.6781037e-01
2.5991155e+01	-1.3052076e-01
2.6012964e+01	2.0712431e-01
2.6034773e+01	1.3152093e-02
2.6056582e+01	-1.6877985e-03
2.6078391e+01	1.6459740e-02
2.6100200e+01	-5.2497011e-02
2.6122009e+01	9.8076430e-04
2.6143817e+01	-4.4861904e-02
2.6165626e+01	5.0044370e-02
2.6187435e+01	3.6576166e-01
2.6209244e+01	3.0656032e-01
2.6231053e+01	2.8987539e-02
2.6252862e+01	2.9854241e-02
2.6274671e+01	-1.6187399e-01
2.6296480e+01	-9.4467680e-02
2.6318289e+01	3.0889320e-02
2.6340098e+01	6.4106564e-01
2.6361907e+01	9.5695143e-01
2.6383716e+01	1.4165371e+00
2.6405525e+01	1.8322389e+00
2.6427334e+01	1.9659364e+00
2.6449143e+01	1.8616779e+00
2.6470952e+01	1.7096067e+00
2.6492760e+01	1.5892103e+00
2.6514569e+01	1.5052220e+00
2.6536378e+01	1.2737512e+00
2.6558187e+01	1.4494033e+00
2.6579996e+01	1.6514597e+00
2.6601805e+01	1.9462287e+00
2.6623614e+01	2.3474607e+00
2.6645423e+01	2.4665802e+00
2.6667232e+01	2.6121034e+00
2.6689041e+01	2.4120568e+00
2.6710850e+01	1.8583757e+00
2.6732659e+01	1.2407975e+00
2.6754468e+01	7.5599369e-01
2.6776277e+01	2.5753651e-01
2.6798086e+01	-1.4199740e-02
2.6819895e+01	-1.4578633e-01
2.6841703e+01	6.2370366e-02
2.6863512e+01	3.5388834e-01
2.6885321e+01	5.7014408e-01
2.6907130e+01	6.3530290e-01
2.6928939e+01	8.8368404e-01
2.6950748e+01	9.9976074e-01
2.6972557e+01	9.5799823e-01
2.6994366e+01	8.7987777e-01
2.7016175e+01	4.5070357e-01
2.7037984e+01	1.8278989e-01
2.7059793e+01	-4.9644056e-02
2.7081602e+01	1.0746702e-01
2.7103411e+01	1.3153650e-01
2.7125220e+01	-1.7254141e-01
2.7147029e+01	-1.3443211e-01
2.7168838e+01	-1.1592473e-01
2.7190646e+01	-1.3300955e-01
2.7212455e+01	2.0748978e-02
2.7234264e+01	1.4012184e-01
2.7256073e+01	4.8401039e-02
2.7277882e+01	-2.9490255e-02
2.7299691e+01	-6.4995169e-03
2.7321500e+01	1.3050211e-01
2.7343309e+01	-2.8269132e-02
2.7365118e+01	-1.1768994e-01
2.7386927e+01	-2.2566137e-01
2.7408736e+01	-2.5210788e-02
2.7430545e+01	6.0734426e-03
2.7452354e+01	2.0746680e-02
2.7474163e+01	3.0402717e-01
2.7495972e+01	7.1582825e-01
2.7517781e+01	6.5081947e-01
2.7539590e+01	7.9941210e-01
2.7561398e+01	6.3192898e-01
2.7583207e+01	4.8889689e-01
2.7605016e+01	3.4779744e-01
2.7626825e+01	6.7369237e-02
2.7648634e+01	6.7607218e-02
2.7670443e+01	2.5878735e-01
2.7692252e+01	6.5348484e-01
2.7714061e+01	1.1187869e+00
2.7735870e+01	1.5184093e+00
2.7757679e+01	1.9031009e+00
2.7779488e+01	2.2954885e+00
2.7801297e+01	2.4195941e+00
2.7823106e+01	1.9997364e+00
2.7844915e+01	1.5660512e+00
2.7866724e+01	1.1519685e+00
2.7888533e+01	5.7998004e-01
2.7910341e+01	1.0590066e-01
2.7932150e+01	-5.3745011e-02
2.7953959e+01	-8.4389759e-04
2.7975768e+01	8.7929888e-02
2.7997577e+01	-1.2806767e-01
2.8019386e+01	-2.4587302e-02
2.8041195e+01	5.9905957e-02
2.8063004e+01	-2.0711201e-01
2.8084813e+01	-1.2318446e-02
2.8106622e+01	-6.4721912e-02
2.8128431e+01	-2.7709679e-01
2.8150240e+01	-2.8090698e-02
2.8172049e+01	-1.0749069e-01
2.8193858e+01	-6.0276146e-02
2.8215667e+01	9.9148222e-02
2.8237476e+01	1.3615926e-01
2.8259284e+01	7.6766276e-02
2.8281093e+01	9.7987366e-02
2.8302902e+01	1.4943150e-01
2.8324711e+01	9.4865623e-02
2.8346520e+01	1.4758464e-03
2.8368329e+01	-7.0465173e-02
2.8390138e+01	9.3456095e-02
2.8411947e+01	-1.1379856e-01
2.8433756e+01	1.1713182e-01
2.8455565e+01	3.4513017e-01
2.8477374e+01	5.7630635e-01
2.8499183e+01	1.2243777e+00
2.8520992e+01	2.0540986e+00
2.8542801e+01	2.2842567e+00
2.8564610e+01	2.4688284e+00
2.8586419e+01	2.3848052e+00
2.8608227e+01	2.0216996e+00
2.8630036e+01	1.6807942e+00
2.8651845e+01	1.2049623e+00
2.8673654e+01	7.0476253e-01
2.8695463e+01	3.4698436e-01
2.8717272e+01	5.4481880e-02
2.8739081e+01	-8.6655294e-02
2.8760890e+01	-1.2808551e-01
2.8782699e+01	9.6371931e-02
2.8804508e+01	9.6849661e-03
2.8826317e+01	-1.3843456e-01
2.8848126e+01	7.1492945e-02
2.8869935e+01	-1.3037639e-02
2.8891744e+01	-1.7278031e-01
2.8913553e+01	-1.0499193e-01
2.8935362e+01	-2.4133118e-02
2.8957170e+01	1.3630848e-02
2.8978979e+01	1.5521651e-01
2.9000788e+01	4.1112947e-02
2.9022597e+01	1.0968566e-01
2.9044406e+01	-3.9622805e-02
2.9066215e+01	7.3253166e-02
2.9088024e+01	5.9531243e-02
2.9109833e+01	-1.9638003e-01
2.9131642e+01	7.3854049e-02
2.9153451e+01	1.3063711e-01
2.9175260e+01	-7.8378509e-03
2.9197069e+01	-1.6202371e-01
2.9218878e+01	-5.6454362e-02
2.9240687e+01	4.0876927e-02
2.9262496e+01	3.3945052e-02
2.9284305e+01	1.3547583e-03
2.9306113e+01	8.7740833e-03
2.9327922e+01	5.1539719e-03
2.9349731e+01	6.2597424e-02
2.9371540e+01	-3.1488078e-02
2.9393349e+01	-1.3495341e-01
2.9415158e+01	4.1746446e-02
2.9436967e+01	2.8898754e-02
2.9458776e+01	5.5521874e-02
2.9480585e+01	9.1437721e-02
2.9502394e+01	4.1230069e-02
2.9524203e+01	-2.8750950e-02
2.9546012e+01	6.9824979e-02
2.9567821e+01	1.7201986e-01
2.9589630e+01	-1.8680585e-01
2.9611439e+01	-9.7455617e-02
2.9633248e+01	-1.1023013e-01
2.9655057e+01	-8.5629962e-02
2.9676865e+01	-1.2042371e-01
2.9698674e+01	-1.6187913e-01
2.9720483e+01	5.7429891e-02
2.9742292e+01	9.5781262e-02
2.9764101e+01	6.7050060e-02
2.9785910e+01	4.3948918e-02
2.9807719e+01	1.7705747e-01
2.9829528e+01	1.0813368e-01
2.9851337e+01	-1.4103472e-01
2.9873146e+01	-1.9696919e-01
2.9894955e+01	2.2569574e-01
2.9916764e+01	9.6630113e-02
2.9938573e+01	-2.3064129e-02
2.9960382e+01	9.7763687e-02
2.9982191e+01	5.9994042e-01
3.0004000e+01	9.1303492e-01
3.0025808e+01	1.3580775e+00
3.0047617e+01	1.6433216e+00
3.0069426e+01	2.0267915e+00
3.0091235e+01	2.1478125e+00
3.0113044e+01	2.3081480e+00
3.0134853e+01	2.0403204e+00
3.0156662e+01	1.6229439e+00
3.0178471e+01	1.3665869e+00
3.0200280e+01	1.0638339e+00
3.0222089e+01	7.0769899e-01
3.0243898e+01	3.9779967e-01
3.0265707e+01	5.4398892e-02
3.0287516e+01	3.3999320e-02
3.0309325e+01	1.4501421e-02
3.0331134e+01	-9.6943850e-02
3.0352943e+01	-3.7431918e-02
3.0374751e+01	-2.1800517e-01
3.0396560e+01	-7.1043954e-02
3.0418369e+01	-3.6914849e-02
3.0440178e+01	1.6402313e-01
3.0461987e+01	2.4460752e-02
3.0483796e+01	-3.1919559e-03
3.0505605e+01	2.0689784e-01
3.0527414e+01	-1.6319790e-02
3.0549223e+01	-1.5167908e-01
3.0571032e+01	-1.3635483e-01
3.0592841e+01	-1.4676995e-02
3.0614650e+01	5.7621371e-02
3.0636459e+01	-1.1651802e-01
3.0658268e+01	-4.0087611e-02
3.0680077e+01	7.2703796e-02
3.0701886e+01	8.8222933e-02
3.0723694e+01	2.0692127e-01
3.0745503e+01	6.0210204e-02
3.0767312e+01	8.9682804e-02
3.0789121e+01	1.6474802e-01
3.0810930e+01	-4.3519089e-03
3.0832739e+01	-1.2928848e-01
3.0854548e+01	-3.5370314e-02
3.0876357e+01	-1.0295667e-01
3.0898166e+01	6.7288512e-02
3.0919975e+01	-2.7057218e-02
3.0941784e+01	1.8238691e-01
3.0963593e+01	-4.8435089e-02
3.0985402e+01	-8.9354626e-02
3.1007211e+01	7.4342695e-02
3.1029020e+01	2.9058290e-02
3.1050829e+01	-6.9902942e-02
3.1072637e+01	-2.9819841e-02
3.1094446e+01	-8.3594735e-02
3.1116255e+01	-1.0569964e-01
3.1138064e+01	-1.1845059e-01
3.1159873e+01	-1.1213366e-01
3.1181682e+01	-4.8968546e-03
3.1203491e+01	-6.6147746e-02
3.1225300e+01	2.0623613e-01
3.1247109e+01	9.6438542e-02
3.1268918e+01	2.0398947e-01
3.1290727e+01	5.8570693e-02
3.1312536e+01	6.0191182e-02
3.1334345e+01	4.0338604e-02
3.1356154e+01	8.9152131e-02
3.1377963e+01	3.7372594e-02
3.1399772e+01	-7.7928941e-02
3.1421580e+01	4.0337384e-02
3.1443389e+01	-8.2624483e-02
3.1465198e+01	-2.2410189e-01
3.1487007e+01	-1.5747755e-01
3.1508816e+01	-7.3279152e-02
3.1530625e+01	-7.9319276e-02
3.1552434e+01	-3.5898439e-02
3.1574243e+01	1.0072329e-01
3.1596052e+01	2.3470174e-01
3.1617861e+01	1.5892281e-01
3.1639670e+01	1.3093481e-01
3.1661479e+01	4.4264578e-02
3.1683288e+01	-1.6146933e-01
3.1705097e+01	-9.0469472e-02
3.1726906e+01	-9.5147208e-02
3.1748715e+01	-6.0909726e-02
3.1770524e+01	1.0300594e-01
3.1792332e+01	2.5163243e-01
3.1814141e+01	4.2195190e-01
3.1835950e+01	6.6805130e-01
3.1857759e+01	1.0256296e+00
3.1879568e+01	1.1405730e+00
3.1901377e+01	1.4895685e+00
3.1923186e+01	1.4942772e+00
3.1944995e+01	1.5920672e+00
3.1966804e+01	1.4499145e+00
3.1988613e+01	1.2243513e+00
3.2010422e+01	8.3343367e-01
3.2032231e+01	4.6732462e-01
3.2054040e+01	2.0052326e-01
3.2075849e+01	-5.9697404e-02
3.2097658e+01	4.3046326e-02
3.2119467e+01	3.8482414e-02
3.2141275e+01	-8.1290037e-02
3.2163084e+01	-6.5158609e-03
3.2184893e+01	-1.0297574e-01
3.2206702e+01	-6.5072429e-02
3.2228511e+01	-4.1819538e-02
3.2250320e+01	-1.2722222e-01
3.2272129e+01	4.5622659e-02
3.2293938e+01	1.6297470e-01
3.2315747e+01	4.0806560e-02
3.2337556e+01	-1.0999806e-02
3.2359365e+01	-8.9685265e-02
3.2381174e+01	-1.1716143e-01
3.2402983e+01	4.7568151e-02
3.2424792e+01	-3.2627021e-02
3.2446601e+01	8.0186415e-02
3.2468410e+01	1.6652468e-01
3.2490218e+01	-9.1951748e-02
3.2512027e+01	-1.0557136e-02
3.2533836e+01	-4.0739124e-02
3.2555645e+01	-4.9620839e-02
3.2577454e+01	2.2305849e-02
3.2599263e+01	1.4782841e-01
3.2621072e+01	1.0531464e-01
3.2642881e+01	8.0448700e-02
3.2664690e+01	-9.9065329e-02
3.2686499e+01	-1.2002560e-01
3.2708308e+01	4.9545492e-02
3.2730117e+01	1.1407914e-01
3.2751926e+01	-1.2479184e-01
3.2773735e+01	-5.5701555e-02
3.2795544e+01	-2.2120621e-02
3.2817353e+01	1.3494377e-02
3.2839161e+01	5.4830600e-02
3.2860970e+01	-1.3195170e-01
3.2882779e+01	-2.4560672e-02
3.2904588e+01	2.1429667e-01
3.2926397e+01	-9.9276225e-03
3.2948206e+01	1.0741158e-01
3.2970015e+01	-2.5856025e-02
3.2991824e+01	-1.6592719e-02
3.3013633e+01	-4.0168557e-02
3.3035442e+01	-5.8130337e-03
3.3057251e+01	-1.3346540e-01
3.3079060e+01	-1.2630388e-02
3.3100869e+01	9.2814896e-02
3.3122678e+01	-6.4576093e-02
3.3144487e+01	4.5982670e-02
3.3166296e+01	4.1674124e-02
3.3188104e+01	-8.3630627e-02
3.3209913e+01	-3.9885976e-02
3.3231722e+01	2.3593866e-02
3.3253531e+01	8.3836513e-02
3.3275340e+01	5.9172153e-02
3.3297149e+01	3.5797558e-01
3.3318958e+01	1.9921853e-01
3.3340767e+01	-4.1525018e-02
3.3362576e+01	-1.0203587e-01
3.3384385e+01	-1.3520240e-01
3.3406194e+01	-9.2245156e-02
3.3428003e+01	-1.0356217e-01
3.3449812e+01	-5.3434079e-02
3.3471621e+01	8.1776168e-02
3.3493430e+01	-3.3313916e-02
3.3515239e+01	2.7840126e-02
3.3537047e+01	3.8324518e-02
3.3558856e+01	7.9974148e-02
3.3580665e+01	1.2128420e-01
3.3602474e+01	2.6003927e-02
3.3624283e+01	-4.0004050e-02
3.3646092e+01	1.5366646e-01
3.3667901e+01	5.3355401e-02
3.3689710e+01	5.6371750e-02
3.3711519e+01	-2.9896398e-02
3.3733328e+01	-1.0745029e-02
3.3755137e+01	-1.3675027e-01
3.3776946e+01	-2.9191346e-01
3.3798755e+01	-1.4182798e-04
3.3820564e+01	5.9240833e-02
3.3842373e+01	1.2123646e-01
3.3864182e+01	1.4106767e-01
3.3885991e+01	-1.6452152e-02
3.3907799e+01	8.9150211e-02
3.3929608e+01	-5.2342129e-02
3.3951417e+01	-8.5945767e-02
3.3973226e+01	-5.0812241e-02
3.3995035e+01	-7.3251717e-02
3.4016844e+01	9.9626874e-03
3.4038653e+01	-1.2151986e-02
3.4060462e+01	3.0508249e-03
3.4082271e+01	6.4717319e-02
3.4104080e+01	-6.1978841e-02
3.4125889e+01	4.8013252e-02
3.4147698e+01	-7.8295169e-02
3.4169507e+01	1.6622529e-01
3.4191316e+01	1.1626131e-01
3.4213125e+01	-4.7455119e-02
3.4234934e+01	-1.0417585e-01
3.4256742e+01	-1.6430567e-02
3.4278551e+01	1.6166918e-01
3.4300360e+01	3.7830194e-03
3.4322169e+01	-1.6409331e-01
3.4343978e+01	-9.1365944e-02
3.4365787e+01	7.9750599e-02
3.4387596e+01	2.3414899e-02
3.4409405e+01	4.9028390e-03
3.4431214e+01	-3.4549179e-02
3.4453023e+01	3.5640847e-03
3.4474832e+01	-2.5482194e-02
3.4496641e+01	-2.3383454e-02
3.4518450e+01	-5.2632379e-02
3.4540259e+01	7.0250168e-02
3.4562068e+01	1.3419806e-01
3.4583877e+01	-6.1228243e-02
3.4605685e+01	2.0416816e-02
3.4627494e+01	7.5076079e-02
3.4649303e+01	-7.0718538e-02
3.4671112e+01	5.6477550e-02
3.4692921e+01	-1.7551369e-02
3.4714730e+01	-3.8880568e-02
3.4736539e+01	-1.0209082e-01
3.4758348e+01	9.0832410e-02
3.4780157e+01	6.0263014e-03
3.4801966e+01	5.6132667e-02
3.4823775e+01	-1.0125622e-01
3.4845584e+01	-5.3923309e-02
3.4867393e+01	3.9477266e-02
3.4889202e+01	2.0911135e-02
3.4911011e+01	4.5851079e-02
3.4932820e+01	-1.3031147e-01
3.4954628e+01	3.6052429e-02
3.4976437e+01	1.7633419e-01
3.4998246e+01	7.2598720e-02
3.5020055e+01	-9.8754653e-02
3.5041864e+01	-1.0421645e-01
3.5063673e+01	2.4636226e-02
3.5085482e+01	8.1251778e-02
3.5107291e+01	1.1799585e-02
3.5129100e+01	3.9346882e-02
3.5150909e+01	-1.0916866e-01
3.5172718e+01	-7.2493894e-02
3.5194527e+01	-2.1755087e-02
3.5216336e+01	-1.6213360e-01
3.5238145e+01	-1.1678239e-02
3.5259954e+01	4.7077509e-02
3.5281763e+01	1.0758901e-01
3.5303571e+01	9.6893656e-02
3.5325380e+01	7.4319418e-02
3.5347189e+01	2.2701369e-01
3.5368998e+01	-1.8855910e-02
3.5390807e+01	-9.2453253e-02
3.5412616e+01	-3.0495262e-02
3.5434425e+01	1.4002048e-01
3.5456234e+01	1.3531198e-02
3.5478043e+01	-1.3746701e-01
3.5499852e+01	-2.5088620e-01
3.5521661e+01	-9.9232398e-02
3.5543470e+01	-8.5509773e-02
3.5565279e+01	-5.0737162e-02
3.5587088e+01	1.1643244e-01
3.5608897e+01	1.4627258e-01
3.5630706e+01	1.9547182e-01
3.5652514e+01	2.6216047e-01
3.5674323e+01	1.5701868e-01
3.5696132e+01	-3.5421764e-02
3.5717941e+01	-1.1783469e-01
3.5739750e+01	8.7363111e-02
3.5761559e+01	1.3436350e-02
3.5783368e+01	-6.0131813e-02
3.5805177e+01	7.9919803e-02
3.5826986e+01	-5.5283875e-02
3.5848795e+01	2.7402926e-02
3.5870604e+01	-8.9168969e-03
3.5892413e+01	-7.0152276e-02
3.5914222e+01	-2.2801256e-02
3.5936031e+01	-1.4597106e-01
3.5957840e+01	-2.2656750e-01
3.5979649e+01	-3.1031385e-01
3.6001458e+01	1.1171080e-01
3.6023266e+01	6.3904164e-02
3.6045075e+01	1.7469007e-01
3.6066884e+01	8.4157175e-02
3.6088693e+01	3.8485606e-02
3.6110502e+01	-1.0139324e-01
3.6132311e+01	1.5963001e-01
3.6154120e+01	2.8182607e-01
3.6175929e+01	2.1111709e-01
3.6197738e+01	1.3218738e-01
3.6219547e+01	3.7219043e-02
3.6241356e+01	-1.4148263e-01
3.6263165e+01	-1.6719447e-01
3.6284974e+01	-1.1297743e-01
3.6306783e+01	-9.6436418e-02
3.6328592e+01	-1.1788678e-01
3.6350401e+01	-1.0475971e-01
3.6372209e+01	2.6619831e-02
3.6394018e+01	9.8853519e-02
3.6415827e+01	5.7117174e-02
3.6437636e+01	7.9633121e-04
3.6459445e+01	1.4099595e-01
3.6481254e+01	1.2134047e-01
3.6503063e+01	9.5695110e-02
3.6524872e+01	2.1352275e-01
3.6546681e+01	2.1987536e-02
3.6568490e+01	-1.9463964e-01
3.6590299e+01	-4.8547996e-02
3.6612108e+01	9.6051716e-03
3.6633917e+01	-1.7031487e-01
3.6655726e+01	-1.3029143e-01
3.6677535e+01	-8.3747787e-03
3.6699344e+01	2.1627609e-02
3.6721152e+01	1.1347410e-01
3.6742961e+01	2.0781292e-01
3.6764770e+01	-7.6006270e-02
3.6786579e+01	-8.1698151e-02
3.6808388e+01	2.7158584e-02
3.6830197e+01	4.4959999e-02
3.6852006e+01	-1.7102566e-02
3.6873815e+01	-1.1397384e-01
3.6895624e+01	4.4810005e-02
3.6917433e+01	8.8635895e-03
3.6939242e+01	-8.1353572e-02
3.6961051e+01	7.8161116e-03
3.6982860e+01	1.3468250e-01
3.7004669e+01	1.2673537e-01
3.7026478e+01	1.5047009e-01
3.7048287e+01	6.8045899e-02
3.7070095e+01	2.8813845e-01
3.7091904e+01	-6.5036112e-02
3.7113713e+01	-2.7330375e-01
3.7135522e+01	-2.4855716e-01
3.7157331e+01	-1.4415936e-02
3.7179140e+01	3.1276548e-02
3.7200949e+01	5.6481963e-02
3.7222758e+01	1.2566570e-01
3.7244567e+01	6.0722431e-02
3.7266376e+01	-2.0314524e-01
3.7288185e+01	-3.1862772e-04
3.7309994e+01	1.2883639e-01
3.7331803e+01	-2.2568458e-02
3.7353612e+01	-1.3995196e-01
3.7375421e+01	-6.0291237e-02
3.7397230e+01	-1.3690568e-02
3.7419038e+01	8.6347843e-02
3.7440847e+01	2.1863567e-01
3.7462656e+01	7.4349157e-01
3.7484465e+01	1.5716058e+00
3.7506274e+01	1.5298373e+00
3.7528083e+01	8.8889538e-01
3.7549892e+01	7.2842497e-01
3.7571701e+01	6.6859917e-01
3.7593510e+01	5.2834285e-01
3.7615319e+01	4.1080395e-01
3.7637128e+01	-1.5501165e-02
3.7658937e+01	-1.8612735e-01
3.7680746e+01	-1.0072927e-01
3.7702555e+01	-1.6820417e-02
3.7724364e+01	2.7869795e-01
3.7746173e+01	9.9737261e-03
3.7767981e+01	9.9470570e-02
3.7789790e+01	2.1835829e-01
3.7811599e+01	5.2559086e-01
3.7833408e+01	6.8679924e-01
3.7855217e+01	8.1889118e-01
3.7877026e+01	9.4868684e-01
3.7898835e+01	1.2507783e+00
3.7920644e+01	1.3137118e+00
3.7942453e+01	1.2521093e+00
3.7964262e+01	8.4601410e-01
3.7986071e+01	5.8397519e-01
3.8007880e+01	3.0906373e-01
3.8029689e+01	6.8801256e-02
3.8051498e+01	1.1208118e-02
3.8073307e+01	-2.1511565e-02
3.8095116e+01	-2.2286556e-01
3.8116925e+01	-2.9229620e-01
3.8138733e+01	7.5130090e-03
3.8160542e+01	-1.4325325e-01
3.8182351e+01	1.1362712e-02
3.8204160e+01	1.1965749e-01
3.8225969e+01	1.9331765e-01
3.8247778e+01	-1.7421764e-01
3.8269587e+01	-2.1272251e-02
3.8291396e+01	1.2412809e-01
3.8313205e+01	1.2286012e-01
3.8335014e+01	1.2598232e-01
3.8356823e+01	5.5911032e-02
3.8378632e+01	8.0767344e-02
3.8400441e+01	1.9619639e-01
3.8422250e+01	8.2920799e-02
3.8444059e+01	-9.1704893e-02
3.8465868e+01	-7.2661067e-02
3.8487676e+01	-8.8054726e-02
3.8509485e+01	-1.2764341e-01
3.8531294e+01	-2.4535997e-01
3.8553103e+01	-3.5743745e-02
3.8574912e+01	1.9021058e-01
3.8596721e+01	1.3187806e-01
3.8618530e+01	-9.1733030e-02
3.8640339e+01	8.3405281e-03
3.8662148e+01	2.8262628e-01
3.8683957e+01	2.2084224e-01
3.8705766e+01	-2.8544940e-01
3.8727575e+01	-2.0068656e-01
3.8749384e+01	-5.3072174e-02
3.8771193e+01	5.7215308e-02
3.8793002e+01	1.9466983e-01
3.8814811e+01	1.9823851e-01
3.8836619e+01	-6.8236936e-02
3.8858428e+01	-6.0972248e-02
3.8880237e+01	-3.2228195e-02
3.8902046e+01	1.2246322e-01
3.8923855e+01	1.2023857e-01
3.8945664e+01	-1.1174801e-01
3.8967473e+01	-3.8322080e-02
3.8989282e+01	1.0502541e-01
3.9011091e+01	-1.9051798e-02
3.9032900e+01	-2.1978207e-01
3.9054709e+01	5.1494711e-02
3.9076518e+01	-7.0542298e-02
3.9098327e+01	1.7312745e-01
3.9120136e+01	1.5921031e-01
3.9141945e+01	-2.3429591e-01
3.9163754e+01	1.3937613e-02
3.9185562e+01	1.6526855e-01
3.9207371e+01	-1.0160662e-03
3.9229180e+01	-3.1756961e-01
3.9250989e+01	-7.0258622e-02
3.9272798e+01	8.4833005e-02
3.9294607e+01	1.6709974e-01
3.9316416e+01	2.9898649e-02
3.9338225e+01	9.2526635e-02
3.9360034e+01	1.4896602e-01
3.9381843e+01	-6.4372173e-02
3.9403652e+01	-1.2147811e-01
3.9425461e+01	-2.7736853e-02
3.9447270e+01	-3.0012483e-02
3.9469079e+01	1.9798818e-02
3.9490888e+01	5.9623600e-02
3.9512697e+01	1.7367008e-02
3.9534505e+01	-7.2851684e-02
3.9556314e+01	-6.1452817e-02
3.9578123e+01	-1.2822792e-01
3.9599932e+01	-7.9400716e-02
3.9621741e+01	1.2588306e-01
3.9643550e+01	3.9932084e-01
3.9665359e+01	1.2570267e-01
3.9687168e+01	-4.1732421e-02
3.9708977e+01	3.7506461e-02
3.9730786e+01	1.4290356e-01
3.9752595e+01	3.8764149e-01
3.9774404e+01	4.6389108e-02
3.9796213e+01	-6.6442706e-02
3.9818022e+01	5.9146657e-03
3.9839831e+01	-1.0606501e-01
3.9861640e+01	-8.7566806e-02
3.9883449e+01	1.6521236e-01
3.9905257e+01	6.8474988e-02
3.9927066e+01	-1.3909567e-01
3.9948875e+01	1.0463139e-02
3.9970684e+01	1.1780247e-01
3.9992493e+01	4.4415279e-02
4.0014302e+01	-9.0763567e-02
4.0036111e+01	-1.7627626e-01
4.0057920e+01	-1.0525989e-02
4.0079729e+01	1.3808580e-01
4.0101538e+01	-4.9538263e-03
4.0123347e+01	4.5572276e-02
4.0145156e+01	-1.0820181e-01
4.0166965e+01	-9.1670301e-02
4.0188774e+01	2.6088974e-02
4.0210583e+01	2.8939406e-02
4.0232392e+01	8.2197152e-02
4.0254200e+01	-8.5460426e-02
4.0276009e+01	1.8053142e-01
4.0297818e+01	4.6626611e-02
4.0319627e+01	-1.2580156e-01
4.0341436e+01	5.6332103e-02
4.0363245e+01	5.7110907e-02
4.0385054e+01	-2.8506361e-01
4.0406863e+01	3.1803713e-02
4.0428672e+01	1.4231015e-01
4.0450481e+01	-8.1077833e-03
4.0472290e+01	4.4517336e-02
4.0494099e+01	-3.7109127e-02
4.0515908e+01	1.1333674e-01
4.0537717e+01	1.3882122e-02
4.0559526e+01	-1.9479619e-01
4.0581335e+01	-1.2982020e-01
4.0603143e+01	2.9367239e-02
4.0624952e+01	1.5076935e-01
4.0646761e+01	8.5766370e-02
4.0668570e+01	-8.5553221e-03
4.0690379e+01	9.2271259e-02
4.0712188e+01	-9.8040529e-03
4.0733997e+01	9.4061417e-02
4.0755806e+01	-1.1009322e-01
4.0777615e+01	-2.0532785e-01
4.0799424e+01	-5.8282927e-02
4.0821233e+01	1.4756031e-01
4.0843042e+01	3.0250711e-02
4.0864851e+01	-1.1824073e-01
4.0886660e+01	1.1283709e-02
4.0908469e+01	2.4601792e-02
4.0930278e+01	-8.7575109e-02
4.0952086e+01	2.9978491e-02
4.0973895e+01	1.6824277e-01
4.0995704e+01	2.6247669e-02
4.1017513e+01	6.0166262e-03
4.1039322e+01	1.2712359e-01
4.1061131e+01	-1.1523070e-01
4.1082940e+01	-9.0914825e-02
4.1104749e+01	3.2103365e-02
4.1126558e+01	-4.6106951e-02
4.1148367e+01	1.1903172e-01
4.1170176e+01	5.2190907e-01
4.1191985e+01	4.7229000e-01
4.1213794e+01	3.0465085e-02
4.1235603e+01	-1.4879884e-01
4.1257412e+01	-2.9978334e-02
4.1279221e+01	-2.3907161e-02
4.1301029e+01	-2.7224495e-02
4.1322838e+01	1.4382576e-01
4.1344647e+01	1.0253753e-01
4.1366456e+01	2.6035843e-02
4.1388265e+01	-6.6318923e-02
4.1410074e+01	1.0485512e-01
4.1431883e+01	-8.0749114e-02
4.1453692e+01	-2.4079554e-01
4.1475501e+01	-6.1362947e-02
4.1497310e+01	5.4520355e-02
4.1519119e+01	9.8966855e-02
4.1540928e+01	2.6119983e-01
4.1562737e+01	-7.8426308e-02
4.1584546e+01	-8.4674705e-02
4.1606355e+01	-1.6824983e-01
4.1628164e+01	1.5257286e-01
4.1649972e+01	3.2110808e-01
4.1671781e+01	-6.3475319e-02
4.1693590e+01	6.9776934e-02
4.1715399e+01	1.1662933e-01
4.1737208e+01	6.8429237e-01
4.1759017e+01	1.0267227e+00
4.1780826e+01	7.1629426e-01
4.1802635e+01	6.9181907e-01
4.1824444e+01	1.0037308e+00
4.1846253e+01	1.0165887e+00
4.1868062e+01	9.5183680e-01
4.1889871e+01	8.9250735e-01
4.1911680e+01	6.4095448e-01
4.1933489e+01	4.8423737e-01
4.1955298e+01	1.8194742e-01
4.1977107e+01	-2.0274956e-01
4.1998916e+01	-4.7868314e-02
4.2020724e+01	4.7144701e-02
4.2042533e+01	-1.6148078e-02
4.2064342e+01	-7.5548397e-02
4.2086151e+01	1.8723175e-01
4.2107960e+01	-1.6117391e-01
4.2129769e+01	8.4790485e-02
4.2151578e+01	1.6426411e-01
4.2173387e+01	-3.0145191e-01
4.2195196e+01	-7.4731174e-02
4.2217005e+01	1.5613711e-01
4.2238814e+01	-9.3605804e-02
4.2260623e+01	4.5214287e-02
4.2282432e+01	1.5916533e-01
4.2304241e+01	6.0771791e-02
4.2326050e+01	2.3034211e-01
4.2347859e+01	2.3220418e-01
4.2369667e+01	-1.7236941e-01
4.2391476e+01	-2.8052126e-01
4.2413285e+01	-3.3303543e-01
4.2435094e+01	-8.3734291e-02
4.2456903e+01	8.2197397e-01
4.2478712e+01	6.4993881e-01
4.2500521e+01	2.8647366e-01
4.2522330e+01	-1.7794474e-02
4.2544139e+01	1.1779679e-01
4.2565948e+01	2.0911842e-01
4.2587757e+01	2.5920701e-01
4.2609566e+01	-1.6280644e-01
4.2631375e+01	1.5508964e-01
4.2653184e+01	3.1021759e-01
4.2674993e+01	6.7513913e-02
4.2696802e+01	-3.5538841e-02
4.2718610e+01	1.8031871e-01
4.2740419e+01	5.6702847e-02
4.2762228e+01	-6.9181410e-02
4.2784037e+01	1.0961497e-01
4.2805846e+01	-1.0373152e-01
4.2827655e+01	-3.7545169e-02
4.2849464e+01	2.9472209e-01
4.2871273e+01	-3.8199489e-01
4.2893082e+01	-1.3627667e-01
4.2914891e+01	-1.2749639e-02
4.2936700e+01	9.1466144e-02
4.2958509e+01	-2.8348839e-02
4.2980318e+01	3.4957342e-02
4.3002127e+01	2.4709490e-01
4.3023936e+01	5.2845824e-02
4.3045745e+01	-1.2132828e-01
4.3067553e+01	2.0442110e-02
4.3089362e+01	2.5213450e-01
4.3111171e+01	-1.4913037e-01
4.3132980e+01	-9.9254581e-02
4.3154789e+01	-4.5070362e-02
4.3176598e+01	8.3051130e-02
4.3198407e+01	-1.7504162e-01
4.3220216e+01	1.9346975e-01
4.3242025e+01	-7.8138784e-02
4.3263834e+01	7.5063278e-02
4.3285643e+01	2.0494154e-01
4.3307452e+01	-8.6960318e-02
4.3329261e+01	-6.8351155e-02
4.3351070e+01	1.1804436e-01
4.3372879e+01	8.5482134e-01
4.3394688e+01	9.4602459e-01
4.3416496e+01	5.3578090e-01
4.3438305e+01	6.0750906e-01
4.3460114e+01	7.1203398e-01
4.3481923e+01	7.5351482e-01
4.3503732e+01	4.8919139e-01
4.3525541e+01	-4.2506403e-03
4.3547350e+01	-2.0829431e-01
4.3569159e+01	-6.0747160e-02
4.3590968e+01	2.2927534e-01
4.3612777e+01	1.1076100e-01
4.3634586e+01	-1.2288855e-01
4.3656395e+01	5.9914501e-03
4.3678204e+01	-6.7196251e-02
4.3700013e+01	2.0827773e-01
4.3721822e+01	5.5919402e-01
4.3743631e+01	9.1856429e-01
4.3765439e+01	1.0225786e+00
4.3787248e+01	1.1612919e+00
4.3809057e+01	1.4379514e+00
4.3830866e+01	1.6911051e+00
4.3852675e+01	1.5735420e+00
4.3874484e+01	1.3190502e+00
4.3896293e+01	8.8769569e-01
4.3918102e+01	1.2636186e+00
4.3939911e+01	1.2732220e+00
4.3961720e+01	6.7105780e-01
4.3983529e+01	1.4648718e-01
4.4005338e+01	-1.6723571e-01
4.4027147e+01	1.9586366e-01
4.4048956e+01	4.4977426e-01
4.4070765e+01	-8.3556178e-02
4.4092574e+01	-3.3359176e-01
4.4114383e+01	1.7564613e-01
4.4136191e+01	-2.4886187e-02
4.4158000e+01	-2.5218895e-01
4.4179809e+01	2.4464950e-01
4.4201618e+01	2.0326312e-01
4.4223427e+01	1.2606079e-01
4.4245236e+01	-1.4047875e-01
4.4267045e+01	1.7733658e-01
4.4288854e+01	1.7411429e-01
4.4310663e+01	2.4115134e-02
4.4332472e+01	-1.0719093e-01
4.4354281e+01	2.2142343e-02
4.4376090e+01	-3.2851014e-01
4.4397899e+01	-3.2846698e-02
4.4419708e+01	1.7095068e-01
4.4441517e+01	2.1991520e-01
4.4463326e+01	3.3087510e-01
4.4485134e+01	-2.2032097e-01
4.4506943e+01	-1.6396463e-01
4.4528752e+01	5.8737151e-01
4.4550561e+01	8.6053819e-01
4.4572370e+01	3.7279312e-01
4.4594179e+01	5.6267197e-01
4.4615988e+01	-2.4101631e-02
4.4637797e+01	1.0743224e-02
4.4659606e+01	9.2970206e-02
4.4681415e+01	1.5423855e-01
4.4703224e+01	3.5782811e-01
4.4725033e+01	1.9415204e-01
4.4746842e+01	1.3935067e-01
4.4768651e+01	4.4446048e-03
4.4790460e+01	-4.1321270e-01
4.4812269e+01	-4.7301702e-02
4.4834077e+01	1.6860688e-01
4.4855886e+01	3.4683360e-02
4.4877695e+01	-2.3857447e-01
4.4899504e+01	5.2153022e-02
4.4921313e+01	-8.3451096e-02
4.4943122e+01	1.6944497e-01
4.4964931e+01	7.4447021e-01
4.4986740e+01	6.1288111e-01