Image file: \\Gfs05\g45\SAXS\2020_12\HDF5\2020-12.10_Kevin_day2_SN\2020-12-10_Max_Cu123_SN_000017_data_000165.h5
ImageIntegration1d_chi_output; Output_Directory= \\Gfs05\g45\SAXS\2020_12\Processed\2020-12-09_Kevin_day1_SN\Chi-Sample-7
Profile = Radial, StartAzimuth = 0.0, EndAzimuth = 360.0, Sam_Det_distance = 250.818474293, InnerRadius = 15.0, OuterRadius = 2400.0, Lambda = 30, Ratio = 0.001, Itermax = 100
2400
2.0013229e+00	-1.1106550e-01
2.0231319e+00	-2.5007737e-02
2.0449408e+00	1.3638003e-01
2.0667497e+00	-4.6200201e-02
2.0885587e+00	3.5355111e-02
2.1103676e+00	2.2840894e-01
2.1321765e+00	3.1059493e-01
2.1539855e+00	1.2616765e-01
2.1757944e+00	-1.4037940e-01
2.1976034e+00	3.0431472e-01
2.2194123e+00	6.8146415e-01
2.2412212e+00	2.9602398e-01
2.2630302e+00	9.0449310e-02
2.2848391e+00	-8.8723755e-02
2.3066480e+00	-1.8264036e-01
2.3284570e+00	-3.4238500e-02
2.3502659e+00	-1.8574717e-01
2.3720749e+00	3.7152312e-02
2.3938838e+00	1.0872617e-01
2.4156927e+00	1.0881899e-01
2.4375017e+00	1.1878813e-01
2.4593106e+00	1.5545313e-01
2.4811196e+00	-9.0761591e-02
2.5029285e+00	-6.1582685e-02
2.5247374e+00	-7.6956694e-02
2.5465464e+00	1.7574913e-01
2.5683553e+00	1.5930740e-01
2.5901642e+00	-7.9915741e-02
2.6119732e+00	-4.1716810e-02
2.6337821e+00	-2.0826880e-01
2.6555911e+00	-9.6888715e-02
2.6774000e+00	2.1380870e-01
2.6992089e+00	2.7703910e-01
2.7210179e+00	1.3183569e-01
2.7428268e+00	4.4841529e-02
2.7646358e+00	3.4117729e-01
2.7864447e+00	4.1275071e-01
2.8082536e+00	5.0105837e-02
2.8300626e+00	-1.3516607e-01
2.8518715e+00	7.6076359e-03
2.8736804e+00	-1.9343097e-01
2.8954894e+00	7.3529074e-02
2.9172983e+00	-1.5350591e-02
2.9391073e+00	-1.4545667e-01
2.9609162e+00	1.4615636e-01
2.9827251e+00	2.2182547e-01
3.0045341e+00	5.2203448e-02
3.0263430e+00	1.3600476e-01
3.0481519e+00	-1.5766382e-02
3.0699609e+00	2.4295665e-02
3.0917698e+00	5.7888624e-02
3.1135788e+00	-5.8385092e-02
3.1353877e+00	-5.4783726e-02
3.1571966e+00	-1.7078384e-01
3.1790056e+00	-6.8235376e-02
3.2008145e+00	-7.9050532e-02
3.2226235e+00	1.4864559e-01
3.2444324e+00	1.8401456e-01
3.2662413e+00	4.7918280e-01
3.2880503e+00	5.9825345e-01
3.3098592e+00	3.5791825e-01
3.3316681e+00	1.1438983e-01
3.3534771e+00	1.1309882e-01
3.3752860e+00	-2.8270093e-01
3.3970950e+00	-1.5454204e-01
3.4189039e+00	3.3049924e-01
3.4407128e+00	2.8616497e-01
3.4625218e+00	1.5742513e-01
3.4843307e+00	1.6821953e-01
3.5061396e+00	1.5162807e-02
3.5279486e+00	-2.0959591e-01
3.5497575e+00	-6.5556681e-02
3.5715665e+00	9.6833919e-02
3.5933754e+00	3.6906712e-01
3.6151843e+00	1.4484025e-01
3.6369933e+00	5.4925079e-02
3.6588022e+00	2.4521365e-02
3.6806112e+00	1.2278773e-01
3.7024201e+00	-1.7136199e-01
3.7242290e+00	-2.9893584e-01
3.7460380e+00	-8.6108840e-02
3.7678469e+00	1.0459750e-01
3.7896558e+00	9.9620683e-02
3.8114648e+00	1.5895263e-01
3.8332737e+00	3.6231130e-01
3.8550827e+00	1.8692509e-01
3.8768916e+00	-1.0216034e-01
3.8987005e+00	-1.6160515e-01
3.9205095e+00	-9.4305347e-02
3.9423184e+00	1.6680883e-01
3.9641273e+00	1.4926341e-01
3.9859363e+00	-1.3325276e-01
4.0077452e+00	5.7620813e-02
4.0295542e+00	-2.3071760e-02
4.0513631e+00	-5.6222992e-03
4.0731720e+00	1.2073086e-01
4.0949810e+00	-4.0382441e-02
4.1167899e+00	2.2976957e-02
4.1385989e+00	4.3917715e-02
4.1604078e+00	-5.5498090e-02
4.1822167e+00	-8.9988895e-02
4.2040257e+00	-1.2341071e-01
4.2258346e+00	-7.3921805e-03
4.2476435e+00	2.0747957e-01
4.2694525e+00	7.1659550e-02
4.2912614e+00	1.1583742e-01
4.3130704e+00	7.0189061e-02
4.3348793e+00	-2.0108120e-01
4.3566882e+00	2.9124206e-02
4.3784972e+00	3.3157951e-01
4.4003061e+00	-1.4879830e-01
4.4221151e+00	2.2555231e-02
4.4439240e+00	2.7825340e-01
4.4657329e+00	4.6484937e-02
4.4875419e+00	-1.3806741e-01
4.5093508e+00	-4.8237751e-02
4.5311597e+00	1.2729593e-01
4.5529687e+00	8.1221056e-02
4.5747776e+00	1.4742676e-01
4.5965866e+00	-5.0668876e-03
4.6183955e+00	4.9152262e-03
4.6402044e+00	-1.2801110e-01
4.6620134e+00	-8.7478610e-02
4.6838223e+00	3.4588393e-03
4.7056312e+00	1.0575806e-01
4.7274402e+00	1.1087771e-02
4.7492491e+00	-5.0357669e-02
4.7710581e+00	6.7623006e-03
4.7928670e+00	1.6126829e-01
4.8146759e+00	-8.6590934e-03
4.8364849e+00	-4.2477397e-02
4.8582938e+00	-4.9380873e-02
4.8801028e+00	-1.7707943e-01
4.9019117e+00	7.7488503e-02
4.9237206e+00	1.6710111e-01
4.9455296e+00	1.5155783e-02
4.9673385e+00	-1.8812451e-01
4.9891474e+00	1.3106523e-01
5.0109564e+00	-1.5833922e-01
5.0327653e+00	1.5239914e-03
5.0545743e+00	2.5970061e-01
5.0763832e+00	1.0193167e-01
5.0981921e+00	1.4662199e-01
5.1200011e+00	1.5930195e-02
5.1418100e+00	-1.5589683e-01
5.1636189e+00	1.7300010e-01
5.1854279e+00	5.9892652e-02
5.2072368e+00	-1.1419378e-01
5.2290458e+00	-1.6886756e-01
5.2508547e+00	-9.8058012e-03
5.2726636e+00	2.3240629e-01
5.2944726e+00	4.5114973e-02
5.3162815e+00	-5.9377544e-02
5.3380905e+00	-6.5339542e-03
5.3598994e+00	6.5704825e-02
5.3817083e+00	9.7033410e-02
5.4035173e+00	6.3408672e-02
5.4253262e+00	-8.6537272e-02
5.4471351e+00	-1.7699894e-01
5.4689441e+00	-5.0045881e-03
5.4907530e+00	-2.6235345e-03
5.5125620e+00	1.1085250e-01
5.5343709e+00	-4.7641871e-02
5.5561798e+00	-3.4456633e-02
5.5779888e+00	8.9587740e-02
5.5997977e+00	1.9050731e-02
5.6216066e+00	8.0449071e-02
5.6434156e+00	4.3591726e-03
5.6652245e+00	-1.1927646e-01
5.6870335e+00	-6.6531387e-02
5.7088424e+00	1.6398357e-01
5.7306513e+00	3.4200869e-02
5.7524603e+00	-3.7136325e-02
5.7742692e+00	-7.5735005e-02
5.7960782e+00	-1.2251288e-01
5.8178871e+00	1.0500346e-01
5.8396960e+00	6.8266073e-02
5.8615050e+00	6.4486998e-02
5.8833139e+00	-1.3740181e-01
5.9051228e+00	-6.4677882e-02
5.9269318e+00	9.6503230e-02
5.9487407e+00	7.4471446e-02
5.9705497e+00	-1.4544637e-01
5.9923586e+00	2.5271835e-01
6.0141675e+00	9.7374301e-02
6.0359765e+00	-5.6817188e-02
6.0577854e+00	4.2209284e-02
6.0795944e+00	1.5457353e-01
6.1014033e+00	-1.1979396e-01
6.1232122e+00	-6.6839301e-02
6.1450212e+00	2.3932436e-01
6.1668301e+00	-9.2305833e-03
6.1886390e+00	-8.2747129e-02
6.2104480e+00	-2.1658995e-01
6.2322569e+00	1.3707719e-01
6.2540659e+00	1.2794018e-01
6.2758748e+00	1.3374194e-01
6.2976837e+00	2.5087632e-01
6.3194927e+00	-4.7792221e-02
6.3413016e+00	-4.0307298e-02
6.3631105e+00	-5.4950006e-02
6.3849195e+00	-1.1374945e-01
6.4067284e+00	-5.4935556e-02
6.4285374e+00	9.9019560e-04
6.4503463e+00	1.9852021e-02
6.4721552e+00	-8.3620825e-02
6.4939642e+00	6.4118000e-02
6.5157731e+00	1.5610888e-01
6.5375821e+00	1.2312163e-01
6.5593910e+00	-9.9077575e-02
6.5811999e+00	2.9973231e-01
6.6030089e+00	1.7949667e-01
6.6248178e+00	-4.6610831e-02
6.6466267e+00	7.0636000e-02
6.6684357e+00	-6.1340504e-02
6.6902446e+00	-1.4269809e-01
6.7120536e+00	-7.5411307e-02
6.7338625e+00	2.1407684e-01
6.7556714e+00	3.9857766e-01
6.7774804e+00	3.4175585e-01
6.7992893e+00	-5.0820735e-02
6.8210982e+00	2.5629676e-02
6.8429072e+00	5.4667343e-02
6.8647161e+00	-1.5538994e-02
6.8865251e+00	-4.8403319e-02
6.9083340e+00	-2.2330313e-01
6.9301429e+00	3.8652962e-02
6.9519519e+00	1.2729279e-01
6.9737608e+00	1.6599303e-01
6.9955698e+00	1.0922424e-01
7.0173787e+00	-2.3283853e-02
7.0391876e+00	-9.1758589e-02
7.0609966e+00	-5.8206734e-02
7.0828055e+00	-4.7171713e-02
7.1046144e+00	7.0614785e-02
7.1264234e+00	1.5091691e-01
7.1482323e+00	-7.7915569e-03
7.1700413e+00	-2.4925487e-01
7.1918502e+00	3.2854144e-02
7.2136591e+00	1.2038712e-01
7.2354681e+00	-6.6464934e-02
7.2572770e+00	3.7800815e-02
7.2790859e+00	-1.5203726e-02
7.3008949e+00	-2.2398675e-02
7.3227038e+00	9.0141166e-02
7.3445128e+00	2.2010517e-03
7.3663217e+00	2.2291597e-02
7.3881306e+00	3.1195163e-02
7.4099396e+00	-1.7768774e-01
7.4317485e+00	2.2107561e-01
7.4535575e+00	3.3275380e-01
7.4753664e+00	-5.0259657e-02
7.4971753e+00	1.7204461e-03
7.5189843e+00	1.1643012e-01
7.5407932e+00	-9.1325892e-02
7.5626021e+00	-1.2308178e-01
7.5844111e+00	5.7971835e-03
7.6062200e+00	-2.8886943e-03
7.6280290e+00	1.2338700e-01
7.6498379e+00	9.0943856e-02
7.6716468e+00	9.6379175e-02
7.6934558e+00	-9.2660763e-02
7.7152647e+00	-9.5113022e-02
7.7370737e+00	1.6670776e-01
7.7588826e+00	-9.8065890e-02
7.7806915e+00	-3.7654931e-02
7.8025005e+00	-1.7360712e-02
7.8243094e+00	2.7569956e-03
7.8461183e+00	-1.3573240e-01
7.8679273e+00	1.3846976e-01
7.8897362e+00	1.0819343e-01
7.9115452e+00	-4.6263366e-02
7.9333541e+00	-1.8186919e-01
7.9551630e+00	6.4516979e-02
7.9769720e+00	1.7880041e-01
7.9987809e+00	9.1288948e-02
8.0205898e+00	1.4616287e-02
8.0423988e+00	2.4187599e-02
8.0642077e+00	-1.7782301e-01
8.0860167e+00	6.5988836e-02
8.1078256e+00	-1.8920508e-01
8.1296345e+00	-2.5809858e-02
8.1514435e+00	1.1995419e-01
8.1732524e+00	3.9370527e-02
8.1950614e+00	1.0243108e-02
8.2168703e+00	5.3211099e-03
8.2386792e+00	-1.5187030e-02
8.2604882e+00	2.6306706e-01
8.2822971e+00	1.8143053e-01
8.3041060e+00	-2.0416428e-01
8.3259150e+00	8.1063059e-03
8.3477239e+00	5.3309414e-02
8.3695329e+00	2.4566548e-01
8.3913418e+00	4.0316451e-01
8.4131507e+00	2.7058320e-02
8.4349597e+00	-2.6550979e-02
8.4567686e+00	-7.9048114e-02
8.4785775e+00	-8.0749372e-02
8.5003865e+00	3.2981855e-01
8.5221954e+00	6.0011264e-02
8.5440044e+00	1.7065714e-02
8.5658133e+00	-1.2344777e-01
8.5876222e+00	-7.7253274e-02
8.6094312e+00	9.0479896e-02
8.6312401e+00	6.3640187e-02
8.6530491e+00	-1.4768235e-03
8.6748580e+00	1.1415435e-01
8.6966669e+00	-6.2341647e-02
8.7184759e+00	2.3957901e-02
8.7402848e+00	2.0276307e-02
8.7620937e+00	2.7016878e-01
8.7839027e+00	1.1135955e-01
8.8057116e+00	1.8103386e-02
8.8275206e+00	-1.4029110e-01
8.8493295e+00	-2.9017519e-01
8.8711384e+00	8.1059104e-02
8.8929474e+00	3.3130327e-01
8.9147563e+00	3.2084712e-01
8.9365652e+00	2.3544533e-01
8.9583742e+00	2.1369227e-01
8.9801831e+00	9.5762034e-02
9.0019921e+00	-6.2429886e-02
9.0238010e+00	-9.1425628e-02
9.0456099e+00	5.7722245e-03
9.0674189e+00	-1.2283766e-01
9.0892278e+00	-4.0834692e-02
9.1110368e+00	2.7566518e-01
9.1328457e+00	1.8869259e-01
9.1546546e+00	1.8152612e-02
9.1764636e+00	6.8757715e-02
9.1982725e+00	-8.7677156e-02
9.2200814e+00	-1.4292189e-01
9.2418904e+00	1.0091091e-01
9.2636993e+00	1.8158259e-01
9.2855083e+00	5.1526132e-02
9.3073172e+00	-2.2893748e-02
9.3291261e+00	-1.8158641e-01
9.3509351e+00	1.4154134e-01
9.3727440e+00	3.6291755e-01
9.3945530e+00	-8.0385796e-02
9.4163619e+00	-6.0370490e-02
9.4381708e+00	4.8464786e-01
9.4599798e+00	2.3845254e-01
9.4817887e+00	-2.2002908e-02
9.5035976e+00	2.4555711e-02
9.5254066e+00	3.7609146e-01
9.5472155e+00	1.6897483e-02
9.5690245e+00	-1.1310442e-02
9.5908334e+00	3.2162464e-01
9.6126423e+00	-4.0217099e-03
9.6344513e+00	-1.1509184e-01
9.6562602e+00	2.3310878e-01
9.6780691e+00	7.6209897e-02
9.6998781e+00	-8.9811010e-02
9.7216870e+00	5.8581148e-03
9.7434960e+00	-6.6912555e-03
9.7653049e+00	1.1044443e-01
9.7871138e+00	4.2079500e-02
9.8089228e+00	-1.2434206e-02
9.8307317e+00	3.4368512e-01
9.8525407e+00	8.4237346e-02
9.8743496e+00	-2.4270705e-01
9.8961585e+00	-1.5448076e-01
9.9179675e+00	-1.2476924e-01
9.9397764e+00	1.5877933e-01
9.9615853e+00	1.9980962e-01
9.9833943e+00	1.8239207e-01
1.0005203e+01	1.9987675e-01
1.0027012e+01	-1.5159108e-01
1.0048821e+01	3.8957362e-02
1.0070630e+01	5.9244822e-02
1.0092439e+01	-3.9970162e-02
1.0114248e+01	2.8061136e-02
1.0136057e+01	1.6107320e-01
1.0157866e+01	1.2731545e-01
1.0179675e+01	3.0022756e-03
1.0201484e+01	-3.3066863e-01
1.0223293e+01	-8.7301502e-02
1.0245102e+01	1.8086673e-01
1.0266910e+01	-9.7502134e-02
1.0288719e+01	-5.8872733e-02
1.0310528e+01	1.8903105e-02
1.0332337e+01	1.3813425e+00
1.0354146e+01	1.9526072e+00
1.0375955e+01	2.4499158e+00
1.0397764e+01	3.2669910e+00
1.0419573e+01	3.8976177e+00
1.0441382e+01	4.7689134e+00
1.0463191e+01	6.0632098e+00
1.0485000e+01	9.4280087e+00
1.0506809e+01	1.4710968e+01
1.0528618e+01	1.8668217e+01
1.0550427e+01	1.9463874e+01
1.0572236e+01	1.7523572e+01
1.0594045e+01	1.5868614e+01
1.0615853e+01	1.6018282e+01
1.0637662e+01	1.6768715e+01
1.0659471e+01	1.7437028e+01
1.0681280e+01	1.5734113e+01
1.0703089e+01	1.1753528e+01
1.0724898e+01	7.0119322e+00
1.0746707e+01	3.9951902e+00
1.0768516e+01	1.8689407e+00
1.0790325e+01	9.3401156e-01
1.0812134e+01	7.3333735e-01
1.0833943e+01	5.4165380e-01
1.0855752e+01	3.4815460e-01
1.0877561e+01	1.3368735e-02
1.0899370e+01	6.4835716e-03
1.0921179e+01	2.6292858e-02
1.0942988e+01	3.6922618e-02
1.0964796e+01	-4.0258614e-02
1.0986605e+01	-3.6322352e-02
1.1008414e+01	1.3252226e-01
1.1030223e+01	3.9274723e-01
1.1052032e+01	3.5023117e-01
1.1073841e+01	7.1396325e-01
1.1095650e+01	1.1127864e+00
1.1117459e+01	1.0347375e+00
1.1139268e+01	1.1998314e+00
1.1161077e+01	1.5047181e+00
1.1182886e+01	1.8629045e+00
1.1204695e+01	2.6078675e+00
1.1226504e+01	2.6690139e+00
1.1248313e+01	2.4357988e+00
1.1270122e+01	1.0065179e+00
1.1291931e+01	6.5201729e-01
1.1313740e+01	5.1724474e-01
1.1335548e+01	7.9164177e-02
1.1357357e+01	1.9965802e-01
1.1379166e+01	2.9763011e-02
1.1400975e+01	-6.6760653e-02
1.1422784e+01	-1.3810219e-01
1.1444593e+01	6.0892535e-06
1.1466402e+01	-1.2012679e-01
1.1488211e+01	-2.4751902e-01
1.1510020e+01	1.5829228e-01
1.1531829e+01	3.2932163e-01
1.1553638e+01	4.1131148e-01
1.1575447e+01	6.0310758e-02
1.1597256e+01	-4.0589490e-02
1.1619065e+01	-5.9536563e-02
1.1640874e+01	1.2935464e-01
1.1662683e+01	1.0158330e-01
1.1684491e+01	5.7256674e-02
1.1706300e+01	-7.0980975e-02
1.1728109e+01	-7.6134725e-03
1.1749918e+01	-1.2124701e-01
1.1771727e+01	7.0979692e-02
1.1793536e+01	1.4624235e-01
1.1815345e+01	1.0237664e-01
1.1837154e+01	-1.8651858e-01
1.1858963e+01	-8.8937324e-02
1.1880772e+01	3.9005652e-02
1.1902581e+01	6.5273873e-02
1.1924390e+01	-2.0858928e-03
1.1946199e+01	-1.3019173e-01
1.1968008e+01	-4.0204288e-02
1.1989817e+01	1.1634638e-01
1.2011626e+01	9.9411802e-02
1.2033434e+01	1.8395844e-01
1.2055243e+01	2.5866571e-01
1.2077052e+01	-2.7325670e-01
1.2098861e+01	-2.3008744e-01
1.2120670e+01	1.2389938e-01
1.2142479e+01	1.3792825e-01
1.2164288e+01	3.1499218e-01
1.2186097e+01	2.2013743e-01
1.2207906e+01	-8.5929072e-02
1.2229715e+01	-1.5644925e-02
1.2251524e+01	6.6819249e-02
1.2273333e+01	-3.8829152e-02
1.2295142e+01	1.3938961e-01
1.2316951e+01	2.2405997e-02
1.2338760e+01	-2.5631397e-01
1.2360569e+01	-1.2330291e-01
1.2382377e+01	1.0947037e-01
1.2404186e+01	1.3625698e-01
1.2425995e+01	2.7563277e-02
1.2447804e+01	1.4078357e-01
1.2469613e+01	-9.0673943e-03
1.2491422e+01	-2.5570496e-01
1.2513231e+01	-8.5377584e-02
1.2535040e+01	1.0658680e-01
1.2556849e+01	9.7569839e-02
1.2578658e+01	1.0789052e-01
1.2600467e+01	-1.1299879e-01
1.2622276e+01	-2.0926385e-01
1.2644085e+01	1.6844402e-01
1.2665894e+01	9.6802958e-02
1.2687703e+01	5.5703948e-02
1.2709512e+01	9.4807032e-02
1.2731320e+01	5.6957338e-03
1.2753129e+01	-1.8174891e-01
1.2774938e+01	-3.7896395e-02
1.2796747e+01	2.8370680e-03
1.2818556e+01	-2.6130125e-02
1.2840365e+01	-1.6760988e-02
1.2862174e+01	4.4983883e-02
1.2883983e+01	4.3250906e-03
1.2905792e+01	-1.6256133e-01
1.2927601e+01	1.9863744e-02
1.2949410e+01	9.9191075e-02
1.2971219e+01	1.2760813e-01
1.2993028e+01	3.1019702e-01
1.3014837e+01	4.0835744e-01
1.3036646e+01	5.6641639e-01
1.3058455e+01	5.6361236e-01
1.3080264e+01	6.4728250e-01
1.3102072e+01	4.5646857e-01
1.3123881e+01	7.8941278e-02
1.3145690e+01	8.8766056e-02
1.3167499e+01	-1.3492661e-03
1.3189308e+01	4.7439485e-02
1.3211117e+01	-5.3418609e-02
1.3232926e+01	8.7530333e-02
1.3254735e+01	-1.8889709e-02
1.3276544e+01	-3.1667497e-02
1.3298353e+01	-1.1567767e-01
1.3320162e+01	-1.3003986e-01
1.3341971e+01	-4.5902799e-01
1.3363780e+01	8.5429608e-02
1.3385589e+01	5.0068651e-01
1.3407398e+01	4.1838936e-01
1.3429207e+01	1.7075445e-01
1.3451015e+01	8.7186416e-03
1.3472824e+01	1.0897119e-01
1.3494633e+01	1.3430332e-01
1.3516442e+01	5.2976772e-02
1.3538251e+01	-6.2592763e-02
1.3560060e+01	3.1594766e-02
1.3581869e+01	2.5405138e-01
1.3603678e+01	4.0293019e-02
1.3625487e+01	2.5476109e-01
1.3647296e+01	2.3890465e-01
1.3669105e+01	-6.0561447e-02
1.3690914e+01	-1.1817525e-01
1.3712723e+01	-1.6382573e-02
1.3734532e+01	4.2976802e-02
1.3756341e+01	-1.9767632e-01
1.3778150e+01	-1.2331674e-01
1.3799958e+01	1.7240992e-01
1.3821767e+01	9.7043442e-02
1.3843576e+01	-7.0901415e-02
1.3865385e+01	9.5623079e-02
1.3887194e+01	2.4969464e-01
1.3909003e+01	-6.6685821e-02
1.3930812e+01	-5.7368197e-03
1.3952621e+01	9.3631548e-02
1.3974430e+01	3.3471757e-03
1.3996239e+01	-9.5877266e-02
1.4018048e+01	-1.4438494e-02
1.4039857e+01	5.1905432e-02
1.4061666e+01	-8.9331728e-02
1.4083475e+01	8.3405286e-02
1.4105284e+01	-1.4426833e-02
1.4127093e+01	3.8705399e-02
1.4148901e+01	-4.2421054e-03
1.4170710e+01	-1.6224129e-01
1.4192519e+01	-2.9229891e-02
1.4214328e+01	1.1344136e-01
1.4236137e+01	-2.7301553e-02
1.4257946e+01	-6.0256943e-02
1.4279755e+01	1.3994033e-01
1.4301564e+01	4.4038500e-02
1.4323373e+01	-2.0089669e-03
1.4345182e+01	8.9518906e-02
1.4366991e+01	1.0399197e-01
1.4388800e+01	-1.3443859e-01
1.4410609e+01	-1.3610777e-01
1.4432418e+01	-1.3264337e-03
1.4454227e+01	-9.2245802e-03
1.4476036e+01	-2.2366080e-02
1.4497844e+01	1.0818534e-01
1.4519653e+01	4.4999931e-02
1.4541462e+01	6.2354652e-02
1.4563271e+01	-1.0126262e-01
1.4585080e+01	-4.1255573e-02
1.4606889e+01	6.9783317e-02
1.4628698e+01	-8.7285831e-02
1.4650507e+01	-6.5353649e-02
1.4672316e+01	2.1451461e-02
1.4694125e+01	-3.9137885e-02
1.4715934e+01	-1.2258058e-02
1.4737743e+01	6.9584583e-02
1.4759552e+01	-5.7147140e-02
1.4781361e+01	-1.0549803e-02
1.4803170e+01	1.6621443e-01
1.4824979e+01	8.3373267e-01
1.4846787e+01	1.9724166e+00
1.4868596e+01	2.9561470e+00
1.4890405e+01	3.7238036e+00
1.4912214e+01	3.8914929e+00
1.4934023e+01	3.3650989e+00
1.4955832e+01	2.8957261e+00
1.4977641e+01	3.0485483e+00
1.4999450e+01	3.4101171e+00
1.5021259e+01	3.7465674e+00
1.5043068e+01	3.8480627e+00
1.5064877e+01	3.9563149e+00
1.5086686e+01	3.8757316e+00
1.5108495e+01	3.3787786e+00
1.5130304e+01	2.4503824e+00
1.5152113e+01	1.2351599e+00
1.5173922e+01	6.3120383e-01
1.5195731e+01	3.5434379e-01
1.5217539e+01	7.1180468e-02
1.5239348e+01	-8.0297039e-02
1.5261157e+01	5.5174902e-02
1.5282966e+01	-4.9126847e-02
1.5304775e+01	-1.0820370e-01
1.5326584e+01	-2.6820048e-02
1.5348393e+01	9.9651306e-02
1.5370202e+01	5.5676976e-02
1.5392011e+01	5.2229808e-02
1.5413820e+01	1.2682005e-02
1.5435629e+01	-8.7427336e-02
1.5457438e+01	-1.6428920e-02
1.5479247e+01	-1.2536050e-01
1.5501056e+01	1.0310129e-01
1.5522865e+01	1.5591739e-01
1.5544674e+01	4.0493993e-02
1.5566482e+01	-1.6758547e-01
1.5588291e+01	-1.4903938e-01
1.5610100e+01	1.1510031e-02
1.5631909e+01	3.8314114e-03
1.5653718e+01	1.1208357e-01
1.5675527e+01	1.2795582e-01
1.5697336e+01	6.7281515e-02
1.5719145e+01	-1.1615302e-01
1.5740954e+01	2.6550704e-03
1.5762763e+01	1.6128823e-01
1.5784572e+01	2.9900559e-02
1.5806381e+01	-1.4965312e-01
1.5828190e+01	-2.9804944e-02
1.5849999e+01	-1.1180967e-01
1.5871808e+01	-5.9052175e-02
1.5893617e+01	1.0567749e-01
1.5915425e+01	4.2392190e-02
1.5937234e+01	1.7114705e-02
1.5959043e+01	1.7670648e-01
1.5980852e+01	-2.0533069e-02
1.6002661e+01	-9.0621369e-02
1.6024470e+01	-1.0750995e-01
1.6046279e+01	1.3510102e-02
1.6068088e+01	1.0265615e-01
1.6089897e+01	1.0895625e-01
1.6111706e+01	3.7149521e-02
1.6133515e+01	-1.2789456e-01
1.6155324e+01	-2.0304605e-01
1.6177133e+01	4.7028028e-02
1.6198942e+01	6.6428828e-02
1.6220751e+01	-6.4815200e-02
1.6242560e+01	1.3170033e-01
1.6264368e+01	1.9013189e-01
1.6286177e+01	-5.9984320e-02
1.6307986e+01	1.7852305e-02
1.6329795e+01	-8.8982649e-02
1.6351604e+01	-5.3857131e-02
1.6373413e+01	1.2528371e-01
1.6395222e+01	5.1409452e-02
1.6417031e+01	-2.1131843e-01
1.6438840e+01	7.2976253e-02
1.6460649e+01	2.8157763e-01
1.6482458e+01	1.4964108e-01
1.6504267e+01	1.0870987e-01
1.6526076e+01	-1.8034974e-01
1.6547885e+01	-1.1378548e-01
1.6569694e+01	-1.1638449e-01
1.6591503e+01	-8.3016206e-02
1.6613311e+01	1.9336926e-01
1.6635120e+01	1.9818766e-01
1.6656929e+01	1.3349563e-01
1.6678738e+01	-2.9447913e-02
1.6700547e+01	-8.8384805e-02
1.6722356e+01	-9.5522872e-02
1.6744165e+01	3.2371928e-02
1.6765974e+01	-2.2288525e-02
1.6787783e+01	1.1183594e-01
1.6809592e+01	1.0986088e-01
1.6831401e+01	-1.0316842e-01
1.6853210e+01	-1.9041226e-02
1.6875019e+01	1.4434493e-01
1.6896828e+01	1.4869771e-01
1.6918637e+01	-1.3910390e-01
1.6940446e+01	-9.2627011e-02
1.6962254e+01	-6.1893038e-02
1.6984063e+01	6.6438955e-03
1.7005872e+01	-1.3451693e-02
1.7027681e+01	-3.1574341e-02
1.7049490e+01	6.4660356e-02
1.7071299e+01	1.3510769e-01
1.7093108e+01	-4.6604127e-02
1.7114917e+01	1.5171211e-02
1.7136726e+01	-1.0051909e-01
1.7158535e+01	-1.1555132e-01
1.7180344e+01	2.2248632e-02
1.7202153e+01	8.3660425e-02
1.7223962e+01	1.3005129e-01
1.7245771e+01	-7.7596793e-03
1.7267580e+01	9.8385851e-03
1.7289389e+01	-1.2086749e-01
1.7311198e+01	-6.1899755e-02
1.7333006e+01	7.3717687e-02
1.7354815e+01	7.8098610e-02
1.7376624e+01	2.2853465e-02
1.7398433e+01	-3.3433213e-03
1.7420242e+01	2.9911910e-03
1.7442051e+01	-6.5410764e-02
1.7463860e+01	-8.2142495e-02
1.7485669e+01	-1.3630391e-02
1.7507478e+01	4.2469138e-03
1.7529287e+01	-4.9250318e-02
1.7551096e+01	1.4752985e-01
1.7572905e+01	1.6874051e-01
1.7594714e+01	-1.1019370e-01
1.7616523e+01	1.6493073e-03
1.7638332e+01	-2.4174891e-03
1.7660141e+01	-1.2742980e-02
1.7681949e+01	-2.4829591e-02
1.7703758e+01	1.0526591e-02
1.7725567e+01	2.9157551e-02
1.7747376e+01	5.9221136e-03
1.7769185e+01	-1.9059258e-02
1.7790994e+01	-2.0537152e-02
1.7812803e+01	-7.0225375e-02
1.7834612e+01	9.3107288e-02
1.7856421e+01	8.8412494e-02
1.7878230e+01	-1.1937157e-01
1.7900039e+01	1.5550347e-01
1.7921848e+01	-1.8066127e-02
1.7943657e+01	-1.0112365e-01
1.7965466e+01	-2.0728699e-02
1.7987275e+01	-2.2415314e-02
1.8009084e+01	8.1962875e-02
1.8030892e+01	1.6753485e-01
1.8052701e+01	-1.4409368e-01
1.8074510e+01	-6.7109735e-02
1.8096319e+01	-1.6067307e-02
1.8118128e+01	1.1065019e-01
1.8139937e+01	-1.0973459e-01
1.8161746e+01	-1.0659609e-01
1.8183555e+01	9.0653875e-02
1.8205364e+01	1.3853347e-01
1.8227173e+01	5.3109664e-02
1.8248982e+01	-6.1702639e-02
1.8270791e+01	-6.2688383e-02
1.8292600e+01	8.5086775e-02
1.8314409e+01	1.2335833e-01
1.8336218e+01	-5.6966599e-02
1.8358027e+01	-1.2771348e-01
1.8379835e+01	-2.2682388e-02
1.8401644e+01	-1.8171539e-01
1.8423453e+01	-2.3101058e-02
1.8445262e+01	8.6034195e-02
1.8467071e+01	1.2351042e-01
1.8488880e+01	2.5250293e-01
1.8510689e+01	1.0071465e-01
1.8532498e+01	6.0081209e-02
1.8554307e+01	-1.3550609e-02
1.8576116e+01	-4.6756930e-02
1.8597925e+01	3.1092364e-02
1.8619734e+01	-1.5460360e-01
1.8641543e+01	3.1953915e-02
1.8663352e+01	-9.2528971e-02
1.8685161e+01	-1.1817022e-02
1.8706970e+01	1.7393503e-01
1.8728778e+01	1.2924193e-01
1.8750587e+01	-9.9030968e-02
1.8772396e+01	-9.8028232e-03
1.8794205e+01	6.6017998e-02
1.8816014e+01	-3.0323472e-02
1.8837823e+01	-1.3341202e-01
1.8859632e+01	-8.3252670e-03
1.8881441e+01	-5.5307853e-02
1.8903250e+01	-2.5214246e-02
1.8925059e+01	-1.4280821e-02
1.8946868e+01	3.0509395e-03
1.8968677e+01	1.0623812e-01
1.8990486e+01	2.0527328e-01
1.9012295e+01	9.6433011e-02
1.9034104e+01	3.4696592e-03
1.9055913e+01	-1.0176742e-01
1.9077721e+01	-1.1732134e-01
1.9099530e+01	1.4116881e-01
1.9121339e+01	-9.4009513e-02
1.9143148e+01	-2.3037471e-02
1.9164957e+01	7.5692151e-02
1.9186766e+01	1.5319920e-02
1.9208575e+01	-3.1221585e-02
1.9230384e+01	5.6407771e-02
1.9252193e+01	1.8055245e-02
1.9274002e+01	-9.7207356e-02
1.9295811e+01	-1.7804550e-01
1.9317620e+01	-6.9715664e-02
1.9339429e+01	4.9956505e-02
1.9361238e+01	9.4128791e-02
1.9383047e+01	-3.6761736e-02
1.9404856e+01	1.4907180e-01
1.9426665e+01	1.3577706e-01
1.9448473e+01	1.7656870e-01
1.9470282e+01	1.1095422e-01
1.9492091e+01	-1.5857353e-01
1.9513900e+01	-1.0573213e-01
1.9535709e+01	-1.8134475e-02
1.9557518e+01	-3.5262245e-02
1.9579327e+01	-2.9999161e-02
1.9601136e+01	-6.8351296e-03
1.9622945e+01	-1.3397968e-01
1.9644754e+01	1.0057420e-01
1.9666563e+01	6.4853438e-02
1.9688372e+01	-4.1881755e-02
1.9710181e+01	-2.3831446e-02
1.9731990e+01	-5.7922198e-03
1.9753799e+01	4.0491144e-02
1.9775608e+01	2.7416699e-02
1.9797416e+01	-3.5219223e-02
1.9819225e+01	-2.0056011e-02
1.9841034e+01	3.9206325e-02
1.9862843e+01	3.1937640e-03
1.9884652e+01	1.0084191e-01
1.9906461e+01	-1.1223911e-02
1.9928270e+01	-2.4130858e-02
1.9950079e+01	5.0792653e-02
1.9971888e+01	-5.2317013e-02
1.9993697e+01	-1.5593958e-01
2.0015506e+01	3.0392598e-02
2.0037315e+01	2.6640094e-02
2.0059124e+01	-5.7448762e-02
2.0080933e+01	8.9345369e-02
2.0102742e+01	1.5339729e-01
2.0124551e+01	-9.2535596e-03
2.0146359e+01	-1.4519904e-01
2.0168168e+01	-4.5891922e-02
2.0189977e+01	5.6731926e-02
2.0211786e+01	-1.9972061e-03
2.0233595e+01	1.9933964e-02
2.0255404e+01	2.6166197e-02
2.0277213e+01	-7.5065376e-02
2.0299022e+01	5.0528078e-02
2.0320831e+01	1.0251997e-03
2.0342640e+01	1.0560919e-01
2.0364449e+01	8.1416149e-02
2.0386258e+01	-1.1029197e-01
2.0408067e+01	-1.9506238e-01
2.0429876e+01	4.2419910e-02
2.0451685e+01	-8.5451035e-02
2.0473494e+01	1.5392593e-02
2.0495302e+01	1.2315367e-01
2.0517111e+01	6.3121204e-02
2.0538920e+01	3.8426433e-02
2.0560729e+01	2.5670622e-01
2.0582538e+01	-1.4126225e-02
2.0604347e+01	9.0312382e-02
2.0626156e+01	8.9360747e-02
2.0647965e+01	-1.7244830e-01
2.0669774e+01	-7.9789794e-02
2.0691583e+01	-3.5836525e-02
2.0713392e+01	-1.6030972e-02
2.0735201e+01	-3.7146600e-03
2.0757010e+01	6.7014762e-02
2.0778819e+01	-8.1529696e-02
2.0800628e+01	7.0550713e-03
2.0822437e+01	-4.6908505e-02
2.0844245e+01	-1.5883726e-02
2.0866054e+01	1.0477317e-01
2.0887863e+01	2.8719043e-03
2.0909672e+01	-1.3314225e-01
2.0931481e+01	1.5430340e-01
2.0953290e+01	4.6379850e-01
2.0975099e+01	1.2543590e+00
2.0996908e+01	2.4740780e+00
2.1018717e+01	4.1585527e+00
2.1040526e+01	6.3327103e+00
2.1062335e+01	7.4262959e+00
2.1084144e+01	7.3054847e+00
2.1105953e+01	6.5728479e+00
2.1127762e+01	5.3607187e+00
2.1149571e+01	5.0980792e+00
2.1171380e+01	5.5697956e+00
2.1193188e+01	6.7835461e+00
2.1214997e+01	8.5007088e+00
2.1236806e+01	1.0128504e+01
2.1258615e+01	1.1350767e+01
2.1280424e+01	1.2277427e+01
2.1302233e+01	1.2732777e+01
2.1324042e+01	1.1869645e+01
2.1345851e+01	1.0247423e+01
2.1367660e+01	7.2240346e+00
2.1389469e+01	4.2581193e+00
2.1411278e+01	2.2656307e+00
2.1433087e+01	1.0472981e+00
2.1454896e+01	3.9719364e-01
2.1476705e+01	8.1138419e-02
2.1498514e+01	-2.0748817e-02
2.1520323e+01	-1.3716887e-01
2.1542132e+01	9.9485556e-02
2.1563940e+01	3.5281793e-01
2.1585749e+01	5.4851770e-01
2.1607558e+01	4.3525734e-01
2.1629367e+01	2.9490075e-01
2.1651176e+01	1.5888561e-01
2.1672985e+01	5.2637980e-02
2.1694794e+01	-5.3539288e-02
2.1716603e+01	-2.0524381e-01
2.1738412e+01	2.7658912e-02
2.1760221e+01	-1.7368166e-02
2.1782030e+01	-9.7098840e-02
2.1803839e+01	8.5852476e-04
2.1825648e+01	4.3278946e-02
2.1847457e+01	-2.4136133e-02
2.1869266e+01	1.5025923e-01
2.1891075e+01	1.2470092e-01
2.1912883e+01	-8.6876797e-02
2.1934692e+01	-8.4490089e-02
2.1956501e+01	-6.9820515e-02
2.1978310e+01	-5.9447618e-02
2.2000119e+01	2.9457004e-02
2.2021928e+01	1.0608186e-01
2.2043737e+01	9.3279179e-02
2.2065546e+01	5.1016736e-02
2.2087355e+01	1.1006665e-02
2.2109164e+01	-2.4903326e-02
2.2130973e+01	-3.3278648e-02
2.2152782e+01	-1.0580918e-01
2.2174591e+01	4.5371886e-02
2.2196400e+01	-3.3246870e-02
2.2218209e+01	-1.2278019e-01
2.2240018e+01	-1.8383172e-02
2.2261826e+01	7.8177600e-02
2.2283635e+01	3.8099803e-02
2.2305444e+01	1.3123059e-01
2.2327253e+01	-2.8863766e-02
2.2349062e+01	-2.9265176e-02
2.2370871e+01	5.3062987e-02
2.2392680e+01	4.9617260e-02
2.2414489e+01	-2.2732159e-02
2.2436298e+01	-1.7744679e-02
2.2458107e+01	9.5364697e-03
2.2479916e+01	-2.0755597e-01
2.2501725e+01	2.0009492e-02
2.2523534e+01	4.6417875e-02
2.2545343e+01	-4.7438950e-02
2.2567152e+01	-3.9045781e-02
2.2588961e+01	5.0465331e-02
2.2610769e+01	1.4446727e-01
2.2632578e+01	1.2566155e-01
2.2654387e+01	-9.4722799e-02
2.2676196e+01	-1.0437519e-02
2.2698005e+01	1.7249802e-02
2.2719814e+01	-2.7180885e-02
2.2741623e+01	4.4108843e-02
2.2763432e+01	-2.6965156e-02
2.2785241e+01	-7.9945820e-02
2.2807050e+01	-3.4902839e-02
2.2828859e+01	-7.1208386e-02
2.2850668e+01	-9.9778023e-03
2.2872477e+01	6.5944783e-02
2.2894286e+01	1.5463047e-01
2.2916095e+01	1.5248488e-01
2.2937904e+01	-4.3719831e-02
2.2959712e+01	-8.3473146e-02
2.2981521e+01	5.6967209e-02
2.3003330e+01	-5.3912378e-02
2.3025139e+01	-1.8796020e-01
2.3046948e+01	-5.5849967e-02
2.3068757e+01	2.4940689e-01
2.3090566e+01	1.0409713e-01
2.3112375e+01	2.7139325e-03
2.3134184e+01	5.8761167e-02
2.3155993e+01	6.7792393e-02
2.3177802e+01	8.5811375e-03
2.3199611e+01	-5.3539743e-03
2.3221420e+01	-2.6172799e-02
2.3243229e+01	-3.9504956e-02
2.3265038e+01	-9.5871219e-02
2.3286847e+01	1.4765877e-02
2.3308655e+01	3.2755257e-02
2.3330464e+01	-8.8043194e-02
2.3352273e+01	-3.1929972e-02
2.3374082e+01	1.0903390e-01
2.3395891e+01	3.2742515e-01
2.3417700e+01	5.4456160e-01
2.3439509e+01	1.0120203e+00
2.3461318e+01	1.4226786e+00
2.3483127e+01	2.1053218e+00
2.3504936e+01	3.7018284e+00
2.3526745e+01	5.3227887e+00
2.3548554e+01	6.5586810e+00
2.3570363e+01	6.6868158e+00
2.3592172e+01	5.7744073e+00
2.3613981e+01	4.8890030e+00
2.3635790e+01	4.5804592e+00
2.3657599e+01	4.7465594e+00
2.3679407e+01	5.4951347e+00
2.3701216e+01	6.6382327e+00
2.3723025e+01	7.9807617e+00
2.3744834e+01	9.5998500e+00
2.3766643e+01	1.0978225e+01
2.3788452e+01	1.2767686e+01
2.3810261e+01	1.4122779e+01
2.3832070e+01	1.4045684e+01
2.3853879e+01	1.2653515e+01
2.3875688e+01	1.0662909e+01
2.3897497e+01	8.0439337e+00
2.3919306e+01	5.6654500e+00
2.3941115e+01	3.6836369e+00
2.3962924e+01	2.4087727e+00
2.3984733e+01	1.5635900e+00
2.4006542e+01	9.2808001e-01
2.4028350e+01	6.0406810e-01
2.4050159e+01	1.5791066e-01
2.4071968e+01	1.2062892e-01
2.4093777e+01	1.2364982e-02
2.4115586e+01	-9.5758398e-02
2.4137395e+01	-1.8452972e-01
2.4159204e+01	-1.0094579e-01
2.4181013e+01	3.1294553e-02
2.4202822e+01	1.1731608e-01
2.4224631e+01	7.8273501e-02
2.4246440e+01	-6.9169105e-02
2.4268249e+01	-1.6274120e-01
2.4290058e+01	-1.1416403e-01
2.4311867e+01	8.0708308e-03
2.4333676e+01	4.9208083e-02
2.4355485e+01	3.7948928e-02
2.4377293e+01	2.5073363e-02
2.4399102e+01	1.5335748e-01
2.4420911e+01	8.0013288e-02
2.4442720e+01	-1.6956152e-02
2.4464529e+01	-9.5640250e-03
2.4486338e+01	4.9317182e-02
2.4508147e+01	3.8403643e-01
2.4529956e+01	3.8046890e-01
2.4551765e+01	5.8812946e-01
2.4573574e+01	7.5301093e-01
2.4595383e+01	1.0911279e+00
2.4617192e+01	1.3199701e+00
2.4639001e+01	1.2236310e+00
2.4660810e+01	5.4796839e-01
2.4682619e+01	3.2206278e-01
2.4704428e+01	-1.2998277e-01
2.4726236e+01	-6.5896823e-02
2.4748045e+01	7.3378709e-02
2.4769854e+01	1.9603030e-02
2.4791663e+01	-2.2165198e-02
2.4813472e+01	1.4145904e-01
2.4835281e+01	-1.7060974e-02
2.4857090e+01	-2.6010280e-02
2.4878899e+01	8.9716263e-02
2.4900708e+01	-8.3228776e-02
2.4922517e+01	-1.9692550e-01
2.4944326e+01	-5.1194046e-02
2.4966135e+01	1.0962615e-02
2.4987944e+01	5.1676445e-02
2.5009753e+01	1.0858375e-01
2.5031562e+01	4.0680832e-02
2.5053371e+01	5.8839661e-02
2.5075179e+01	-6.6432761e-02
2.5096988e+01	-8.3721997e-02
2.5118797e+01	-3.1016621e-02
2.5140606e+01	3.8204211e-02
2.5162415e+01	5.4843628e-02
2.5184224e+01	7.5732430e-02
2.5206033e+01	4.5934945e-02
2.5227842e+01	-1.4194678e-01
2.5249651e+01	-1.0491851e-01
2.5271460e+01	2.0720044e-01
2.5293269e+01	1.4421186e-01
2.5315078e+01	-4.6047971e-02
2.5336887e+01	-1.2768868e-02
2.5358696e+01	-2.6697268e-02
2.5380505e+01	-3.6667412e-02
2.5402314e+01	-7.4575219e-02
2.5424123e+01	9.8283047e-02
2.5445931e+01	8.0730580e-02
2.5467740e+01	-3.9455056e-02
2.5489549e+01	-8.1055027e-02
2.5511358e+01	8.7590856e-03
2.5533167e+01	1.6939196e-02
2.5554976e+01	9.2488821e-02
2.5576785e+01	1.3234526e-01
2.5598594e+01	-3.1598998e-02
2.5620403e+01	-2.3420898e-02
2.5642212e+01	-1.1872069e-01
2.5664021e+01	-4.0076483e-02
2.5685830e+01	-1.7155820e-01
2.5707639e+01	-7.1235465e-02
2.5729448e+01	1.0328067e-01
2.5751257e+01	3.0643627e-01
2.5773066e+01	6.4839244e-01
2.5794874e+01	1.1738744e+00
2.5816683e+01	1.1508863e+00
2.5838492e+01	8.0480830e-01
2.5860301e+01	4.1863960e-01
2.5882110e+01	5.0912336e-02
2.5903919e+01	1.4311354e-02
2.5925728e+01	1.7688445e-01
2.5947537e+01	6.4488249e-01
2.5969346e+01	6.5058794e-01
2.5991155e+01	1.2291942e+00
2.6012964e+01	1.7842428e+00
2.6034773e+01	2.2807060e+00
2.6056582e+01	2.6959722e+00
2.6078391e+01	3.0224549e+00
2.6100200e+01	2.9737095e+00
2.6122009e+01	2.8804973e+00
2.6143817e+01	2.2691418e+00
2.6165626e+01	1.4558664e+00
2.6187435e+01	8.6299045e-01
2.6209244e+01	4.9767838e-01
2.6231053e+01	1.5913659e-01
2.6252862e+01	1.5251293e-01
2.6274671e+01	-9.3800509e-02
2.6296480e+01	-1.8168016e-01
2.6318289e+01	-9.3705032e-02
2.6340098e+01	-1.2906016e-01
2.6361907e+01	-7.9643343e-02
2.6383716e+01	3.8816498e-02
2.6405525e+01	1.8271988e-01
2.6427334e+01	8.2836795e-02
2.6449143e+01	-3.4746510e-02
2.6470952e+01	7.4846821e-03
2.6492760e+01	8.1643708e-02
2.6514569e+01	-7.6664118e-02
2.6536378e+01	-2.2494777e-02
2.6558187e+01	1.0976852e-02
2.6579996e+01	-1.3223184e-01
2.6601805e+01	-1.5586070e-03
2.6623614e+01	1.4918443e-01
2.6645423e+01	1.1859303e-01
2.6667232e+01	8.7011872e-02
2.6689041e+01	1.2348426e-02
2.6710850e+01	-1.4852654e-02
2.6732659e+01	-3.4412430e-02
2.6754468e+01	-2.0923347e-02
2.6776277e+01	-7.9669365e-02
2.6798086e+01	2.6980450e-02
2.6819895e+01	-3.8442667e-02
2.6841703e+01	-7.0210752e-02
2.6863512e+01	-9.2596007e-02
2.6885321e+01	-6.9263685e-02
2.6907130e+01	8.4532227e-02
2.6928939e+01	8.6366120e-02
2.6950748e+01	-4.0890850e-02
2.6972557e+01	9.5424521e-02
2.6994366e+01	2.2621689e-01
2.7016175e+01	6.3261899e-02
2.7037984e+01	5.2187426e-02
2.7059793e+01	3.6782421e-02
2.7081602e+01	-1.5453289e-01
2.7103411e+01	-2.2198972e-01
2.7125220e+01	-6.3352230e-02
2.7147029e+01	8.7918053e-02
2.7168838e+01	1.8450890e-02
2.7190646e+01	1.6604937e-01
2.7212455e+01	1.1477617e-01
2.7234264e+01	5.1536173e-02
2.7256073e+01	-1.0360941e-01
2.7277882e+01	-6.0438810e-02
2.7299691e+01	-3.4260801e-02
2.7321500e+01	6.1935980e-02
2.7343309e+01	-7.5335670e-02
2.7365118e+01	-6.8240953e-02
2.7386927e+01	-2.9067257e-02
2.7408736e+01	8.5212310e-02
2.7430545e+01	6.7569545e-03
2.7452354e+01	3.6323607e-02
2.7474163e+01	5.7973831e-03
2.7495972e+01	1.7412124e-02
2.7517781e+01	-1.1178823e-01
2.7539590e+01	1.2582335e-01
2.7561398e+01	1.3222797e-01
2.7583207e+01	-5.9739790e-02
2.7605016e+01	-5.4771375e-02
2.7626825e+01	-1.0399640e-01
2.7648634e+01	-3.3153257e-02
2.7670443e+01	-7.7460027e-02
2.7692252e+01	-8.2347267e-02
2.7714061e+01	2.2232106e-02
2.7735870e+01	1.0496775e-01
2.7757679e+01	-1.1949543e-02
2.7779488e+01	1.1171501e-01
2.7801297e+01	1.6945310e-01
2.7823106e+01	1.1700438e-01
2.7844915e+01	3.2032864e-02
2.7866724e+01	-3.8396108e-02
2.7888533e+01	4.1212958e-03
2.7910341e+01	-3.4555814e-02
2.7932150e+01	-1.3636467e-02
2.7953959e+01	-1.4302443e-01
2.7975768e+01	-1.2208837e-01
2.7997577e+01	-6.5277570e-02
2.8019386e+01	1.6413118e-01
2.8041195e+01	7.9121538e-02
2.8063004e+01	7.2280686e-02
2.8084813e+01	-2.0896448e-02
2.8106622e+01	-1.6059850e-01
2.8128431e+01	-1.3887102e-02
2.8150240e+01	-6.9283664e-02
2.8172049e+01	-1.0007714e-01
2.8193858e+01	1.3828954e-01
2.8215667e+01	1.7276115e-01
2.8237476e+01	-1.1004360e-02
2.8259284e+01	-3.6930815e-03
2.8281093e+01	1.0760932e-01
2.8302902e+01	2.7512128e-02
2.8324711e+01	4.2463137e-03
2.8346520e+01	-1.0253502e-01
2.8368329e+01	1.0064493e-01
2.8390138e+01	-5.0755424e-02
2.8411947e+01	-6.3113423e-02
2.8433756e+01	-1.3315509e-01
2.8455565e+01	-1.3311812e-01
2.8477374e+01	1.0265118e-01
2.8499183e+01	1.5542658e-02
2.8520992e+01	-5.3848684e-02
2.8542801e+01	2.0106531e-01
2.8564610e+01	1.5647623e-01
2.8586419e+01	-3.3760546e-02
2.8608227e+01	1.0378787e-02
2.8630036e+01	1.0772477e-01
2.8651845e+01	8.0669706e-02
2.8673654e+01	-7.3872656e-02
2.8695463e+01	-6.8463963e-03
2.8717272e+01	5.4735443e-02
2.8739081e+01	-2.3531245e-02
2.8760890e+01	-1.3160250e-01
2.8782699e+01	-5.6717577e-02
2.8804508e+01	2.3103932e-02
2.8826317e+01	1.5572504e-02
2.8848126e+01	-6.9768170e-02
2.8869935e+01	-5.7193230e-02
2.8891744e+01	2.2013338e-01
2.8913553e+01	1.3142667e-01
2.8935362e+01	-7.9597195e-02
2.8957170e+01	-5.6547689e-02
2.8978979e+01	5.5773616e-02
2.9000788e+01	-1.8889143e-01
2.9022597e+01	-7.6037800e-03
2.9044406e+01	1.2498197e-01
2.9066215e+01	6.1322386e-02
2.9088024e+01	3.2454053e-02
2.9109833e+01	1.1714435e-02
2.9131642e+01	4.4721570e-02
2.9153451e+01	-1.6976144e-02
2.9175260e+01	-7.2280258e-02
2.9197069e+01	-5.3579498e-03
2.9218878e+01	-8.0244452e-02
2.9240687e+01	3.1453766e-03
2.9262496e+01	-3.2171850e-02
2.9284305e+01	1.4901281e-01
2.9306113e+01	1.1059309e-01
2.9327922e+01	1.7147757e-02
2.9349731e+01	-2.7203987e-02
2.9371540e+01	-7.7024082e-02
2.9393349e+01	-7.3047261e-02
2.9415158e+01	2.0946855e-02
2.9436967e+01	1.2544016e-01
2.9458776e+01	9.7031540e-04
2.9480585e+01	-1.4059768e-01
2.9502394e+01	2.0198819e-03
2.9524203e+01	1.4468721e-01
2.9546012e+01	9.7695277e-02
2.9567821e+01	1.0843637e-01
2.9589630e+01	-9.5698534e-02
2.9611439e+01	-1.9684274e-01
2.9633248e+01	-1.0787684e-01
2.9655057e+01	-1.0378402e-01
2.9676865e+01	-1.3539775e-02
2.9698674e+01	-5.2745355e-02
2.9720483e+01	1.2375888e-01
2.9742292e+01	7.0124323e-01
2.9764101e+01	1.4740498e+00
2.9785910e+01	1.7305577e+00
2.9807719e+01	1.6414251e+00
2.9829528e+01	1.3107060e+00
2.9851337e+01	7.2328551e-01
2.9873146e+01	4.6645384e-01
2.9894955e+01	1.5131803e-01
2.9916764e+01	1.2734695e-01
2.9938573e+01	4.4602435e-01
2.9960382e+01	9.3375530e-01
2.9982191e+01	1.7334687e+00
3.0004000e+01	2.7269674e+00
3.0025808e+01	3.8426944e+00
3.0047617e+01	5.1763774e+00
3.0069426e+01	6.3246754e+00
3.0091235e+01	7.3967133e+00
3.0113044e+01	8.3632020e+00
3.0134853e+01	8.3782323e+00
3.0156662e+01	7.8586741e+00
3.0178471e+01	6.6514604e+00
3.0200280e+01	4.8776609e+00
3.0222089e+01	2.9775206e+00
3.0243898e+01	1.6868004e+00
3.0265707e+01	7.8115014e-01
3.0287516e+01	3.5668172e-01
3.0309325e+01	1.5266026e-02
3.0331134e+01	-5.2257490e-02
3.0352943e+01	1.2457698e-01
3.0374751e+01	-6.0815376e-02
3.0396560e+01	-4.0327850e-02
3.0418369e+01	-1.5923803e-01
3.0440178e+01	-5.0758840e-02
3.0461987e+01	1.7093692e-02
3.0483796e+01	7.1517953e-02
3.0505605e+01	-4.6820161e-03
3.0527414e+01	-1.4252394e-02
3.0549223e+01	4.2645061e-03
3.0571032e+01	7.8281992e-02
3.0592841e+01	5.0564620e-03
3.0614650e+01	-1.0931549e-01
3.0636459e+01	1.1996477e-02
3.0658268e+01	9.3102361e-02
3.0680077e+01	5.2074142e-02
3.0701886e+01	-1.3028852e-01
3.0723694e+01	-1.6706897e-01
3.0745503e+01	8.2021259e-02
3.0767312e+01	1.6804056e-01
3.0789121e+01	1.4764821e-01
3.0810930e+01	-1.7449578e-02
3.0832739e+01	1.5823447e-02
3.0854548e+01	-1.5383262e-03
3.0876357e+01	7.0193329e-02
3.0898166e+01	-1.2664316e-01
3.0919975e+01	-1.2984624e-01
3.0941784e+01	-4.3660736e-03
3.0963593e+01	1.6951129e-01
3.0985402e+01	1.0482114e-01
3.1007211e+01	7.0822439e-02
3.1029020e+01	-5.3820701e-02
3.1050829e+01	-7.4727159e-02
3.1072637e+01	-1.2571331e-01
3.1094446e+01	-1.6107500e-01
3.1116255e+01	-1.4216769e-02
3.1138064e+01	2.8483961e-02
3.1159873e+01	7.1176196e-02
3.1181682e+01	2.5308785e-03
3.1203491e+01	1.8434563e-01
3.1225300e+01	1.0731786e-01
3.1247109e+01	-2.6978652e-02
3.1268918e+01	1.3481567e-01
3.1290727e+01	3.0224124e-02
3.1312536e+01	-1.0793934e-01
3.1334345e+01	-7.8314191e-03
3.1356154e+01	5.4755970e-02
3.1377963e+01	-1.3966335e-01
3.1399772e+01	-1.2481517e-01
3.1421580e+01	-4.6819110e-03
3.1443389e+01	8.9990351e-02
3.1465198e+01	-1.7189958e-01
3.1487007e+01	-7.6162950e-02
3.1508816e+01	1.4639896e-01
3.1530625e+01	4.6378726e-01
3.1552434e+01	9.2044094e-01
3.1574243e+01	1.4596082e+00
3.1596052e+01	1.5858733e+00
3.1617861e+01	1.5783875e+00
3.1639670e+01	1.3538580e+00
3.1661479e+01	8.8962295e-01
3.1683288e+01	3.2813468e-01
3.1705097e+01	5.1521377e-02
3.1726906e+01	8.5807525e-02
3.1748715e+01	2.8146836e-01
3.1770524e+01	7.4564684e-01
3.1792332e+01	1.4152277e+00
3.1814141e+01	2.2216108e+00
3.1835950e+01	3.2906799e+00
3.1857759e+01	4.2205568e+00
3.1879568e+01	5.3143552e+00
3.1901377e+01	6.7642409e+00
3.1923186e+01	8.0064877e+00
3.1944995e+01	8.2708034e+00
3.1966804e+01	8.1673167e+00
3.1988613e+01	7.5831135e+00
3.2010422e+01	6.5002855e+00
3.2032231e+01	4.5657555e+00
3.2054040e+01	3.0176752e+00
3.2075849e+01	1.7371496e+00
3.2097658e+01	8.9957221e-01
3.2119467e+01	4.2427797e-01
3.2141275e+01	6.1062614e-02
3.2163084e+01	7.3311095e-02
3.2184893e+01	5.6195576e-02
3.2206702e+01	-1.2464822e-01
3.2228511e+01	-1.9324914e-01
3.2250320e+01	-3.8482194e-02
3.2272129e+01	-3.0818065e-03
3.2293938e+01	-4.3792241e-02
3.2315747e+01	7.1437823e-02
3.2337556e+01	9.7338780e-03
3.2359365e+01	6.2128756e-02
3.2381174e+01	2.6144548e-01
3.2402983e+01	3.4004831e-02
3.2424792e+01	-1.0566595e-02
3.2446601e+01	-9.6354882e-02
3.2468410e+01	-9.1162801e-03
3.2490218e+01	1.1981544e-02
3.2512027e+01	-5.0862548e-02
3.2533836e+01	9.4689788e-02
3.2555645e+01	-1.0775522e-01
3.2577454e+01	-1.7722359e-02
3.2599263e+01	2.6202725e-01
3.2621072e+01	1.0054869e-01
3.2642881e+01	1.9064871e-02
3.2664690e+01	6.7929667e-02
3.2686499e+01	-4.6931835e-02
3.2708308e+01	1.8274134e-02
3.2730117e+01	2.7971847e-03
3.2751926e+01	7.5707384e-02
3.2773735e+01	-5.5829288e-02
3.2795544e+01	-1.2173232e-01
3.2817353e+01	-9.0779735e-02
3.2839161e+01	4.9272053e-02
3.2860970e+01	4.4616335e-02
3.2882779e+01	-5.6219888e-02
3.2904588e+01	-1.7438102e-02
3.2926397e+01	-2.0909295e-02
3.2948206e+01	1.2547731e-01
3.2970015e+01	-7.7981045e-03
3.2991824e+01	5.9376177e-02
3.3013633e+01	6.3664822e-03
3.3035442e+01	5.3516145e-02
3.3057251e+01	8.6393670e-02
3.3079060e+01	-7.3745576e-02
3.3100869e+01	-4.8690000e-02
3.3122678e+01	-1.2263520e-01
3.3144487e+01	-4.9799325e-02
3.3166296e+01	1.1141218e-01
3.3188104e+01	-7.4832703e-02
3.3209913e+01	-9.9035781e-02
3.3231722e+01	1.1835178e-02
3.3253531e+01	1.6366364e-02
3.3275340e+01	-2.8291691e-02
3.3297149e+01	1.5020435e-01
3.3318958e+01	1.5778029e-01
3.3340767e+01	1.0175630e-01
3.3362576e+01	9.9395510e-02
3.3384385e+01	-1.3175282e-01
3.3406194e+01	-3.7931612e-02
3.3428003e+01	-9.0211169e-02
3.3449812e+01	-5.0427979e-02
3.3471621e+01	-1.4002978e-01
3.3493430e+01	-1.2726991e-01
3.3515239e+01	3.6224861e-02
3.3537047e+01	1.6480396e-01
3.3558856e+01	2.1934272e-01
3.3580665e+01	4.5882231e-01
3.3602474e+01	7.2286273e-01
3.3624283e+01	7.1139702e-01
3.3646092e+01	8.3284422e-01
3.3667901e+01	1.1134633e+00
3.3689710e+01	1.0898524e+00
3.3711519e+01	9.1656646e-01
3.3733328e+01	5.0990651e-01
3.3755137e+01	1.6129058e-01
3.3776946e+01	1.3178489e-01
3.3798755e+01	-1.7705371e-02
3.3820564e+01	8.2710131e-03
3.3842373e+01	-9.8239097e-02
3.3864182e+01	-1.1503801e-01
3.3885991e+01	-9.5919623e-02
3.3907799e+01	1.2882578e-02
3.3929608e+01	1.0323919e-01
3.3951417e+01	6.6434336e-02
3.3973226e+01	-1.4125044e-01
3.3995035e+01	7.6901984e-03
3.4016844e+01	-7.2279172e-02
3.4038653e+01	-6.8415817e-02
3.4060462e+01	4.9284907e-02
3.4082271e+01	2.3399753e-02
3.4104080e+01	1.0536276e-01
3.4125889e+01	1.3341436e-01
3.4147698e+01	-5.3636166e-02
3.4169507e+01	-3.3561887e-02
3.4191316e+01	6.1795500e-02
3.4213125e+01	5.0473422e-02
3.4234934e+01	-1.4373414e-01
3.4256742e+01	-1.0423786e-01
3.4278551e+01	2.9711656e-02
3.4300360e+01	4.6491666e-03
3.4322169e+01	7.6210738e-02
3.4343978e+01	-1.5235270e-02
3.4365787e+01	-1.1058907e-02
3.4387596e+01	8.7259144e-02
3.4409405e+01	5.9707436e-02
3.4431214e+01	-5.7105895e-02
3.4453023e+01	-1.3344746e-01
3.4474832e+01	-9.5527852e-02
3.4496641e+01	1.5011450e-01
3.4518450e+01	4.4076151e-02
3.4540259e+01	3.1797671e-02
3.4562068e+01	-3.6911056e-03
3.4583877e+01	-3.3375062e-02
3.4605685e+01	-3.3791207e-02
3.4627494e+01	7.5857353e-02
3.4649303e+01	2.0062286e-02
3.4671112e+01	-7.3953959e-02
3.4692921e+01	-4.8685826e-02
3.4714730e+01	4.1754993e-02
3.4736539e+01	-4.8718781e-03
3.4758348e+01	-1.8706169e-02
3.4780157e+01	-5.8474209e-03
3.4801966e+01	1.6387084e-01
3.4823775e+01	1.7781475e-01
3.4845584e+01	-1.0904715e-01
3.4867393e+01	-2.4002264e-01
3.4889202e+01	-6.9369818e-02
3.4911011e+01	5.1543983e-02
3.4932820e+01	2.7718340e-02
3.4954628e+01	1.1281915e-01
3.4976437e+01	1.1356660e-01
3.4998246e+01	4.8380157e-02
3.5020055e+01	-7.6685333e-02
3.5041864e+01	-8.8815098e-02
3.5063673e+01	7.7204537e-03
3.5085482e+01	6.7920125e-02
3.5107291e+01	3.0932859e-02
3.5129100e+01	-7.1928399e-02
3.5150909e+01	1.2230184e-02
3.5172718e+01	-8.5042341e-02
3.5194527e+01	-8.7827069e-03
3.5216336e+01	-7.9902146e-03
3.5238145e+01	4.5624257e-02
3.5259954e+01	-2.1892143e-02
3.5281763e+01	-2.1297873e-02
3.5303571e+01	-2.0153212e-02
3.5325380e+01	1.0714894e-01
3.5347189e+01	2.5070090e-01
3.5368998e+01	3.0544490e-02
3.5390807e+01	-3.5455575e-04
3.5412616e+01	-5.4093752e-02
3.5434425e+01	1.1775018e-01
3.5456234e+01	-6.7350860e-02
3.5478043e+01	-8.7110813e-02
3.5499852e+01	-6.1105010e-02
3.5521661e+01	5.3222609e-02
3.5543470e+01	-8.3646529e-02
3.5565279e+01	-3.6454550e-02
3.5587088e+01	-3.2543683e-02
3.5608897e+01	9.4393399e-02
3.5630706e+01	6.0150214e-02
3.5652514e+01	3.5179192e-02
3.5674323e+01	-1.3694536e-01
3.5696132e+01	1.0051039e-01
3.5717941e+01	5.1573001e-02
3.5739750e+01	-1.9477759e-03
3.5761559e+01	4.4276172e-02
3.5783368e+01	1.1623880e-01
3.5805177e+01	5.5275743e-02
3.5826986e+01	5.5134884e-02
3.5848795e+01	-8.3369465e-02
3.5870604e+01	-4.0595344e-04
3.5892413e+01	-1.1635690e-03
3.5914222e+01	-3.7635788e-02
3.5936031e+01	-9.6327357e-02
3.5957840e+01	-1.9605709e-01
3.5979649e+01	-3.2251413e-01
3.6001458e+01	1.7621458e-01
3.6023266e+01	4.0424957e-01
3.6045075e+01	3.6069133e-01
3.6066884e+01	4.7306557e-01
3.6088693e+01	2.1751677e-01
3.6110502e+01	1.2248619e-01
3.6132311e+01	1.5578801e-01
3.6154120e+01	1.2748576e-01
3.6175929e+01	-4.8268566e-02
3.6197738e+01	8.6206108e-02
3.6219547e+01	-2.9297747e-02
3.6241356e+01	-5.7546773e-02
3.6263165e+01	-7.0751617e-02
3.6284974e+01	-4.5087191e-02
3.6306783e+01	-9.2524227e-03
3.6328592e+01	1.7636810e-01
3.6350401e+01	-4.5778134e-02
3.6372209e+01	-1.8181905e-01
3.6394018e+01	-1.2949619e-01
3.6415827e+01	-8.0247487e-02
3.6437636e+01	2.4309531e-02
3.6459445e+01	1.8218392e-01
3.6481254e+01	1.2665797e-01
3.6503063e+01	-1.0200835e-02
3.6524872e+01	1.1828294e-01
3.6546681e+01	1.4576036e-01
3.6568490e+01	5.7641635e-02
3.6590299e+01	-4.9045541e-02
3.6612108e+01	-1.0938809e-01
3.6633917e+01	-1.9847162e-01
3.6655726e+01	-4.9752676e-02
3.6677535e+01	1.4465592e-01
3.6699344e+01	2.5851322e-01
3.6721152e+01	5.8416722e-01
3.6742961e+01	1.0473750e+00
3.6764770e+01	1.3258533e+00
3.6786579e+01	1.6171180e+00
3.6808388e+01	2.1587449e+00
3.6830197e+01	2.6959739e+00
3.6852006e+01	3.0146507e+00
3.6873815e+01	3.0337632e+00
3.6895624e+01	3.3583343e+00
3.6917433e+01	3.3882577e+00
3.6939242e+01	3.1745133e+00
3.6961051e+01	2.7050279e+00
3.6982860e+01	2.3925433e+00
3.7004669e+01	1.7520664e+00
3.7026478e+01	1.1353180e+00
3.7048287e+01	1.1464898e+00
3.7070095e+01	8.8205384e-01
3.7091904e+01	3.7075281e-01
3.7113713e+01	6.2157559e-02
3.7135522e+01	-1.1460211e-01
3.7157331e+01	5.8880302e-02
3.7179140e+01	4.1627179e-02
3.7200949e+01	1.7027001e-02
3.7222758e+01	7.9943107e-02
3.7244567e+01	-5.1829891e-04
3.7266376e+01	-1.4880700e-01
3.7288185e+01	-6.9754539e-02
3.7309994e+01	8.4514712e-02
3.7331803e+01	-6.9205888e-02
3.7353612e+01	-7.1385610e-02
3.7375421e+01	-5.3912280e-02
3.7397230e+01	1.0120740e-01
3.7419038e+01	-5.3423711e-02
3.7440847e+01	2.5038122e-02
3.7462656e+01	3.3116891e-01
3.7484465e+01	6.1433373e-01
3.7506274e+01	6.9181201e-01
3.7528083e+01	1.7465003e-01
3.7549892e+01	-2.2668826e-03
3.7571701e+01	9.0379018e-02
3.7593510e+01	1.7849195e-01
3.7615319e+01	4.4971681e-03
3.7637128e+01	-1.5212556e-01
3.7658937e+01	-1.4574114e-01
3.7680746e+01	3.1991347e-02
3.7702555e+01	1.0875173e-01
3.7724364e+01	-2.0187264e-02
3.7746173e+01	-1.0193294e-01
3.7767981e+01	-1.5282923e-01
3.7789790e+01	1.4367645e-01
3.7811599e+01	-5.9126037e-02
3.7833408e+01	-1.0029735e-01
3.7855217e+01	-1.5569757e-02
3.7877026e+01	7.7050133e-04
3.7898835e+01	3.0057683e-02
3.7920644e+01	1.9664541e-01
3.7942453e+01	5.0123142e-02
3.7964262e+01	2.6018959e-04
3.7986071e+01	2.0649073e-01
3.8007880e+01	-1.0567092e-03
3.8029689e+01	1.6641178e-01
3.8051498e+01	1.1354529e-01
3.8073307e+01	-6.7429472e-02
3.8095116e+01	-1.8539892e-01
3.8116925e+01	-2.8516221e-01
3.8138733e+01	1.2702441e-01
3.8160542e+01	2.4113212e-01
3.8182351e+01	4.0304758e-01
3.8204160e+01	6.8560813e-01
3.8225969e+01	1.0395553e+00
3.8247778e+01	1.6900816e+00
3.8269587e+01	2.0163415e+00
3.8291396e+01	2.3287875e+00
3.8313205e+01	2.9257953e+00
3.8335014e+01	3.2029192e+00
3.8356823e+01	3.5370487e+00
3.8378632e+01	3.6452075e+00
3.8400441e+01	3.8517610e+00
3.8422250e+01	3.5211007e+00
3.8444059e+01	3.1934202e+00
3.8465868e+01	2.6955259e+00
3.8487676e+01	1.8466173e+00
3.8509485e+01	1.0745251e+00
3.8531294e+01	8.4629858e-01
3.8553103e+01	6.4707140e-01
3.8574912e+01	3.5455103e-01
3.8596721e+01	1.6556395e-01
3.8618530e+01	-7.2905684e-03
3.8640339e+01	-1.3837289e-01
3.8662148e+01	1.1156035e-01
3.8683957e+01	2.5407187e-01
3.8705766e+01	-6.2983141e-02
3.8727575e+01	-1.6012468e-01
3.8749384e+01	2.4532587e-03
3.8771193e+01	-1.1408292e-01
3.8793002e+01	1.3496057e-01
3.8814811e+01	1.0663310e-01
3.8836619e+01	-1.3114659e-01
3.8858428e+01	1.1022542e-01
3.8880237e+01	1.2500948e-01
3.8902046e+01	-1.7023351e-01
3.8923855e+01	1.0086822e-02
3.8945664e+01	7.1851258e-02
3.8967473e+01	5.3590029e-02
3.8989282e+01	-7.6723489e-02
3.9011091e+01	4.4602522e-02
3.9032900e+01	8.9639684e-03
3.9054709e+01	-1.0168627e-01
3.9076518e+01	1.2612946e-01
3.9098327e+01	-1.0597485e-01
3.9120136e+01	-7.9676796e-02
3.9141945e+01	5.5551330e-02
3.9163754e+01	9.0109773e-02
3.9185562e+01	4.1001236e-02
3.9207371e+01	5.3191757e-02
3.9229180e+01	-1.0702715e-01
3.9250989e+01	9.7601468e-02
3.9272798e+01	9.4362964e-02
3.9294607e+01	-4.3155486e-01
3.9316416e+01	-1.7219339e-01
3.9338225e+01	1.0906716e-01
3.9360034e+01	6.9511314e-02
3.9381843e+01	3.0544878e-02
3.9403652e+01	5.8863608e-02
3.9425461e+01	1.6078898e-01
3.9447270e+01	1.6342313e-01
3.9469079e+01	5.4656587e-02
3.9490888e+01	2.3422343e-02
3.9512697e+01	-9.0738998e-02
3.9534505e+01	1.2476822e-02
3.9556314e+01	-1.8487759e-01
3.9578123e+01	4.0198409e-02
3.9599932e+01	3.4397299e-01
3.9621741e+01	5.8782727e-01
3.9643550e+01	5.8969365e-01
3.9665359e+01	8.9306037e-01
3.9687168e+01	1.0568175e+00
3.9708977e+01	1.5459650e+00
3.9730786e+01	1.8924650e+00
3.9752595e+01	2.2507256e+00
3.9774404e+01	2.5145117e+00
3.9796213e+01	2.6539294e+00
3.9818022e+01	2.6441848e+00
3.9839831e+01	3.0159279e+00
3.9861640e+01	3.0761768e+00
3.9883449e+01	2.8034675e+00
3.9905257e+01	2.2105131e+00
3.9927066e+01	1.5575615e+00
3.9948875e+01	1.2056629e+00
3.9970684e+01	8.8677534e-01
3.9992493e+01	7.9305780e-01
4.0014302e+01	5.1717335e-01
4.0036111e+01	1.4396705e-01
4.0057920e+01	-5.8979525e-02
4.0079729e+01	5.4844136e-02
4.0101538e+01	-2.0930696e-01
4.0123347e+01	1.0115371e-01
4.0145156e+01	1.3262454e-01
4.0166965e+01	-2.2584260e-01
4.0188774e+01	7.9599194e-03
4.0210583e+01	8.1230804e-02
4.0232392e+01	-9.1693058e-02
4.0254200e+01	2.6493835e-02
4.0276009e+01	6.7959145e-02
4.0297818e+01	-7.3845616e-02
4.0319627e+01	4.7688811e-02
4.0341436e+01	1.1012282e-01
4.0363245e+01	-1.0142560e-02
4.0385054e+01	1.2229598e-01
4.0406863e+01	6.4564706e-03
4.0428672e+01	-1.0969203e-01
4.0450481e+01	-3.6429284e-02
4.0472290e+01	-1.0478986e-01
4.0494099e+01	-1.2376461e-01
4.0515908e+01	-2.8959581e-02
4.0537717e+01	3.2601512e-02
4.0559526e+01	1.2166168e-01
4.0581335e+01	1.8257365e-01
4.0603143e+01	-4.0375491e-03
4.0624952e+01	-4.2623035e-02
4.0646761e+01	1.0923147e-01
4.0668570e+01	7.9115428e-02
4.0690379e+01	-8.7726947e-02
4.0712188e+01	-8.4494500e-02
4.0733997e+01	3.1068863e-02
4.0755806e+01	5.9264402e-02
4.0777615e+01	-2.3010023e-01
4.0799424e+01	-6.6001759e-02
4.0821233e+01	4.7733107e-02
4.0843042e+01	5.0982270e-02
4.0864851e+01	1.0401280e-01
4.0886660e+01	7.6354717e-03
4.0908469e+01	1.1097026e-01
4.0930278e+01	-1.9887391e-01
4.0952086e+01	3.4862091e-02
4.0973895e+01	-5.6190534e-02
4.0995704e+01	8.7515423e-02
4.1017513e+01	1.9506868e-01
4.1039322e+01	-1.3633139e-01
4.1061131e+01	-3.4349736e-02
4.1082940e+01	3.3167995e-02
4.1104749e+01	2.1710854e-01
4.1126558e+01	4.8206068e-03
4.1148367e+01	-1.5662907e-01
4.1170176e+01	7.6431854e-02
4.1191985e+01	1.6118361e-01
4.1213794e+01	-5.2712004e-02
4.1235603e+01	-4.8874845e-03
4.1257412e+01	-2.9057787e-02
4.1279221e+01	-8.8697157e-02
4.1301029e+01	-3.9912846e-02
4.1322838e+01	-5.4345820e-02
4.1344647e+01	1.2941879e-01
4.1366456e+01	-1.4779512e-01
4.1388265e+01	1.1854406e-01
4.1410074e+01	1.9750355e-02
4.1431883e+01	1.1660485e-01
4.1453692e+01	1.9960966e-03
4.1475501e+01	-7.9407698e-02
4.1497310e+01	9.4773259e-02
4.1519119e+01	1.9169331e-02
4.1540928e+01	-6.2364587e-02
4.1562737e+01	4.4671465e-03
4.1584546e+01	1.2769353e-01
4.1606355e+01	-1.8817209e-01
4.1628164e+01	-1.2449159e-01
4.1649972e+01	1.9811251e-01
4.1671781e+01	1.0053028e-01
4.1693590e+01	-1.7244710e-01
4.1715399e+01	-1.7407793e-01
4.1737208e+01	1.0293266e-01
4.1759017e+01	1.4118711e-01
4.1780826e+01	3.5329924e-02
4.1802635e+01	1.2868462e-01
4.1824444e+01	-8.4762732e-02
4.1846253e+01	-1.3301532e-01
4.1868062e+01	1.4105380e-01
4.1889871e+01	1.6137292e-02
4.1911680e+01	8.8652192e-02
4.1933489e+01	-1.2181047e-02
4.1955298e+01	-1.0036513e-01
4.1977107e+01	4.4396837e-02
4.1998916e+01	6.9072048e-02
4.2020724e+01	-2.0502589e-02
4.2042533e+01	-2.3062613e-01
4.2064342e+01	1.2311925e-01
4.2086151e+01	3.0167088e-01
4.2107960e+01	-9.0558376e-03
4.2129769e+01	3.7265241e-03
4.2151578e+01	9.3729345e-03
4.2173387e+01	3.7946735e-01
4.2195196e+01	3.9727091e-01
4.2217005e+01	2.5732565e-01
4.2238814e+01	3.6106122e-02
4.2260623e+01	6.8802019e-02
4.2282432e+01	-8.7111088e-02
4.2304241e+01	-6.1214959e-02
4.2326050e+01	-2.2897895e-01
4.2347859e+01	-8.3844381e-02
4.2369667e+01	1.1186704e-01
4.2391476e+01	4.2546511e-01
4.2413285e+01	1.8335842e-01
4.2435094e+01	-2.3156472e-02
4.2456903e+01	8.2176381e-02
4.2478712e+01	9.0330524e-01
4.2500521e+01	1.1624784e+00
4.2522330e+01	1.3149131e+00
4.2544139e+01	1.7741267e+00
4.2565948e+01	1.9311015e+00
4.2587757e+01	2.0209737e+00
4.2609566e+01	2.0071886e+00
4.2631375e+01	1.7470176e+00
4.2653184e+01	1.4621028e+00
4.2674993e+01	1.1841407e+00
4.2696802e+01	6.0516342e-01
4.2718610e+01	6.5238034e-01
4.2740419e+01	5.2029061e-01
4.2762228e+01	9.0857371e-02
4.2784037e+01	4.9640843e-01
4.2805846e+01	2.5544899e-01
4.2827655e+01	1.3620361e-01
4.2849464e+01	-3.7393911e-02
4.2871273e+01	-1.9522375e-01
4.2893082e+01	-5.0195253e-02
4.2914891e+01	-2.0985630e-01
4.2936700e+01	1.9288586e-01
4.2958509e+01	3.0361715e-01
4.2980318e+01	1.1777229e-01
4.3002127e+01	-6.0910205e-03
4.3023936e+01	1.7541604e-01
4.3045745e+01	2.9657111e-01
4.3067553e+01	-1.2516192e-01
4.3089362e+01	-6.1301967e-02
4.3111171e+01	-4.7330462e-03
4.3132980e+01	3.9827698e-03
4.3154789e+01	2.7571297e-01
4.3176598e+01	2.3213451e-01
4.3198407e+01	1.2483547e-01
4.3220216e+01	-2.0117482e-01
4.3242025e+01	-1.9445739e-01
4.3263834e+01	-9.7386505e-02
4.3285643e+01	7.7213486e-02
4.3307452e+01	-2.0554801e-02
4.3329261e+01	2.5984613e-01
4.3351070e+01	7.8502402e-02
4.3372879e+01	2.2722610e-01
4.3394688e+01	4.9790101e-01
4.3416496e+01	7.3857251e-01
4.3438305e+01	6.4590524e-01
4.3460114e+01	8.1816683e-01
4.3481923e+01	5.7763290e-01
4.3503732e+01	4.4659002e-01
4.3525541e+01	1.8380355e-01
4.3547350e+01	-1.6258973e-01
4.3569159e+01	-4.8122045e-03
4.3590968e+01	8.5397309e-02
4.3612777e+01	-1.5614478e-01
4.3634586e+01	1.4644561e-01
4.3656395e+01	3.4251433e-01
4.3678204e+01	6.6245585e-01
4.3700013e+01	1.0541728e+00
4.3721822e+01	1.9481348e+00
4.3743631e+01	2.4025294e+00
4.3765439e+01	3.0978922e+00
4.3787248e+01	4.0663919e+00
4.3809057e+01	4.9504611e+00
4.3830866e+01	6.2176753e+00
4.3852675e+01	6.9904662e+00
4.3874484e+01	7.5155494e+00
4.3896293e+01	7.5980465e+00
4.3918102e+01	7.5538010e+00
4.3939911e+01	6.9642957e+00
4.3961720e+01	5.3897741e+00
4.3983529e+01	3.9316759e+00
4.4005338e+01	2.6599465e+00
4.4027147e+01	2.0711757e+00
4.4048956e+01	1.4184301e+00
4.4070765e+01	6.7306617e-01
4.4092574e+01	-7.0253362e-02
4.4114383e+01	6.3157062e-02
4.4136191e+01	1.1594741e-01
4.4158000e+01	-7.5476848e-02
4.4179809e+01	-4.9194455e-02
4.4201618e+01	-2.1572465e-01
4.4223427e+01	1.9055861e-01
4.4245236e+01	1.3594917e-01
4.4267045e+01	-4.8145582e-02
4.4288854e+01	1.8712069e-02
4.4310663e+01	7.9021435e-03
4.4332472e+01	-4.2243419e-02
4.4354281e+01	2.6528142e-01
4.4376090e+01	6.2760231e-02
4.4397899e+01	-5.1915890e-02
4.4419708e+01	6.2082451e-02
4.4441517e+01	5.5376652e-02
4.4463326e+01	5.7464435e-01
4.4485134e+01	2.7955630e-01
4.4506943e+01	-3.3424099e-01
4.4528752e+01	1.0442740e-01
4.4550561e+01	3.0353881e-01
4.4572370e+01	-3.2346635e-01
4.4594179e+01	5.6911396e-02
4.4615988e+01	1.5916072e-01
4.4637797e+01	2.1421540e-01
4.4659606e+01	8.5368088e-02
4.4681415e+01	7.5029549e-01
4.4703224e+01	5.9363805e-01
4.4725033e+01	1.1708119e-01
4.4746842e+01	2.3606188e-02
4.4768651e+01	9.6324341e-02
4.4790460e+01	2.9447351e-01
4.4812269e+01	-1.4498026e-01
4.4834077e+01	-1.0037760e-01
4.4855886e+01	-7.3335710e-03
4.4877695e+01	-9.9683528e-02
4.4899504e+01	-1.2071673e-02
4.4921313e+01	3.2543134e-01
4.4943122e+01	3.8238084e-01
4.4964931e+01	9.6531857e-02
4.4986740e+01	5.1007508e-01