Image file: \\Gfs05\g45\SAXS\2020_12\HDF5\2020-12.10_Kevin_day2_SN\2020-12-10_Max_Cu123_SN_000017_data_000096.h5
ImageIntegration1d_chi_output; Output_Directory= \\Gfs05\g45\SAXS\2020_12\Processed\2020-12-09_Kevin_day1_SN\Chi-Sample-7
Profile = Radial, StartAzimuth = 0.0, EndAzimuth = 360.0, Sam_Det_distance = 250.818474293, InnerRadius = 15.0, OuterRadius = 2400.0, Lambda = 30, Ratio = 0.001, Itermax = 100
2400
2.0013229e+00	-1.1148679e-01
2.0231319e+00	5.9706896e-02
2.0449408e+00	2.9052201e-02
2.0667497e+00	5.2114232e-02
2.0885587e+00	-5.3158465e-02
2.1103676e+00	-5.5936246e-02
2.1321765e+00	6.7045082e-02
2.1539855e+00	1.2557597e-01
2.1757944e+00	-2.8575059e-02
2.1976034e+00	1.0919466e-01
2.2194123e+00	-4.5326313e-02
2.2412212e+00	-9.0860068e-03
2.2630302e+00	-1.3114893e-01
2.2848391e+00	-7.7718054e-02
2.3066480e+00	-2.4578078e-02
2.3284570e+00	2.8160158e-02
2.3502659e+00	-8.6860290e-03
2.3720749e+00	1.2743370e-01
2.3938838e+00	-1.6599502e-02
2.4156927e+00	-1.4394856e-02
2.4375017e+00	4.0473174e-02
2.4593106e+00	9.5796417e-02
2.4811196e+00	-1.0989181e-01
2.5029285e+00	-8.2902264e-02
2.5247374e+00	1.5141827e-01
2.5465464e+00	4.8532037e-03
2.5683553e+00	5.4672880e-02
2.5901642e+00	-2.1023119e-02
2.6119732e+00	-1.1296289e-01
2.6337821e+00	-2.1372147e-02
2.6555911e+00	8.1684014e-02
2.6774000e+00	2.5360508e-02
2.6992089e+00	-3.5491390e-02
2.7210179e+00	-3.9894882e-02
2.7428268e+00	-5.1182523e-02
2.7646358e+00	8.1390177e-02
2.7864447e+00	-5.8258172e-03
2.8082536e+00	3.9289476e-02
2.8300626e+00	-4.0076107e-02
2.8518715e+00	2.8028251e-01
2.8736804e+00	2.4013139e-01
2.8954894e+00	6.2843094e-02
2.9172983e+00	-4.9108566e-02
2.9391073e+00	-1.9719656e-02
2.9609162e+00	1.4779285e-02
2.9827251e+00	-6.0027454e-02
3.0045341e+00	-4.2800957e-02
3.0263430e+00	1.2030925e-01
3.0481519e+00	-5.2014110e-02
3.0699609e+00	6.5991426e-02
3.0917698e+00	2.8592734e-02
3.1135788e+00	-1.2799895e-01
3.1353877e+00	1.5311954e-01
3.1571966e+00	3.3331933e-02
3.1790056e+00	-2.6738390e-01
3.2008145e+00	8.2022419e-02
3.2226235e+00	-4.6969659e-03
3.2444324e+00	4.4457599e-02
3.2662413e+00	1.4873113e-01
3.2880503e+00	9.6456713e-02
3.3098592e+00	-3.6470879e-02
3.3316681e+00	-2.3642745e-02
3.3534771e+00	-8.6873785e-02
3.3752860e+00	-5.0910316e-02
3.3970950e+00	8.6072944e-02
3.4189039e+00	-1.1551113e-01
3.4407128e+00	-4.4160228e-02
3.4625218e+00	1.3800023e-01
3.4843307e+00	4.6738375e-02
3.5061396e+00	-1.5430582e-01
3.5279486e+00	6.3585224e-02
3.5497575e+00	1.3421657e-01
3.5715665e+00	1.3223382e-01
3.5933754e+00	-1.2231743e-01
3.6151843e+00	2.9083327e-02
3.6369933e+00	1.4653760e-02
3.6588022e+00	-1.3052774e-01
3.6806112e+00	5.0019997e-02
3.7024201e+00	-7.0649977e-02
3.7242290e+00	-7.9332863e-02
3.7460380e+00	-2.8421451e-03
3.7678469e+00	9.8469892e-02
3.7896558e+00	8.2659569e-02
3.8114648e+00	5.8684139e-02
3.8332737e+00	-1.8986564e-02
3.8550827e+00	-5.6374755e-02
3.8768916e+00	1.7665749e-02
3.8987005e+00	1.4609145e-03
3.9205095e+00	3.1140528e-02
3.9423184e+00	9.9955756e-02
3.9641273e+00	-1.7808746e-01
3.9859363e+00	-5.2176804e-02
4.0077452e+00	2.2894328e-01
4.0295542e+00	2.4269216e-01
4.0513631e+00	-6.1774730e-02
4.0731720e+00	8.9220027e-02
4.0949810e+00	2.1502567e-01
4.1167899e+00	2.6359358e-02
4.1385989e+00	-1.4684893e-01
4.1604078e+00	2.8987535e-02
4.1822167e+00	2.8414043e-01
4.2040257e+00	-1.1243712e-02
4.2258346e+00	2.0010140e-02
4.2476435e+00	2.3363742e-01
4.2694525e+00	9.5416617e-02
4.2912614e+00	-2.1442567e-02
4.3130704e+00	-6.3119372e-02
4.3348793e+00	-1.1899878e-01
4.3566882e+00	-8.8011372e-03
4.3784972e+00	5.7203770e-02
4.4003061e+00	4.3583190e-02
4.4221151e+00	8.8001860e-02
4.4439240e+00	-1.1612980e-01
4.4657329e+00	8.6540381e-02
4.4875419e+00	3.2895848e-01
4.5093508e+00	-3.5885495e-03
4.5311597e+00	-9.0368258e-02
4.5529687e+00	9.3607272e-02
4.5747776e+00	5.5124052e-02
4.5965866e+00	-4.8904577e-02
4.6183955e+00	-7.1503804e-02
4.6402044e+00	-2.5771091e-02
4.6620134e+00	-5.9087197e-03
4.6838223e+00	-1.9774495e-03
4.7056312e+00	1.5787868e-01
4.7274402e+00	2.3185543e-01
4.7492491e+00	-1.3762119e-01
4.7710581e+00	-9.8307833e-02
4.7928670e+00	1.2318919e-01
4.8146759e+00	1.1922833e-01
4.8364849e+00	1.8623213e-02
4.8582938e+00	5.7928595e-02
4.8801028e+00	1.8225292e-02
4.9019117e+00	-1.3120469e-01
4.9237206e+00	-1.6235608e-01
4.9455296e+00	-1.3922186e-02
4.9673385e+00	8.0426535e-02
4.9891474e+00	2.7743271e-02
5.0109564e+00	8.2489337e-02
5.0327653e+00	-1.7229944e-02
5.0545743e+00	1.5633379e-02
5.0763832e+00	1.3536412e-01
5.0981921e+00	-1.7206964e-01
5.1200011e+00	-1.2298294e-01
5.1418100e+00	7.2836830e-02
5.1636189e+00	9.1182614e-02
5.1854279e+00	-2.9256236e-02
5.2072368e+00	1.2023820e-01
5.2290458e+00	1.1108524e-02
5.2508547e+00	-7.3046687e-02
5.2726636e+00	7.2188682e-02
5.2944726e+00	-3.7787628e-02
5.3162815e+00	-1.1985423e-02
5.3380905e+00	-3.3209412e-02
5.3598994e+00	-8.2097182e-02
5.3817083e+00	-8.2321852e-02
5.4035173e+00	2.4683382e-01
5.4253262e+00	2.2689791e-01
5.4471351e+00	7.8105828e-02
5.4689441e+00	2.7310940e-01
5.4907530e+00	1.1105047e-01
5.5125620e+00	-3.8678914e-02
5.5343709e+00	-1.5556791e-01
5.5561798e+00	1.1562715e-01
5.5779888e+00	6.1156501e-02
5.5997977e+00	-1.2054538e-01
5.6216066e+00	8.4834817e-02
5.6434156e+00	2.6499520e-02
5.6652245e+00	2.2054670e-02
5.6870335e+00	2.2091348e-02
5.7088424e+00	4.5544933e-02
5.7306513e+00	-7.9053117e-02
5.7524603e+00	-1.4625079e-01
5.7742692e+00	-3.2350203e-02
5.7960782e+00	3.0320514e-02
5.8178871e+00	1.6672060e-02
5.8396960e+00	-5.9701021e-02
5.8615050e+00	4.6328611e-02
5.8833139e+00	1.2819497e-01
5.9051228e+00	-7.7999942e-02
5.9269318e+00	6.4404846e-02
5.9487407e+00	5.0069078e-02
5.9705497e+00	-2.3871962e-02
5.9923586e+00	-7.9884831e-02
6.0141675e+00	9.2886136e-02
6.0359765e+00	-2.3331796e-02
6.0577854e+00	1.0408820e-02
6.0795944e+00	4.6617647e-02
6.1014033e+00	-1.6606685e-01
6.1232122e+00	1.2406034e-01
6.1450212e+00	2.5848676e-01
6.1668301e+00	5.0899382e-02
6.1886390e+00	-8.3818287e-02
6.2104480e+00	-1.8141056e-01
6.2322569e+00	6.1153000e-02
6.2540659e+00	1.3105082e-01
6.2758748e+00	-9.2334720e-02
6.2976837e+00	2.5338101e-02
6.3194927e+00	1.3342964e-01
6.3413016e+00	2.5386582e-01
6.3631105e+00	1.4460204e-01
6.3849195e+00	-6.8294431e-02
6.4067284e+00	-3.1240440e-02
6.4285374e+00	-1.7217066e-01
6.4503463e+00	-2.3733914e-02
6.4721552e+00	6.8411958e-02
6.4939642e+00	2.2531751e-02
6.5157731e+00	5.7028465e-02
6.5375821e+00	-2.4150410e-02
6.5593910e+00	-1.0580526e-01
6.5811999e+00	2.6795027e-02
6.6030089e+00	4.7503288e-02
6.6248178e+00	6.4976722e-02
6.6466267e+00	-1.1271813e-02
6.6684357e+00	-1.2058023e-02
6.6902446e+00	6.6388730e-02
6.7120536e+00	3.2218625e-02
6.7338625e+00	-1.0262033e-01
6.7556714e+00	2.4132079e-02
6.7774804e+00	2.6234260e-01
6.7992893e+00	3.0903485e-02
6.8210982e+00	-1.2195976e-01
6.8429072e+00	-1.4062201e-01
6.8647161e+00	1.1997808e-01
6.8865251e+00	8.0231239e-02
6.9083340e+00	2.5823498e-02
6.9301429e+00	7.6347873e-02
6.9519519e+00	-1.4586012e-01
6.9737608e+00	1.7907354e-01
6.9955698e+00	4.0813885e-01
7.0173787e+00	2.7679332e-01
7.0391876e+00	-1.3641410e-02
7.0609966e+00	-1.5458392e-01
7.0828055e+00	7.2582501e-02
7.1046144e+00	-7.0826706e-03
7.1264234e+00	-2.9421704e-02
7.1482323e+00	2.0962394e-01
7.1700413e+00	1.3564002e-01
7.1918502e+00	-1.0248785e-02
7.2136591e+00	-7.8700515e-02
7.2354681e+00	-3.8619334e-03
7.2572770e+00	-5.3023692e-02
7.2790859e+00	-4.3155882e-02
7.3008949e+00	3.5827463e-02
7.3227038e+00	8.5369376e-02
7.3445128e+00	1.5771616e-01
7.3663217e+00	6.7821013e-02
7.3881306e+00	-1.3587126e-01
7.4099396e+00	-4.0050127e-02
7.4317485e+00	2.1564596e-01
7.4535575e+00	-2.7413927e-02
7.4753664e+00	-2.4684046e-01
7.4971753e+00	1.4424967e-02
7.5189843e+00	5.6731999e-02
7.5407932e+00	9.2648651e-02
7.5626021e+00	1.7654160e-01
7.5844111e+00	4.9574261e-02
7.6062200e+00	-9.1510539e-03
7.6280290e+00	-2.2539793e-02
7.6498379e+00	2.7427299e-02
7.6716468e+00	4.5074298e-02
7.6934558e+00	-9.9819270e-02
7.7152647e+00	-2.3975095e-01
7.7370737e+00	-5.6179117e-02
7.7588826e+00	1.2281855e-01
7.7806915e+00	4.0490619e-02
7.8025005e+00	1.4581143e-01
7.8243094e+00	9.5316336e-02
7.8461183e+00	1.0599088e-01
7.8679273e+00	1.0892396e-02
7.8897362e+00	-7.9166487e-02
7.9115452e+00	-1.2340408e-02
7.9333541e+00	-5.6359360e-02
7.9551630e+00	-1.6465238e-01
7.9769720e+00	-1.4154258e-02
7.9987809e+00	3.3433664e-01
8.0205898e+00	1.3212629e-01
8.0423988e+00	-1.0277116e-01
8.0642077e+00	7.1289243e-02
8.0860167e+00	1.0578034e-02
8.1078256e+00	4.8428121e-02
8.1296345e+00	6.2685909e-03
8.1514435e+00	7.3336064e-02
8.1732524e+00	-3.3130395e-02
8.1950614e+00	-1.9287755e-02
8.2168703e+00	-9.5595148e-02
8.2386792e+00	-7.7710270e-02
8.2604882e+00	3.2384535e-02
8.2822971e+00	-6.2322979e-02
8.3041060e+00	7.1604668e-02
8.3259150e+00	6.7856053e-02
8.3477239e+00	6.7689327e-02
8.3695329e+00	8.1124296e-02
8.3913418e+00	1.3378660e-02
8.4131507e+00	-4.8089627e-02
8.4349597e+00	-3.2585476e-02
8.4567686e+00	-6.2393243e-02
8.4785775e+00	1.5997239e-01
8.5003865e+00	2.2827171e-02
8.5221954e+00	-6.9767124e-02
8.5440044e+00	-1.0360602e-01
8.5658133e+00	-1.8386377e-01
8.5876222e+00	3.5404790e-02
8.6094312e+00	1.5026161e-01
8.6312401e+00	1.5761081e-01
8.6530491e+00	8.6125253e-02
8.6748580e+00	3.3313561e-02
8.6966669e+00	-3.9137275e-01
8.7184759e+00	9.3067945e-02
8.7402848e+00	2.6051900e-01
8.7620937e+00	1.0729994e-01
8.7839027e+00	7.0773368e-02
8.8057116e+00	9.2699581e-02
8.8275206e+00	1.5766285e-02
8.8493295e+00	7.2114530e-02
8.8711384e+00	-7.7350780e-02
8.8929474e+00	-9.1527985e-02
8.9147563e+00	-5.3178312e-02
8.9365652e+00	-8.8995225e-02
8.9583742e+00	1.9991402e-01
8.9801831e+00	2.7595749e-01
9.0019921e+00	5.0191331e-02
9.0238010e+00	-9.7408067e-02
9.0456099e+00	7.2057898e-02
9.0674189e+00	6.6619605e-02
9.0892278e+00	3.5883945e-02
9.1110368e+00	-1.6895964e-01
9.1328457e+00	-5.5867302e-02
9.1546546e+00	1.0359578e-01
9.1764636e+00	-7.3465703e-02
9.1982725e+00	5.4782891e-02
9.2200814e+00	1.0160281e-01
9.2418904e+00	7.6483775e-02
9.2636993e+00	-1.4719400e-01
9.2855083e+00	-8.2453922e-02
9.3073172e+00	4.2382006e-02
9.3291261e+00	9.8200449e-03
9.3509351e+00	1.3341746e-01
9.3727440e+00	1.0140589e-01
9.3945530e+00	3.9890589e-02
9.4163619e+00	1.0393127e-01
9.4381708e+00	3.5633358e-02
9.4599798e+00	-2.3259898e-01
9.4817887e+00	-1.8991990e-01
9.5035976e+00	-7.0012268e-02
9.5254066e+00	2.6713470e-01
9.5472155e+00	4.0379125e-01
9.5690245e+00	1.1507825e-01
9.5908334e+00	7.1434072e-02
9.6126423e+00	-1.1559797e-01
9.6344513e+00	-4.4523687e-02
9.6562602e+00	1.0049627e-01
9.6780691e+00	8.2433922e-02
9.6998781e+00	4.6034585e-01
9.7216870e+00	1.3069789e-01
9.7434960e+00	-2.6083775e-02
9.7653049e+00	-2.0342732e-01
9.7871138e+00	4.7490048e-02
9.8089228e+00	1.1555100e-01
9.8307317e+00	-1.1410270e-01
9.8525407e+00	1.5559345e-01
9.8743496e+00	-3.2086743e-02
9.8961585e+00	4.5584034e-02
9.9179675e+00	2.9680715e-01
9.9397764e+00	1.6133226e-01
9.9615853e+00	-1.0557349e-01
9.9833943e+00	-2.5940030e-02
1.0005203e+01	-1.8075629e-01
1.0027012e+01	-8.6981059e-02
1.0048821e+01	9.5600078e-02
1.0070630e+01	5.1219707e-02
1.0092439e+01	3.5550536e-02
1.0114248e+01	8.1323075e-02
1.0136057e+01	2.5577222e-01
1.0157866e+01	1.3410318e-01
1.0179675e+01	1.5328749e-01
1.0201484e+01	-9.6376037e-03
1.0223293e+01	-6.9244801e-02
1.0245102e+01	-6.1097899e-02
1.0266910e+01	-7.5045825e-02
1.0288719e+01	-1.3896925e-01
1.0310528e+01	1.3273415e-02
1.0332337e+01	1.2274010e+00
1.0354146e+01	1.9126541e+00
1.0375955e+01	2.0073661e+00
1.0397764e+01	2.4063845e+00
1.0419573e+01	3.0900718e+00
1.0441382e+01	3.5384295e+00
1.0463191e+01	3.9737471e+00
1.0485000e+01	4.4435041e+00
1.0506809e+01	5.2847979e+00
1.0528618e+01	5.7739351e+00
1.0550427e+01	6.0799461e+00
1.0572236e+01	6.6038785e+00
1.0594045e+01	7.3197356e+00
1.0615853e+01	8.1059091e+00
1.0637662e+01	8.1963524e+00
1.0659471e+01	7.3766479e+00
1.0681280e+01	5.9558002e+00
1.0703089e+01	4.4520587e+00
1.0724898e+01	3.2450860e+00
1.0746707e+01	2.4155966e+00
1.0768516e+01	1.5139128e+00
1.0790325e+01	9.3965428e-01
1.0812134e+01	9.1537245e-01
1.0833943e+01	7.9048079e-01
1.0855752e+01	5.0007082e-01
1.0877561e+01	2.9747700e-01
1.0899370e+01	-7.2145334e-02
1.0921179e+01	4.6417986e-01
1.0942988e+01	3.3146321e-01
1.0964796e+01	3.2566755e-02
1.0986605e+01	-1.5812762e-02
1.1008414e+01	1.3820312e-01
1.1030223e+01	3.1963651e-01
1.1052032e+01	1.0050763e-01
1.1073841e+01	3.1103822e-01
1.1095650e+01	8.9697525e-01
1.1117459e+01	1.1310589e+00
1.1139268e+01	1.2892202e+00
1.1161077e+01	1.5506385e+00
1.1182886e+01	1.7437587e+00
1.1204695e+01	1.8935712e+00
1.1226504e+01	2.2273999e+00
1.1248313e+01	2.1906711e+00
1.1270122e+01	9.3108692e-01
1.1291931e+01	1.2647947e-01
1.1313740e+01	-9.1098073e-02
1.1335548e+01	1.9817119e-02
1.1357357e+01	-5.2682681e-02
1.1379166e+01	-1.3350174e-01
1.1400975e+01	2.0066369e-02
1.1422784e+01	7.5520630e-03
1.1444593e+01	6.2827967e-02
1.1466402e+01	-3.6320532e-02
1.1488211e+01	9.2775501e-03
1.1510020e+01	-1.0584162e-01
1.1531829e+01	8.3961541e-02
1.1553638e+01	9.4972528e-02
1.1575447e+01	-3.8800304e-04
1.1597256e+01	-1.5703132e-01
1.1619065e+01	2.4776923e-01
1.1640874e+01	3.1446465e-01
1.1662683e+01	3.5738109e-01
1.1684491e+01	3.0795796e-01
1.1706300e+01	-5.4587363e-02
1.1728109e+01	1.1030265e-01
1.1749918e+01	1.2240073e-01
1.1771727e+01	-1.3481333e-01
1.1793536e+01	-1.8527555e-01
1.1815345e+01	7.7802740e-02
1.1837154e+01	1.2653406e-01
1.1858963e+01	3.9248182e-02
1.1880772e+01	8.7135875e-02
1.1902581e+01	6.0491713e-02
1.1924390e+01	-1.1332708e-01
1.1946199e+01	-1.1540519e-01
1.1968008e+01	2.0180914e-01
1.1989817e+01	1.3335246e-01
1.2011626e+01	-1.6174109e-01
1.2033434e+01	-1.8151330e-01
1.2055243e+01	5.6884391e-02
1.2077052e+01	9.3243947e-02
1.2098861e+01	1.6235510e-01
1.2120670e+01	6.0364892e-02
1.2142479e+01	-4.5670170e-02
1.2164288e+01	8.4853559e-02
1.2186097e+01	-8.8604389e-02
1.2207906e+01	-2.6505505e-02
1.2229715e+01	2.5159201e-01
1.2251524e+01	1.0121962e-02
1.2273333e+01	-2.9244570e-02
1.2295142e+01	-8.7421664e-03
1.2316951e+01	-1.0250411e-01
1.2338760e+01	8.5784414e-02
1.2360569e+01	1.2200887e-01
1.2382377e+01	6.7443557e-02
1.2404186e+01	-1.3895799e-01
1.2425995e+01	-3.2762620e-02
1.2447804e+01	-3.1796286e-02
1.2469613e+01	5.4705627e-02
1.2491422e+01	-5.1769900e-02
1.2513231e+01	-1.2595591e-01
1.2535040e+01	1.6561380e-01
1.2556849e+01	2.0136591e-01
1.2578658e+01	2.4312540e-01
1.2600467e+01	2.3768362e-02
1.2622276e+01	6.0205721e-02
1.2644085e+01	-5.3374067e-02
1.2665894e+01	-1.2050733e-01
1.2687703e+01	7.9639353e-02
1.2709512e+01	1.8715822e-01
1.2731320e+01	-3.1402731e-02
1.2753129e+01	-1.2305473e-01
1.2774938e+01	-3.1394768e-02
1.2796747e+01	5.0059115e-03
1.2818556e+01	2.0714104e-01
1.2840365e+01	1.5832807e-02
1.2862174e+01	3.8468407e-02
1.2883983e+01	4.8329470e-01
1.2905792e+01	4.3943197e-01
1.2927601e+01	4.6180515e-01
1.2949410e+01	5.7902685e-01
1.2971219e+01	8.2260703e-01
1.2993028e+01	6.3251462e-01
1.3014837e+01	7.5241058e-01
1.3036646e+01	1.0013348e+00
1.3058455e+01	1.1012594e+00
1.3080264e+01	1.0351471e+00
1.3102072e+01	6.9152088e-01
1.3123881e+01	1.1050879e-01
1.3145690e+01	4.1338770e-01
1.3167499e+01	7.3918618e-01
1.3189308e+01	4.7343250e-01
1.3211117e+01	4.3941394e-01
1.3232926e+01	6.2861536e-01
1.3254735e+01	4.8298224e-01
1.3276544e+01	8.2540067e-02
1.3298353e+01	7.9870179e-03
1.3320162e+01	-1.9381961e-01
1.3341971e+01	-2.2188822e-01
1.3363780e+01	3.3622044e-01
1.3385589e+01	8.1180289e-01
1.3407398e+01	8.2341645e-01
1.3429207e+01	5.3594048e-01
1.3451015e+01	4.9986931e-01
1.3472824e+01	4.7197822e-01
1.3494633e+01	3.9419034e-01
1.3516442e+01	1.4153032e-01
1.3538251e+01	6.3230615e-02
1.3560060e+01	1.2632431e-01
1.3581869e+01	4.5572274e-02
1.3603678e+01	3.7399047e-02
1.3625487e+01	-1.3363317e-01
1.3647296e+01	4.8046400e-02
1.3669105e+01	5.7544890e-02
1.3690914e+01	-7.3509582e-02
1.3712723e+01	-5.8644384e-02
1.3734532e+01	1.9116717e-01
1.3756341e+01	-5.8901788e-02
1.3778150e+01	-1.6605463e-02
1.3799958e+01	-5.7856033e-02
1.3821767e+01	-9.1997621e-02
1.3843576e+01	2.0019782e-01
1.3865385e+01	3.5626745e-02
1.3887194e+01	1.0218363e-01
1.3909003e+01	1.1349983e-01
1.3930812e+01	-1.4774841e-01
1.3952621e+01	2.9944656e-02
1.3974430e+01	-9.0840306e-02
1.3996239e+01	-2.8238383e-02
1.4018048e+01	4.4610178e-02
1.4039857e+01	1.9720888e-02
1.4061666e+01	5.2285357e-02
1.4083475e+01	2.0230185e-01
1.4105284e+01	-4.6531316e-03
1.4127093e+01	-1.1995167e-01
1.4148901e+01	-4.3793960e-02
1.4170710e+01	-1.3617886e-02
1.4192519e+01	1.0492301e-01
1.4214328e+01	-6.6213308e-02
1.4236137e+01	1.6675987e-01
1.4257946e+01	-2.2157950e-02
1.4279755e+01	-3.1005666e-02
1.4301564e+01	-2.6994086e-02
1.4323373e+01	-2.4097010e-02
1.4345182e+01	1.0763804e-01
1.4366991e+01	2.5540286e-02
1.4388800e+01	5.0295819e-02
1.4410609e+01	-9.2658375e-02
1.4432418e+01	-1.2069952e-01
1.4454227e+01	4.7806033e-03
1.4476036e+01	1.4594536e-03
1.4497844e+01	9.1396421e-02
1.4519653e+01	1.8486233e-01
1.4541462e+01	3.6081553e-01
1.4563271e+01	2.2050554e-01
1.4585080e+01	3.2913137e-02
1.4606889e+01	-2.3716025e-02
1.4628698e+01	-1.0521098e-01
1.4650507e+01	-6.6537753e-02
1.4672316e+01	-8.6794442e-02
1.4694125e+01	7.9220459e-02
1.4715934e+01	3.5300414e-02
1.4737743e+01	-1.3692736e-02
1.4759552e+01	-2.7593530e-02
1.4781361e+01	-1.0684651e-01
1.4803170e+01	-1.8586693e-01
1.4824979e+01	3.4572353e-02
1.4846787e+01	1.4888707e-01
1.4868596e+01	1.6490553e-01
1.4890405e+01	1.3776363e-01
1.4912214e+01	-2.7901022e-03
1.4934023e+01	-4.2483634e-02
1.4955832e+01	1.2716893e-01
1.4977641e+01	6.7238414e-01
1.4999450e+01	1.2065266e+00
1.5021259e+01	1.3249749e+00
1.5043068e+01	1.4449306e+00
1.5064877e+01	1.2558854e+00
1.5086686e+01	9.1336776e-01
1.5108495e+01	5.7337438e-01
1.5130304e+01	3.0485582e-01
1.5152113e+01	7.2698672e-02
1.5173922e+01	-8.2543474e-02
1.5195731e+01	-3.0758353e-02
1.5217539e+01	-1.5410047e-01
1.5239348e+01	-9.8019565e-02
1.5261157e+01	1.1688827e-01
1.5282966e+01	-3.4453874e-02
1.5304775e+01	8.2829325e-02
1.5326584e+01	1.8821016e-01
1.5348393e+01	3.2066444e-01
1.5370202e+01	3.7327312e-01
1.5392011e+01	2.6156198e-01
1.5413820e+01	2.8368416e-02
1.5435629e+01	-1.3835678e-02
1.5457438e+01	-4.0417065e-02
1.5479247e+01	1.7082260e-02
1.5501056e+01	-7.4750945e-02
1.5522865e+01	-5.4719739e-02
1.5544674e+01	-1.0495974e-01
1.5566482e+01	-3.6259969e-02
1.5588291e+01	7.9906099e-02
1.5610100e+01	8.6263149e-02
1.5631909e+01	7.1765611e-02
1.5653718e+01	1.9923582e-01
1.5675527e+01	9.7109680e-02
1.5697336e+01	9.8716403e-03
1.5719145e+01	-2.8514107e-02
1.5740954e+01	-4.1550711e-02
1.5762763e+01	-1.3941137e-01
1.5784572e+01	-1.5973728e-02
1.5806381e+01	5.1444565e-02
1.5828190e+01	-2.9371356e-03
1.5849999e+01	-7.8421965e-02
1.5871808e+01	-6.6112874e-03
1.5893617e+01	2.7936360e-02
1.5915425e+01	3.5867553e-02
1.5937234e+01	1.1238549e-01
1.5959043e+01	-7.5934680e-02
1.5980852e+01	-8.1667282e-02
1.6002661e+01	8.8529268e-02
1.6024470e+01	1.5745753e-03
1.6046279e+01	-5.8701101e-02
1.6068088e+01	1.4490010e-01
1.6089897e+01	-3.3863030e-04
1.6111706e+01	2.5956792e-02
1.6133515e+01	1.9683710e-02
1.6155324e+01	-7.5522440e-02
1.6177133e+01	-1.3762133e-01
1.6198942e+01	3.8542516e-02
1.6220751e+01	-3.4122078e-02
1.6242560e+01	3.8256704e-03
1.6264368e+01	2.8729447e-02
1.6286177e+01	1.0936864e-01
1.6307986e+01	9.2796025e-02
1.6329795e+01	-1.3193487e-01
1.6351604e+01	-7.6867852e-02
1.6373413e+01	7.7740031e-02
1.6395222e+01	8.2588758e-02
1.6417031e+01	-2.3786548e-02
1.6438840e+01	-1.7801081e-02
1.6460649e+01	1.3004338e-02
1.6482458e+01	5.0512784e-02
1.6504267e+01	-6.7840102e-02
1.6526076e+01	-4.5429928e-02
1.6547885e+01	-6.7239265e-02
1.6569694e+01	-6.5755803e-02
1.6591503e+01	9.5211773e-02
1.6613311e+01	9.5790324e-02
1.6635120e+01	-2.1669680e-02
1.6656929e+01	2.6776237e-02
1.6678738e+01	-6.5144630e-02
1.6700547e+01	-8.8175002e-02
1.6722356e+01	1.4695157e-01
1.6744165e+01	3.3409352e-01
1.6765974e+01	4.7808483e-01
1.6787783e+01	4.0223129e-01
1.6809592e+01	4.2826330e-01
1.6831401e+01	3.7041654e-01
1.6853210e+01	9.1557694e-02
1.6875019e+01	-7.9021936e-03
1.6896828e+01	-5.9238001e-02
1.6918637e+01	4.0210500e-02
1.6940446e+01	-1.7545221e-02
1.6962254e+01	-4.3829490e-02
1.6984063e+01	-2.3770263e-02
1.7005872e+01	-1.0799974e-02
1.7027681e+01	6.2387773e-02
1.7049490e+01	-1.3456993e-02
1.7071299e+01	-1.8309644e-02
1.7093108e+01	-6.9714031e-03
1.7114917e+01	-6.9997651e-02
1.7136726e+01	3.4671338e-02
1.7158535e+01	5.9037257e-02
1.7180344e+01	7.4210141e-02
1.7202153e+01	-2.8603349e-02
1.7223962e+01	-2.6673523e-02
1.7245771e+01	2.1186234e-02
1.7267580e+01	-6.5251861e-02
1.7289389e+01	-2.2206516e-02
1.7311198e+01	-1.5256921e-03
1.7333006e+01	2.7327359e-02
1.7354815e+01	2.2188170e-02
1.7376624e+01	-3.0984969e-02
1.7398433e+01	1.9341210e-01
1.7420242e+01	2.5831687e-01
1.7442051e+01	-2.0071717e-02
1.7463860e+01	-1.2508583e-01
1.7485669e+01	-1.6820596e-03
1.7507478e+01	1.5627044e-01
1.7529287e+01	3.2420519e-02
1.7551096e+01	-1.7194716e-03
1.7572905e+01	-3.8600636e-02
1.7594714e+01	-1.4524585e-01
1.7616523e+01	9.1733221e-02
1.7638332e+01	1.0084739e-01
1.7660141e+01	-8.0488354e-02
1.7681949e+01	1.9073606e-02
1.7703758e+01	1.6393590e-02
1.7725567e+01	-8.2792958e-02
1.7747376e+01	-2.4763560e-02
1.7769185e+01	4.5412815e-02
1.7790994e+01	-1.4866020e-05
1.7812803e+01	3.6939234e-02
1.7834612e+01	3.8367444e-02
1.7856421e+01	1.2820678e-01
1.7878230e+01	-1.0813013e-02
1.7900039e+01	-1.0265834e-01
1.7921848e+01	1.0408475e-02
1.7943657e+01	-3.5603096e-02
1.7965466e+01	5.3702424e-03
1.7987275e+01	-6.3894586e-04
1.8009084e+01	3.3952216e-03
1.8030892e+01	3.3789453e-04
1.8052701e+01	-8.6444758e-02
1.8074510e+01	8.9015187e-02
1.8096319e+01	-1.9552050e-02
1.8118128e+01	1.1487654e-01
1.8139937e+01	-1.3105677e-01
1.8161746e+01	-1.4349284e-01
1.8183555e+01	1.2824999e-01
1.8205364e+01	1.2460045e-01
1.8227173e+01	6.2905582e-02
1.8248982e+01	-4.2267749e-02
1.8270791e+01	-2.3318570e-02
1.8292600e+01	8.5820554e-02
1.8314409e+01	-2.1214165e-02
1.8336218e+01	-1.1190375e-01
1.8358027e+01	-9.4275600e-02
1.8379835e+01	-3.3260665e-03
1.8401644e+01	-8.0753158e-02
1.8423453e+01	-4.4158160e-02
1.8445262e+01	8.8048189e-02
1.8467071e+01	9.6600633e-02
1.8488880e+01	1.6992333e-01
1.8510689e+01	9.3017508e-03
1.8532498e+01	8.3588072e-02
1.8554307e+01	2.2328086e-02
1.8576116e+01	-1.1914929e-01
1.8597925e+01	-7.2917887e-02
1.8619734e+01	1.7101800e-01
1.8641543e+01	4.5093043e-01
1.8663352e+01	3.6641831e-01
1.8685161e+01	3.7140463e-01
1.8706970e+01	2.7546281e-01
1.8728778e+01	1.0046203e-01
1.8750587e+01	-7.8302813e-02
1.8772396e+01	-8.9956396e-02
1.8794205e+01	-5.0035560e-02
1.8816014e+01	-1.2857677e-01
1.8837823e+01	-3.0070071e-02
1.8859632e+01	9.1561337e-02
1.8881441e+01	9.7934063e-02
1.8903250e+01	4.4135700e-02
1.8925059e+01	5.1531819e-02
1.8946868e+01	-9.6723397e-02
1.8968677e+01	-4.5623091e-02
1.8990486e+01	2.8626559e-02
1.9012295e+01	1.4929470e-01
1.9034104e+01	1.3834427e-01
1.9055913e+01	-3.3879306e-03
1.9077721e+01	-1.0069141e-01
1.9099530e+01	5.4051159e-03
1.9121339e+01	-5.0326837e-02
1.9143148e+01	-4.3725586e-02
1.9164957e+01	2.0984695e-02
1.9186766e+01	-1.4031411e-01
1.9208575e+01	8.2346439e-03
1.9230384e+01	1.6320685e-02
1.9252193e+01	-5.7690183e-02
1.9274002e+01	-3.6466704e-02
1.9295811e+01	1.1333902e-01
1.9317620e+01	7.8518942e-02
1.9339429e+01	-1.3334187e-02
1.9361238e+01	3.3552939e-02
1.9383047e+01	1.0914568e-01
1.9404856e+01	-1.8916405e-02
1.9426665e+01	-4.4086060e-02
1.9448473e+01	1.1386404e-01
1.9470282e+01	7.5419283e-02
1.9492091e+01	-4.1929809e-02
1.9513900e+01	-8.6979824e-02
1.9535709e+01	4.5238423e-03
1.9557518e+01	-1.4152107e-01
1.9579327e+01	-9.7513516e-03
1.9601136e+01	1.4041154e-01
1.9622945e+01	-1.4830017e-01
1.9644754e+01	-4.1089882e-02
1.9666563e+01	3.1820286e-02
1.9688372e+01	6.1681411e-02
1.9710181e+01	3.9330912e-02
1.9731990e+01	5.5933106e-03
1.9753799e+01	-1.6451793e-02
1.9775608e+01	1.0450410e-01
1.9797416e+01	-5.2465569e-02
1.9819225e+01	-1.9255252e-01
1.9841034e+01	-3.7282018e-02
1.9862843e+01	9.0093084e-02
1.9884652e+01	4.2857167e-02
1.9906461e+01	1.2938375e-03
1.9928270e+01	5.9490149e-02
1.9950079e+01	1.3308109e-01
1.9971888e+01	1.2564579e-01
1.9993697e+01	-2.6061469e-02
2.0015506e+01	-2.0225785e-02
2.0037315e+01	-2.4372077e-02
2.0059124e+01	1.0075442e-02
2.0080933e+01	-4.3237555e-02
2.0102742e+01	-1.0054151e-01
2.0124551e+01	-4.1983086e-02
2.0146359e+01	1.3587317e-02
2.0168168e+01	-8.5518748e-02
2.0189977e+01	1.5876483e-02
2.0211786e+01	-9.8778805e-02
2.0233595e+01	2.6369772e-02
2.0255404e+01	2.0631408e-01
2.0277213e+01	2.8175140e-01
2.0299022e+01	3.2906878e-01
2.0320831e+01	3.0439000e-01
2.0342640e+01	3.7559434e-01
2.0364449e+01	1.3309681e-01
2.0386258e+01	9.8487892e-02
2.0408067e+01	-3.3890495e-02
2.0429876e+01	-1.9729530e-01
2.0451685e+01	7.2806696e-02
2.0473494e+01	-1.4442769e-02
2.0495302e+01	2.6290234e-01
2.0517111e+01	3.7992906e-01
2.0538920e+01	1.7092130e-01
2.0560729e+01	1.1265600e-01
2.0582538e+01	-1.0599526e-03
2.0604347e+01	5.8753230e-03
2.0626156e+01	4.0445985e-02
2.0647965e+01	-9.5962838e-03
2.0669774e+01	-1.0661232e-01
2.0691583e+01	-8.3487442e-02
2.0713392e+01	2.1182681e-02
2.0735201e+01	-9.2904929e-02
2.0757010e+01	9.5825943e-02
2.0778819e+01	3.1860518e-01
2.0800628e+01	2.0319069e-01
2.0822437e+01	8.4224233e-03
2.0844245e+01	-1.4686134e-01
2.0866054e+01	-6.9238490e-02
2.0887863e+01	-4.5825569e-03
2.0909672e+01	-2.5089430e-02
2.0931481e+01	-5.2868436e-02
2.0953290e+01	3.9165894e-02
2.0975099e+01	7.7436912e-02
2.0996908e+01	7.9741467e-02
2.1018717e+01	3.3833176e-01
2.1040526e+01	6.4672968e-01
2.1062335e+01	9.4728378e-01
2.1084144e+01	7.9928560e-01
2.1105953e+01	7.0807168e-01
2.1127762e+01	1.1275626e+00
2.1149571e+01	1.8184528e+00
2.1171380e+01	2.8862729e+00
2.1193188e+01	4.4525424e+00
2.1214997e+01	6.3856450e+00
2.1236806e+01	7.9823330e+00
2.1258615e+01	9.0310241e+00
2.1280424e+01	8.7900728e+00
2.1302233e+01	7.8613026e+00
2.1324042e+01	6.5142931e+00
2.1345851e+01	4.7749578e+00
2.1367660e+01	2.9801403e+00
2.1389469e+01	1.5203802e+00
2.1411278e+01	4.9847283e-01
2.1433087e+01	2.7711903e-02
2.1454896e+01	-1.7203928e-01
2.1476705e+01	1.2574570e-01
2.1498514e+01	1.2891085e-01
2.1520323e+01	4.5987039e-01
2.1542132e+01	8.4052949e-01
2.1563940e+01	9.6360963e-01
2.1585749e+01	8.5895430e-01
2.1607558e+01	8.7045397e-01
2.1629367e+01	7.3449014e-01
2.1651176e+01	3.2268928e-01
2.1672985e+01	6.3466876e-02
2.1694794e+01	-3.1022410e-04
2.1716603e+01	-5.0998886e-02
2.1738412e+01	-6.5709645e-02
2.1760221e+01	-8.6833490e-02
2.1782030e+01	-2.6292401e-02
2.1803839e+01	9.4542899e-02
2.1825648e+01	-5.2278419e-02
2.1847457e+01	5.0325745e-03
2.1869266e+01	3.1399017e-02
2.1891075e+01	1.0750360e-01
2.1912883e+01	-7.6509750e-02
2.1934692e+01	-6.3385106e-02
2.1956501e+01	-4.7654470e-02
2.1978310e+01	1.6547466e-01
2.2000119e+01	1.0681844e-02
2.2021928e+01	-1.3126847e-01
2.2043737e+01	-7.0301082e-02
2.2065546e+01	7.6972741e-02
2.2087355e+01	1.0241983e-01
2.2109164e+01	7.9491474e-02
2.2130973e+01	1.2837299e-01
2.2152782e+01	2.9765914e-02
2.2174591e+01	-1.0994227e-01
2.2196400e+01	-5.8753905e-02
2.2218209e+01	8.4583012e-03
2.2240018e+01	-1.0403026e-01
2.2261826e+01	2.7104446e-02
2.2283635e+01	-6.7858008e-02
2.2305444e+01	-5.8080914e-02
2.2327253e+01	1.3073507e-01
2.2349062e+01	1.4268895e-01
2.2370871e+01	9.8070027e-02
2.2392680e+01	-9.0724217e-02
2.2414489e+01	-1.7988915e-02
2.2436298e+01	-3.2675230e-02
2.2458107e+01	-6.1290173e-02
2.2479916e+01	1.5162091e-01
2.2501725e+01	2.1887338e-02
2.2523534e+01	-1.0911789e-01
2.2545343e+01	-1.0617894e-01
2.2567152e+01	-5.2223800e-02
2.2588961e+01	1.1275969e-01
2.2610769e+01	1.5525010e-01
2.2632578e+01	-1.8616280e-02
2.2654387e+01	6.3908497e-02
2.2676196e+01	-9.7295476e-03
2.2698005e+01	-4.5436119e-02
2.2719814e+01	7.9469049e-02
2.2741623e+01	-1.0133469e-01
2.2763432e+01	-2.4200096e-02
2.2785241e+01	3.4214766e-02
2.2807050e+01	-7.0500018e-02
2.2828859e+01	5.6902026e-02
2.2850668e+01	1.9262086e-02
2.2872477e+01	1.8572540e-02
2.2894286e+01	-8.9563363e-02
2.2916095e+01	-3.5320640e-02
2.2937904e+01	9.1330959e-02
2.2959712e+01	-6.3874644e-03
2.2981521e+01	-2.0296387e-02
2.3003330e+01	-1.2891628e-02
2.3025139e+01	9.8998045e-02
2.3046948e+01	6.6901177e-02
2.3068757e+01	-4.2301530e-02
2.3090566e+01	2.5049308e-02
2.3112375e+01	2.9335660e-02
2.3134184e+01	-1.1977238e-01
2.3155993e+01	6.1914652e-02
2.3177802e+01	2.8850559e-02
2.3199611e+01	-6.1603190e-02
2.3221420e+01	-5.5255719e-02
2.3243229e+01	3.7527947e-02
2.3265038e+01	-1.3369675e-01
2.3286847e+01	-1.9970028e-02
2.3308655e+01	1.6560637e-01
2.3330464e+01	8.1627908e-02
2.3352273e+01	-3.2119798e-02
2.3374082e+01	-1.2491886e-02
2.3395891e+01	3.8105648e-02
2.3417700e+01	1.0114881e-01
2.3439509e+01	-3.4126086e-02
2.3461318e+01	-1.9465674e-01
2.3483127e+01	-3.2806842e-02
2.3504936e+01	-7.1077528e-02
2.3526745e+01	-1.2424883e-02
2.3548554e+01	8.2718980e-02
2.3570363e+01	2.9998707e-02
2.3592172e+01	2.7949770e-02
2.3613981e+01	9.4518113e-02
2.3635790e+01	4.1764186e-01
2.3657599e+01	1.2695366e+00
2.3679407e+01	2.2833550e+00
2.3701216e+01	3.6361638e+00
2.3723025e+01	5.3248217e+00
2.3744834e+01	6.6295665e+00
2.3766643e+01	7.7015770e+00
2.3788452e+01	9.0662817e+00
2.3810261e+01	9.6491845e+00
2.3832070e+01	9.2929101e+00
2.3853879e+01	8.0609552e+00
2.3875688e+01	6.6722515e+00
2.3897497e+01	5.2337798e+00
2.3919306e+01	3.7653458e+00
2.3941115e+01	2.5648752e+00
2.3962924e+01	1.3979258e+00
2.3984733e+01	1.0592842e+00
2.4006542e+01	6.1018428e-01
2.4028350e+01	3.2850466e-01
2.4050159e+01	4.8457106e-02
2.4071968e+01	3.6550039e-02
2.4093777e+01	-8.8014511e-02
2.4115586e+01	8.1180970e-02
2.4137395e+01	-2.8517376e-02
2.4159204e+01	-1.6377785e-01
2.4181013e+01	1.9927312e-02
2.4202822e+01	1.5078211e-01
2.4224631e+01	1.8246935e-01
2.4246440e+01	-8.4392769e-02
2.4268249e+01	-5.8277613e-02
2.4290058e+01	-1.2761866e-01
2.4311867e+01	-1.1224415e-01
2.4333676e+01	1.2376655e-01
2.4355485e+01	2.2941439e-02
2.4377293e+01	4.4157206e-02
2.4399102e+01	-4.7664553e-02
2.4420911e+01	-8.2303357e-03
2.4442720e+01	1.3791475e-01
2.4464529e+01	-5.9101387e-02
2.4486338e+01	-6.7501723e-02
2.4508147e+01	1.4331544e-01
2.4529956e+01	8.3461556e-02
2.4551765e+01	1.5850396e-01
2.4573574e+01	3.9928084e-01
2.4595383e+01	5.2824427e-01
2.4617192e+01	8.8967607e-01
2.4639001e+01	7.5038801e-01
2.4660810e+01	7.5301855e-02
2.4682619e+01	-4.3271618e-02
2.4704428e+01	-1.5392215e-01
2.4726236e+01	-1.1240856e-01
2.4748045e+01	1.4000306e-01
2.4769854e+01	5.9257444e-02
2.4791663e+01	9.0624195e-04
2.4813472e+01	-6.4392331e-02
2.4835281e+01	2.1323782e-02
2.4857090e+01	5.0667242e-03
2.4878899e+01	-1.6970184e-01
2.4900708e+01	1.5536157e-02
2.4922517e+01	1.1245751e-01
2.4944326e+01	5.7391500e-02
2.4966135e+01	2.6923432e-02
2.4987944e+01	-2.1444993e-01
2.5009753e+01	-5.5381729e-02
2.5031562e+01	6.8880248e-02
2.5053371e+01	6.9455871e-02
2.5075179e+01	9.0453549e-02
2.5096988e+01	-2.2639782e-02
2.5118797e+01	-6.3588130e-02
2.5140606e+01	5.9082648e-02
2.5162415e+01	-2.1027030e-02
2.5184224e+01	-3.1257571e-02
2.5206033e+01	-7.8249981e-02
2.5227842e+01	5.8120138e-02
2.5249651e+01	6.7613280e-02
2.5271460e+01	2.9584198e-01
2.5293269e+01	4.6178061e-02
2.5315078e+01	-2.8688763e-03
2.5336887e+01	-1.3840344e-02
2.5358696e+01	-2.9615357e-02
2.5380505e+01	6.4090989e-02
2.5402314e+01	-2.4797739e-02
2.5424123e+01	7.7667515e-02
2.5445931e+01	-1.1217118e-02
2.5467740e+01	-1.1891715e-01
2.5489549e+01	2.3234122e-03
2.5511358e+01	1.6634093e-03
2.5533167e+01	-6.5397655e-02
2.5554976e+01	1.8729371e-02
2.5576785e+01	-1.0385757e-02
2.5598594e+01	1.6434253e-02
2.5620403e+01	1.0175753e-01
2.5642212e+01	-1.0470129e-02
2.5664021e+01	-1.3293023e-03
2.5685830e+01	-6.7759433e-03
2.5707639e+01	-2.8801755e-02
2.5729448e+01	-7.1865843e-02
2.5751257e+01	-4.0304774e-02
2.5773066e+01	3.3964141e-02
2.5794874e+01	4.1808602e-02
2.5816683e+01	1.3589295e-01
2.5838492e+01	-6.8817668e-02
2.5860301e+01	-1.3647116e-01
2.5882110e+01	7.5392201e-03
2.5903919e+01	1.1055418e-01
2.5925728e+01	2.5598263e-01
2.5947537e+01	6.1084508e-01
2.5969346e+01	1.1463707e+00
2.5991155e+01	1.5238398e+00
2.6012964e+01	1.8714395e+00
2.6034773e+01	2.2443470e+00
2.6056582e+01	2.3782326e+00
2.6078391e+01	2.2926564e+00
2.6100200e+01	1.9393666e+00
2.6122009e+01	1.6575235e+00
2.6143817e+01	1.2704842e+00
2.6165626e+01	6.0090702e-01
2.6187435e+01	3.6231909e-01
2.6209244e+01	1.2211562e-01
2.6231053e+01	-3.8320315e-03
2.6252862e+01	2.6624044e-02
2.6274671e+01	1.4450320e-02
2.6296480e+01	8.1111287e-02
2.6318289e+01	-9.4671015e-02
2.6340098e+01	-2.5609791e-01
2.6361907e+01	-1.3051117e-01
2.6383716e+01	-4.0517977e-02
2.6405525e+01	8.0320789e-02
2.6427334e+01	1.4350138e-01
2.6449143e+01	7.5704344e-02
2.6470952e+01	7.5790576e-02
2.6492760e+01	1.2546149e-02
2.6514569e+01	-2.8661328e-02
2.6536378e+01	-6.2154460e-02
2.6558187e+01	7.4274012e-02
2.6579996e+01	4.8389782e-01
2.6601805e+01	6.2065377e-01
2.6623614e+01	7.1808934e-01
2.6645423e+01	8.6816002e-01
2.6667232e+01	5.7394931e-01
2.6689041e+01	5.6964869e-01
2.6710850e+01	4.6300064e-01
2.6732659e+01	1.3495862e-01
2.6754468e+01	2.3159463e-02
2.6776277e+01	-2.1963672e-01
2.6798086e+01	-1.5207112e-01
2.6819895e+01	-1.4489721e-02
2.6841703e+01	-2.5483497e-02
2.6863512e+01	9.7146135e-02
2.6885321e+01	4.8437693e-02
2.6907130e+01	2.0122948e-01
2.6928939e+01	1.9386014e-02
2.6950748e+01	6.0227276e-02
2.6972557e+01	6.7268997e-02
2.6994366e+01	7.1116442e-02
2.7016175e+01	2.4066984e-02
2.7037984e+01	-1.0614826e-01
2.7059793e+01	-2.1245537e-02
2.7081602e+01	-6.2705924e-02
2.7103411e+01	-6.6171823e-02
2.7125220e+01	-4.5520770e-02
2.7147029e+01	1.4339111e-01
2.7168838e+01	4.1769623e-02
2.7190646e+01	-4.5342296e-02
2.7212455e+01	5.7833784e-03
2.7234264e+01	-3.9065372e-02
2.7256073e+01	2.2731013e-02
2.7277882e+01	-2.3131211e-02
2.7299691e+01	1.5039100e-02
2.7321500e+01	2.0006204e-03
2.7343309e+01	1.7254022e-02
2.7365118e+01	-4.5340601e-02
2.7386927e+01	1.0020433e-01
2.7408736e+01	-9.7413720e-02
2.7430545e+01	-1.2570236e-02
2.7452354e+01	-1.0145748e-02
2.7474163e+01	-8.3677178e-02
2.7495972e+01	6.9464390e-02
2.7517781e+01	2.3524900e-02
2.7539590e+01	1.4916455e-01
2.7561398e+01	-6.5422847e-02
2.7583207e+01	-7.4931635e-02
2.7605016e+01	-2.6749691e-02
2.7626825e+01	-3.7899435e-02
2.7648634e+01	1.2987285e-01
2.7670443e+01	3.6141718e-02
2.7692252e+01	2.7474247e-01
2.7714061e+01	4.9246334e-01
2.7735870e+01	6.8878852e-01
2.7757679e+01	8.7927101e-01
2.7779488e+01	7.7453676e-01
2.7801297e+01	6.5267875e-01
2.7823106e+01	6.2297697e-01
2.7844915e+01	5.4069737e-01
2.7866724e+01	3.7905993e-01
2.7888533e+01	1.6398059e-01
2.7910341e+01	4.0285003e-02
2.7932150e+01	-2.9473442e-02
2.7953959e+01	-9.6879622e-02
2.7975768e+01	1.5098524e-02
2.7997577e+01	3.1967224e-02
2.8019386e+01	-4.5067268e-02
2.8041195e+01	-2.9403205e-02
2.8063004e+01	-8.5671052e-02
2.8084813e+01	1.4057320e-02
2.8106622e+01	8.7348537e-02
2.8128431e+01	-1.2761017e-01
2.8150240e+01	-1.5829058e-02
2.8172049e+01	-1.3214175e-01
2.8193858e+01	3.4865298e-02
2.8215667e+01	1.3785529e-01
2.8237476e+01	1.1338741e-01
2.8259284e+01	2.1873715e-01
2.8281093e+01	7.0033849e-02
2.8302902e+01	-5.7610125e-03
2.8324711e+01	-1.0799247e-01
2.8346520e+01	1.7922531e-04
2.8368329e+01	1.0963475e-02
2.8390138e+01	-5.8370295e-02
2.8411947e+01	-1.1250729e-01
2.8433756e+01	9.9208614e-02
2.8455565e+01	1.9344766e-01
2.8477374e+01	3.8371766e-01
2.8499183e+01	6.4370411e-01
2.8520992e+01	7.4922169e-01
2.8542801e+01	8.7157312e-01
2.8564610e+01	9.5541708e-01
2.8586419e+01	9.6319028e-01
2.8608227e+01	7.5989740e-01
2.8630036e+01	5.3958916e-01
2.8651845e+01	3.2575525e-01
2.8673654e+01	3.9053320e-02
2.8695463e+01	2.8474603e-02
2.8717272e+01	1.1811953e-01
2.8739081e+01	-2.8931654e-02
2.8760890e+01	-1.5198896e-01
2.8782699e+01	-6.0461535e-02
2.8804508e+01	7.0537339e-03
2.8826317e+01	-3.3907999e-02
2.8848126e+01	1.9145755e-02
2.8869935e+01	1.3358324e-01
2.8891744e+01	5.7039432e-02
2.8913553e+01	-6.6814263e-02
2.8935362e+01	-5.6681668e-02
2.8957170e+01	3.1913229e-02
2.8978979e+01	-5.1998544e-02
2.9000788e+01	-7.2599686e-02
2.9022597e+01	-1.6886019e-02
2.9044406e+01	5.0908355e-02
2.9066215e+01	7.3653737e-02
2.9088024e+01	2.7704334e-02
2.9109833e+01	-8.1904807e-03
2.9131642e+01	-1.3266043e-02
2.9153451e+01	-5.2009803e-03
2.9175260e+01	-7.9821134e-02
2.9197069e+01	1.4904080e-01
2.9218878e+01	-1.1551389e-02
2.9240687e+01	3.5696010e-02
2.9262496e+01	-9.0261983e-04
2.9284305e+01	-3.2992301e-02
2.9306113e+01	-6.0900128e-03
2.9327922e+01	-5.1145502e-02
2.9349731e+01	-1.8180762e-02
2.9371540e+01	6.3462653e-02
2.9393349e+01	-4.0585266e-02
2.9415158e+01	8.2425904e-02
2.9436967e+01	2.9083946e-02
2.9458776e+01	-6.9610843e-02
2.9480585e+01	-2.5544736e-03
2.9502394e+01	4.6835116e-02
2.9524203e+01	1.1043018e-02
2.9546012e+01	1.2437717e-03
2.9567821e+01	3.0813644e-02
2.9589630e+01	5.8642506e-02
2.9611439e+01	-1.0820620e-01
2.9633248e+01	-1.8804766e-02
2.9655057e+01	-2.9209698e-02
2.9676865e+01	-1.5484718e-01
2.9698674e+01	-1.5956424e-01
2.9720483e+01	4.8513615e-02
2.9742292e+01	1.6128968e-01
2.9764101e+01	6.7096992e-02
2.9785910e+01	3.2679716e-02
2.9807719e+01	7.3377536e-02
2.9829528e+01	5.5721258e-03
2.9851337e+01	-2.0409161e-02
2.9873146e+01	-7.3339364e-02
2.9894955e+01	1.6046229e-01
2.9916764e+01	5.3908595e-01
2.9938573e+01	1.0426379e+00
2.9960382e+01	1.7625625e+00
2.9982191e+01	2.7674969e+00
3.0004000e+01	3.8258265e+00
3.0025808e+01	4.8730215e+00
3.0047617e+01	5.6183132e+00
3.0069426e+01	6.3857668e+00
3.0091235e+01	6.7474717e+00
3.0113044e+01	6.7337600e+00
3.0134853e+01	6.2446262e+00
3.0156662e+01	5.2904023e+00
3.0178471e+01	4.2606228e+00
3.0200280e+01	3.0943639e+00
3.0222089e+01	2.2527328e+00
3.0243898e+01	1.3310699e+00
3.0265707e+01	5.9992735e-01
3.0287516e+01	4.2569048e-01
3.0309325e+01	2.7871056e-01
3.0331134e+01	7.6309690e-02
3.0352943e+01	-5.7838660e-02
3.0374751e+01	-2.1558340e-02
3.0396560e+01	6.8847387e-02
3.0418369e+01	-7.7966349e-03
3.0440178e+01	-6.2842993e-02
3.0461987e+01	-4.9928687e-02
3.0483796e+01	4.6780719e-02
3.0505605e+01	3.2298529e-02
3.0527414e+01	-1.2564732e-02
3.0549223e+01	-1.1868398e-01
3.0571032e+01	-7.9703701e-02
3.0592841e+01	1.0465376e-04
3.0614650e+01	-5.6357800e-02
3.0636459e+01	8.1465570e-02
3.0658268e+01	-3.6682389e-02
3.0680077e+01	2.9500241e-02
3.0701886e+01	1.4584263e-01
3.0723694e+01	-1.7046126e-02
3.0745503e+01	1.7124391e-02
3.0767312e+01	-1.1690677e-02
3.0789121e+01	1.8855260e-01
3.0810930e+01	1.2009545e-01
3.0832739e+01	-2.6689441e-02
3.0854548e+01	-8.2460084e-02
3.0876357e+01	-4.6805368e-02
3.0898166e+01	1.7242427e-01
3.0919975e+01	7.0745146e-02
3.0941784e+01	4.4107708e-02
3.0963593e+01	-6.4527285e-02
3.0985402e+01	-1.2168455e-01
3.1007211e+01	-4.6252233e-02
3.1029020e+01	7.3594620e-02
3.1050829e+01	-7.0500757e-02
3.1072637e+01	-9.4907139e-02
3.1094446e+01	-3.7152558e-02
3.1116255e+01	9.8803669e-03
3.1138064e+01	6.1841939e-02
3.1159873e+01	3.4029828e-02
3.1181682e+01	1.1908169e-01
3.1203491e+01	2.4144266e-01
3.1225300e+01	-5.4832426e-02
3.1247109e+01	-4.0489898e-02
3.1268918e+01	1.8372266e-02
3.1290727e+01	2.4084728e-01
3.1312536e+01	1.2215572e-01
3.1334345e+01	-3.8153797e-02
3.1356154e+01	-3.2051764e-02
3.1377963e+01	-1.5766535e-01
3.1399772e+01	-7.7444852e-02
3.1421580e+01	1.0010992e-01
3.1443389e+01	6.1820410e-02
3.1465198e+01	7.4055504e-02
3.1487007e+01	-1.1049236e-02
3.1508816e+01	-1.1365545e-01
3.1530625e+01	-8.0931868e-02
3.1552434e+01	6.8562229e-02
3.1574243e+01	2.1418044e-02
3.1596052e+01	-5.2738712e-02
3.1617861e+01	1.5973207e-01
3.1639670e+01	1.7220037e-02
3.1661479e+01	2.5883011e-02
3.1683288e+01	-5.2621598e-02
3.1705097e+01	-7.5051843e-02
3.1726906e+01	1.8809488e-01
3.1748715e+01	8.0586663e-01
3.1770524e+01	1.2121365e+00
3.1792332e+01	2.3028457e+00
3.1814141e+01	3.1411732e+00
3.1835950e+01	3.9865092e+00
3.1857759e+01	4.7435548e+00
3.1879568e+01	5.4339490e+00
3.1901377e+01	6.0326261e+00
3.1923186e+01	6.5057071e+00
3.1944995e+01	6.5585512e+00
3.1966804e+01	5.9227133e+00
3.1988613e+01	4.9846557e+00
3.2010422e+01	4.0100455e+00
3.2032231e+01	2.9223398e+00
3.2054040e+01	1.5967436e+00
3.2075849e+01	9.3560814e-01
3.2097658e+01	3.9686348e-01
3.2119467e+01	1.1530172e-01
3.2141275e+01	1.1630732e-01
3.2163084e+01	-2.3225858e-02
3.2184893e+01	-7.7418357e-03
3.2206702e+01	-4.4634931e-02
3.2228511e+01	-1.2901070e-01
3.2250320e+01	-6.6547330e-02
3.2272129e+01	-6.7613703e-02
3.2293938e+01	4.6733228e-02
3.2315747e+01	7.4646998e-02
3.2337556e+01	9.2849141e-03
3.2359365e+01	-4.2147122e-02
3.2381174e+01	4.1031947e-02
3.2402983e+01	-3.6783828e-03
3.2424792e+01	-1.3208363e-02
3.2446601e+01	-4.1322792e-02
3.2468410e+01	-2.1877608e-02
3.2490218e+01	1.7820755e-04
3.2512027e+01	-9.7235580e-02
3.2533836e+01	7.2968650e-03
3.2555645e+01	1.2528341e-01
3.2577454e+01	8.4265187e-02
3.2599263e+01	1.0741970e-01
3.2621072e+01	7.0694683e-02
3.2642881e+01	-3.1031976e-03
3.2664690e+01	-8.9804413e-02
3.2686499e+01	-7.4636131e-02
3.2708308e+01	-1.2755722e-01
3.2730117e+01	4.1997060e-02
3.2751926e+01	4.0617298e-02
3.2773735e+01	-2.5893033e-03
3.2795544e+01	-5.2316684e-02
3.2817353e+01	6.3053408e-02
3.2839161e+01	6.3585710e-02
3.2860970e+01	2.3837389e-02
3.2882779e+01	-4.6976868e-02
3.2904588e+01	5.8654873e-02
3.2926397e+01	-1.0592900e-01
3.2948206e+01	-1.2487204e-02
3.2970015e+01	-7.4076248e-03
3.2991824e+01	-8.0734300e-02
3.3013633e+01	7.5991366e-02
3.3035442e+01	1.6486288e-01
3.3057251e+01	1.3516646e-04
3.3079060e+01	9.0480560e-03
3.3100869e+01	8.0241899e-02
3.3122678e+01	-7.8056928e-02
3.3144487e+01	-1.0073239e-01
3.3166296e+01	-1.6092783e-02
3.3188104e+01	-7.4371809e-02
3.3209913e+01	1.0572810e-02
3.3231722e+01	1.4644715e-01
3.3253531e+01	8.8210637e-02
3.3275340e+01	2.5883760e-02
3.3297149e+01	-6.6052248e-03
3.3318958e+01	-3.9090553e-02
3.3340767e+01	7.3759453e-02
3.3362576e+01	3.7606001e-02
3.3384385e+01	-1.0571978e-01
3.3406194e+01	-1.6732401e-01
3.3428003e+01	-6.0129921e-02
3.3449812e+01	-1.7571317e-02
3.3471621e+01	-2.5210112e-03
3.3493430e+01	1.2419418e-02
3.3515239e+01	-8.9807689e-02
3.3537047e+01	2.2467003e-02
3.3558856e+01	3.0076241e-02
3.3580665e+01	6.3931398e-02
3.3602474e+01	2.1393974e-01
3.3624283e+01	9.2616878e-02
3.3646092e+01	1.5078162e-01
3.3667901e+01	2.3783421e-01
3.3689710e+01	2.1695700e-01
3.3711519e+01	8.8727627e-02
3.3733328e+01	-7.5343757e-02
3.3755137e+01	-2.2325838e-02
3.3776946e+01	-6.5118094e-02
3.3798755e+01	-6.9873312e-02
3.3820564e+01	-1.7021994e-02
3.3842373e+01	5.3255183e-02
3.3864182e+01	-3.6362525e-02
3.3885991e+01	-8.1230008e-02
3.3907799e+01	-6.1936569e-02
3.3929608e+01	9.1651934e-02
3.3951417e+01	2.7329585e-01
3.3973226e+01	9.1061054e-02
3.3995035e+01	4.8255826e-03
3.4016844e+01	-1.2136149e-01
3.4038653e+01	-1.8888672e-02
3.4060462e+01	-1.0354015e-01
3.4082271e+01	4.6725024e-02
3.4104080e+01	8.8015000e-02
3.4125889e+01	4.8562970e-02
3.4147698e+01	3.3059503e-02
3.4169507e+01	-1.0796690e-02
3.4191316e+01	-4.5044314e-03
3.4213125e+01	-3.4906024e-02
3.4234934e+01	-1.8388818e-02
3.4256742e+01	1.6124869e-02
3.4278551e+01	8.9725199e-02
3.4300360e+01	-1.2452712e-02
3.4322169e+01	-1.2389512e-01
3.4343978e+01	8.9714205e-03
3.4365787e+01	7.8738098e-02
3.4387596e+01	-3.9902307e-02
3.4409405e+01	-8.0035087e-02
3.4431214e+01	-2.1834937e-02
3.4453023e+01	8.9997055e-02
3.4474832e+01	1.1133913e-01
3.4496641e+01	-6.1947540e-02
3.4518450e+01	-9.2554095e-02
3.4540259e+01	5.9579898e-02
3.4562068e+01	2.6702842e-02
3.4583877e+01	1.9591384e-02
3.4605685e+01	-1.7654416e-02
3.4627494e+01	4.0712449e-02
3.4649303e+01	4.8273995e-02
3.4671112e+01	-1.0666203e-01
3.4692921e+01	-9.0680315e-02
3.4714730e+01	2.7949722e-02
3.4736539e+01	4.8523172e-02
3.4758348e+01	1.0390730e-01
3.4780157e+01	-8.4551764e-03
3.4801966e+01	-1.3765320e-01
3.4823775e+01	-9.5579194e-02
3.4845584e+01	8.5958826e-02
3.4867393e+01	5.7733651e-02
3.4889202e+01	2.5639816e-02
3.4911011e+01	6.2460310e-02
3.4932820e+01	4.5204706e-02
3.4954628e+01	3.7908867e-02
3.4976437e+01	-1.3195867e-01
3.4998246e+01	-8.6895587e-02
3.5020055e+01	1.1010502e-01
3.5041864e+01	2.4886376e-02
3.5063673e+01	2.8397133e-02
3.5085482e+01	-9.7541531e-02
3.5107291e+01	-3.4335048e-02
3.5129100e+01	-1.9596167e-03
3.5150909e+01	-8.4838438e-02
3.5172718e+01	7.0418515e-02
3.5194527e+01	5.9760014e-02
3.5216336e+01	-1.3681696e-02
3.5238145e+01	-5.3636887e-02
3.5259954e+01	-3.9423197e-02
3.5281763e+01	3.7774234e-02
3.5303571e+01	1.0250489e-01
3.5325380e+01	3.1525485e-02
3.5347189e+01	1.0098264e-01
3.5368998e+01	-4.4732953e-02
3.5390807e+01	-3.3567423e-02
3.5412616e+01	4.5309744e-02
3.5434425e+01	1.5112469e-02
3.5456234e+01	-8.9148093e-02
3.5478043e+01	-7.8244224e-02
3.5499852e+01	-9.4423788e-02
3.5521661e+01	-1.1432174e-01
3.5543470e+01	6.2779246e-02
3.5565279e+01	5.7289149e-02
3.5587088e+01	1.9049206e-01
3.5608897e+01	3.3555280e-01
3.5630706e+01	1.6275036e-01
3.5652514e+01	-8.3981450e-02
3.5674323e+01	2.7562058e-02
3.5696132e+01	2.5148472e-01
3.5717941e+01	1.5310739e-01
3.5739750e+01	1.6861800e-02
3.5761559e+01	-1.9439890e-02
3.5783368e+01	4.4994968e-02
3.5805177e+01	5.2512530e-02
3.5826986e+01	-4.9205311e-03
3.5848795e+01	-2.8353650e-02
3.5870604e+01	1.6570550e-02
3.5892413e+01	2.1465046e-02
3.5914222e+01	-4.6798019e-02
3.5936031e+01	-2.9579867e-01
3.5957840e+01	-1.9491843e-01
3.5979649e+01	-1.0381988e-01
3.6001458e+01	-1.1340323e-02
3.6023266e+01	1.2326048e-01
3.6045075e+01	6.9861392e-02
3.6066884e+01	8.6352379e-02
3.6088693e+01	1.2729526e-01
3.6110502e+01	1.6690917e-01
3.6132311e+01	3.3849767e-02
3.6154120e+01	1.3196705e-01
3.6175929e+01	-1.1906657e-01
3.6197738e+01	2.7728443e-02
3.6219547e+01	-4.2042582e-02
3.6241356e+01	-4.8198814e-02
3.6263165e+01	-1.7216476e-02
3.6284974e+01	-3.1079594e-02
3.6306783e+01	5.6123220e-02
3.6328592e+01	1.3461825e-02
3.6350401e+01	-1.0426866e-01
3.6372209e+01	-5.9824738e-02
3.6394018e+01	-1.6741424e-02
3.6415827e+01	2.8068078e-02
3.6437636e+01	2.7070148e-02
3.6459445e+01	6.7289432e-02
3.6481254e+01	-3.5434163e-02
3.6503063e+01	1.6859974e-01
3.6524872e+01	9.9148147e-02
3.6546681e+01	1.0020223e-02
3.6568490e+01	-2.0175618e-02
3.6590299e+01	-1.1837325e-01
3.6612108e+01	-1.4141650e-01
3.6633917e+01	-1.5427854e-01
3.6655726e+01	9.5590321e-02
3.6677535e+01	1.2320936e-01
3.6699344e+01	1.3668723e-01
3.6721152e+01	4.5680842e-01
3.6742961e+01	9.7074442e-01
3.6764770e+01	9.4078795e-01
3.6786579e+01	1.2570847e+00
3.6808388e+01	1.6468985e+00
3.6830197e+01	1.9320640e+00
3.6852006e+01	2.1127628e+00
3.6873815e+01	2.0907559e+00
3.6895624e+01	2.1209288e+00
3.6917433e+01	2.0187733e+00
3.6939242e+01	2.0158411e+00
3.6961051e+01	1.4871040e+00
3.6982860e+01	1.3045646e+00
3.7004669e+01	1.1081308e+00
3.7026478e+01	9.5996211e-01
3.7048287e+01	9.4730040e-01
3.7070095e+01	8.5025235e-01
3.7091904e+01	8.6017692e-02
3.7113713e+01	-8.4113858e-02
3.7135522e+01	3.1500456e-02
3.7157331e+01	-9.8696026e-02
3.7179140e+01	8.0219930e-02
3.7200949e+01	3.1582284e-02
3.7222758e+01	-5.4217678e-02
3.7244567e+01	4.6267526e-02
3.7266376e+01	3.1178241e-02
3.7288185e+01	-1.6603122e-01
3.7309994e+01	1.3066984e-02
3.7331803e+01	-1.9961952e-02
3.7353612e+01	6.4954654e-02
3.7375421e+01	-4.5966110e-03
3.7397230e+01	-4.1026036e-02
3.7419038e+01	-2.3398887e-02
3.7440847e+01	3.6286963e-01
3.7462656e+01	7.3408077e-01
3.7484465e+01	1.1688252e+00
3.7506274e+01	1.0503126e+00
3.7528083e+01	5.4813955e-01
3.7549892e+01	1.8659683e-01
3.7571701e+01	6.2812021e-02
3.7593510e+01	3.6579210e-03
3.7615319e+01	1.1099921e-01
3.7637128e+01	1.7876984e-01
3.7658937e+01	-1.2509087e-01
3.7680746e+01	-1.1800716e-01
3.7702555e+01	-9.3624613e-02
3.7724364e+01	6.3126703e-03
3.7746173e+01	-9.3433761e-02
3.7767981e+01	-9.8364376e-02
3.7789790e+01	-1.0729353e-02
3.7811599e+01	1.5975279e-01
3.7833408e+01	3.5085382e-01
3.7855217e+01	2.0242180e-01
3.7877026e+01	8.0127879e-02
3.7898835e+01	1.1657511e-01
3.7920644e+01	1.8524303e-01
3.7942453e+01	1.0870238e-01
3.7964262e+01	9.9732442e-02
3.7986071e+01	-5.4840759e-02
3.8007880e+01	-1.3551589e-01
3.8029689e+01	-1.9046099e-01
3.8051498e+01	-7.4599944e-02
3.8073307e+01	5.5504034e-04
3.8095116e+01	-6.0293831e-02
3.8116925e+01	1.4889017e-01
3.8138733e+01	2.7307025e-01
3.8160542e+01	3.6933266e-01
3.8182351e+01	5.0443663e-01
3.8204160e+01	8.2728829e-01
3.8225969e+01	1.4135186e+00
3.8247778e+01	1.9163946e+00
3.8269587e+01	2.0556443e+00
3.8291396e+01	2.2076776e+00
3.8313205e+01	2.5346435e+00
3.8335014e+01	2.6386950e+00
3.8356823e+01	2.8141921e+00
3.8378632e+01	2.7912348e+00
3.8400441e+01	2.5922641e+00
3.8422250e+01	2.2966509e+00
3.8444059e+01	1.9362982e+00
3.8465868e+01	1.6108501e+00
3.8487676e+01	8.7480847e-01
3.8509485e+01	7.5701135e-01
3.8531294e+01	5.1862570e-01
3.8553103e+01	3.8545753e-01
3.8574912e+01	1.3397170e-01
3.8596721e+01	1.2723727e-02
3.8618530e+01	9.5178612e-03
3.8640339e+01	-7.0315744e-02
3.8662148e+01	1.3287647e-01
3.8683957e+01	-2.0599351e-02
3.8705766e+01	-4.8143321e-02
3.8727575e+01	-3.3314388e-02
3.8749384e+01	-1.1142216e-01
3.8771193e+01	-1.7315280e-02
3.8793002e+01	7.9256587e-02
3.8814811e+01	-8.5935245e-03
3.8836619e+01	-2.1489255e-02
3.8858428e+01	-5.9451131e-03
3.8880237e+01	-6.3012802e-02
3.8902046e+01	4.6424904e-02
3.8923855e+01	5.5941326e-02
3.8945664e+01	-1.2915388e-02
3.8967473e+01	-9.0747972e-02
3.8989282e+01	1.3525494e-01
3.9011091e+01	7.2301483e-02
3.9032900e+01	-1.7417420e-03
3.9054709e+01	-1.9539166e-02
3.9076518e+01	-1.2003324e-01
3.9098327e+01	-1.0996618e-02
3.9120136e+01	2.8540210e-01
3.9141945e+01	3.8774470e-02
3.9163754e+01	6.6005404e-02
3.9185562e+01	7.8706160e-02
3.9207371e+01	-6.8373078e-02
3.9229180e+01	-1.3848623e-01
3.9250989e+01	9.4472592e-02
3.9272798e+01	7.6113432e-02
3.9294607e+01	-1.1435099e-01
3.9316416e+01	7.6815704e-02
3.9338225e+01	-6.3211489e-02
3.9360034e+01	-2.1157333e-02
3.9381843e+01	4.4913129e-02
3.9403652e+01	3.5197600e-02
3.9425461e+01	8.9144975e-02
3.9447270e+01	2.5173116e-01
3.9469079e+01	1.1262115e-01
3.9490888e+01	3.3070718e-02
3.9512697e+01	1.0788258e-02
3.9534505e+01	-3.0214775e-01
3.9556314e+01	-2.2907164e-01
3.9578123e+01	9.0078505e-03
3.9599932e+01	2.1234713e-02
3.9621741e+01	-1.3982471e-01
3.9643550e+01	-5.9030595e-02
3.9665359e+01	1.4946481e-03
3.9687168e+01	9.2893943e-02
3.9708977e+01	1.4727547e-01
3.9730786e+01	6.8241369e-02
3.9752595e+01	5.7014950e-02
3.9774404e+01	9.6223071e-02
3.9796213e+01	1.1419613e-01
3.9818022e+01	2.6545279e-01
3.9839831e+01	7.1686723e-02
3.9861640e+01	2.2408631e-01
3.9883449e+01	2.6593685e-01
3.9905257e+01	1.5972187e-01
3.9927066e+01	-6.1467546e-04
3.9948875e+01	1.1231619e-01
3.9970684e+01	8.3101913e-02
3.9992493e+01	-1.8327943e-01
4.0014302e+01	-2.2870732e-01
4.0036111e+01	-3.1099995e-01
4.0057920e+01	-1.1540791e-01
4.0079729e+01	-2.7158165e-02
4.0101538e+01	1.0443619e-01
4.0123347e+01	1.0418680e-01
4.0145156e+01	7.5978830e-02
4.0166965e+01	1.3075100e-01
4.0188774e+01	-3.3990172e-02
4.0210583e+01	-1.2142898e-01
4.0232392e+01	2.7999778e-02
4.0254200e+01	1.3657687e-01
4.0276009e+01	-6.3589409e-02
4.0297818e+01	9.1664773e-02
4.0319627e+01	2.4685658e-01
4.0341436e+01	3.1987826e-01
4.0363245e+01	-1.7266609e-01
4.0385054e+01	2.7043714e-02
4.0406863e+01	2.6543236e-01
4.0428672e+01	-1.4878325e-02
4.0450481e+01	1.9393855e-01
4.0472290e+01	1.1976637e-01
4.0494099e+01	-4.4302755e-02
4.0515908e+01	-1.1558884e-01
4.0537717e+01	-5.0184605e-02
4.0559526e+01	7.2041114e-02
4.0581335e+01	9.6648872e-02
4.0603143e+01	-1.2229575e-01
4.0624952e+01	-6.2586196e-02
4.0646761e+01	1.5174954e-01
4.0668570e+01	2.3340034e-01
4.0690379e+01	2.9337448e-01
4.0712188e+01	1.4597837e-01
4.0733997e+01	-5.4911760e-02
4.0755806e+01	-1.0922928e-01
4.0777615e+01	8.9888457e-02
4.0799424e+01	1.9343494e-01
4.0821233e+01	-1.7101236e-01
4.0843042e+01	-5.1456728e-02
4.0864851e+01	3.5939926e-02
4.0886660e+01	-4.9286477e-02
4.0908469e+01	-6.8034457e-02
4.0930278e+01	8.3286927e-02
4.0952086e+01	1.3806813e-01
4.0973895e+01	-2.4729364e-02
4.0995704e+01	-6.1507439e-02
4.1017513e+01	-9.9524180e-02
4.1039322e+01	7.1765233e-02
4.1061131e+01	7.3655952e-02
4.1082940e+01	8.0198717e-02
4.1104749e+01	6.3519367e-02
4.1126558e+01	9.4682699e-02
4.1148367e+01	-1.5484086e-01
4.1170176e+01	-1.7729594e-01
4.1191985e+01	1.7889182e-02
4.1213794e+01	1.0152206e-01
4.1235603e+01	4.0111966e-01
4.1257412e+01	9.6252469e-02
4.1279221e+01	-4.8689235e-03
4.1301029e+01	-4.0144336e-02
4.1322838e+01	-6.7122490e-02
4.1344647e+01	7.3918553e-02
4.1366456e+01	-3.4184152e-02
4.1388265e+01	-3.6552548e-02
4.1410074e+01	3.2484939e-01
4.1431883e+01	-2.3437408e-02
4.1453692e+01	3.7203842e-02
4.1475501e+01	4.5055964e-01
4.1497310e+01	3.2006147e-01
4.1519119e+01	1.2952089e-01
4.1540928e+01	6.3931945e-02
4.1562737e+01	-4.9572862e-02
4.1584546e+01	-2.1124649e-01
4.1606355e+01	-1.8830491e-01
4.1628164e+01	3.8009490e-02
4.1649972e+01	-1.1177901e-02
4.1671781e+01	9.4847820e-02
4.1693590e+01	9.3738772e-02
4.1715399e+01	1.8803539e-02
4.1737208e+01	9.3753429e-02
4.1759017e+01	4.9994982e-01
4.1780826e+01	4.6718642e-01
4.1802635e+01	6.4065075e-01
4.1824444e+01	7.0178779e-01
4.1846253e+01	4.6831954e-01
4.1868062e+01	1.0306398e-01
4.1889871e+01	5.0379459e-01
4.1911680e+01	6.7842587e-01
4.1933489e+01	5.2084418e-01
4.1955298e+01	2.8706187e-01
4.1977107e+01	-1.1327910e-03
4.1998916e+01	-4.4386091e-02
4.2020724e+01	-1.1633362e-01
4.2042533e+01	-1.0297987e-01
4.2064342e+01	-1.3440767e-01
4.2086151e+01	1.1493772e-01
4.2107960e+01	2.0501523e-01
4.2129769e+01	9.9707511e-02
4.2151578e+01	1.0343480e-01
4.2173387e+01	5.6431204e-02
4.2195196e+01	-3.8328124e-02
4.2217005e+01	-1.0709265e-01
4.2238814e+01	7.0565266e-02
4.2260623e+01	-9.2179092e-02
4.2282432e+01	-2.6926451e-02
4.2304241e+01	2.4254393e-01
4.2326050e+01	-3.6264183e-02
4.2347859e+01	-1.1257117e-01
4.2369667e+01	8.8605880e-02
4.2391476e+01	3.7927717e-01
4.2413285e+01	5.1045009e-01
4.2435094e+01	7.2644062e-01
4.2456903e+01	7.2442463e-01
4.2478712e+01	7.9750401e-01
4.2500521e+01	1.2297416e+00
4.2522330e+01	1.3700583e+00
4.2544139e+01	1.2540990e+00
4.2565948e+01	1.2361425e+00
4.2587757e+01	1.3910147e+00
4.2609566e+01	1.4262235e+00
4.2631375e+01	1.1920928e+00
4.2653184e+01	8.3660035e-01
4.2674993e+01	7.6991911e-01
4.2696802e+01	3.6893593e-01
4.2718610e+01	1.0188468e-01
4.2740419e+01	2.2286787e-01
4.2762228e+01	2.0921503e-01
4.2784037e+01	8.3304339e-02
4.2805846e+01	1.1005060e-01
4.2827655e+01	-5.2277068e-02
4.2849464e+01	3.5766894e-02
4.2871273e+01	-1.4281579e-01
4.2893082e+01	-3.4188277e-02
4.2914891e+01	-9.5736232e-02
4.2936700e+01	-1.0391322e-01
4.2958509e+01	2.4488224e-01
4.2980318e+01	8.5441294e-02
4.3002127e+01	-8.0601484e-02
4.3023936e+01	2.3231842e-02
4.3045745e+01	-6.6663062e-03
4.3067553e+01	-3.3264195e-02
4.3089362e+01	1.3909852e-02
4.3111171e+01	1.9278881e-01
4.3132980e+01	1.2192115e-01
4.3154789e+01	-2.1222247e-01
4.3176598e+01	-4.0123717e-02
4.3198407e+01	6.0547786e-03
4.3220216e+01	1.3912738e-01
4.3242025e+01	1.3111702e-01
4.3263834e+01	-1.3283302e-01
4.3285643e+01	-1.2519883e-01
4.3307452e+01	6.3321204e-02
4.3329261e+01	3.7231897e-02
4.3351070e+01	6.1426300e-01
4.3372879e+01	5.2317332e-01
4.3394688e+01	1.1775266e-01
4.3416496e+01	2.6071573e-01
4.3438305e+01	1.2219968e-01
4.3460114e+01	6.9843569e-02
4.3481923e+01	-2.4753224e-01
4.3503732e+01	-6.0449632e-03
4.3525541e+01	-1.3808874e-01
4.3547350e+01	1.0282354e-01
4.3569159e+01	5.7603900e-02
4.3590968e+01	-6.3763698e-02
4.3612777e+01	-4.1152671e-02
4.3634586e+01	1.7927169e-01
4.3656395e+01	8.2467338e-01
4.3678204e+01	1.4696722e+00
4.3700013e+01	2.2932650e+00
4.3721822e+01	2.4951577e+00
4.3743631e+01	2.6853110e+00
4.3765439e+01	3.2638837e+00
4.3787248e+01	3.7514157e+00
4.3809057e+01	4.3085669e+00
4.3830866e+01	5.1667060e+00
4.3852675e+01	5.1294119e+00
4.3874484e+01	5.1409714e+00
4.3896293e+01	5.1513084e+00
4.3918102e+01	4.8043036e+00
4.3939911e+01	3.6814389e+00
4.3961720e+01	2.9224091e+00
4.3983529e+01	2.0867811e+00
4.4005338e+01	1.2616096e+00
4.4027147e+01	8.1673961e-01
4.4048956e+01	7.7708065e-03
4.4070765e+01	3.0569067e-02
4.4092574e+01	1.7166871e-01
4.4114383e+01	1.3548369e-01
4.4136191e+01	-1.6380412e-02
4.4158000e+01	-2.0292893e-01
4.4179809e+01	-1.2788862e-01
4.4201618e+01	1.7015042e-02
4.4223427e+01	1.2790460e-02
4.4245236e+01	8.6636461e-02
4.4267045e+01	-4.6485459e-02
4.4288854e+01	-1.6049671e-01
4.4310663e+01	1.1351136e-01
4.4332472e+01	6.7039283e-02
4.4354281e+01	1.1270786e-01
4.4376090e+01	1.2234228e-02
4.4397899e+01	1.9672339e-02
4.4419708e+01	-6.6414710e-02
4.4441517e+01	3.5809044e-01
4.4463326e+01	2.6080268e-01
4.4485134e+01	-6.6512659e-02
4.4506943e+01	6.9368284e-01
4.4528752e+01	4.6926837e-01
4.4550561e+01	7.4998412e-01
4.4572370e+01	8.8159778e-01
4.4594179e+01	8.3042003e-01
4.4615988e+01	8.6188758e-01
4.4637797e+01	1.1537501e+00
4.4659606e+01	7.4709632e-01
4.4681415e+01	8.6530289e-01
4.4703224e+01	3.9393452e-01
4.4725033e+01	4.0191190e-01
4.4746842e+01	8.0334471e-02
4.4768651e+01	1.9969889e-01
4.4790460e+01	-5.4940311e-02
4.4812269e+01	8.6187961e-02
4.4834077e+01	3.8680677e-01
4.4855886e+01	4.1105026e-01
4.4877695e+01	-2.3251938e-01
4.4899504e+01	-2.2246546e-01
4.4921313e+01	2.4532535e-01
4.4943122e+01	9.0955881e-02
4.4964931e+01	1.0298730e-01
4.4986740e+01	8.5744694e-02