Image file: \\Gfs05\g45\SAXS\2020_12\HDF5\2020-12.10_Kevin_day2_SN\2020-12-10_Max_Cu123_SN_000017_data_000157.h5
ImageIntegration1d_chi_output; Output_Directory= \\Gfs05\g45\SAXS\2020_12\Processed\2020-12-09_Kevin_day1_SN\Chi-Sample-7
Profile = Radial, StartAzimuth = 0.0, EndAzimuth = 360.0, Sam_Det_distance = 250.818474293, InnerRadius = 15.0, OuterRadius = 2400.0, Lambda = 30, Ratio = 0.001, Itermax = 100
2400
2.0013229e+00	1.0344704e-01
2.0231319e+00	-2.3286630e-02
2.0449408e+00	7.2364264e-02
2.0667497e+00	3.2211799e-01
2.0885587e+00	-5.9682251e-02
2.1103676e+00	-2.3558681e-01
2.1321765e+00	-9.1513027e-02
2.1539855e+00	2.2578366e-01
2.1757944e+00	3.2993704e-01
2.1976034e+00	9.1681575e-02
2.2194123e+00	2.4917252e-02
2.2412212e+00	-5.8381807e-02
2.2630302e+00	1.7082772e-01
2.2848391e+00	2.3663083e-01
2.3066480e+00	-1.6074559e-02
2.3284570e+00	3.0762537e-02
2.3502659e+00	8.4583442e-02
2.3720749e+00	-1.0657776e-01
2.3938838e+00	7.1784779e-02
2.4156927e+00	3.7825437e-01
2.4375017e+00	1.1559451e-01
2.4593106e+00	-2.2798617e-01
2.4811196e+00	-8.0771620e-02
2.5029285e+00	1.7387674e-01
2.5247374e+00	-8.5288385e-02
2.5465464e+00	-4.4996070e-02
2.5683553e+00	-1.2106883e-03
2.5901642e+00	6.0906775e-02
2.6119732e+00	2.8798563e-01
2.6337821e+00	5.5594491e-02
2.6555911e+00	-1.1266061e-02
2.6774000e+00	-4.0778353e-02
2.6992089e+00	1.6993745e-01
2.7210179e+00	4.8394295e-01
2.7428268e+00	9.3168908e-02
2.7646358e+00	-1.5321090e-01
2.7864447e+00	-1.2896909e-02
2.8082536e+00	-3.6918567e-02
2.8300626e+00	-1.5353983e-01
2.8518715e+00	7.1784501e-03
2.8736804e+00	-7.2666346e-03
2.8954894e+00	1.0915017e-01
2.9172983e+00	2.0663907e-01
2.9391073e+00	2.0940558e-02
2.9609162e+00	2.9250918e-02
2.9827251e+00	2.6278470e-02
3.0045341e+00	3.3352269e-02
3.0263430e+00	-1.0543551e-01
3.0481519e+00	3.3479480e-02
3.0699609e+00	5.3879734e-03
3.0917698e+00	-1.3177323e-02
3.1135788e+00	-1.6672999e-01
3.1353877e+00	1.3136024e-01
3.1571966e+00	5.9209625e-01
3.1790056e+00	4.2564291e-01
3.2008145e+00	2.6132209e-01
3.2226235e+00	8.5991443e-02
3.2444324e+00	1.0976775e-01
3.2662413e+00	-1.1332893e-01
3.2880503e+00	-1.0718761e-03
3.3098592e+00	-9.4039858e-02
3.3316681e+00	-9.1038963e-02
3.3534771e+00	-4.6580811e-02
3.3752860e+00	-3.3519600e-02
3.3970950e+00	2.2858569e-01
3.4189039e+00	1.0436488e-01
3.4407128e+00	-7.1571284e-02
3.4625218e+00	1.3719792e-01
3.4843307e+00	3.5140258e-01
3.5061396e+00	3.3917973e-01
3.5279486e+00	6.1914169e-02
3.5497575e+00	1.0150888e-01
3.5715665e+00	-1.2215031e-01
3.5933754e+00	-1.3058435e-01
3.6151843e+00	-8.7524664e-02
3.6369933e+00	1.6222409e-01
3.6588022e+00	2.7883152e-01
3.6806112e+00	1.2393538e-01
3.7024201e+00	-3.6606635e-02
3.7242290e+00	1.6381719e-02
3.7460380e+00	-7.0324621e-02
3.7678469e+00	2.2572760e-01
3.7896558e+00	3.9113447e-01
3.8114648e+00	-4.8037053e-02
3.8332737e+00	-1.1150006e-01
3.8550827e+00	-8.9179882e-02
3.8768916e+00	-6.4143055e-03
3.8987005e+00	5.5401327e-02
3.9205095e+00	4.6760231e-02
3.9423184e+00	5.2796974e-02
3.9641273e+00	1.0339325e-01
3.9859363e+00	3.6148761e-02
4.0077452e+00	1.9522622e-01
4.0295542e+00	6.4444238e-02
4.0513631e+00	-1.9580885e-01
4.0731720e+00	-5.6407091e-02
4.0949810e+00	-1.2880555e-01
4.1167899e+00	-4.5236499e-02
4.1385989e+00	3.9331246e-02
4.1604078e+00	1.6230826e-01
4.1822167e+00	4.9980177e-02
4.2040257e+00	-7.5691393e-02
4.2258346e+00	6.4160011e-02
4.2476435e+00	1.2370960e-01
4.2694525e+00	-7.3239647e-02
4.2912614e+00	-1.4397975e-01
4.3130704e+00	6.1150329e-02
4.3348793e+00	4.6308861e-02
4.3566882e+00	-7.3112418e-02
4.3784972e+00	5.6405132e-02
4.4003061e+00	2.8702931e-02
4.4221151e+00	-1.1654982e-01
4.4439240e+00	2.8294969e-02
4.4657329e+00	5.3126242e-02
4.4875419e+00	9.8873248e-03
4.5093508e+00	-6.6616060e-04
4.5311597e+00	5.2179496e-02
4.5529687e+00	1.4452181e-02
4.5747776e+00	-1.9035212e-01
4.5965866e+00	-9.0666023e-02
4.6183955e+00	1.2314991e-01
4.6402044e+00	2.6893711e-01
4.6620134e+00	3.5917191e-01
4.6838223e+00	2.3226853e-01
4.7056312e+00	1.6996834e-01
4.7274402e+00	9.9411468e-02
4.7492491e+00	-1.4008367e-01
4.7710581e+00	2.9024908e-03
4.7928670e+00	-9.2452096e-02
4.8146759e+00	1.6554932e-02
4.8364849e+00	8.8504713e-03
4.8582938e+00	-2.2657020e-02
4.8801028e+00	1.5562477e-02
4.9019117e+00	-1.5118130e-01
4.9237206e+00	1.5210192e-01
4.9455296e+00	6.1070667e-04
4.9673385e+00	1.2414452e-01
4.9891474e+00	-2.9505542e-02
5.0109564e+00	-1.7957773e-03
5.0327653e+00	-9.1310515e-02
5.0545743e+00	1.3598698e-02
5.0763832e+00	8.9777790e-02
5.0981921e+00	-1.0303256e-01
5.1200011e+00	-1.1145456e-02
5.1418100e+00	9.2324257e-02
5.1636189e+00	-8.5902122e-02
5.1854279e+00	-8.2013907e-02
5.2072368e+00	1.0647676e-01
5.2290458e+00	7.5783264e-02
5.2508547e+00	7.6405172e-02
5.2726636e+00	-5.9652752e-03
5.2944726e+00	-1.0926354e-01
5.3162815e+00	6.0417518e-02
5.3380905e+00	-5.2987975e-02
5.3598994e+00	-1.2526839e-02
5.3817083e+00	-6.6111060e-02
5.4035173e+00	-2.0130465e-02
5.4253262e+00	6.4835474e-02
5.4471351e+00	6.2518802e-02
5.4689441e+00	-7.3977318e-02
5.4907530e+00	-5.5003064e-03
5.5125620e+00	9.4158027e-02
5.5343709e+00	-2.5949005e-02
5.5561798e+00	-2.9439298e-03
5.5779888e+00	-5.5506833e-02
5.5997977e+00	4.0298201e-02
5.6216066e+00	-1.1361105e-02
5.6434156e+00	1.9194207e-02
5.6652245e+00	-7.6076578e-02
5.6870335e+00	4.3142785e-02
5.7088424e+00	9.9340138e-02
5.7306513e+00	-1.1299335e-03
5.7524603e+00	-8.7774755e-02
5.7742692e+00	-1.3097604e-01
5.7960782e+00	1.8603610e-01
5.8178871e+00	1.6493533e-01
5.8396960e+00	1.3324757e-01
5.8615050e+00	-3.5753015e-02
5.8833139e+00	4.2079238e-04
5.9051228e+00	-2.9890955e-01
5.9269318e+00	-9.2836028e-03
5.9487407e+00	2.3104174e-01
5.9705497e+00	2.8605871e-01
5.9923586e+00	2.9682615e-01
6.0141675e+00	1.0058572e-01
6.0359765e+00	-2.0798975e-03
6.0577854e+00	4.9567492e-02
6.0795944e+00	-1.3179768e-01
6.1014033e+00	-4.6934672e-02
6.1232122e+00	3.4898449e-02
6.1450212e+00	5.1749626e-02
6.1668301e+00	5.2716951e-02
6.1886390e+00	7.6104641e-02
6.2104480e+00	-2.8484468e-02
6.2322569e+00	-2.8077877e-02
6.2540659e+00	8.0238611e-03
6.2758748e+00	-8.9184044e-03
6.2976837e+00	-2.3968780e-02
6.3194927e+00	-9.5134413e-02
6.3413016e+00	-6.9059009e-02
6.3631105e+00	1.1782868e-01
6.3849195e+00	3.2702554e-01
6.4067284e+00	-2.7800091e-02
6.4285374e+00	-6.2275063e-02
6.4503463e+00	6.2960913e-02
6.4721552e+00	2.2771586e-02
6.4939642e+00	2.4806592e-01
6.5157731e+00	1.2629820e-01
6.5375821e+00	1.2385260e-01
6.5593910e+00	2.6499455e-01
6.5811999e+00	-1.0110133e-01
6.6030089e+00	-2.4820345e-01
6.6248178e+00	-1.0319938e-01
6.6466267e+00	3.3110804e-02
6.6684357e+00	3.7801082e-01
6.6902446e+00	1.9192354e-01
6.7120536e+00	2.5460747e-02
6.7338625e+00	-8.0104807e-03
6.7556714e+00	2.7438414e-01
6.7774804e+00	2.2854661e-01
6.7992893e+00	3.7990670e-02
6.8210982e+00	2.2005375e-02
6.8429072e+00	3.2289296e-01
6.8647161e+00	3.8326336e-01
6.8865251e+00	-1.5634706e-02
6.9083340e+00	-5.0156596e-02
6.9301429e+00	2.8123057e-02
6.9519519e+00	-2.5866948e-02
6.9737608e+00	-1.9145976e-01
6.9955698e+00	1.9779218e-01
7.0173787e+00	2.3467940e-01
7.0391876e+00	-2.7166175e-02
7.0609966e+00	-5.7975342e-02
7.0828055e+00	1.1168115e-02
7.1046144e+00	-8.8248165e-04
7.1264234e+00	6.7905709e-02
7.1482323e+00	1.4794990e-01
7.1700413e+00	-1.3124457e-01
7.1918502e+00	7.6003560e-02
7.2136591e+00	-2.9562691e-02
7.2354681e+00	4.3749500e-02
7.2572770e+00	1.4978850e-02
7.2790859e+00	2.1952902e-02
7.3008949e+00	2.8413410e-01
7.3227038e+00	1.2671935e-01
7.3445128e+00	-1.9146852e-01
7.3663217e+00	-6.6889158e-02
7.3881306e+00	5.3100343e-03
7.4099396e+00	-7.7220408e-03
7.4317485e+00	-1.0164318e-01
7.4535575e+00	-1.0706006e-01
7.4753664e+00	1.0753958e-01
7.4971753e+00	5.5338526e-02
7.5189843e+00	9.2012100e-02
7.5407932e+00	6.9062014e-02
7.5626021e+00	2.6607483e-02
7.5844111e+00	8.8710948e-03
7.6062200e+00	2.6578660e-02
7.6280290e+00	-7.0009137e-02
7.6498379e+00	-8.5975435e-02
7.6716468e+00	-1.9815058e-02
7.6934558e+00	3.8687782e-02
7.7152647e+00	1.0348588e-01
7.7370737e+00	3.6862274e-02
7.7588826e+00	-2.5630849e-01
7.7806915e+00	-3.7041500e-02
7.8025005e+00	4.1534795e-02
7.8243094e+00	4.0455130e-02
7.8461183e+00	1.6954981e-01
7.8679273e+00	5.1755208e-02
7.8897362e+00	1.4263633e-01
7.9115452e+00	2.7525710e-01
7.9333541e+00	-1.4041256e-01
7.9551630e+00	-2.3422995e-01
7.9769720e+00	3.4501210e-04
7.9987809e+00	2.4655504e-01
8.0205898e+00	1.5912939e-01
8.0423988e+00	-7.6859848e-02
8.0642077e+00	5.4062054e-02
8.0860167e+00	-1.3942452e-02
8.1078256e+00	-4.1859065e-02
8.1296345e+00	6.0392838e-02
8.1514435e+00	1.4852869e-01
8.1732524e+00	3.6535762e-02
8.1950614e+00	-3.9399919e-02
8.2168703e+00	-8.8729196e-02
8.2386792e+00	-8.1723086e-02
8.2604882e+00	8.9438814e-02
8.2822971e+00	-4.2172485e-03
8.3041060e+00	-1.9276577e-01
8.3259150e+00	1.0499315e-01
8.3477239e+00	2.5927927e-02
8.3695329e+00	1.3480619e-01
8.3913418e+00	4.2968306e-02
8.4131507e+00	-1.5594347e-01
8.4349597e+00	-1.1708942e-01
8.4567686e+00	2.2311127e-01
8.4785775e+00	3.8082627e-01
8.5003865e+00	1.4152661e-01
8.5221954e+00	3.4948490e-02
8.5440044e+00	2.4834953e-01
8.5658133e+00	6.6223817e-02
8.5876222e+00	-8.3575694e-02
8.6094312e+00	2.1633658e-02
8.6312401e+00	-1.2932585e-01
8.6530491e+00	-1.4157903e-02
8.6748580e+00	2.1502594e-02
8.6966669e+00	-1.8148976e-01
8.7184759e+00	4.6181017e-02
8.7402848e+00	6.8366547e-02
8.7620937e+00	2.4534551e-02
8.7839027e+00	7.3734214e-02
8.8057116e+00	9.6418603e-02
8.8275206e+00	3.0621963e-01
8.8493295e+00	2.2534257e-01
8.8711384e+00	-8.4125630e-02
8.8929474e+00	-9.2806571e-02
8.9147563e+00	-2.9850923e-02
8.9365652e+00	-9.0873001e-02
8.9583742e+00	9.7710381e-02
8.9801831e+00	8.2689296e-02
9.0019921e+00	-1.7508041e-01
9.0238010e+00	-2.7469491e-02
9.0456099e+00	1.0120727e-01
9.0674189e+00	-3.8335781e-02
9.0892278e+00	8.9475157e-02
9.1110368e+00	1.7547523e-01
9.1328457e+00	1.1568276e-01
9.1546546e+00	-8.2702304e-02
9.1764636e+00	-2.6186565e-01
9.1982725e+00	9.0498556e-02
9.2200814e+00	5.6560971e-02
9.2418904e+00	6.5144204e-02
9.2636993e+00	3.7734594e-02
9.2855083e+00	-1.5170328e-01
9.3073172e+00	2.6903178e-01
9.3291261e+00	-4.0947268e-02
9.3509351e+00	5.8909865e-03
9.3727440e+00	1.5241938e-01
9.3945530e+00	3.1154772e-01
9.4163619e+00	2.6826123e-02
9.4381708e+00	-1.5784384e-01
9.4599798e+00	-7.2142631e-02
9.4817887e+00	1.1008672e-01
9.5035976e+00	1.6622261e-01
9.5254066e+00	-8.3996877e-02
9.5472155e+00	-2.1714212e-01
9.5690245e+00	1.0991719e-01
9.5908334e+00	4.4048379e-02
9.6126423e+00	2.3980173e-01
9.6344513e+00	7.4791506e-02
9.6562602e+00	3.1280607e-01
9.6780691e+00	9.2796457e-02
9.6998781e+00	-1.0687139e-01
9.7216870e+00	3.9450871e-03
9.7434960e+00	-2.6855319e-02
9.7653049e+00	2.8563290e-01
9.7871138e+00	2.8216691e-01
9.8089228e+00	-4.1596340e-02
9.8307317e+00	-5.4229873e-02
9.8525407e+00	-2.7490676e-02
9.8743496e+00	1.7890502e-02
9.8961585e+00	-5.6714265e-02
9.9179675e+00	1.7124933e-01
9.9397764e+00	1.1376765e-01
9.9615853e+00	-2.3654884e-01
9.9833943e+00	2.2308272e-03
1.0005203e+01	1.1151555e-01
1.0027012e+01	2.3564983e-02
1.0048821e+01	1.7929693e-01
1.0070630e+01	3.4858185e-02
1.0092439e+01	-8.4337689e-02
1.0114248e+01	-1.3812166e-01
1.0136057e+01	1.2105132e-01
1.0157866e+01	2.1781829e-01
1.0179675e+01	1.1018970e-01
1.0201484e+01	-1.8910091e-01
1.0223293e+01	3.5229068e-02
1.0245102e+01	4.5462598e-02
1.0266910e+01	1.5030787e-01
1.0288719e+01	-1.0457527e-01
1.0310528e+01	-1.9785330e-01
1.0332337e+01	1.0873560e+00
1.0354146e+01	1.6154400e+00
1.0375955e+01	2.1763210e+00
1.0397764e+01	2.7313183e+00
1.0419573e+01	2.9985052e+00
1.0441382e+01	3.9019671e+00
1.0463191e+01	5.2975723e+00
1.0485000e+01	7.5044271e+00
1.0506809e+01	1.0388524e+01
1.0528618e+01	1.2773172e+01
1.0550427e+01	1.2746353e+01
1.0572236e+01	1.1273751e+01
1.0594045e+01	1.0833291e+01
1.0615853e+01	1.1386338e+01
1.0637662e+01	1.2144453e+01
1.0659471e+01	1.1935351e+01
1.0681280e+01	1.0188232e+01
1.0703089e+01	7.7409893e+00
1.0724898e+01	4.9827273e+00
1.0746707e+01	2.8920688e+00
1.0768516e+01	1.8530201e+00
1.0790325e+01	1.2486775e+00
1.0812134e+01	5.7818643e-01
1.0833943e+01	1.4439415e-01
1.0855752e+01	-2.9324055e-02
1.0877561e+01	-8.7506267e-02
1.0899370e+01	1.2381737e-01
1.0921179e+01	-2.2974264e-01
1.0942988e+01	-1.8549140e-03
1.0964796e+01	8.6963032e-02
1.0986605e+01	-2.1400586e-02
1.1008414e+01	2.2712750e-01
1.1030223e+01	7.0094421e-02
1.1052032e+01	-6.3510871e-03
1.1073841e+01	1.4079336e-01
1.1095650e+01	6.0996262e-01
1.1117459e+01	1.1112994e+00
1.1139268e+01	9.7785036e-01
1.1161077e+01	1.1282042e+00
1.1182886e+01	1.7397067e+00
1.1204695e+01	2.2720115e+00
1.1226504e+01	2.6918163e+00
1.1248313e+01	2.2263228e+00
1.1270122e+01	8.7886266e-01
1.1291931e+01	4.1192962e-01
1.1313740e+01	-2.0632638e-02
1.1335548e+01	-6.9035823e-02
1.1357357e+01	9.3850611e-02
1.1379166e+01	3.1289706e-01
1.1400975e+01	-3.0958872e-02
1.1422784e+01	-1.0063694e-01
1.1444593e+01	3.0348560e-02
1.1466402e+01	9.7052698e-02
1.1488211e+01	-1.6160081e-03
1.1510020e+01	-1.4093945e-01
1.1531829e+01	-1.4935772e-01
1.1553638e+01	6.8947999e-02
1.1575447e+01	3.1968410e-01
1.1597256e+01	2.8595971e-01
1.1619065e+01	2.8110192e-01
1.1640874e+01	2.4390160e-01
1.1662683e+01	-1.6870405e-02
1.1684491e+01	-1.9645610e-02
1.1706300e+01	7.8970418e-02
1.1728109e+01	-2.8671468e-02
1.1749918e+01	-1.7880177e-03
1.1771727e+01	7.7136229e-02
1.1793536e+01	-3.5838746e-02
1.1815345e+01	-1.5612192e-01
1.1837154e+01	-3.3336178e-02
1.1858963e+01	2.7293633e-02
1.1880772e+01	1.5313433e-01
1.1902581e+01	6.3729268e-02
1.1924390e+01	-7.0871084e-02
1.1946199e+01	3.5010500e-02
1.1968008e+01	7.7902895e-03
1.1989817e+01	-1.3926970e-02
1.2011626e+01	-4.3938719e-02
1.2033434e+01	9.1231408e-02
1.2055243e+01	5.7451914e-02
1.2077052e+01	4.3102672e-02
1.2098861e+01	-1.1245658e-01
1.2120670e+01	-1.4484104e-01
1.2142479e+01	-5.8614918e-03
1.2164288e+01	-6.6762729e-02
1.2186097e+01	6.8510602e-02
1.2207906e+01	7.8017931e-02
1.2229715e+01	1.8189575e-02
1.2251524e+01	1.0892000e-01
1.2273333e+01	1.0180967e-02
1.2295142e+01	-1.8470607e-02
1.2316951e+01	-4.6146481e-02
1.2338760e+01	8.3002793e-02
1.2360569e+01	-1.1176760e-01
1.2382377e+01	-1.2255165e-01
1.2404186e+01	-4.4197906e-02
1.2425995e+01	-2.0493754e-04
1.2447804e+01	1.3026245e-01
1.2469613e+01	1.9530928e-01
1.2491422e+01	2.1836276e-01
1.2513231e+01	1.7279579e-02
1.2535040e+01	-2.2158181e-01
1.2556849e+01	6.9049565e-02
1.2578658e+01	1.0463872e-01
1.2600467e+01	-9.4115785e-03
1.2622276e+01	-8.6911982e-02
1.2644085e+01	-6.2906754e-02
1.2665894e+01	-1.2392323e-02
1.2687703e+01	-8.9495941e-03
1.2709512e+01	1.6778421e-01
1.2731320e+01	1.5082086e-01
1.2753129e+01	-7.9849396e-02
1.2774938e+01	-1.4100439e-01
1.2796747e+01	-3.0611590e-02
1.2818556e+01	-7.3063593e-03
1.2840365e+01	1.1481678e-01
1.2862174e+01	-1.5016341e-01
1.2883983e+01	-4.4854602e-02
1.2905792e+01	2.5682697e-01
1.2927601e+01	3.6723710e-02
1.2949410e+01	4.2780222e-02
1.2971219e+01	8.5054045e-02
1.2993028e+01	2.2554037e-01
1.3014837e+01	1.3328888e-01
1.3036646e+01	3.9392489e-01
1.3058455e+01	7.1110597e-01
1.3080264e+01	6.8864811e-01
1.3102072e+01	6.1763930e-01
1.3123881e+01	-1.0095147e-01
1.3145690e+01	-5.2802211e-02
1.3167499e+01	2.6328393e-01
1.3189308e+01	4.8642045e-01
1.3211117e+01	3.1543578e-01
1.3232926e+01	1.5236043e-01
1.3254735e+01	8.0144528e-02
1.3276544e+01	2.6026941e-01
1.3298353e+01	-2.8475173e-02
1.3320162e+01	-2.7074931e-01
1.3341971e+01	-1.2291942e-01
1.3363780e+01	7.5178204e-01
1.3385589e+01	8.6546981e-01
1.3407398e+01	8.6520967e-01
1.3429207e+01	8.6801636e-01
1.3451015e+01	8.6723966e-01
1.3472824e+01	9.4055331e-01
1.3494633e+01	8.2453508e-01
1.3516442e+01	6.4018973e-01
1.3538251e+01	6.0785302e-01
1.3560060e+01	4.5526469e-01
1.3581869e+01	3.3888648e-01
1.3603678e+01	1.4566967e-01
1.3625487e+01	2.7065877e-01
1.3647296e+01	2.4048655e-02
1.3669105e+01	1.1324976e-01
1.3690914e+01	1.1767516e-02
1.3712723e+01	-2.0473929e-02
1.3734532e+01	8.6861178e-02
1.3756341e+01	-2.0881245e-01
1.3778150e+01	-1.8311598e-01
1.3799958e+01	2.0573482e-01
1.3821767e+01	1.5374503e-01
1.3843576e+01	1.1699203e-01
1.3865385e+01	4.0845287e-02
1.3887194e+01	-4.2247369e-02
1.3909003e+01	-1.1098085e-01
1.3930812e+01	-9.6997322e-02
1.3952621e+01	-7.4367727e-02
1.3974430e+01	1.5636106e-01
1.3996239e+01	1.6162880e-01
1.4018048e+01	-1.4172207e-01
1.4039857e+01	-2.9384028e-02
1.4061666e+01	6.0024452e-02
1.4083475e+01	-1.0244617e-01
1.4105284e+01	1.1733329e-01
1.4127093e+01	7.5640752e-02
1.4148901e+01	1.3476469e-01
1.4170710e+01	1.9582733e-02
1.4192519e+01	-2.1415601e-01
1.4214328e+01	-1.4674235e-01
1.4236137e+01	8.2973426e-02
1.4257946e+01	2.4259238e-01
1.4279755e+01	2.4441627e-01
1.4301564e+01	1.2241159e-01
1.4323373e+01	-3.3961449e-02
1.4345182e+01	-7.4369558e-02
1.4366991e+01	1.3128065e-02
1.4388800e+01	7.7990956e-04
1.4410609e+01	-5.9638149e-02
1.4432418e+01	-5.7352193e-02
1.4454227e+01	1.6614240e-02
1.4476036e+01	4.2771948e-02
1.4497844e+01	6.5870322e-02
1.4519653e+01	1.2736676e-02
1.4541462e+01	1.2028347e-02
1.4563271e+01	1.5616606e-01
1.4585080e+01	-5.3798523e-02
1.4606889e+01	2.9402347e-02
1.4628698e+01	-1.0241471e-01
1.4650507e+01	-7.9605366e-02
1.4672316e+01	-2.8594602e-02
1.4694125e+01	-4.5108174e-02
1.4715934e+01	1.9324792e-02
1.4737743e+01	-3.3061710e-02
1.4759552e+01	1.7359594e-01
1.4781361e+01	3.2140890e-01
1.4803170e+01	4.1735926e-01
1.4824979e+01	6.2556807e-01
1.4846787e+01	1.3944233e+00
1.4868596e+01	2.1542211e+00
1.4890405e+01	2.7228893e+00
1.4912214e+01	2.6979870e+00
1.4934023e+01	2.1468451e+00
1.4955832e+01	2.1469777e+00
1.4977641e+01	2.1175948e+00
1.4999450e+01	2.4855014e+00
1.5021259e+01	2.7080315e+00
1.5043068e+01	2.8353290e+00
1.5064877e+01	3.0365371e+00
1.5086686e+01	2.7252666e+00
1.5108495e+01	2.2119856e+00
1.5130304e+01	1.5964241e+00
1.5152113e+01	9.4854410e-01
1.5173922e+01	4.2614961e-01
1.5195731e+01	7.9460613e-02
1.5217539e+01	5.2497033e-02
1.5239348e+01	-1.2841273e-01
1.5261157e+01	-5.4699496e-02
1.5282966e+01	-7.8187446e-03
1.5304775e+01	-8.1310648e-03
1.5326584e+01	1.0656329e-01
1.5348393e+01	2.2124780e-01
1.5370202e+01	-6.2614145e-02
1.5392011e+01	1.2477352e-02
1.5413820e+01	7.9409494e-03
1.5435629e+01	-2.6299686e-02
1.5457438e+01	-2.2737083e-02
1.5479247e+01	-7.2861646e-02
1.5501056e+01	3.0826612e-02
1.5522865e+01	2.4468092e-02
1.5544674e+01	-4.3064172e-02
1.5566482e+01	-7.4120636e-03
1.5588291e+01	2.3835514e-02
1.5610100e+01	-4.7889554e-02
1.5631909e+01	1.8469663e-02
1.5653718e+01	6.4967949e-02
1.5675527e+01	5.8191091e-02
1.5697336e+01	6.6523752e-02
1.5719145e+01	9.7411549e-02
1.5740954e+01	-1.7372740e-02
1.5762763e+01	-8.8202126e-02
1.5784572e+01	-2.0407500e-01
1.5806381e+01	-8.0680902e-02
1.5828190e+01	1.3431111e-01
1.5849999e+01	4.4426097e-02
1.5871808e+01	4.5210945e-02
1.5893617e+01	1.2445218e-01
1.5915425e+01	-7.0381785e-02
1.5937234e+01	-9.3017115e-02
1.5959043e+01	-3.5231230e-02
1.5980852e+01	-1.2300418e-01
1.6002661e+01	9.6278821e-02
1.6024470e+01	2.8860363e-01
1.6046279e+01	1.5311541e-01
1.6068088e+01	5.7103454e-02
1.6089897e+01	-6.3713602e-02
1.6111706e+01	-7.8919943e-02
1.6133515e+01	8.7111664e-02
1.6155324e+01	2.1395584e-01
1.6177133e+01	-1.1496117e-01
1.6198942e+01	-2.0292864e-01
1.6220751e+01	8.4171107e-02
1.6242560e+01	8.6103005e-02
1.6264368e+01	5.9798288e-02
1.6286177e+01	9.3598085e-02
1.6307986e+01	-7.3725444e-02
1.6329795e+01	2.7431211e-02
1.6351604e+01	-3.9966225e-02
1.6373413e+01	-1.9412508e-01
1.6395222e+01	1.4122303e-01
1.6417031e+01	4.8563294e-02
1.6438840e+01	1.1419341e-01
1.6460649e+01	5.7981222e-02
1.6482458e+01	-7.1006112e-02
1.6504267e+01	-5.3484681e-02
1.6526076e+01	-1.1182602e-01
1.6547885e+01	-6.6582792e-03
1.6569694e+01	-1.2200198e-02
1.6591503e+01	3.7734168e-02
1.6613311e+01	9.5150423e-03
1.6635120e+01	3.7346296e-02
1.6656929e+01	1.4460267e-02
1.6678738e+01	-7.9901281e-02
1.6700547e+01	-1.2205445e-01
1.6722356e+01	1.1177575e-01
1.6744165e+01	2.9529471e-01
1.6765974e+01	3.6560250e-01
1.6787783e+01	3.2412004e-01
1.6809592e+01	1.8538158e-01
1.6831401e+01	1.0676144e-01
1.6853210e+01	-4.6026656e-02
1.6875019e+01	2.0337692e-02
1.6896828e+01	8.2644636e-02
1.6918637e+01	-3.6252653e-02
1.6940446e+01	-9.6658259e-02
1.6962254e+01	-1.1621337e-01
1.6984063e+01	-5.8824400e-02
1.7005872e+01	1.4076588e-01
1.7027681e+01	7.2633119e-02
1.7049490e+01	-1.3740215e-01
1.7071299e+01	-1.1541096e-01
1.7093108e+01	9.5950695e-02
1.7114917e+01	1.1813271e-01
1.7136726e+01	2.7387268e-01
1.7158535e+01	3.5106895e-02
1.7180344e+01	-1.1852823e-01
1.7202153e+01	-5.7718969e-02
1.7223962e+01	1.4221121e-01
1.7245771e+01	6.0039878e-04
1.7267580e+01	-1.3366671e-02
1.7289389e+01	7.2827731e-02
1.7311198e+01	-1.2525252e-01
1.7333006e+01	-1.1507020e-01
1.7354815e+01	5.5991886e-02
1.7376624e+01	5.9415512e-02
1.7398433e+01	5.2180624e-02
1.7420242e+01	-1.5193439e-02
1.7442051e+01	3.0813741e-02
1.7463860e+01	1.2189159e-01
1.7485669e+01	3.0234591e-02
1.7507478e+01	-1.3188188e-01
1.7529287e+01	-1.0469926e-01
1.7551096e+01	5.3760315e-03
1.7572905e+01	7.1740373e-02
1.7594714e+01	-3.5141736e-02
1.7616523e+01	-9.2345196e-02
1.7638332e+01	4.4199598e-03
1.7660141e+01	1.5890167e-01
1.7681949e+01	7.5384786e-02
1.7703758e+01	-3.3145430e-02
1.7725567e+01	-2.7841580e-02
1.7747376e+01	1.1224405e-01
1.7769185e+01	-4.5980287e-02
1.7790994e+01	4.0238984e-03
1.7812803e+01	-1.2563269e-01
1.7834612e+01	-1.5709825e-01
1.7856421e+01	3.5576665e-02
1.7878230e+01	2.2778110e-01
1.7900039e+01	1.4075884e-01
1.7921848e+01	3.2163133e-02
1.7943657e+01	2.3980108e-02
1.7965466e+01	6.9345366e-02
1.7987275e+01	-4.0489239e-02
1.8009084e+01	-1.5608147e-01
1.8030892e+01	-4.1986972e-02
1.8052701e+01	-2.4058687e-02
1.8074510e+01	1.0312249e-01
1.8096319e+01	2.8294115e-02
1.8118128e+01	5.4178035e-02
1.8139937e+01	-8.3579501e-02
1.8161746e+01	5.9363843e-02
1.8183555e+01	1.6555136e-02
1.8205364e+01	-4.0246495e-02
1.8227173e+01	-3.4969366e-02
1.8248982e+01	1.4144325e-01
1.8270791e+01	1.0954420e-01
1.8292600e+01	-2.1469816e-01
1.8314409e+01	-9.5657175e-02
1.8336218e+01	-1.6017578e-02
1.8358027e+01	-9.9647233e-03
1.8379835e+01	9.7336502e-02
1.8401644e+01	2.6102319e-04
1.8423453e+01	2.2573495e-01
1.8445262e+01	3.9560669e-01
1.8467071e+01	3.8665492e-01
1.8488880e+01	4.8347854e-01
1.8510689e+01	5.3532367e-01
1.8532498e+01	4.2030942e-01
1.8554307e+01	4.4559871e-01
1.8576116e+01	4.2271089e-03
1.8597925e+01	-1.3153409e-01
1.8619734e+01	-6.6140284e-02
1.8641543e+01	5.3058524e-02
1.8663352e+01	1.4139466e-01
1.8685161e+01	1.5302395e-01
1.8706970e+01	2.2964135e-02
1.8728778e+01	6.1318424e-02
1.8750587e+01	-1.0764107e-01
1.8772396e+01	-4.3567182e-02
1.8794205e+01	-4.9158734e-03
1.8816014e+01	-4.7848343e-02
1.8837823e+01	3.1371866e-02
1.8859632e+01	2.0135692e-02
1.8881441e+01	-1.4016432e-01
1.8903250e+01	-5.5271900e-02
1.8925059e+01	8.3813029e-03
1.8946868e+01	2.9096175e-03
1.8968677e+01	1.2971553e-01
1.8990486e+01	1.4499070e-01
1.9012295e+01	-1.3761396e-02
1.9034104e+01	-6.8816694e-02
1.9055913e+01	3.0781773e-03
1.9077721e+01	-1.0526586e-01
1.9099530e+01	5.1262684e-02
1.9121339e+01	-1.5650000e-02
1.9143148e+01	4.6105285e-02
1.9164957e+01	3.6388952e-02
1.9186766e+01	2.2767599e-01
1.9208575e+01	2.8384338e-01
1.9230384e+01	-7.3455773e-02
1.9252193e+01	-8.3923236e-02
1.9274002e+01	-1.3726355e-01
1.9295811e+01	-5.7137062e-02
1.9317620e+01	1.1600227e-01
1.9339429e+01	1.5488065e-01
1.9361238e+01	2.9278423e-01
1.9383047e+01	3.0662373e-01
1.9404856e+01	1.0559105e-01
1.9426665e+01	-9.1610405e-02
1.9448473e+01	6.2655210e-02
1.9470282e+01	1.0233620e-01
1.9492091e+01	-4.2226091e-02
1.9513900e+01	-6.6742712e-02
1.9535709e+01	-8.8777670e-02
1.9557518e+01	-8.8597562e-02
1.9579327e+01	1.0158052e-02
1.9601136e+01	1.1008864e-01
1.9622945e+01	1.2787477e-01
1.9644754e+01	2.8360612e-02
1.9666563e+01	-3.0617063e-02
1.9688372e+01	-1.7494328e-01
1.9710181e+01	-4.1541034e-02
1.9731990e+01	5.8173106e-02
1.9753799e+01	-9.4860235e-02
1.9775608e+01	1.5098107e-02
1.9797416e+01	-3.2653887e-02
1.9819225e+01	5.9249705e-02
1.9841034e+01	2.4629737e-02
1.9862843e+01	1.5138381e-01
1.9884652e+01	2.4022349e-03
1.9906461e+01	-4.7492663e-02
1.9928270e+01	-6.4616523e-02
1.9950079e+01	9.4775641e-02
1.9971888e+01	1.3156634e-01
1.9993697e+01	3.9045128e-04
2.0015506e+01	1.0399165e-01
2.0037315e+01	-1.0804340e-01
2.0059124e+01	-1.5272605e-01
2.0080933e+01	-2.6855367e-02
2.0102742e+01	-1.3865574e-02
2.0124551e+01	7.4667461e-03
2.0146359e+01	-5.4422262e-03
2.0168168e+01	-8.0397356e-03
2.0189977e+01	-1.3983839e-02
2.0211786e+01	3.2276099e-02
2.0233595e+01	-1.2487579e-02
2.0255404e+01	-1.3829482e-01
2.0277213e+01	1.8322530e-01
2.0299022e+01	2.4350545e-01
2.0320831e+01	2.4432225e-01
2.0342640e+01	6.6453297e-02
2.0364449e+01	-1.7743384e-02
2.0386258e+01	-2.3791538e-02
2.0408067e+01	-4.3652933e-02
2.0429876e+01	-5.3214806e-02
2.0451685e+01	1.0806216e-02
2.0473494e+01	2.7642190e-01
2.0495302e+01	3.1229855e-01
2.0517111e+01	3.9818909e-01
2.0538920e+01	1.7025947e-01
2.0560729e+01	8.5255171e-02
2.0582538e+01	1.0221233e-02
2.0604347e+01	-7.6737865e-03
2.0626156e+01	-8.9373339e-02
2.0647965e+01	3.8689628e-02
2.0669774e+01	-1.0184494e-01
2.0691583e+01	2.2617088e-02
2.0713392e+01	-5.9066503e-02
2.0735201e+01	-3.8319484e-02
2.0757010e+01	-2.0002144e-02
2.0778819e+01	7.7603359e-04
2.0800628e+01	2.9760804e-02
2.0822437e+01	1.4316610e-01
2.0844245e+01	2.0988712e-02
2.0866054e+01	-8.9951838e-02
2.0887863e+01	-8.0075613e-02
2.0909672e+01	-3.6329490e-02
2.0931481e+01	1.0120257e-01
2.0953290e+01	3.8234108e-01
2.0975099e+01	7.9267612e-01
2.0996908e+01	1.5155201e+00
2.1018717e+01	2.8749174e+00
2.1040526e+01	4.3872363e+00
2.1062335e+01	4.9040264e+00
2.1084144e+01	4.3572570e+00
2.1105953e+01	3.3624724e+00
2.1127762e+01	2.8628571e+00
2.1149571e+01	2.7876275e+00
2.1171380e+01	3.5921969e+00
2.1193188e+01	5.3868768e+00
2.1214997e+01	7.4742575e+00
2.1236806e+01	9.0466845e+00
2.1258615e+01	1.0429861e+01
2.1280424e+01	1.1172315e+01
2.1302233e+01	1.0903721e+01
2.1324042e+01	9.4050723e+00
2.1345851e+01	7.4649622e+00
2.1367660e+01	5.2008098e+00
2.1389469e+01	2.9849813e+00
2.1411278e+01	1.3619291e+00
2.1433087e+01	4.8982669e-01
2.1454896e+01	-1.8905738e-03
2.1476705e+01	-5.2186135e-02
2.1498514e+01	1.5121951e-01
2.1520323e+01	4.1268994e-01
2.1542132e+01	6.8511097e-01
2.1563940e+01	7.0591214e-01
2.1585749e+01	7.2613600e-01
2.1607558e+01	5.9666807e-01
2.1629367e+01	3.0157892e-01
2.1651176e+01	8.6042041e-02
2.1672985e+01	-3.5831571e-03
2.1694794e+01	5.1148460e-02
2.1716603e+01	-4.4641687e-02
2.1738412e+01	-2.0927445e-01
2.1760221e+01	-1.0674612e-01
2.1782030e+01	3.1021846e-02
2.1803839e+01	8.0678014e-02
2.1825648e+01	5.7519152e-02
2.1847457e+01	8.0267023e-02
2.1869266e+01	2.7303087e-02
2.1891075e+01	-1.0971355e-01
2.1912883e+01	-1.0231859e-01
2.1934692e+01	5.4471261e-02
2.1956501e+01	1.8251732e-02
2.1978310e+01	-7.4902875e-02
2.2000119e+01	2.0247974e-02
2.2021928e+01	1.8600928e-01
2.2043737e+01	-3.6279602e-03
2.2065546e+01	-4.2333048e-02
2.2087355e+01	9.7979486e-02
2.2109164e+01	-7.2302833e-03
2.2130973e+01	7.5736917e-02
2.2152782e+01	-7.6079907e-02
2.2174591e+01	-8.3170612e-02
2.2196400e+01	-1.0218534e-01
2.2218209e+01	1.0891858e-02
2.2240018e+01	1.1934297e-01
2.2261826e+01	8.4877660e-02
2.2283635e+01	3.3184616e-02
2.2305444e+01	7.9873965e-03
2.2327253e+01	-1.5976771e-01
2.2349062e+01	-4.2633176e-02
2.2370871e+01	-3.4553891e-02
2.2392680e+01	1.0096685e-01
2.2414489e+01	9.7071012e-02
2.2436298e+01	-9.8672357e-02
2.2458107e+01	4.5526175e-03
2.2479916e+01	7.9573719e-02
2.2501725e+01	3.1303234e-02
2.2523534e+01	8.8683465e-02
2.2545343e+01	-1.1721741e-01
2.2567152e+01	-9.4096526e-02
2.2588961e+01	-3.5212893e-02
2.2610769e+01	2.0571841e-02
2.2632578e+01	8.4426560e-04
2.2654387e+01	1.3739227e-02
2.2676196e+01	-9.8025316e-03
2.2698005e+01	-4.2446184e-02
2.2719814e+01	7.5075021e-03
2.2741623e+01	7.9627138e-02
2.2763432e+01	2.0198255e-01
2.2785241e+01	3.4619385e-03
2.2807050e+01	-4.9753381e-02
2.2828859e+01	-3.1193294e-02
2.2850668e+01	5.3404300e-02
2.2872477e+01	1.0167175e-01
2.2894286e+01	-1.1064351e-02
2.2916095e+01	-1.4109268e-01
2.2937904e+01	-7.1103489e-02
2.2959712e+01	2.1188028e-02
2.2981521e+01	2.9494454e-02
2.3003330e+01	-3.0687804e-02
2.3025139e+01	3.2556343e-02
2.3046948e+01	-4.6239621e-02
2.3068757e+01	1.5910262e-02
2.3090566e+01	7.6201791e-02
2.3112375e+01	4.9686740e-02
2.3134184e+01	-3.6140487e-02
2.3155993e+01	3.8741943e-02
2.3177802e+01	3.6754023e-02
2.3199611e+01	-7.6344798e-02
2.3221420e+01	1.4398875e-02
2.3243229e+01	2.4672979e-02
2.3265038e+01	-4.2763823e-03
2.3286847e+01	-1.5519781e-01
2.3308655e+01	-9.9324540e-02
2.3330464e+01	1.9110414e-02
2.3352273e+01	7.7147680e-02
2.3374082e+01	1.1415063e-01
2.3395891e+01	5.1308088e-03
2.3417700e+01	-3.6905887e-02
2.3439509e+01	3.4783470e-01
2.3461318e+01	6.0348842e-01
2.3483127e+01	1.1424238e+00
2.3504936e+01	2.1619605e+00
2.3526745e+01	3.2853130e+00
2.3548554e+01	3.7342928e+00
2.3570363e+01	3.3057545e+00
2.3592172e+01	2.6320506e+00
2.3613981e+01	1.9370057e+00
2.3635790e+01	2.0491523e+00
2.3657599e+01	2.4256170e+00
2.3679407e+01	3.2352604e+00
2.3701216e+01	4.8887429e+00
2.3723025e+01	6.7182671e+00
2.3744834e+01	8.2768616e+00
2.3766643e+01	9.6619490e+00
2.3788452e+01	1.1605020e+01
2.3810261e+01	1.2757095e+01
2.3832070e+01	1.2627409e+01
2.3853879e+01	1.1239666e+01
2.3875688e+01	9.0996170e+00
2.3897497e+01	6.8393657e+00
2.3919306e+01	4.6889881e+00
2.3941115e+01	3.1393076e+00
2.3962924e+01	1.8246419e+00
2.3984733e+01	9.1767952e-01
2.4006542e+01	5.3502295e-01
2.4028350e+01	4.7613774e-02
2.4050159e+01	1.2153233e-01
2.4071968e+01	3.7661163e-02
2.4093777e+01	-3.6412846e-02
2.4115586e+01	-6.2497760e-02
2.4137395e+01	-1.4626240e-01
2.4159204e+01	-7.9843706e-02
2.4181013e+01	1.1027750e-02
2.4202822e+01	1.3665358e-01
2.4224631e+01	1.3415858e-01
2.4246440e+01	4.5817219e-02
2.4268249e+01	-1.1350303e-01
2.4290058e+01	-1.5739469e-01
2.4311867e+01	-6.3205941e-02
2.4333676e+01	-8.6286548e-02
2.4355485e+01	1.1564824e-01
2.4377293e+01	7.1516154e-02
2.4399102e+01	-1.0495490e-01
2.4420911e+01	3.1842669e-02
2.4442720e+01	1.0187855e-03
2.4464529e+01	1.2680143e-01
2.4486338e+01	7.1114682e-02
2.4508147e+01	9.8405591e-02
2.4529956e+01	3.4295857e-01
2.4551765e+01	5.7400526e-01
2.4573574e+01	5.0129511e-01
2.4595383e+01	5.7627950e-01
2.4617192e+01	7.7864125e-01
2.4639001e+01	9.3011512e-01
2.4660810e+01	3.7456787e-01
2.4682619e+01	8.6649262e-02
2.4704428e+01	8.0520947e-02
2.4726236e+01	-2.5833994e-01
2.4748045e+01	-1.0193445e-01
2.4769854e+01	3.3956472e-01
2.4791663e+01	1.4710851e-01
2.4813472e+01	-4.6482918e-02
2.4835281e+01	-1.0644171e-01
2.4857090e+01	5.0300950e-02
2.4878899e+01	1.8749377e-01
2.4900708e+01	-5.2631677e-03
2.4922517e+01	-1.5907509e-01
2.4944326e+01	-5.3743023e-02
2.4966135e+01	4.8066486e-02
2.4987944e+01	9.9367887e-02
2.5009753e+01	2.9605013e-02
2.5031562e+01	-2.3689981e-02
2.5053371e+01	-1.2949915e-02
2.5075179e+01	-4.7710463e-02
2.5096988e+01	1.2323096e-01
2.5118797e+01	8.7164815e-02
2.5140606e+01	-3.8039835e-02
2.5162415e+01	-1.1004292e-01
2.5184224e+01	-2.5764893e-02
2.5206033e+01	-2.1674237e-02
2.5227842e+01	-6.1344133e-02
2.5249651e+01	8.0478200e-02
2.5271460e+01	3.6606973e-02
2.5293269e+01	1.6976254e-01
2.5315078e+01	-4.5062952e-02
2.5336887e+01	-3.1308120e-02
2.5358696e+01	1.8530031e-02
2.5380505e+01	1.3104567e-02
2.5402314e+01	-3.1639442e-02
2.5424123e+01	3.3965237e-02
2.5445931e+01	6.0923954e-02
2.5467740e+01	-1.4030993e-02
2.5489549e+01	-7.1422569e-02
2.5511358e+01	-1.1553466e-02
2.5533167e+01	2.1415060e-02
2.5554976e+01	-9.6669511e-02
2.5576785e+01	3.9895910e-03
2.5598594e+01	2.4902664e-03
2.5620403e+01	1.9495565e-01
2.5642212e+01	-4.6209932e-03
2.5664021e+01	-1.1112901e-01
2.5685830e+01	-1.6447088e-01
2.5707639e+01	6.1180482e-03
2.5729448e+01	7.9706796e-02
2.5751257e+01	1.8002979e-01
2.5773066e+01	3.8357538e-01
2.5794874e+01	5.8943982e-01
2.5816683e+01	5.4865055e-01
2.5838492e+01	3.3830398e-01
2.5860301e+01	7.4751406e-02
2.5882110e+01	-5.2106099e-02
2.5903919e+01	3.6037504e-02
2.5925728e+01	3.1318268e-01
2.5947537e+01	5.8667148e-01
2.5969346e+01	1.1261340e+00
2.5991155e+01	1.7168484e+00
2.6012964e+01	2.1850437e+00
2.6034773e+01	2.7604140e+00
2.6056582e+01	3.0781443e+00
2.6078391e+01	3.1627859e+00
2.6100200e+01	3.0123968e+00
2.6122009e+01	2.7876400e+00
2.6143817e+01	2.2444366e+00
2.6165626e+01	1.6351098e+00
2.6187435e+01	1.1412526e+00
2.6209244e+01	5.1467915e-01
2.6231053e+01	3.4557448e-01
2.6252862e+01	1.5369133e-01
2.6274671e+01	4.3391267e-02
2.6296480e+01	-1.1335631e-01
2.6318289e+01	-1.7797542e-01
2.6340098e+01	-1.6240767e-01
2.6361907e+01	5.2884839e-02
2.6383716e+01	2.0793055e-01
2.6405525e+01	1.4796005e-01
2.6427334e+01	9.2347237e-02
2.6449143e+01	3.2847874e-02
2.6470952e+01	-1.0689655e-01
2.6492760e+01	3.9213297e-02
2.6514569e+01	-9.1857184e-02
2.6536378e+01	-1.6093565e-01
2.6558187e+01	-9.1126071e-02
2.6579996e+01	1.6283209e-01
2.6601805e+01	1.7337668e-01
2.6623614e+01	8.5394574e-02
2.6645423e+01	3.6046315e-03
2.6667232e+01	7.5190982e-02
2.6689041e+01	9.8307966e-03
2.6710850e+01	5.5744382e-04
2.6732659e+01	1.3852526e-01
2.6754468e+01	1.3653037e-02
2.6776277e+01	-1.5180308e-01
2.6798086e+01	-1.4752099e-01
2.6819895e+01	-3.7971531e-02
2.6841703e+01	-1.1424724e-01
2.6863512e+01	-1.7467447e-02
2.6885321e+01	2.8553365e-01
2.6907130e+01	3.7513961e-01
2.6928939e+01	1.8712855e-01
2.6950748e+01	1.1985397e-01
2.6972557e+01	7.1609824e-02
2.6994366e+01	1.9119492e-03
2.7016175e+01	2.6303902e-02
2.7037984e+01	1.4880606e-02
2.7059793e+01	-1.8077415e-03
2.7081602e+01	1.1592722e-01
2.7103411e+01	-8.5932958e-02
2.7125220e+01	-1.0983704e-01
2.7147029e+01	-1.1202057e-01
2.7168838e+01	-7.1499850e-04
2.7190646e+01	4.5039111e-02
2.7212455e+01	-1.1977200e-01
2.7234264e+01	-1.4071567e-02
2.7256073e+01	9.5840464e-02
2.7277882e+01	7.4107778e-02
2.7299691e+01	-9.0697095e-02
2.7321500e+01	7.5788500e-02
2.7343309e+01	8.2254245e-02
2.7365118e+01	3.9472348e-02
2.7386927e+01	8.5756934e-03
2.7408736e+01	-4.7094425e-02
2.7430545e+01	-6.3566019e-02
2.7452354e+01	-9.6117536e-03
2.7474163e+01	4.6494205e-02
2.7495972e+01	-7.2722255e-02
2.7517781e+01	6.0217595e-02
2.7539590e+01	5.9022506e-03
2.7561398e+01	4.6104712e-02
2.7583207e+01	-1.6706042e-01
2.7605016e+01	-1.4216793e-01
2.7626825e+01	4.3069032e-02
2.7648634e+01	5.1935188e-02
2.7670443e+01	-1.6046457e-01
2.7692252e+01	7.7554731e-02
2.7714061e+01	1.1271484e-01
2.7735870e+01	8.1942022e-02
2.7757679e+01	1.8424829e-01
2.7779488e+01	3.8200387e-01
2.7801297e+01	2.8985233e-01
2.7823106e+01	1.5709533e-01
2.7844915e+01	5.2276419e-02
2.7866724e+01	2.8870187e-02
2.7888533e+01	-1.0224082e-01
2.7910341e+01	-8.7550711e-02
2.7932150e+01	-2.7605750e-02
2.7953959e+01	-7.8245055e-02
2.7975768e+01	-4.3398087e-02
2.7997577e+01	2.3449586e-02
2.8019386e+01	5.2874509e-02
2.8041195e+01	5.1617062e-02
2.8063004e+01	-1.2040989e-01
2.8084813e+01	-1.2792103e-01
2.8106622e+01	-1.2819480e-02
2.8128431e+01	-2.1084220e-03
2.8150240e+01	4.0568882e-02
2.8172049e+01	7.9713353e-02
2.8193858e+01	2.4502242e-02
2.8215667e+01	1.1238851e-01
2.8237476e+01	2.4032056e-02
2.8259284e+01	4.2625541e-02
2.8281093e+01	2.5585314e-01
2.8302902e+01	3.8272767e-02
2.8324711e+01	-1.1402557e-01
2.8346520e+01	-1.0420095e-01
2.8368329e+01	-1.5951372e-01
2.8390138e+01	-1.0154602e-01
2.8411947e+01	3.8605091e-02
2.8433756e+01	9.7138269e-02
2.8455565e+01	4.7853124e-02
2.8477374e+01	-3.2728789e-02
2.8499183e+01	-1.0677155e-01
2.8520992e+01	1.5115517e-01
2.8542801e+01	1.0576565e-01
2.8564610e+01	1.6698744e-01
2.8586419e+01	7.6562970e-02
2.8608227e+01	8.5333592e-02
2.8630036e+01	9.5322052e-02
2.8651845e+01	-1.0996080e-01
2.8673654e+01	-2.4723443e-02
2.8695463e+01	2.7163883e-02
2.8717272e+01	-1.7632448e-01
2.8739081e+01	-1.6356438e-01
2.8760890e+01	-6.0218211e-02
2.8782699e+01	7.0093744e-02
2.8804508e+01	-1.7398910e-02
2.8826317e+01	-7.7679066e-03
2.8848126e+01	1.1729509e-02
2.8869935e+01	3.9046734e-02
2.8891744e+01	1.7020002e-01
2.8913553e+01	1.0009046e-02
2.8935362e+01	-8.5139921e-02
2.8957170e+01	-5.8435561e-02
2.8978979e+01	3.0659202e-02
2.9000788e+01	4.5988896e-02
2.9022597e+01	1.4135217e-02
2.9044406e+01	2.3637253e-02
2.9066215e+01	-8.5223984e-02
2.9088024e+01	-1.1857867e-02
2.9109833e+01	-2.3675203e-02
2.9131642e+01	-1.6319927e-02
2.9153451e+01	1.8307268e-01
2.9175260e+01	1.4406689e-01
2.9197069e+01	2.2870038e-02
2.9218878e+01	-1.0572156e-01
2.9240687e+01	2.9699421e-02
2.9262496e+01	-4.3879762e-02
2.9284305e+01	-1.0911696e-01
2.9306113e+01	-1.5048637e-03
2.9327922e+01	8.8099516e-03
2.9349731e+01	7.7639904e-03
2.9371540e+01	7.5482669e-02
2.9393349e+01	1.0422509e-01
2.9415158e+01	1.5638438e-02
2.9436967e+01	-3.4850418e-02
2.9458776e+01	-9.6597611e-02
2.9480585e+01	3.5165879e-02
2.9502394e+01	-7.1519188e-02
2.9524203e+01	5.2312691e-03
2.9546012e+01	6.1833989e-02
2.9567821e+01	5.7528639e-02
2.9589630e+01	-1.0750678e-02
2.9611439e+01	3.1355530e-02
2.9633248e+01	-1.7649525e-01
2.9655057e+01	-1.2034838e-01
2.9676865e+01	-2.6855073e-02
2.9698674e+01	1.3386297e-01
2.9720483e+01	5.2156767e-01
2.9742292e+01	7.4302820e-01
2.9764101e+01	1.1806834e+00
2.9785910e+01	1.1390031e+00
2.9807719e+01	1.0077801e+00
2.9829528e+01	7.8077533e-01
2.9851337e+01	2.9948658e-01
2.9873146e+01	2.9017106e-03
2.9894955e+01	5.8813196e-02
2.9916764e+01	8.1534956e-02
2.9938573e+01	6.1826575e-01
2.9960382e+01	1.4925790e+00
2.9982191e+01	2.4012162e+00
3.0004000e+01	3.6070398e+00
3.0025808e+01	4.8662292e+00
3.0047617e+01	5.9182418e+00
3.0069426e+01	7.0993281e+00
3.0091235e+01	8.2722625e+00
3.0113044e+01	8.7530735e+00
3.0134853e+01	8.5101145e+00
3.0156662e+01	7.8572409e+00
3.0178471e+01	6.4486952e+00
3.0200280e+01	4.7377908e+00
3.0222089e+01	3.1168611e+00
3.0243898e+01	1.6983947e+00
3.0265707e+01	8.6836685e-01
3.0287516e+01	3.4696211e-01
3.0309325e+01	5.2049879e-02
3.0331134e+01	-4.4305509e-02
3.0352943e+01	-2.3281382e-02
3.0374751e+01	9.1949301e-02
3.0396560e+01	9.6341055e-03
3.0418369e+01	-2.1534606e-01
3.0440178e+01	-1.1526478e-01
3.0461987e+01	3.7231557e-02
3.0483796e+01	1.2052960e-01
3.0505605e+01	4.7672216e-02
3.0527414e+01	1.7631727e-02
3.0549223e+01	-9.9162601e-03
3.0571032e+01	1.4631568e-01
3.0592841e+01	-1.6831184e-01
3.0614650e+01	-4.2794502e-02
3.0636459e+01	-3.4958623e-02
3.0658268e+01	-5.4647535e-02
3.0680077e+01	-5.7064805e-02
3.0701886e+01	1.7768716e-01
3.0723694e+01	1.9611770e-01
3.0745503e+01	1.2821050e-02
3.0767312e+01	-5.5704268e-02
3.0789121e+01	1.2206187e-01
3.0810930e+01	1.2080797e-01
3.0832739e+01	-6.2778118e-02
3.0854548e+01	-7.3820400e-03
3.0876357e+01	-2.4407195e-02
3.0898166e+01	-2.4683195e-02
3.0919975e+01	1.9425396e-02
3.0941784e+01	4.0388266e-02
3.0963593e+01	-6.5290607e-02
3.0985402e+01	-3.8119765e-03
3.1007211e+01	-3.9065962e-03
3.1029020e+01	7.3496834e-03
3.1050829e+01	-8.6997935e-02
3.1072637e+01	-5.6197781e-02
3.1094446e+01	-2.7589484e-02
3.1116255e+01	1.0101117e-01
3.1138064e+01	7.9452529e-02
3.1159873e+01	-9.0937244e-02
3.1181682e+01	4.9213789e-02
3.1203491e+01	4.2686593e-02
3.1225300e+01	-3.0334990e-02
3.1247109e+01	-8.8102395e-02
3.1268918e+01	5.3823579e-02
3.1290727e+01	1.3948366e-01
3.1312536e+01	-2.6572835e-02
3.1334345e+01	7.8855311e-02
3.1356154e+01	-5.6457476e-02
3.1377963e+01	-4.8505468e-03
3.1399772e+01	-9.7418754e-02
3.1421580e+01	-8.3097463e-02
3.1443389e+01	7.5420073e-02
3.1465198e+01	-6.4197734e-02
3.1487007e+01	-1.0988343e-01
3.1508816e+01	1.3004198e-01
3.1530625e+01	4.3252418e-01
3.1552434e+01	7.1635920e-01
3.1574243e+01	1.2940071e+00
3.1596052e+01	1.1748849e+00
3.1617861e+01	1.0542527e+00
3.1639670e+01	7.0802546e-01
3.1661479e+01	5.4017532e-01
3.1683288e+01	1.4713830e-01
3.1705097e+01	-9.1182721e-02
3.1726906e+01	6.6104702e-02
3.1748715e+01	6.0105524e-01
3.1770524e+01	9.8696609e-01
3.1792332e+01	1.8714554e+00
3.1814141e+01	2.9069995e+00
3.1835950e+01	3.8887363e+00
3.1857759e+01	5.1087142e+00
3.1879568e+01	6.2251873e+00
3.1901377e+01	7.0519188e+00
3.1923186e+01	7.9148678e+00
3.1944995e+01	8.5550556e+00
3.1966804e+01	8.1422423e+00
3.1988613e+01	7.4279310e+00
3.2010422e+01	5.9496761e+00
3.2032231e+01	4.4127646e+00
3.2054040e+01	2.7952687e+00
3.2075849e+01	1.6978466e+00
3.2097658e+01	8.1040453e-01
3.2119467e+01	2.5954759e-01
3.2141275e+01	1.7785989e-02
3.2163084e+01	7.3242240e-02
3.2184893e+01	-3.7044429e-03
3.2206702e+01	-3.1227551e-02
3.2228511e+01	-3.6063253e-02
3.2250320e+01	-7.0067332e-02
3.2272129e+01	-2.3271983e-02
3.2293938e+01	-4.4354150e-02
3.2315747e+01	4.3582442e-02
3.2337556e+01	1.1309505e-01
3.2359365e+01	-1.1621275e-01
3.2381174e+01	-5.4437786e-02
3.2402983e+01	6.8048789e-02
3.2424792e+01	-4.8587029e-02
3.2446601e+01	-5.2996685e-03
3.2468410e+01	-2.5109452e-02
3.2490218e+01	8.5507376e-03
3.2512027e+01	1.5955476e-02
3.2533836e+01	1.0007986e-01
3.2555645e+01	2.2915473e-02
3.2577454e+01	-1.1641758e-01
3.2599263e+01	4.3034346e-02
3.2621072e+01	1.0234839e-01
3.2642881e+01	4.7029971e-02
3.2664690e+01	-9.5077199e-02
3.2686499e+01	1.0203488e-01
3.2708308e+01	-1.0082737e-02
3.2730117e+01	-6.9270187e-02
3.2751926e+01	-2.9441861e-02
3.2773735e+01	-2.7167475e-02
3.2795544e+01	-1.1301588e-01
3.2817353e+01	7.4221249e-03
3.2839161e+01	1.5905581e-01
3.2860970e+01	-1.5263488e-02
3.2882779e+01	3.6508870e-02
3.2904588e+01	-1.3731130e-02
3.2926397e+01	4.8212530e-02
3.2948206e+01	3.3622149e-02
3.2970015e+01	-6.1076368e-02
3.2991824e+01	-2.4162840e-02
3.3013633e+01	-9.6005913e-03
3.3035442e+01	4.9696962e-02
3.3057251e+01	-3.5509157e-03
3.3079060e+01	-2.8176863e-02
3.3100869e+01	3.7868692e-02
3.3122678e+01	2.7021017e-02
3.3144487e+01	-3.1954036e-03
3.3166296e+01	-9.0347554e-02
3.3188104e+01	-7.4431045e-02
3.3209913e+01	2.7818886e-02
3.3231722e+01	-8.2702605e-03
3.3253531e+01	-1.1191587e-01
3.3275340e+01	1.0634606e-01
3.3297149e+01	8.6620922e-02
3.3318958e+01	9.1939682e-02
3.3340767e+01	1.7516765e-01
3.3362576e+01	3.7094743e-02
3.3384385e+01	-2.1642433e-01
3.3406194e+01	-6.3467154e-02
3.3428003e+01	-8.2812176e-02
3.3449812e+01	-7.2056369e-03
3.3471621e+01	2.9933787e-03
3.3493430e+01	1.2847370e-01
3.3515239e+01	3.6088653e-01
3.3537047e+01	5.5930616e-01
3.3558856e+01	5.7167602e-01
3.3580665e+01	8.2006047e-01
3.3602474e+01	1.0121038e+00
3.3624283e+01	1.1590803e+00
3.3646092e+01	1.2397583e+00
3.3667901e+01	1.2798421e+00
3.3689710e+01	1.1688009e+00
3.3711519e+01	1.1426251e+00
3.3733328e+01	8.9941989e-01
3.3755137e+01	4.9815066e-01
3.3776946e+01	3.6848166e-01
3.3798755e+01	1.2635455e-01
3.3820564e+01	-4.1722305e-02
3.3842373e+01	3.9974665e-02
3.3864182e+01	-2.4463710e-02
3.3885991e+01	-1.9044729e-02
3.3907799e+01	1.9248247e-02
3.3929608e+01	-2.8588093e-03
3.3951417e+01	7.7949245e-02
3.3973226e+01	-1.2897528e-01
3.3995035e+01	-1.1873580e-01
3.4016844e+01	-1.4338624e-02
3.4038653e+01	1.1445678e-02
3.4060462e+01	4.6741069e-02
3.4082271e+01	-2.9017203e-02
3.4104080e+01	5.0269870e-02
3.4125889e+01	5.5016002e-02
3.4147698e+01	3.7605297e-02
3.4169507e+01	-7.5710283e-02
3.4191316e+01	-4.6529881e-02
3.4213125e+01	7.5665745e-02
3.4234934e+01	-1.1926640e-02
3.4256742e+01	6.0310884e-03
3.4278551e+01	4.8061223e-02
3.4300360e+01	2.2171378e-02
3.4322169e+01	-6.5281278e-02
3.4343978e+01	-2.2483706e-03
3.4365787e+01	6.0035166e-02
3.4387596e+01	-6.9642760e-02
3.4409405e+01	-2.1648851e-02
3.4431214e+01	-4.6707711e-02
3.4453023e+01	1.9554174e-02
3.4474832e+01	-2.4949229e-02
3.4496641e+01	1.0271062e-02
3.4518450e+01	9.5485148e-02
3.4540259e+01	8.2612461e-02
3.4562068e+01	-6.2848560e-02
3.4583877e+01	-5.1565741e-02
3.4605685e+01	-3.9026329e-02
3.4627494e+01	-2.2280156e-02
3.4649303e+01	1.1579231e-01
3.4671112e+01	6.2967736e-03
3.4692921e+01	-8.6251249e-02
3.4714730e+01	-3.3873743e-02
3.4736539e+01	6.0236112e-02
3.4758348e+01	1.2522373e-01
3.4780157e+01	-3.3475533e-03
3.4801966e+01	-1.1978989e-01
3.4823775e+01	3.3872007e-02
3.4845584e+01	-4.6650663e-02
3.4867393e+01	5.8303079e-03
3.4889202e+01	-6.0413193e-03
3.4911011e+01	2.0689522e-01
3.4932820e+01	1.2313812e-02
3.4954628e+01	5.3910955e-02
3.4976437e+01	-5.0868432e-02
3.4998246e+01	-1.6480066e-01
3.5020055e+01	1.3303139e-02
3.5041864e+01	4.8232136e-02
3.5063673e+01	1.5314082e-02
3.5085482e+01	9.9447692e-02
3.5107291e+01	3.2644645e-04
3.5129100e+01	5.5736926e-02
3.5150909e+01	-7.8547156e-02
3.5172718e+01	-1.4738463e-01
3.5194527e+01	-1.0098535e-01
3.5216336e+01	6.9783583e-02
3.5238145e+01	1.2764809e-01
3.5259954e+01	4.2170573e-02
3.5281763e+01	-2.1013912e-02
3.5303571e+01	-3.5259635e-02
3.5325380e+01	4.1088093e-02
3.5347189e+01	1.1264759e-02
3.5368998e+01	1.1973104e-02
3.5390807e+01	5.1249172e-02
3.5412616e+01	3.0004772e-02
3.5434425e+01	2.4755150e-02
3.5456234e+01	-3.4606638e-02
3.5478043e+01	-8.6533967e-02
3.5499852e+01	-1.6866418e-01
3.5521661e+01	2.4399611e-02
3.5543470e+01	9.9131408e-02
3.5565279e+01	-1.0291744e-01
3.5587088e+01	-4.9615652e-02
3.5608897e+01	1.2619945e-01
3.5630706e+01	-2.0333048e-02
3.5652514e+01	7.3417062e-02
3.5674323e+01	1.5233425e-01
3.5696132e+01	7.1509780e-02
3.5717941e+01	-1.4206719e-02
3.5739750e+01	-4.8947557e-03
3.5761559e+01	1.2994294e-02
3.5783368e+01	-4.7924986e-02
3.5805177e+01	-9.9250186e-02
3.5826986e+01	3.3657139e-02
3.5848795e+01	2.3750602e-02
3.5870604e+01	-2.7531067e-02
3.5892413e+01	7.0771723e-02
3.5914222e+01	5.9634733e-02
3.5936031e+01	1.2449927e-02
3.5957840e+01	-1.0354442e-01
3.5979649e+01	-2.4132813e-01
3.6001458e+01	3.5185433e-01
3.6023266e+01	5.4911673e-01
3.6045075e+01	6.5812445e-01
3.6066884e+01	7.0472175e-01
3.6088693e+01	6.6326687e-01
3.6110502e+01	5.9172307e-01
3.6132311e+01	6.6092658e-01
3.6154120e+01	3.8841162e-01
3.6175929e+01	2.6861839e-01
3.6197738e+01	6.7811465e-02
3.6219547e+01	1.3222993e-01
3.6241356e+01	6.5504022e-02
3.6263165e+01	-1.4424682e-02
3.6284974e+01	2.5976135e-02
3.6306783e+01	-5.5328820e-02
3.6328592e+01	3.1822288e-02
3.6350401e+01	-1.5750483e-01
3.6372209e+01	-1.0137375e-01
3.6394018e+01	4.1412101e-02
3.6415827e+01	-8.5063775e-02
3.6437636e+01	2.0658747e-02
3.6459445e+01	3.6900056e-03
3.6481254e+01	1.8594071e-01
3.6503063e+01	1.4091279e-01
3.6524872e+01	1.4297287e-01
3.6546681e+01	5.5884118e-02
3.6568490e+01	2.0480051e-02
3.6590299e+01	-1.3928914e-01
3.6612108e+01	-2.0535597e-01
3.6633917e+01	-1.8290413e-03
3.6655726e+01	6.8911244e-02
3.6677535e+01	2.6777536e-01
3.6699344e+01	5.0571692e-01
3.6721152e+01	7.5097089e-01
3.6742961e+01	1.1817747e+00
3.6764770e+01	1.4906439e+00
3.6786579e+01	2.0060709e+00
3.6808388e+01	2.3513131e+00
3.6830197e+01	2.7282500e+00
3.6852006e+01	3.0994501e+00
3.6873815e+01	3.3048877e+00
3.6895624e+01	3.4828435e+00
3.6917433e+01	3.3245908e+00
3.6939242e+01	3.0895011e+00
3.6961051e+01	2.5813749e+00
3.6982860e+01	1.9596296e+00
3.7004669e+01	1.5595166e+00
3.7026478e+01	1.2291025e+00
3.7048287e+01	1.0623447e+00
3.7070095e+01	9.9627561e-01
3.7091904e+01	2.8247974e-01
3.7113713e+01	8.1298528e-02
3.7135522e+01	-2.8632424e-02
3.7157331e+01	1.0995740e-01
3.7179140e+01	4.7243412e-02
3.7200949e+01	-7.1980091e-02
3.7222758e+01	-2.4627498e-02
3.7244567e+01	-9.0583172e-02
3.7266376e+01	-6.1774086e-02
3.7288185e+01	2.9615017e-02
3.7309994e+01	-4.1321847e-02
3.7331803e+01	-1.0586297e-01
3.7353612e+01	-4.5462739e-02
3.7375421e+01	6.0625057e-02
3.7397230e+01	7.6387590e-02
3.7419038e+01	-3.2776610e-02
3.7440847e+01	9.9006830e-02
3.7462656e+01	5.8584730e-01
3.7484465e+01	9.4303358e-01
3.7506274e+01	8.5495840e-01
3.7528083e+01	2.3037050e-01
3.7549892e+01	1.1567961e-01
3.7571701e+01	1.7498140e-02
3.7593510e+01	-1.2602207e-01
3.7615319e+01	9.4072074e-02
3.7637128e+01	-6.3313713e-02
3.7658937e+01	-7.1311063e-02
3.7680746e+01	-1.4947952e-01
3.7702555e+01	-2.5072911e-02
3.7724364e+01	1.3779354e-01
3.7746173e+01	-8.6257156e-02
3.7767981e+01	-8.9741745e-03
3.7789790e+01	9.7624308e-02
3.7811599e+01	8.0779355e-03
3.7833408e+01	5.5231555e-02
3.7855217e+01	-6.8197382e-03
3.7877026e+01	-1.2216099e-01
3.7898835e+01	3.6568223e-03
3.7920644e+01	3.7028645e-02
3.7942453e+01	5.5921736e-02
3.7964262e+01	1.3935025e-01
3.7986071e+01	5.8477807e-02
3.8007880e+01	1.1469331e-01
3.8029689e+01	4.9663350e-02
3.8051498e+01	-1.1843597e-01
3.8073307e+01	-1.8227437e-01
3.8095116e+01	-5.9670798e-02
3.8116925e+01	-1.2996741e-01
3.8138733e+01	4.9578256e-02
3.8160542e+01	1.0586485e-01
3.8182351e+01	4.4161199e-01
3.8204160e+01	8.3421948e-01
3.8225969e+01	1.3219714e+00
3.8247778e+01	1.9363778e+00
3.8269587e+01	2.3083317e+00
3.8291396e+01	2.5824223e+00
3.8313205e+01	2.8753674e+00
3.8335014e+01	3.2111644e+00
3.8356823e+01	3.6421411e+00
3.8378632e+01	3.8154096e+00
3.8400441e+01	3.6982821e+00
3.8422250e+01	3.5168245e+00
3.8444059e+01	3.2239960e+00
3.8465868e+01	2.2792555e+00
3.8487676e+01	1.5296342e+00
3.8509485e+01	1.1218571e+00
3.8531294e+01	5.2255227e-01
3.8553103e+01	1.6137378e-01
3.8574912e+01	3.5471939e-01
3.8596721e+01	3.3588891e-02
3.8618530e+01	-4.4552249e-02
3.8640339e+01	-1.1380520e-01
3.8662148e+01	5.0165479e-02
3.8683957e+01	-1.5413415e-02
3.8705766e+01	-1.7489269e-02
3.8727575e+01	1.0787586e-01
3.8749384e+01	-1.4673575e-02
3.8771193e+01	-1.4562932e-01
3.8793002e+01	-5.8413407e-02
3.8814811e+01	2.0164536e-01
3.8836619e+01	2.9520890e-01
3.8858428e+01	1.6147299e-01
3.8880237e+01	-1.2991778e-01
3.8902046e+01	8.2549649e-03
3.8923855e+01	2.7012310e-01
3.8945664e+01	3.0746861e-02
3.8967473e+01	-8.0101111e-02
3.8989282e+01	2.0953085e-02
3.9011091e+01	4.2041124e-02
3.9032900e+01	-4.8337096e-03
3.9054709e+01	2.3835797e-02
3.9076518e+01	2.6826780e-02
3.9098327e+01	-4.7818585e-02
3.9120136e+01	-1.5147165e-02
3.9141945e+01	1.8945662e-02
3.9163754e+01	2.3739982e-02
3.9185562e+01	9.7326086e-02
3.9207371e+01	-1.1991052e-01
3.9229180e+01	-1.0463271e-01
3.9250989e+01	7.5651580e-02
3.9272798e+01	8.2074986e-02
3.9294607e+01	-1.4665003e-01
3.9316416e+01	-7.8559864e-02
3.9338225e+01	7.0677388e-02
3.9360034e+01	9.8011006e-02
3.9381843e+01	1.7295046e-01
3.9403652e+01	3.6048651e-01
3.9425461e+01	3.1961729e-01
3.9447270e+01	1.4780250e-01
3.9469079e+01	-9.8208209e-02
3.9490888e+01	-7.7969643e-02
3.9512697e+01	-2.6455718e-01
3.9534505e+01	2.1195517e-02
3.9556314e+01	-9.7790645e-02
3.9578123e+01	-1.1116191e-02
3.9599932e+01	1.4648286e-01
3.9621741e+01	1.2572767e-01
3.9643550e+01	7.4825231e-02
3.9665359e+01	5.3258851e-01
3.9687168e+01	8.3815211e-01
3.9708977e+01	9.8926643e-01
3.9730786e+01	1.4050669e+00
3.9752595e+01	1.6141338e+00
3.9774404e+01	1.8715417e+00
3.9796213e+01	1.9869018e+00
3.9818022e+01	2.1426387e+00
3.9839831e+01	2.0918417e+00
3.9861640e+01	2.0024391e+00
3.9883449e+01	1.9896824e+00
3.9905257e+01	1.6085830e+00
3.9927066e+01	1.0201913e+00
3.9948875e+01	6.1747965e-01
3.9970684e+01	4.2253147e-01
3.9992493e+01	2.5787128e-02
4.0014302e+01	9.8621201e-02
4.0036111e+01	1.6494464e-01
4.0057920e+01	-8.4982420e-02
4.0079729e+01	6.0342851e-02
4.0101538e+01	-1.4410921e-01
4.0123347e+01	-2.3047979e-01
4.0145156e+01	2.9456493e-02
4.0166965e+01	-2.4783319e-02
4.0188774e+01	-7.1802417e-03
4.0210583e+01	-2.7824707e-02
4.0232392e+01	7.7843922e-02
4.0254200e+01	5.2872407e-03
4.0276009e+01	6.2650394e-02
4.0297818e+01	6.1942591e-02
4.0319627e+01	4.6655231e-02
4.0341436e+01	-1.2508344e-02
4.0363245e+01	-6.3127224e-02
4.0385054e+01	4.5913046e-02
4.0406863e+01	-1.7288420e-01
4.0428672e+01	1.0747227e-02
4.0450481e+01	1.8452328e-02
4.0472290e+01	3.8195588e-02
4.0494099e+01	1.6309908e-01
4.0515908e+01	4.1353314e-02
4.0537717e+01	6.4540422e-04
4.0559526e+01	4.2139884e-03
4.0581335e+01	-1.0870177e-01
4.0603143e+01	-1.6221695e-01
4.0624952e+01	1.0434963e-01
4.0646761e+01	2.3516636e-01
4.0668570e+01	4.7111993e-02
4.0690379e+01	5.0630638e-02
4.0712188e+01	-1.3532497e-01
4.0733997e+01	-3.1353493e-02
4.0755806e+01	6.1801181e-02
4.0777615e+01	7.9356743e-02
4.0799424e+01	2.1895336e-01
4.0821233e+01	1.9987164e-04
4.0843042e+01	-3.7022710e-01
4.0864851e+01	1.5752940e-01
4.0886660e+01	2.4784927e-01
4.0908469e+01	2.8134664e-02
4.0930278e+01	1.0049488e-01
4.0952086e+01	2.2435489e-01
4.0973895e+01	3.2018243e-01
4.0995704e+01	7.8164818e-02
4.1017513e+01	-2.3265929e-01
4.1039322e+01	8.8292788e-03
4.1061131e+01	3.2447901e-01
4.1082940e+01	-5.2478344e-02
4.1104749e+01	-4.5914731e-03
4.1126558e+01	8.6904779e-02
4.1148367e+01	-1.7780757e-01
4.1170176e+01	6.3772868e-03
4.1191985e+01	1.4122908e-01
4.1213794e+01	1.7060133e-01
4.1235603e+01	-2.9133060e-02
4.1257412e+01	1.5165814e-01
4.1279221e+01	3.3442174e-01
4.1301029e+01	2.4426506e-01
4.1322838e+01	3.3253831e-02
4.1344647e+01	-1.3420595e-01
4.1366456e+01	-1.5685389e-01
4.1388265e+01	-6.2599089e-02
4.1410074e+01	2.1436735e-02
4.1431883e+01	1.1711015e-01
4.1453692e+01	1.9322803e-03
4.1475501e+01	-5.3590105e-02
4.1497310e+01	1.9554444e-02
4.1519119e+01	3.8989529e-01
4.1540928e+01	5.4079789e-02
4.1562737e+01	6.8009551e-02
4.1584546e+01	-5.8392546e-02
4.1606355e+01	-1.0736580e-01
4.1628164e+01	-1.7126503e-02
4.1649972e+01	5.0662790e-02
4.1671781e+01	-1.1609407e-01
4.1693590e+01	1.7118331e-02
4.1715399e+01	2.0661810e-01
4.1737208e+01	-3.0427920e-03
4.1759017e+01	-1.0028529e-02
4.1780826e+01	1.6988004e-02
4.1802635e+01	2.7254386e-01
4.1824444e+01	3.4136280e-02
4.1846253e+01	9.4432116e-02
4.1868062e+01	1.0300952e-01
4.1889871e+01	-1.4057809e-01
4.1911680e+01	1.4309603e-01
4.1933489e+01	2.1482851e-01
4.1955298e+01	4.6468241e-02
4.1977107e+01	-1.7087434e-01
4.1998916e+01	-1.7450109e-01
4.2020724e+01	-4.3138102e-02
4.2042533e+01	-7.8228761e-02
4.2064342e+01	1.4798097e-01
4.2086151e+01	-1.5019552e-01
4.2107960e+01	-6.2083991e-02
4.2129769e+01	1.2984024e-01
4.2151578e+01	1.3558297e-01
4.2173387e+01	5.7003698e-02
4.2195196e+01	7.1356437e-02
4.2217005e+01	-3.4432431e-02
4.2238814e+01	5.7899205e-02
4.2260623e+01	2.1391168e-01
4.2282432e+01	-6.0223292e-02
4.2304241e+01	1.5192700e-02
4.2326050e+01	-1.2722090e-01
4.2347859e+01	-1.9167583e-01
4.2369667e+01	1.5578276e-01
4.2391476e+01	8.2067791e-01
4.2413285e+01	1.0766675e+00
4.2435094e+01	1.3632674e+00
4.2456903e+01	1.6106295e+00
4.2478712e+01	1.7538016e+00
4.2500521e+01	1.9863396e+00
4.2522330e+01	2.4184235e+00
4.2544139e+01	2.7551879e+00
4.2565948e+01	2.9961649e+00
4.2587757e+01	2.9272943e+00
4.2609566e+01	2.9876080e+00
4.2631375e+01	2.6795118e+00
4.2653184e+01	2.3526676e+00
4.2674993e+01	1.7951393e+00
4.2696802e+01	1.1676137e+00
4.2718610e+01	6.0821073e-01
4.2740419e+01	4.8474025e-01
4.2762228e+01	4.2487210e-01
4.2784037e+01	9.0537169e-02
4.2805846e+01	8.2713993e-02
4.2827655e+01	1.6805912e-02
4.2849464e+01	2.5935896e-02
4.2871273e+01	-1.7141685e-01
4.2893082e+01	8.2643329e-02
4.2914891e+01	3.7369098e-01
4.2936700e+01	3.2614041e-01
4.2958509e+01	-5.1869771e-03
4.2980318e+01	-8.6410435e-02
4.3002127e+01	-8.3529791e-05
4.3023936e+01	2.0071929e-01
4.3045745e+01	3.3767364e-02
4.3067553e+01	-1.9454331e-01
4.3089362e+01	2.4804752e-02
4.3111171e+01	1.5733180e-01
4.3132980e+01	-1.0150299e-01
4.3154789e+01	4.4055952e-02
4.3176598e+01	-8.3263541e-02
4.3198407e+01	6.5635140e-02
4.3220216e+01	9.5561803e-02
4.3242025e+01	-1.1119620e-01
4.3263834e+01	2.4964127e-01
4.3285643e+01	-1.3972019e-01
4.3307452e+01	3.6251340e-01
4.3329261e+01	3.4393232e-01
4.3351070e+01	8.1178271e-02
4.3372879e+01	7.2968041e-02
4.3394688e+01	4.5635407e-01
4.3416496e+01	6.8369472e-01
4.3438305e+01	6.7439998e-01
4.3460114e+01	3.9685284e-01
4.3481923e+01	4.8358828e-01
4.3503732e+01	4.2301016e-01
4.3525541e+01	-1.2425067e-01
4.3547350e+01	9.0815929e-02
4.3569159e+01	-6.4381322e-02
4.3590968e+01	5.9881896e-02
4.3612777e+01	-1.2992417e-02
4.3634586e+01	4.1626073e-02
4.3656395e+01	5.5306337e-01
4.3678204e+01	1.0380631e+00
4.3700013e+01	1.7871566e+00
4.3721822e+01	2.3672984e+00
4.3743631e+01	3.3436170e+00
4.3765439e+01	3.9568409e+00
4.3787248e+01	4.6085314e+00
4.3809057e+01	5.4735301e+00
4.3830866e+01	6.2999834e+00
4.3852675e+01	7.0169998e+00
4.3874484e+01	7.0026528e+00
4.3896293e+01	7.3850397e+00
4.3918102e+01	6.8475872e+00
4.3939911e+01	6.0170065e+00
4.3961720e+01	5.2832333e+00
4.3983529e+01	3.7504200e+00
4.4005338e+01	2.3806439e+00
4.4027147e+01	1.5278357e+00
4.4048956e+01	1.0461156e+00
4.4070765e+01	5.2807935e-01
4.4092574e+01	-2.1880765e-02
4.4114383e+01	8.4226507e-02
4.4136191e+01	6.4665823e-01
4.4158000e+01	6.3900410e-01
4.4179809e+01	-6.4913234e-02
4.4201618e+01	5.3939912e-02
4.4223427e+01	-4.6974383e-02
4.4245236e+01	7.5947790e-02
4.4267045e+01	-4.0053195e-03
4.4288854e+01	-8.4346919e-02
4.4310663e+01	2.9575612e-01
4.4332472e+01	3.1043627e-01
4.4354281e+01	2.1133403e-01
4.4376090e+01	-2.0528264e-01
4.4397899e+01	7.2848585e-02
4.4419708e+01	4.9769075e-01
4.4441517e+01	5.8518658e-01
4.4463326e+01	2.9710412e-01
4.4485134e+01	1.1564419e-02
4.4506943e+01	-1.3362788e-01
4.4528752e+01	3.9297240e-02
4.4550561e+01	1.9632967e-02
4.4572370e+01	4.8688669e-02
4.4594179e+01	3.3706811e-01
4.4615988e+01	5.1988911e-01
4.4637797e+01	3.5330279e-01
4.4659606e+01	1.1210698e-01
4.4681415e+01	5.3741715e-02
4.4703224e+01	1.3678165e-01
4.4725033e+01	4.9769972e-01
4.4746842e+01	-3.4421064e-02
4.4768651e+01	-3.4334032e-01
4.4790460e+01	1.2750515e-01
4.4812269e+01	6.2198426e-01
4.4834077e+01	2.7086610e-01
4.4855886e+01	-8.3479231e-02
4.4877695e+01	3.6863049e-01
4.4899504e+01	6.8937885e-02
4.4921313e+01	2.3799441e-02
4.4943122e+01	5.8580496e-01
4.4964931e+01	8.2718747e-01
4.4986740e+01	7.3911898e-01