Image file: \\Gfs05\g45\SAXS\2020_12\HDF5\2020-12.10_Kevin_day2_SN\2020-12-10_Max_Cu123_SN_000017_data_000053.h5
ImageIntegration1d_chi_output; Output_Directory= \\Gfs05\g45\SAXS\2020_12\Processed\2020-12-09_Kevin_day1_SN\Chi-Sample-7
Profile = Radial, StartAzimuth = 0.0, EndAzimuth = 360.0, Sam_Det_distance = 250.818474293, InnerRadius = 15.0, OuterRadius = 2400.0, Lambda = 30, Ratio = 0.001, Itermax = 100
2400
2.0013229e+00	1.3949072e-01
2.0231319e+00	1.9153672e-01
2.0449408e+00	-2.3409306e-01
2.0667497e+00	-1.4237565e-01
2.0885587e+00	-3.7317029e-02
2.1103676e+00	-1.2156546e-01
2.1321765e+00	8.9503017e-02
2.1539855e+00	-2.6484688e-02
2.1757944e+00	1.2215889e-01
2.1976034e+00	2.0447940e-01
2.2194123e+00	1.6824665e-01
2.2412212e+00	1.4771515e-01
2.2630302e+00	-2.1632621e-01
2.2848391e+00	-2.5435459e-01
2.3066480e+00	3.1617671e-01
2.3284570e+00	2.8808586e-01
2.3502659e+00	2.5587321e-01
2.3720749e+00	1.7599907e-01
2.3938838e+00	-1.9248374e-01
2.4156927e+00	-1.2343569e-01
2.4375017e+00	1.4726481e-01
2.4593106e+00	-5.1208317e-02
2.4811196e+00	-6.5325876e-02
2.5029285e+00	-1.7817357e-02
2.5247374e+00	8.7928720e-02
2.5465464e+00	-3.6701809e-02
2.5683553e+00	1.5051923e-02
2.5901642e+00	6.2637491e-02
2.6119732e+00	-3.7936090e-02
2.6337821e+00	-7.5595793e-02
2.6555911e+00	4.6093258e-02
2.6774000e+00	1.3668931e-01
2.6992089e+00	2.2761956e-01
2.7210179e+00	-1.7516001e-01
2.7428268e+00	-1.1031347e-01
2.7646358e+00	7.9731698e-02
2.7864447e+00	7.7715843e-02
2.8082536e+00	-2.6180144e-02
2.8300626e+00	-9.2412445e-02
2.8518715e+00	-6.6932226e-03
2.8736804e+00	1.4690440e-01
2.8954894e+00	-7.5325883e-02
2.9172983e+00	-2.8148926e-02
2.9391073e+00	-5.7180210e-02
2.9609162e+00	6.7020411e-02
2.9827251e+00	-5.9298519e-02
3.0045341e+00	-2.3089891e-02
3.0263430e+00	1.7893425e-02
3.0481519e+00	1.9665459e-01
3.0699609e+00	1.7088482e-01
3.0917698e+00	-8.5915348e-02
3.1135788e+00	-2.4500396e-01
3.1353877e+00	-1.0780619e-02
3.1571966e+00	2.7127885e-01
3.1790056e+00	2.9167556e-02
3.2008145e+00	8.2507787e-02
3.2226235e+00	1.3738489e-01
3.2444324e+00	-6.6330613e-02
3.2662413e+00	-1.4879316e-01
3.2880503e+00	-1.0934071e-01
3.3098592e+00	6.6426422e-02
3.3316681e+00	-1.3166578e-03
3.3534771e+00	-3.7190198e-03
3.3752860e+00	2.4729092e-02
3.3970950e+00	1.0852286e-03
3.4189039e+00	2.2135143e-02
3.4407128e+00	2.2129471e-02
3.4625218e+00	-4.3836900e-02
3.4843307e+00	1.3277336e-01
3.5061396e+00	6.0697117e-02
3.5279486e+00	-1.7699386e-01
3.5497575e+00	1.7611394e-02
3.5715665e+00	1.2124957e-01
3.5933754e+00	1.5059480e-01
3.6151843e+00	-3.1227545e-02
3.6369933e+00	-2.8910632e-01
3.6588022e+00	-1.6121316e-01
3.6806112e+00	6.0699168e-02
3.7024201e+00	1.9250759e-01
3.7242290e+00	3.2174163e-02
3.7460380e+00	2.6389895e-02
3.7678469e+00	5.4432325e-04
3.7896558e+00	2.3928120e-02
3.8114648e+00	-5.7916026e-04
3.8332737e+00	9.9998806e-02
3.8550827e+00	-1.1881938e-01
3.8768916e+00	3.0714245e-02
3.8987005e+00	-3.7786931e-02
3.9205095e+00	-1.9736267e-01
3.9423184e+00	1.5721815e-01
3.9641273e+00	2.2946349e-02
3.9859363e+00	-1.1684872e-01
4.0077452e+00	-9.1393794e-03
4.0295542e+00	2.7855276e-01
4.0513631e+00	2.7847537e-01
4.0731720e+00	1.2963421e-01
4.0949810e+00	-3.7798919e-02
4.1167899e+00	4.3026141e-02
4.1385989e+00	1.3410580e-01
4.1604078e+00	9.1664453e-02
4.1822167e+00	-8.1605304e-02
4.2040257e+00	-2.2643082e-01
4.2258346e+00	-2.2060970e-01
4.2476435e+00	-1.7704190e-01
4.2694525e+00	1.5675927e-01
4.2912614e+00	5.0206822e-02
4.3130704e+00	2.2784930e-02
4.3348793e+00	1.3992643e-01
4.3566882e+00	2.0595484e-01
4.3784972e+00	8.8509455e-02
4.4003061e+00	-9.8778578e-02
4.4221151e+00	-2.0406398e-02
4.4439240e+00	1.1752114e-01
4.4657329e+00	1.2626809e-02
4.4875419e+00	-2.9601353e-01
4.5093508e+00	1.5800259e-03
4.5311597e+00	5.3483479e-02
4.5529687e+00	-3.4469743e-02
4.5747776e+00	-4.0273091e-02
4.5965866e+00	1.1292529e-01
4.6183955e+00	1.0446100e-01
4.6402044e+00	8.6473943e-02
4.6620134e+00	-7.5407406e-02
4.6838223e+00	-2.2577283e-01
4.7056312e+00	-1.7433700e-01
4.7274402e+00	1.3930912e-01
4.7492491e+00	2.1844776e-01
4.7710581e+00	3.2404993e-02
4.7928670e+00	1.2253164e-01
4.8146759e+00	-4.8644632e-02
4.8364849e+00	-1.6817015e-01
4.8582938e+00	6.0909552e-02
4.8801028e+00	2.0157656e-01
4.9019117e+00	8.4666215e-02
4.9237206e+00	-1.5620185e-01
4.9455296e+00	-2.2493118e-01
4.9673385e+00	-4.5027360e-03
4.9891474e+00	1.4292523e-01
5.0109564e+00	9.5070352e-02
5.0327653e+00	1.2626265e-01
5.0545743e+00	1.5652647e-02
5.0763832e+00	4.6146284e-03
5.0981921e+00	-1.3998763e-01
5.1200011e+00	-9.9138902e-02
5.1418100e+00	1.0089213e-01
5.1636189e+00	-5.6275907e-02
5.1854279e+00	-5.4299263e-02
5.2072368e+00	2.8576407e-01
5.2290458e+00	1.0195545e-01
5.2508547e+00	-1.2073444e-01
5.2726636e+00	-1.5481509e-01
5.2944726e+00	2.0248426e-01
5.3162815e+00	-4.0325258e-02
5.3380905e+00	9.3988998e-03
5.3598994e+00	1.6516275e-01
5.3817083e+00	3.2058965e-01
5.4035173e+00	4.4269437e-01
5.4253262e+00	1.3916745e-01
5.4471351e+00	6.2021255e-02
5.4689441e+00	-1.3589790e-01
5.4907530e+00	-2.9911766e-01
5.5125620e+00	-1.8240692e-01
5.5343709e+00	5.2140122e-03
5.5561798e+00	2.0022100e-01
5.5779888e+00	1.4281441e-01
5.5997977e+00	1.1471344e-01
5.6216066e+00	1.1704897e-01
5.6434156e+00	3.7763688e-02
5.6652245e+00	-1.1986527e-01
5.6870335e+00	-4.3672090e-02
5.7088424e+00	-8.4932699e-02
5.7306513e+00	7.2694054e-02
5.7524603e+00	9.5506982e-02
5.7742692e+00	-1.4678792e-01
5.7960782e+00	2.2047365e-02
5.8178871e+00	4.7514630e-02
5.8396960e+00	-1.7205116e-01
5.8615050e+00	3.5916135e-02
5.8833139e+00	-2.5950403e-02
5.9051228e+00	9.8352057e-02
5.9269318e+00	2.2469705e-02
5.9487407e+00	5.5467338e-02
5.9705497e+00	-6.4475100e-02
5.9923586e+00	5.8174615e-03
6.0141675e+00	3.2791697e-02
6.0359765e+00	2.5621718e-02
6.0577854e+00	-3.9044278e-02
6.0795944e+00	-3.9167490e-02
6.1014033e+00	3.7451672e-02
6.1232122e+00	-4.2549305e-02
6.1450212e+00	5.8795055e-02
6.1668301e+00	-2.3745143e-02
6.1886390e+00	-6.7530496e-02
6.2104480e+00	-2.2278732e-02
6.2322569e+00	9.4373897e-02
6.2540659e+00	3.1411138e-02
6.2758748e+00	-2.8113256e-02
6.2976837e+00	1.4330247e-02
6.3194927e+00	-1.5266438e-01
6.3413016e+00	-3.0552741e-02
6.3631105e+00	2.1451824e-01
6.3849195e+00	5.7324410e-02
6.4067284e+00	1.2673108e-01
6.4285374e+00	3.2076592e-01
6.4503463e+00	2.2031534e-02
6.4721552e+00	-1.7634943e-01
6.4939642e+00	-1.0565366e-01
6.5157731e+00	-8.7796589e-02
6.5375821e+00	-1.8104159e-02
6.5593910e+00	1.7626983e-01
6.5811999e+00	-3.2060498e-02
6.6030089e+00	8.2105789e-02
6.6248178e+00	-9.6253598e-03
6.6466267e+00	3.8462982e-02
6.6684357e+00	-4.5127794e-02
6.6902446e+00	-1.3451718e-02
6.7120536e+00	1.1296765e-02
6.7338625e+00	2.9847129e-02
6.7556714e+00	-1.9642925e-02
6.7774804e+00	-8.7984121e-02
6.7992893e+00	2.3361099e-01
6.8210982e+00	4.5286270e-02
6.8429072e+00	2.6309516e-02
6.8647161e+00	-8.0302959e-02
6.8865251e+00	-4.9089047e-02
6.9083340e+00	3.1367669e-02
6.9301429e+00	3.0397254e-02
6.9519519e+00	-1.4609500e-01
6.9737608e+00	7.4026543e-02
6.9955698e+00	8.7952299e-03
7.0173787e+00	-8.1134299e-02
7.0391876e+00	9.2413000e-02
7.0609966e+00	-5.7868022e-03
7.0828055e+00	-1.0661381e-01
7.1046144e+00	9.8621495e-02
7.1264234e+00	4.2657157e-02
7.1482323e+00	2.5216466e-02
7.1700413e+00	3.4616385e-01
7.1918502e+00	2.5522078e-01
7.2136591e+00	8.2892288e-02
7.2354681e+00	4.0585417e-04
7.2572770e+00	-1.6930216e-01
7.2790859e+00	-2.7610490e-01
7.3008949e+00	-6.0958193e-02
7.3227038e+00	2.1442962e-01
7.3445128e+00	-5.7043428e-02
7.3663217e+00	7.4800177e-02
7.3881306e+00	2.5201781e-01
7.4099396e+00	7.5225164e-02
7.4317485e+00	6.8181508e-02
7.4535575e+00	3.4391804e-02
7.4753664e+00	5.6478921e-02
7.4971753e+00	-1.3431113e-01
7.5189843e+00	-4.3431322e-02
7.5407932e+00	9.4462112e-03
7.5626021e+00	-1.9953861e-01
7.5844111e+00	-7.6859117e-02
7.6062200e+00	1.3558261e-01
7.6280290e+00	2.2543197e-01
7.6498379e+00	1.5409672e-01
7.6716468e+00	1.6782825e-02
7.6934558e+00	-1.3149336e-01
7.7152647e+00	-1.2317854e-01
7.7370737e+00	6.6653525e-02
7.7588826e+00	-9.9298203e-02
7.7806915e+00	8.0906700e-02
7.8025005e+00	2.6426384e-04
7.8243094e+00	-1.4453396e-02
7.8461183e+00	2.2975704e-01
7.8679273e+00	3.5442179e-02
7.8897362e+00	-4.7726702e-02
7.9115452e+00	-8.3692913e-02
7.9333541e+00	-5.8501538e-02
7.9551630e+00	6.8262675e-02
7.9769720e+00	-7.6462574e-02
7.9987809e+00	-1.1851628e-01
8.0205898e+00	1.4562286e-01
8.0423988e+00	1.3219341e-01
8.0642077e+00	1.0795917e-01
8.0860167e+00	-6.4522670e-02
8.1078256e+00	-7.6374465e-02
8.1296345e+00	3.4698625e-02
8.1514435e+00	2.8910773e-02
8.1732524e+00	-2.7747685e-01
8.1950614e+00	2.8415290e-03
8.2168703e+00	1.5108189e-01
8.2386792e+00	8.8937651e-02
8.2604882e+00	5.0022731e-02
8.2822971e+00	3.8934368e-02
8.3041060e+00	9.8795074e-03
8.3259150e+00	-1.0334690e-01
8.3477239e+00	-4.5210535e-02
8.3695329e+00	-1.8916652e-01
8.3913418e+00	3.9958381e-02
8.4131507e+00	2.7890912e-02
8.4349597e+00	8.3715001e-02
8.4567686e+00	3.7313996e-01
8.4785775e+00	1.0630404e-01
8.5003865e+00	9.6441594e-02
8.5221954e+00	4.4284932e-03
8.5440044e+00	-2.5028919e-01
8.5658133e+00	5.9062259e-02
8.5876222e+00	1.4571851e-01
8.6094312e+00	9.0978015e-03
8.6312401e+00	4.5295492e-03
8.6530491e+00	-2.0462249e-01
8.6748580e+00	-9.4572924e-03
8.6966669e+00	3.1918963e-03
8.7184759e+00	1.7429969e-01
8.7402848e+00	1.3874447e-01
8.7620937e+00	-1.8276918e-01
8.7839027e+00	-1.9448147e-01
8.8057116e+00	7.0696175e-03
8.8275206e+00	1.8628780e-01
8.8493295e+00	9.4192549e-02
8.8711384e+00	-9.5687213e-02
8.8929474e+00	3.9421188e-01
8.9147563e+00	2.6900544e-01
8.9365652e+00	2.8102981e-03
8.9583742e+00	-8.8212468e-02
8.9801831e+00	-3.8019309e-02
9.0019921e+00	1.6588338e-02
9.0238010e+00	7.7934662e-02
9.0456099e+00	2.2015925e-01
9.0674189e+00	1.6024557e-01
9.0892278e+00	-1.8482531e-01
9.1110368e+00	-2.1121005e-01
9.1328457e+00	3.9680447e-02
9.1546546e+00	3.0040586e-02
9.1764636e+00	3.0242014e-01
9.1982725e+00	1.5599603e-01
9.2200814e+00	-6.6679041e-02
9.2418904e+00	-3.8038375e-02
9.2636993e+00	-2.0508417e-01
9.2855083e+00	2.1391262e-01
9.3073172e+00	1.5041417e-01
9.3291261e+00	-5.2968679e-02
9.3509351e+00	-3.7776308e-02
9.3727440e+00	-1.0456311e-01
9.3945530e+00	-1.2429591e-03
9.4163619e+00	2.2256410e-02
9.4381708e+00	1.3986663e-01
9.4599798e+00	-6.4962442e-02
9.4817887e+00	-1.3028066e-01
9.5035976e+00	3.4696042e-04
9.5254066e+00	-4.7900072e-02
9.5472155e+00	1.4142419e-01
9.5690245e+00	2.2455971e-01
9.5908334e+00	7.6725935e-02
9.6126423e+00	-6.3894454e-04
9.6344513e+00	1.2862486e-01
9.6562602e+00	-2.0959599e-02
9.6780691e+00	-1.8427772e-01
9.6998781e+00	-1.1615485e-01
9.7216870e+00	8.4398181e-02
9.7434960e+00	1.9796114e-01
9.7653049e+00	-1.4451492e-01
9.7871138e+00	-3.1131781e-01
9.8089228e+00	-1.0184431e-01
9.8307317e+00	1.3478703e-01
9.8525407e+00	1.2591220e-01
9.8743496e+00	1.6228916e-01
9.8961585e+00	7.0258916e-02
9.9179675e+00	1.0578906e-02
9.9397764e+00	1.4476275e-02
9.9615853e+00	2.6535127e-01
9.9833943e+00	-4.4755311e-02
1.0005203e+01	-1.0285357e-01
1.0027012e+01	-1.2010342e-01
1.0048821e+01	1.5381327e-02
1.0070630e+01	2.5157513e-01
1.0092439e+01	3.3079389e-01
1.0114248e+01	2.9634236e-01
1.0136057e+01	3.3595938e-02
1.0157866e+01	1.6995431e-02
1.0179675e+01	-2.2223938e-02
1.0201484e+01	-2.8740811e-03
1.0223293e+01	3.6290275e-02
1.0245102e+01	7.7143069e-02
1.0266910e+01	-2.0336399e-02
1.0288719e+01	-3.3199953e-01
1.0310528e+01	3.4640455e-01
1.0332337e+01	1.2787564e+00
1.0354146e+01	1.7174760e+00
1.0375955e+01	2.4495494e+00
1.0397764e+01	3.0736557e+00
1.0419573e+01	3.0036199e+00
1.0441382e+01	3.3285310e+00
1.0463191e+01	4.2068131e+00
1.0485000e+01	5.3380353e+00
1.0506809e+01	6.4210425e+00
1.0528618e+01	7.2384878e+00
1.0550427e+01	7.7489212e+00
1.0572236e+01	8.4065888e+00
1.0594045e+01	8.7260787e+00
1.0615853e+01	8.9751728e+00
1.0637662e+01	8.7773852e+00
1.0659471e+01	7.8783430e+00
1.0681280e+01	6.8000882e+00
1.0703089e+01	5.4748087e+00
1.0724898e+01	3.4131038e+00
1.0746707e+01	2.0550423e+00
1.0768516e+01	1.0487664e+00
1.0790325e+01	5.5694013e-01
1.0812134e+01	3.7579744e-01
1.0833943e+01	1.0161183e-01
1.0855752e+01	4.7919213e-02
1.0877561e+01	9.5712618e-02
1.0899370e+01	-9.5262936e-02
1.0921179e+01	-1.0776903e-01
1.0942988e+01	4.2612839e-02
1.0964796e+01	5.3639173e-02
1.0986605e+01	3.6241986e-02
1.1008414e+01	3.9353190e-01
1.1030223e+01	5.4928024e-01
1.1052032e+01	7.4094270e-01
1.1073841e+01	8.5882530e-01
1.1095650e+01	1.0510331e+00
1.1117459e+01	1.5282240e+00
1.1139268e+01	1.7373682e+00
1.1161077e+01	2.1245205e+00
1.1182886e+01	2.7655961e+00
1.1204695e+01	2.9165399e+00
1.1226504e+01	3.2708899e+00
1.1248313e+01	2.8871812e+00
1.1270122e+01	1.3084228e+00
1.1291931e+01	8.4381465e-01
1.1313740e+01	4.2894980e-01
1.1335548e+01	3.7471425e-01
1.1357357e+01	7.4210066e-03
1.1379166e+01	-1.9953639e-01
1.1400975e+01	-2.4908337e-01
1.1422784e+01	1.3923678e-01
1.1444593e+01	2.3152058e-01
1.1466402e+01	3.3391758e-01
1.1488211e+01	2.2194280e-01
1.1510020e+01	1.2793793e-01
1.1531829e+01	1.1641069e-01
1.1553638e+01	3.8789077e-02
1.1575447e+01	-1.5405145e-01
1.1597256e+01	-2.7834260e-01
1.1619065e+01	-1.1641215e-01
1.1640874e+01	-1.0197879e-03
1.1662683e+01	-3.6534050e-02
1.1684491e+01	2.7328472e-02
1.1706300e+01	2.6291230e-01
1.1728109e+01	3.1306097e-01
1.1749918e+01	1.7779523e-01
1.1771727e+01	1.2786094e-01
1.1793536e+01	-1.4438395e-01
1.1815345e+01	1.1302770e-01
1.1837154e+01	-1.4471277e-02
1.1858963e+01	-9.7021210e-02
1.1880772e+01	1.0849747e-01
1.1902581e+01	1.8282015e-02
1.1924390e+01	-1.2063285e-01
1.1946199e+01	-1.9466125e-01
1.1968008e+01	1.8194254e-01
1.1989817e+01	2.1892194e-01
1.2011626e+01	-1.8471656e-01
1.2033434e+01	-1.1468346e-01
1.2055243e+01	8.1357894e-02
1.2077052e+01	2.9759697e-02
1.2098861e+01	5.8778654e-03
1.2120670e+01	-2.0402114e-03
1.2142479e+01	9.5652824e-03
1.2164288e+01	-7.6193930e-02
1.2186097e+01	1.3590467e-01
1.2207906e+01	1.7727292e-01
1.2229715e+01	1.7209740e-01
1.2251524e+01	-8.9399960e-03
1.2273333e+01	-9.8439505e-02
1.2295142e+01	-5.4418733e-02
1.2316951e+01	-5.5591304e-02
1.2338760e+01	-2.0913751e-01
1.2360569e+01	6.9826775e-02
1.2382377e+01	-6.4038098e-02
1.2404186e+01	2.1736932e-02
1.2425995e+01	8.9666968e-02
1.2447804e+01	-3.7510425e-02
1.2469613e+01	-1.9459190e-02
1.2491422e+01	3.3468394e-02
1.2513231e+01	4.3690982e-03
1.2535040e+01	1.9917139e-01
1.2556849e+01	2.9234336e-02
1.2578658e+01	-1.6971729e-01
1.2600467e+01	-9.7308744e-03
1.2622276e+01	2.6499137e-01
1.2644085e+01	-9.4557951e-03
1.2665894e+01	2.8218010e-01
1.2687703e+01	6.0177339e-02
1.2709512e+01	2.5945393e-02
1.2731320e+01	-2.1248917e-01
1.2753129e+01	-1.3063394e-01
1.2774938e+01	1.0709148e-01
1.2796747e+01	1.5920721e-02
1.2818556e+01	4.7990509e-02
1.2840365e+01	8.4201143e-02
1.2862174e+01	-2.5609567e-02
1.2883983e+01	-1.9344227e-01
1.2905792e+01	-5.1848611e-02
1.2927601e+01	1.2340679e-01
1.2949410e+01	-2.1445037e-02
1.2971219e+01	2.9624315e-01
1.2993028e+01	1.1699682e-01
1.3014837e+01	8.4351527e-02
1.3036646e+01	6.5110754e-01
1.3058455e+01	8.7437280e-01
1.3080264e+01	7.9205304e-01
1.3102072e+01	6.4401698e-01
1.3123881e+01	-8.4761679e-02
1.3145690e+01	-1.6399749e-01
1.3167499e+01	2.1687893e-01
1.3189308e+01	4.3292648e-01
1.3211117e+01	1.0478710e-01
1.3232926e+01	8.9644579e-02
1.3254735e+01	2.6593780e-01
1.3276544e+01	2.0442239e-01
1.3298353e+01	-1.2057840e-01
1.3320162e+01	-4.5494570e-01
1.3341971e+01	-5.4609255e-01
1.3363780e+01	2.3268583e-01
1.3385589e+01	1.6415235e-01
1.3407398e+01	1.4264913e-01
1.3429207e+01	1.7727073e-01
1.3451015e+01	1.9358656e-01
1.3472824e+01	9.4384388e-02
1.3494633e+01	4.1359733e-02
1.3516442e+01	-3.1034328e-02
1.3538251e+01	-1.1291478e-01
1.3560060e+01	7.5470180e-02
1.3581869e+01	1.3447694e-01
1.3603678e+01	-1.1100212e-02
1.3625487e+01	-7.4559306e-02
1.3647296e+01	-1.2438379e-01
1.3669105e+01	1.0572571e-01
1.3690914e+01	-1.5542151e-01
1.3712723e+01	-1.9921546e-01
1.3734532e+01	1.8646945e-01
1.3756341e+01	4.2052129e-01
1.3778150e+01	2.2348293e-01
1.3799958e+01	1.1065154e-01
1.3821767e+01	-5.8808652e-02
1.3843576e+01	-3.6565278e-02
1.3865385e+01	-1.4216285e-02
1.3887194e+01	7.9323539e-02
1.3909003e+01	-2.9137215e-02
1.3930812e+01	-2.2787148e-01
1.3952621e+01	-3.3571607e-02
1.3974430e+01	2.8069573e-01
1.3996239e+01	2.5127223e-01
1.4018048e+01	1.6506655e-01
1.4039857e+01	-1.8010325e-01
1.4061666e+01	-2.6863263e-02
1.4083475e+01	1.5531579e-01
1.4105284e+01	1.0123195e-01
1.4127093e+01	-3.2548519e-02
1.4148901e+01	-1.3290624e-02
1.4170710e+01	-6.5553099e-02
1.4192519e+01	-1.8669913e-01
1.4214328e+01	7.2041634e-02
1.4236137e+01	3.0361810e-02
1.4257946e+01	5.6381220e-02
1.4279755e+01	-4.8066778e-02
1.4301564e+01	-5.2258615e-02
1.4323373e+01	1.1557985e-01
1.4345182e+01	1.4528606e-01
1.4366991e+01	2.7042624e-02
1.4388800e+01	1.2189349e-01
1.4410609e+01	-1.1584091e-01
1.4432418e+01	-2.2456451e-01
1.4454227e+01	-1.2513816e-01
1.4476036e+01	1.4799478e-01
1.4497844e+01	2.3331993e-02
1.4519653e+01	-3.2667700e-02
1.4541462e+01	-9.4749411e-03
1.4563271e+01	6.8698868e-02
1.4585080e+01	1.2413078e-01
1.4606889e+01	-2.6122950e-02
1.4628698e+01	-1.7187228e-01
1.4650507e+01	-6.9154063e-02
1.4672316e+01	4.3690863e-02
1.4694125e+01	3.6992251e-02
1.4715934e+01	1.5471594e-01
1.4737743e+01	-1.1108078e-02
1.4759552e+01	-1.9127776e-01
1.4781361e+01	-8.8310227e-02
1.4803170e+01	8.4192272e-02
1.4824979e+01	1.3027077e-01
1.4846787e+01	4.0448909e-01
1.4868596e+01	9.7623518e-01
1.4890405e+01	1.2656415e+00
1.4912214e+01	1.3637155e+00
1.4934023e+01	1.0483847e+00
1.4955832e+01	1.0160684e+00
1.4977641e+01	1.4314513e+00
1.4999450e+01	1.5480726e+00
1.5021259e+01	1.3349940e+00
1.5043068e+01	1.3406037e+00
1.5064877e+01	1.2182574e+00
1.5086686e+01	1.0572375e+00
1.5108495e+01	5.2355337e-01
1.5130304e+01	1.6885953e-01
1.5152113e+01	7.3969139e-02
1.5173922e+01	-1.0107979e-01
1.5195731e+01	-2.6236088e-02
1.5217539e+01	-6.1906608e-02
1.5239348e+01	-9.5785307e-02
1.5261157e+01	-1.0523817e-01
1.5282966e+01	-1.2794170e-01
1.5304775e+01	6.9553247e-02
1.5326584e+01	1.3133834e-01
1.5348393e+01	1.2700881e-01
1.5370202e+01	8.4589916e-02
1.5392011e+01	1.4882796e-01
1.5413820e+01	1.3375449e-01
1.5435629e+01	-1.6854250e-01
1.5457438e+01	-2.0305352e-01
1.5479247e+01	-3.2056107e-02
1.5501056e+01	1.2618633e-02
1.5522865e+01	3.9726440e-02
1.5544674e+01	-1.0268165e-01
1.5566482e+01	-2.4121275e-01
1.5588291e+01	1.3122444e-02
1.5610100e+01	2.1052763e-01
1.5631909e+01	1.8852306e-01
1.5653718e+01	1.2212535e-01
1.5675527e+01	2.0090536e-01
1.5697336e+01	5.0229677e-02
1.5719145e+01	6.7044705e-02
1.5740954e+01	-1.5269327e-01
1.5762763e+01	-3.0886121e-01
1.5784572e+01	-3.8534421e-02
1.5806381e+01	6.3465160e-02
1.5828190e+01	7.1410392e-02
1.5849999e+01	1.4107177e-02
1.5871808e+01	-5.7026009e-02
1.5893617e+01	-4.3817863e-02
1.5915425e+01	8.9299176e-02
1.5937234e+01	2.9990586e-02
1.5959043e+01	7.7515860e-02
1.5980852e+01	3.0421315e-02
1.6002661e+01	-7.7910379e-02
1.6024470e+01	-8.5810996e-02
1.6046279e+01	3.5613235e-02
1.6068088e+01	-4.3587967e-02
1.6089897e+01	9.6150872e-02
1.6111706e+01	-8.3185519e-02
1.6133515e+01	-7.1297258e-02
1.6155324e+01	1.2921952e-02
1.6177133e+01	1.4657247e-01
1.6198942e+01	1.9753886e-01
1.6220751e+01	-1.4085721e-01
1.6242560e+01	-1.2984794e-01
1.6264368e+01	-4.0414301e-03
1.6286177e+01	1.3661231e-01
1.6307986e+01	1.6149578e-01
1.6329795e+01	-1.1270479e-01
1.6351604e+01	-1.2240735e-01
1.6373413e+01	1.4103753e-02
1.6395222e+01	-3.4602834e-02
1.6417031e+01	8.6901494e-02
1.6438840e+01	1.1778108e-01
1.6460649e+01	3.5465569e-02
1.6482458e+01	3.8143434e-02
1.6504267e+01	-1.3546321e-01
1.6526076e+01	-1.1639012e-01
1.6547885e+01	-6.0802772e-02
1.6569694e+01	-9.0612261e-03
1.6591503e+01	-1.2503536e-01
1.6613311e+01	2.0777609e-02
1.6635120e+01	7.9433127e-02
1.6656929e+01	2.3504923e-02
1.6678738e+01	4.7015809e-02
1.6700547e+01	-2.2733601e-02
1.6722356e+01	1.6660788e-01
1.6744165e+01	6.1214060e-01
1.6765974e+01	1.0046480e+00
1.6787783e+01	9.5219205e-01
1.6809592e+01	9.8533047e-01
1.6831401e+01	8.1563813e-01
1.6853210e+01	5.5614588e-01
1.6875019e+01	2.0278356e-01
1.6896828e+01	1.0068927e-01
1.6918637e+01	-3.6625068e-04
1.6940446e+01	-6.0490017e-02
1.6962254e+01	-8.6062860e-02
1.6984063e+01	-1.3293986e-01
1.7005872e+01	-9.2832768e-02
1.7027681e+01	4.4612844e-02
1.7049490e+01	-1.7051561e-02
1.7071299e+01	-9.3757817e-02
1.7093108e+01	6.5620078e-02
1.7114917e+01	-2.0999771e-03
1.7136726e+01	-3.2695080e-02
1.7158535e+01	1.8152573e-02
1.7180344e+01	7.2680934e-02
1.7202153e+01	1.4434641e-01
1.7223962e+01	6.1833002e-02
1.7245771e+01	-9.4259835e-02
1.7267580e+01	-8.8098475e-02
1.7289389e+01	-2.2826653e-02
1.7311198e+01	5.7901106e-02
1.7333006e+01	-2.4969458e-02
1.7354815e+01	-1.2914103e-02
1.7376624e+01	1.0440408e-01
1.7398433e+01	-1.8082980e-02
1.7420242e+01	3.1048899e-02
1.7442051e+01	5.8241173e-03
1.7463860e+01	-3.0146152e-02
1.7485669e+01	-2.3212523e-02
1.7507478e+01	5.9705861e-03
1.7529287e+01	-6.8990122e-02
1.7551096e+01	-1.7190760e-01
1.7572905e+01	-2.2173675e-02
1.7594714e+01	-1.1394979e-02
1.7616523e+01	7.1211344e-02
1.7638332e+01	1.7834256e-01
1.7660141e+01	8.0300925e-02
1.7681949e+01	5.3735298e-02
1.7703758e+01	8.1709422e-03
1.7725567e+01	4.6623986e-02
1.7747376e+01	3.2131718e-02
1.7769185e+01	-1.9849210e-01
1.7790994e+01	-5.6444789e-02
1.7812803e+01	-1.1492291e-02
1.7834612e+01	3.1307317e-02
1.7856421e+01	1.0196607e-02
1.7878230e+01	-4.9839626e-02
1.7900039e+01	1.0333222e-01
1.7921848e+01	7.1295405e-02
1.7943657e+01	-8.6239322e-02
1.7965466e+01	-6.4865942e-02
1.7987275e+01	-2.4217205e-02
1.8009084e+01	4.2083778e-02
1.8030892e+01	-5.2902502e-02
1.8052701e+01	6.9086507e-02
1.8074510e+01	1.3198614e-01
1.8096319e+01	2.5403990e-03
1.8118128e+01	-1.6515611e-01
1.8139937e+01	5.0427097e-03
1.8161746e+01	4.6452044e-02
1.8183555e+01	1.8396300e-02
1.8205364e+01	1.4353001e-01
1.8227173e+01	1.7841062e-02
1.8248982e+01	-1.2411851e-01
1.8270791e+01	-5.0964889e-02
1.8292600e+01	6.6648292e-03
1.8314409e+01	-5.7975277e-02
1.8336218e+01	-5.2491874e-02
1.8358027e+01	9.0832727e-03
1.8379835e+01	5.0872491e-02
1.8401644e+01	-8.7977069e-02
1.8423453e+01	-5.1198461e-02
1.8445262e+01	4.6949428e-02
1.8467071e+01	1.1084468e-01
1.8488880e+01	-2.3041857e-02
1.8510689e+01	1.8467733e-01
1.8532498e+01	1.7650619e-01
1.8554307e+01	-1.8432517e-01
1.8576116e+01	-1.6213301e-01
1.8597925e+01	-4.4713464e-02
1.8619734e+01	4.1876665e-03
1.8641543e+01	1.7139736e-01
1.8663352e+01	2.2759026e-01
1.8685161e+01	4.1706487e-01
1.8706970e+01	3.5213679e-01
1.8728778e+01	4.1786732e-02
1.8750587e+01	1.8966733e-01
1.8772396e+01	-6.2509587e-03
1.8794205e+01	-1.0971079e-01
1.8816014e+01	-1.8981172e-01
1.8837823e+01	-2.4640156e-01
1.8859632e+01	-2.5711106e-02
1.8881441e+01	4.3542212e-02
1.8903250e+01	2.3527348e-02
1.8925059e+01	1.1713924e-01
1.8946868e+01	7.5890869e-02
1.8968677e+01	3.4335200e-02
1.8990486e+01	1.1560460e-01
1.9012295e+01	-3.0815245e-03
1.9034104e+01	-8.3520326e-02
1.9055913e+01	-8.5005371e-02
1.9077721e+01	-2.0131650e-02
1.9099530e+01	-3.2763063e-02
1.9121339e+01	-1.5819051e-02
1.9143148e+01	1.4549364e-02
1.9164957e+01	6.9293933e-02
1.9186766e+01	1.0204454e-01
1.9208575e+01	1.1709403e-01
1.9230384e+01	-2.1727748e-01
1.9252193e+01	-1.6506870e-01
1.9274002e+01	-7.2367750e-02
1.9295811e+01	1.8973441e-01
1.9317620e+01	1.2145579e-02
1.9339429e+01	2.6651127e-02
1.9361238e+01	5.2552433e-02
1.9383047e+01	6.2025350e-02
1.9404856e+01	3.0462386e-02
1.9426665e+01	1.4379297e-01
1.9448473e+01	-9.5076281e-02
1.9470282e+01	1.4409658e-02
1.9492091e+01	-2.6664346e-02
1.9513900e+01	-1.6966645e-02
1.9535709e+01	-2.2864393e-03
1.9557518e+01	-7.0729919e-02
1.9579327e+01	-5.8101734e-03
1.9601136e+01	2.2812855e-02
1.9622945e+01	-5.2587359e-02
1.9644754e+01	-1.0698458e-01
1.9666563e+01	-1.1241429e-01
1.9688372e+01	4.5008888e-02
1.9710181e+01	1.2302820e-01
1.9731990e+01	9.4047569e-02
1.9753799e+01	3.3275543e-02
1.9775608e+01	1.1039580e-01
1.9797416e+01	-1.0157792e-01
1.9819225e+01	-1.2481105e-01
1.9841034e+01	1.4644597e-02
1.9862843e+01	-1.6256465e-03
1.9884652e+01	8.4636531e-02
1.9906461e+01	5.1034255e-01
1.9928270e+01	7.3145456e-01
1.9950079e+01	5.4939491e-01
1.9971888e+01	1.9969090e-01
1.9993697e+01	2.7894581e-02
2.0015506e+01	-1.6298216e-01
2.0037315e+01	-9.6213188e-02
2.0059124e+01	6.4085288e-02
2.0080933e+01	1.1281481e-01
2.0102742e+01	9.5362785e-02
2.0124551e+01	-9.2032899e-02
2.0146359e+01	-1.4147591e-01
2.0168168e+01	3.3594852e-03
2.0189977e+01	-1.2530629e-01
2.0211786e+01	-2.0301258e-01
2.0233595e+01	-8.5091080e-02
2.0255404e+01	6.7755576e-02
2.0277213e+01	8.0357697e-02
2.0299022e+01	1.1044333e-01
2.0320831e+01	1.5027711e-01
2.0342640e+01	2.0142305e-01
2.0364449e+01	3.2138823e-02
2.0386258e+01	-2.9840814e-02
2.0408067e+01	6.4466589e-02
2.0429876e+01	-7.2651502e-02
2.0451685e+01	-1.6991732e-03
2.0473494e+01	3.2023370e-01
2.0495302e+01	6.0888180e-01
2.0517111e+01	5.8562469e-01
2.0538920e+01	6.1688221e-01
2.0560729e+01	6.7074995e-01
2.0582538e+01	5.9359289e-01
2.0604347e+01	3.5022590e-01
2.0626156e+01	4.5925804e-02
2.0647965e+01	-1.2344797e-01
2.0669774e+01	-8.2656525e-02
2.0691583e+01	1.9064727e-02
2.0713392e+01	1.0131417e-01
2.0735201e+01	-1.0734565e-01
2.0757010e+01	-8.8713810e-02
2.0778819e+01	7.8250524e-02
2.0800628e+01	1.8932391e-01
2.0822437e+01	-3.3662525e-03
2.0844245e+01	-1.1651739e-01
2.0866054e+01	-8.5870869e-02
2.0887863e+01	3.3510592e-02
2.0909672e+01	-6.8776304e-04
2.0931481e+01	-7.9676397e-02
2.0953290e+01	7.8805119e-02
2.0975099e+01	4.2973563e-01
2.0996908e+01	8.0675212e-01
2.1018717e+01	1.1393236e+00
2.1040526e+01	1.4779662e+00
2.1062335e+01	2.0647318e+00
2.1084144e+01	2.5832826e+00
2.1105953e+01	2.3792306e+00
2.1127762e+01	2.4571297e+00
2.1149571e+01	2.8390792e+00
2.1171380e+01	3.6250159e+00
2.1193188e+01	4.9849259e+00
2.1214997e+01	6.2384343e+00
2.1236806e+01	7.1911182e+00
2.1258615e+01	7.7531875e+00
2.1280424e+01	7.6806642e+00
2.1302233e+01	6.8497416e+00
2.1324042e+01	5.9616504e+00
2.1345851e+01	4.2621429e+00
2.1367660e+01	2.8250311e+00
2.1389469e+01	1.6732889e+00
2.1411278e+01	8.7244950e-01
2.1433087e+01	1.8549884e-01
2.1454896e+01	-2.9551007e-02
2.1476705e+01	5.9786829e-02
2.1498514e+01	4.3625158e-01
2.1520323e+01	1.0349764e+00
2.1542132e+01	1.4896555e+00
2.1563940e+01	1.8772443e+00
2.1585749e+01	2.0865452e+00
2.1607558e+01	1.9236783e+00
2.1629367e+01	1.5279341e+00
2.1651176e+01	1.1279898e+00
2.1672985e+01	7.7299590e-01
2.1694794e+01	3.0984656e-01
2.1716603e+01	2.0365139e-02
2.1738412e+01	-1.5665611e-01
2.1760221e+01	-1.3223697e-01
2.1782030e+01	4.9436552e-02
2.1803839e+01	3.0394171e-02
2.1825648e+01	-1.2696545e-01
2.1847457e+01	-1.2105820e-01
2.1869266e+01	1.3792202e-01
2.1891075e+01	2.4518037e-01
2.1912883e+01	3.5490787e-01
2.1934692e+01	8.6856206e-02
2.1956501e+01	3.8892365e-02
2.1978310e+01	5.8647936e-02
2.2000119e+01	-1.1667311e-01
2.2021928e+01	-9.3527154e-03
2.2043737e+01	-2.3654897e-01
2.2065546e+01	9.0114368e-03
2.2087355e+01	9.4423745e-02
2.2109164e+01	1.0525742e-01
2.2130973e+01	8.0685389e-02
2.2152782e+01	9.9701341e-02
2.2174591e+01	-3.4803872e-02
2.2196400e+01	-8.0388973e-02
2.2218209e+01	-1.2844024e-01
2.2240018e+01	-2.5163779e-02
2.2261826e+01	7.7448462e-02
2.2283635e+01	2.4237673e-02
2.2305444e+01	-3.1002447e-02
2.2327253e+01	-2.9034699e-02
2.2349062e+01	-8.6491499e-03
2.2370871e+01	1.3198429e-01
2.2392680e+01	1.5652465e-01
2.2414489e+01	-1.1245536e-01
2.2436298e+01	-1.5923195e-01
2.2458107e+01	-3.8667063e-02
2.2479916e+01	8.9238958e-02
2.2501725e+01	7.8287005e-02
2.2523534e+01	-1.5163515e-01
2.2545343e+01	-3.8100055e-02
2.2567152e+01	1.1151413e-01
2.2588961e+01	1.9334054e-01
2.2610769e+01	-9.3160499e-02
2.2632578e+01	-7.4642347e-02
2.2654387e+01	1.3950063e-01
2.2676196e+01	8.6011637e-02
2.2698005e+01	-1.1875339e-01
2.2719814e+01	-5.8417188e-02
2.2741623e+01	4.2383713e-02
2.2763432e+01	3.6474425e-02
2.2785241e+01	-1.7739977e-01
2.2807050e+01	-1.0910330e-01
2.2828859e+01	6.4157661e-02
2.2850668e+01	1.4028042e-01
2.2872477e+01	2.2210482e-01
2.2894286e+01	2.8723228e-02
2.2916095e+01	-6.7725526e-02
2.2937904e+01	4.5032198e-02
2.2959712e+01	3.4489016e-02
2.2981521e+01	-2.6701258e-01
2.3003330e+01	-4.4324182e-02
2.3025139e+01	6.4096043e-02
2.3046948e+01	2.4612272e-01
2.3068757e+01	1.7434295e-01
2.3090566e+01	9.3376388e-02
2.3112375e+01	-3.9788085e-02
2.3134184e+01	-1.3431481e-01
2.3155993e+01	-1.2084153e-01
2.3177802e+01	-6.7785027e-02
2.3199611e+01	1.7326678e-01
2.3221420e+01	3.0129090e-01
2.3243229e+01	-3.4623049e-02
2.3265038e+01	-1.2877628e-01
2.3286847e+01	-1.1912558e-01
2.3308655e+01	2.8056275e-03
2.3330464e+01	8.6109519e-02
2.3352273e+01	1.1561692e-01
2.3374082e+01	1.7780289e-01
2.3395891e+01	-4.2949425e-02
2.3417700e+01	1.5841063e-03
2.3439509e+01	-1.9316839e-01
2.3461318e+01	-5.5244531e-02
2.3483127e+01	1.5094499e-01
2.3504936e+01	3.5075233e-01
2.3526745e+01	5.0961345e-01
2.3548554e+01	8.0124904e-01
2.3570363e+01	1.1901337e+00
2.3592172e+01	1.3707402e+00
2.3613981e+01	1.6180371e+00
2.3635790e+01	1.9590461e+00
2.3657599e+01	2.6313778e+00
2.3679407e+01	3.4891398e+00
2.3701216e+01	4.5143839e+00
2.3723025e+01	5.7227676e+00
2.3744834e+01	6.6565857e+00
2.3766643e+01	7.3298127e+00
2.3788452e+01	8.4447693e+00
2.3810261e+01	9.4586162e+00
2.3832070e+01	9.4684050e+00
2.3853879e+01	8.5729644e+00
2.3875688e+01	7.7230070e+00
2.3897497e+01	6.6071074e+00
2.3919306e+01	5.3326994e+00
2.3941115e+01	4.1047235e+00
2.3962924e+01	2.7632624e+00
2.3984733e+01	1.7822838e+00
2.4006542e+01	7.8232134e-01
2.4028350e+01	3.3607460e-01
2.4050159e+01	1.4540026e-01
2.4071968e+01	-3.7991473e-02
2.4093777e+01	1.1706148e-02
2.4115586e+01	3.7879578e-02
2.4137395e+01	-3.3616105e-02
2.4159204e+01	-1.1091798e-01
2.4181013e+01	-7.0145277e-02
2.4202822e+01	6.1602775e-02
2.4224631e+01	-1.7817405e-02
2.4246440e+01	1.0716930e-01
2.4268249e+01	-6.9325654e-02
2.4290058e+01	-2.0175893e-01
2.4311867e+01	1.8531177e-03
2.4333676e+01	-2.3558601e-02
2.4355485e+01	3.7456151e-02
2.4377293e+01	-2.1285735e-02
2.4399102e+01	-5.0651529e-02
2.4420911e+01	2.9269415e-02
2.4442720e+01	1.2280248e-01
2.4464529e+01	3.8682761e-02
2.4486338e+01	-3.8136880e-02
2.4508147e+01	3.5662741e-02
2.4529956e+01	1.3524235e-01
2.4551765e+01	1.5791677e-01
2.4573574e+01	4.0955852e-01
2.4595383e+01	6.3465676e-01
2.4617192e+01	8.1479711e-01
2.4639001e+01	8.9472484e-01
2.4660810e+01	3.3590723e-01
2.4682619e+01	3.2332551e-02
2.4704428e+01	-1.8527780e-01
2.4726236e+01	-5.5808131e-02
2.4748045e+01	-2.7602892e-02
2.4769854e+01	-1.2845687e-01
2.4791663e+01	3.2023562e-02
2.4813472e+01	1.5668756e-02
2.4835281e+01	1.5158756e-01
2.4857090e+01	3.4405772e-02
2.4878899e+01	-3.3372886e-02
2.4900708e+01	-1.3714801e-01
2.4922517e+01	1.4707561e-02
2.4944326e+01	8.3275408e-02
2.4966135e+01	-1.8291800e-01
2.4987944e+01	-2.7443321e-02
2.5009753e+01	9.9920980e-02
2.5031562e+01	9.5651558e-02
2.5053371e+01	6.6894797e-02
2.5075179e+01	-1.8067371e-02
2.5096988e+01	-9.2025372e-02
2.5118797e+01	-5.9325950e-02
2.5140606e+01	-9.6936716e-02
2.5162415e+01	2.3546575e-03
2.5184224e+01	1.2642837e-01
2.5206033e+01	8.9123270e-02
2.5227842e+01	1.8138153e-01
2.5249651e+01	-3.1628162e-02
2.5271460e+01	-4.4914288e-02
2.5293269e+01	-2.9847729e-02
2.5315078e+01	1.2516099e-02
2.5336887e+01	1.8049033e-02
2.5358696e+01	-6.6783901e-03
2.5380505e+01	2.4535257e-02
2.5402314e+01	-5.4119272e-02
2.5424123e+01	-3.1774592e-02
2.5445931e+01	-8.9217974e-02
2.5467740e+01	4.1657872e-03
2.5489549e+01	3.2338430e-02
2.5511358e+01	4.3407077e-02
2.5533167e+01	4.4546935e-02
2.5554976e+01	-5.3252350e-02
2.5576785e+01	1.1161573e-01
2.5598594e+01	-4.8864854e-02
2.5620403e+01	1.8197114e-02
2.5642212e+01	2.1917041e-02
2.5664021e+01	3.0052300e-02
2.5685830e+01	-1.3537225e-01
2.5707639e+01	-1.9168298e-01
2.5729448e+01	-4.9687006e-02
2.5751257e+01	1.6360092e-01
2.5773066e+01	3.0196065e-01
2.5794874e+01	3.0981369e-01
2.5816683e+01	7.6828394e-04
2.5838492e+01	-8.1375671e-02
2.5860301e+01	3.0290139e-02
2.5882110e+01	-6.0055893e-02
2.5903919e+01	5.6396523e-02
2.5925728e+01	1.3308895e-01
2.5947537e+01	4.0900563e-01
2.5969346e+01	7.1033167e-01
2.5991155e+01	9.0225820e-01
2.6012964e+01	1.3397353e+00
2.6034773e+01	1.3956821e+00
2.6056582e+01	1.5074377e+00
2.6078391e+01	1.4648701e+00
2.6100200e+01	1.1923725e+00
2.6122009e+01	1.0712399e+00
2.6143817e+01	8.2044148e-01
2.6165626e+01	4.9647327e-01
2.6187435e+01	3.4681936e-01
2.6209244e+01	1.4170828e-01
2.6231053e+01	3.2182215e-02
2.6252862e+01	-9.1578460e-02
2.6274671e+01	-6.1793117e-02
2.6296480e+01	-1.9672892e-02
2.6318289e+01	-1.4431973e-01
2.6340098e+01	-1.5670440e-01
2.6361907e+01	-6.8959159e-02
2.6383716e+01	-2.6088887e-02
2.6405525e+01	2.0456364e-01
2.6427334e+01	2.1599363e-01
2.6449143e+01	1.7744306e-01
2.6470952e+01	-3.0557132e-02
2.6492760e+01	-4.6916895e-02
2.6514569e+01	-9.7400263e-02
2.6536378e+01	2.5554956e-02
2.6558187e+01	3.2535291e-02
2.6579996e+01	1.5789808e-01
2.6601805e+01	4.8746623e-01
2.6623614e+01	5.9795419e-01
2.6645423e+01	6.7345358e-01
2.6667232e+01	7.9036613e-01
2.6689041e+01	7.2518539e-01
2.6710850e+01	4.3538495e-01
2.6732659e+01	6.9334466e-04
2.6754468e+01	-2.9668239e-03
2.6776277e+01	-1.9014020e-02
2.6798086e+01	-2.6041796e-01
2.6819895e+01	-6.8891125e-02
2.6841703e+01	9.0285699e-03
2.6863512e+01	4.3473062e-02
2.6885321e+01	2.9034928e-02
2.6907130e+01	8.2849975e-03
2.6928939e+01	1.0007058e-01
2.6950748e+01	1.2776134e-01
2.6972557e+01	2.6839403e-01
2.6994366e+01	6.9362303e-02
2.7016175e+01	3.3695958e-02
2.7037984e+01	-3.5393503e-02
2.7059793e+01	-5.0702422e-02
2.7081602e+01	-1.1630205e-01
2.7103411e+01	-2.7731184e-02
2.7125220e+01	-3.4670158e-02
2.7147029e+01	-6.8328581e-02
2.7168838e+01	4.3350920e-02
2.7190646e+01	1.6660680e-01
2.7212455e+01	1.2744779e-01
2.7234264e+01	-1.5928953e-01
2.7256073e+01	-7.7132128e-02
2.7277882e+01	-1.7573742e-01
2.7299691e+01	2.9505794e-02
2.7321500e+01	1.6503853e-01
2.7343309e+01	6.4156693e-02
2.7365118e+01	-8.5531813e-03
2.7386927e+01	-9.7223012e-02
2.7408736e+01	1.1809041e-02
2.7430545e+01	-1.8802760e-02
2.7452354e+01	-3.4397947e-02
2.7474163e+01	-8.2531871e-02
2.7495972e+01	1.0661203e-01
2.7517781e+01	2.3820594e-01
2.7539590e+01	5.0919285e-02
2.7561398e+01	-1.8412538e-02
2.7583207e+01	-1.5646989e-01
2.7605016e+01	-9.9225948e-02
2.7626825e+01	4.4894661e-02
2.7648634e+01	5.9676511e-02
2.7670443e+01	1.1712259e-01
2.7692252e+01	4.3856538e-01
2.7714061e+01	6.6473575e-01
2.7735870e+01	6.5416015e-01
2.7757679e+01	9.1746484e-01
2.7779488e+01	1.1590189e+00
2.7801297e+01	1.2179213e+00
2.7823106e+01	8.7957225e-01
2.7844915e+01	5.6255770e-01
2.7866724e+01	4.3680074e-01
2.7888533e+01	1.3005911e-01
2.7910341e+01	5.0679670e-02
2.7932150e+01	7.4306899e-02
2.7953959e+01	-1.3150259e-01
2.7975768e+01	-7.3871893e-02
2.7997577e+01	-1.5489390e-01
2.8019386e+01	3.4902430e-02
2.8041195e+01	1.7400613e-01
2.8063004e+01	5.5185512e-02
2.8084813e+01	-1.4811279e-01
2.8106622e+01	-1.4633980e-01
2.8128431e+01	-2.2422543e-02
2.8150240e+01	-9.4619225e-02
2.8172049e+01	-1.2379236e-02
2.8193858e+01	-2.2740356e-02
2.8215667e+01	1.3164582e-01
2.8237476e+01	1.7227809e-01
2.8259284e+01	1.0604245e-01
2.8281093e+01	-4.4497524e-02
2.8302902e+01	9.9359071e-02
2.8324711e+01	-5.0131290e-02
2.8346520e+01	-4.3658289e-02
2.8368329e+01	-7.9717214e-02
2.8390138e+01	-1.6644975e-01
2.8411947e+01	1.7652186e-02
2.8433756e+01	1.7713994e-01
2.8455565e+01	7.9976898e-02
2.8477374e+01	4.2676815e-01
2.8499183e+01	7.9968548e-01
2.8520992e+01	1.0061734e+00
2.8542801e+01	1.1847455e+00
2.8564610e+01	1.2130702e+00
2.8586419e+01	1.2290172e+00
2.8608227e+01	1.2493959e+00
2.8630036e+01	9.5320080e-01
2.8651845e+01	6.4086655e-01
2.8673654e+01	3.7446662e-01
2.8695463e+01	1.6013525e-01
2.8717272e+01	3.7711946e-04
2.8739081e+01	-7.2445898e-02
2.8760890e+01	-6.4010467e-02
2.8782699e+01	-2.9526900e-02
2.8804508e+01	-1.2214939e-01
2.8826317e+01	2.5124096e-03
2.8848126e+01	1.2690730e-01
2.8869935e+01	2.3511451e-02
2.8891744e+01	-8.9908225e-02
2.8913553e+01	-8.9738235e-02
2.8935362e+01	-7.3885325e-03
2.8957170e+01	1.2779781e-01
2.8978979e+01	8.4862703e-02
2.9000788e+01	-1.9640646e-02
2.9022597e+01	-1.1184441e-01
2.9044406e+01	-1.1079065e-01
2.9066215e+01	1.2278343e-01
2.9088024e+01	1.5922641e-01
2.9109833e+01	-2.4809876e-02
2.9131642e+01	-6.1193886e-02
2.9153451e+01	-1.1553274e-01
2.9175260e+01	4.4596670e-02
2.9197069e+01	4.4174273e-02
2.9218878e+01	6.2687241e-02
2.9240687e+01	1.5036789e-01
2.9262496e+01	1.9885906e-02
2.9284305e+01	-1.6575487e-01
2.9306113e+01	-1.2384768e-01
2.9327922e+01	-4.0574715e-02
2.9349731e+01	3.9834903e-02
2.9371540e+01	9.9557843e-02
2.9393349e+01	7.5886055e-02
2.9415158e+01	4.7989274e-02
2.9436967e+01	-2.9621193e-02
2.9458776e+01	5.6375112e-03
2.9480585e+01	1.2839941e-02
2.9502394e+01	-1.4252493e-01
2.9524203e+01	-7.5291724e-03
2.9546012e+01	1.2777480e-01
2.9567821e+01	9.5084262e-02
2.9589630e+01	-9.5250626e-02
2.9611439e+01	-7.6984638e-02
2.9633248e+01	-2.8244891e-02
2.9655057e+01	-9.5718820e-02
2.9676865e+01	-1.0094803e-01
2.9698674e+01	3.5040131e-02
2.9720483e+01	-2.0579047e-02
2.9742292e+01	-7.5804590e-02
2.9764101e+01	1.8355885e-01
2.9785910e+01	5.4288957e-02
2.9807719e+01	2.2619322e-02
2.9829528e+01	1.0903526e-01
2.9851337e+01	2.3082263e-02
2.9873146e+01	-1.6184647e-01
2.9894955e+01	1.2536408e-01
2.9916764e+01	4.3868272e-01
2.9938573e+01	6.8258689e-01
2.9960382e+01	1.2838668e+00
2.9982191e+01	2.0252475e+00
3.0004000e+01	2.6138281e+00
3.0025808e+01	3.4404056e+00
3.0047617e+01	3.8043951e+00
3.0069426e+01	4.3986438e+00
3.0091235e+01	4.5076937e+00
3.0113044e+01	4.4277668e+00
3.0134853e+01	4.1054802e+00
3.0156662e+01	3.4343001e+00
3.0178471e+01	2.6923855e+00
3.0200280e+01	2.0989984e+00
3.0222089e+01	1.2832391e+00
3.0243898e+01	7.7366739e-01
3.0265707e+01	4.4066254e-01
3.0287516e+01	8.0730565e-02
3.0309325e+01	1.2574890e-01
3.0331134e+01	6.3818704e-02
3.0352943e+01	-6.9063483e-02
3.0374751e+01	-1.7299056e-01
3.0396560e+01	-1.9729986e-01
3.0418369e+01	-1.9565425e-02
3.0440178e+01	1.6041832e-01
3.0461987e+01	1.4623354e-01
3.0483796e+01	4.2246022e-02
3.0505605e+01	-1.2594109e-01
3.0527414e+01	-1.1774896e-01
3.0549223e+01	-7.6576903e-02
3.0571032e+01	-5.5315519e-02
3.0592841e+01	3.1912683e-02
3.0614650e+01	8.2702423e-02
3.0636459e+01	4.1684598e-02
3.0658268e+01	-1.1461385e-01
3.0680077e+01	-7.5097610e-03
3.0701886e+01	5.2552257e-02
3.0723694e+01	-2.0294070e-03
3.0745503e+01	-6.7066999e-03
3.0767312e+01	1.4943398e-01
3.0789121e+01	1.2202451e-01
3.0810930e+01	1.0939113e-01
3.0832739e+01	1.2575714e-01
3.0854548e+01	-6.1446965e-02
3.0876357e+01	-1.6296144e-01
3.0898166e+01	-1.7633292e-01
3.0919975e+01	1.4235922e-02
3.0941784e+01	9.1928109e-02
3.0963593e+01	7.0199208e-02
3.0985402e+01	5.2289705e-02
3.1007211e+01	3.6075758e-02
3.1029020e+01	-9.5860192e-02
3.1050829e+01	-6.4549248e-02
3.1072637e+01	-8.5264522e-02
3.1094446e+01	2.6693952e-02
3.1116255e+01	-4.6533133e-02
3.1138064e+01	-9.3750023e-02
3.1159873e+01	1.0873471e-02
3.1181682e+01	3.2471730e-03
3.1203491e+01	-4.1015788e-02
3.1225300e+01	1.2633766e-01
3.1247109e+01	1.2543710e-01
3.1268918e+01	2.5948859e-02
3.1290727e+01	-2.0908072e-02
3.1312536e+01	1.3120595e-03
3.1334345e+01	5.4064335e-02
3.1356154e+01	2.8484917e-01
3.1377963e+01	2.8795048e-02
3.1399772e+01	-1.0862666e-02
3.1421580e+01	-1.6715184e-02
3.1443389e+01	-1.8578904e-01
3.1465198e+01	-1.3605315e-01
3.1487007e+01	-4.0562498e-02
3.1508816e+01	-3.9840146e-02
3.1530625e+01	3.4383248e-02
3.1552434e+01	-7.2206651e-02
3.1574243e+01	1.4883325e-01
3.1596052e+01	1.3267842e-01
3.1617861e+01	-1.6153177e-02
3.1639670e+01	5.4514799e-02
3.1661479e+01	6.5022593e-02
3.1683288e+01	-7.0985225e-02
3.1705097e+01	-1.9369567e-01
3.1726906e+01	6.2345900e-02
3.1748715e+01	1.6854460e-01
3.1770524e+01	7.1167997e-01
3.1792332e+01	1.3886911e+00
3.1814141e+01	1.9169449e+00
3.1835950e+01	2.7534405e+00
3.1857759e+01	3.3588708e+00
3.1879568e+01	3.8668238e+00
3.1901377e+01	4.0396956e+00
3.1923186e+01	4.1669841e+00
3.1944995e+01	4.2066854e+00
3.1966804e+01	3.8936205e+00
3.1988613e+01	3.2005393e+00
3.2010422e+01	2.6134928e+00
3.2032231e+01	1.9617581e+00
3.2054040e+01	1.1924732e+00
3.2075849e+01	7.9354202e-01
3.2097658e+01	5.4374963e-01
3.2119467e+01	3.8664301e-01
3.2141275e+01	2.4095229e-01
3.2163084e+01	3.4788681e-03
3.2184893e+01	-6.9659915e-02
3.2206702e+01	2.0001506e-02
3.2228511e+01	-4.3838824e-02
3.2250320e+01	-1.3636181e-01
3.2272129e+01	2.9290263e-02
3.2293938e+01	2.0699341e-02
3.2315747e+01	4.9387389e-02
3.2337556e+01	4.2049274e-02
3.2359365e+01	-6.0735546e-02
3.2381174e+01	-8.9368399e-02
3.2402983e+01	-1.0593969e-01
3.2424792e+01	5.0175750e-02
3.2446601e+01	8.8460862e-03
3.2468410e+01	5.8581858e-03
3.2490218e+01	-3.2072379e-02
3.2512027e+01	1.5830105e-01
3.2533836e+01	7.8515508e-02
3.2555645e+01	-4.5324779e-02
3.2577454e+01	-2.9165227e-02
3.2599263e+01	8.3090910e-02
3.2621072e+01	3.1468773e-03
3.2642881e+01	-4.0410366e-02
3.2664690e+01	9.3900419e-02
3.2686499e+01	3.3078799e-02
3.2708308e+01	-3.9391995e-02
3.2730117e+01	-9.3787147e-02
3.2751926e+01	-3.2724459e-02
3.2773735e+01	-8.5594861e-02
3.2795544e+01	-1.4576153e-02
3.2817353e+01	1.0478061e-01
3.2839161e+01	-5.5608254e-02
3.2860970e+01	5.3605654e-03
3.2882779e+01	1.8271372e-02
3.2904588e+01	4.3874104e-02
3.2926397e+01	5.0509202e-02
3.2948206e+01	-3.7567853e-02
3.2970015e+01	1.0622146e-02
3.2991824e+01	-7.3068020e-02
3.3013633e+01	-4.9053913e-02
3.3035442e+01	6.9737005e-02
3.3057251e+01	6.4627745e-02
3.3079060e+01	5.9135937e-02
3.3100869e+01	5.8640451e-02
3.3122678e+01	3.6573193e-03
3.3144487e+01	-1.9690208e-01
3.3166296e+01	-5.6580673e-03
3.3188104e+01	3.3902387e-02
3.3209913e+01	-2.4748328e-02
3.3231722e+01	2.4386510e-02
3.3253531e+01	-9.5525076e-02
3.3275340e+01	8.0579503e-02
3.3297149e+01	-4.7192353e-02
3.3318958e+01	1.0871229e-01
3.3340767e+01	1.6100078e-01
3.3362576e+01	-3.1870323e-02
3.3384385e+01	-7.3431956e-04
3.3406194e+01	-6.9597867e-02
3.3428003e+01	-8.6909175e-02
3.3449812e+01	-3.4283056e-02
3.3471621e+01	-1.8982276e-01
3.3493430e+01	-4.6744443e-02
3.3515239e+01	-2.3932907e-02
3.3537047e+01	1.1109539e-02
3.3558856e+01	3.3484714e-02
3.3580665e+01	2.6448888e-03
3.3602474e+01	1.5325949e-01
3.3624283e+01	1.7439793e-01
3.3646092e+01	1.8846626e-01
3.3667901e+01	1.0176258e-01
3.3689710e+01	1.0440939e-01
3.3711519e+01	-5.2864021e-02
3.3733328e+01	-1.2572633e-01
3.3755137e+01	-1.4243069e-01
3.3776946e+01	-3.5199584e-02
3.3798755e+01	-5.7359696e-03
3.3820564e+01	9.4466847e-02
3.3842373e+01	-1.4167050e-01
3.3864182e+01	-4.1630247e-02
3.3885991e+01	3.5230580e-02
3.3907799e+01	9.5495942e-02
3.3929608e+01	6.3411208e-02
3.3951417e+01	-9.8495904e-02
3.3973226e+01	-6.1087529e-04
3.3995035e+01	-1.0617633e-01
3.4016844e+01	-3.1885510e-03
3.4038653e+01	3.8921081e-02
3.4060462e+01	8.7733302e-03
3.4082271e+01	1.0219405e-02
3.4104080e+01	5.4145644e-02
3.4125889e+01	5.8415435e-02
3.4147698e+01	-6.4351419e-02
3.4169507e+01	1.4582584e-02
3.4191316e+01	5.4594430e-02
3.4213125e+01	-8.6909864e-02
3.4234934e+01	-1.0694157e-01
3.4256742e+01	1.1394663e-01
3.4278551e+01	1.2159548e-01
3.4300360e+01	-1.5922140e-01
3.4322169e+01	4.8265390e-02
3.4343978e+01	4.9135444e-03
3.4365787e+01	-5.6808785e-02
3.4387596e+01	-4.9101941e-02
3.4409405e+01	6.9782751e-02
3.4431214e+01	1.3784004e-01
3.4453023e+01	-1.1962190e-02
3.4474832e+01	-2.4639454e-02
3.4496641e+01	2.1456028e-02
3.4518450e+01	2.4702708e-02
3.4540259e+01	-1.4740918e-01
3.4562068e+01	-1.4433831e-01
3.4583877e+01	1.2144135e-02
3.4605685e+01	1.1629011e-01
3.4627494e+01	1.6879648e-02
3.4649303e+01	5.3962730e-02
3.4671112e+01	6.4789066e-02
3.4692921e+01	1.3651778e-01
3.4714730e+01	-3.4789012e-02
3.4736539e+01	-8.6618111e-02
3.4758348e+01	-2.8673765e-03
3.4780157e+01	-9.9570809e-02
3.4801966e+01	-1.4679897e-01
3.4823775e+01	-6.7777708e-02
3.4845584e+01	2.2462127e-01
3.4867393e+01	1.3843099e-01
3.4889202e+01	-8.9245896e-02
3.4911011e+01	1.1575059e-01
3.4932820e+01	1.1915892e-01
3.4954628e+01	-3.5332290e-02
3.4976437e+01	-1.2347026e-01
3.4998246e+01	-3.8761442e-03
3.5020055e+01	3.2872340e-02
3.5041864e+01	-5.6873482e-02
3.5063673e+01	4.3011128e-02
3.5085482e+01	1.3922082e-02
3.5107291e+01	-4.0427225e-02
3.5129100e+01	-1.1372442e-01
3.5150909e+01	-3.0358232e-02
3.5172718e+01	1.4583716e-01
3.5194527e+01	8.5974833e-02
3.5216336e+01	8.6495666e-03
3.5238145e+01	-1.2879737e-01
3.5259954e+01	4.1409525e-02
3.5281763e+01	3.2557831e-02
3.5303571e+01	5.7300419e-02
3.5325380e+01	1.3676999e-01
3.5347189e+01	-3.0873612e-02
3.5368998e+01	-2.2767150e-01
3.5390807e+01	-2.3278350e-02
3.5412616e+01	4.6231195e-02
3.5434425e+01	9.1788022e-03
3.5456234e+01	-1.6564460e-02
3.5478043e+01	-5.0554876e-02
3.5499852e+01	-4.5751121e-02
3.5521661e+01	5.7062643e-02
3.5543470e+01	-9.7837532e-04
3.5565279e+01	-5.1134051e-02
3.5587088e+01	-1.4713694e-02
3.5608897e+01	4.8777208e-02
3.5630706e+01	3.8875120e-02
3.5652514e+01	1.8548114e-01
3.5674323e+01	1.2745435e-01
3.5696132e+01	5.2717925e-02
3.5717941e+01	1.8933167e-03
3.5739750e+01	-1.1283381e-01
3.5761559e+01	-2.7078750e-04
3.5783368e+01	-1.2262097e-02
3.5805177e+01	-1.4320197e-02
3.5826986e+01	2.9421737e-02
3.5848795e+01	4.1525376e-02
3.5870604e+01	2.4791052e-02
3.5892413e+01	-9.1059414e-02
3.5914222e+01	-5.9664054e-02
3.5936031e+01	5.4857029e-02
3.5957840e+01	-2.7130606e-01
3.5979649e+01	-3.7098110e-01
3.6001458e+01	5.3401640e-02
3.6023266e+01	1.7404795e-01
3.6045075e+01	6.6700395e-02
3.6066884e+01	-9.2315826e-03
3.6088693e+01	1.6497438e-01
3.6110502e+01	7.3339991e-02
3.6132311e+01	1.8553507e-01
3.6154120e+01	2.0554778e-02
3.6175929e+01	3.8920239e-02
3.6197738e+01	-4.8604741e-02
3.6219547e+01	6.6512120e-02
3.6241356e+01	-2.6226392e-02
3.6263165e+01	8.4599558e-02
3.6284974e+01	-8.2797637e-02
3.6306783e+01	-1.7749865e-01
3.6328592e+01	-7.2527656e-02
3.6350401e+01	-1.2637530e-01
3.6372209e+01	2.0632865e-02
3.6394018e+01	3.6494599e-02
3.6415827e+01	1.7859762e-02
3.6437636e+01	1.0308783e-01
3.6459445e+01	3.5421466e-02
3.6481254e+01	7.3132131e-02
3.6503063e+01	-1.0367461e-01
3.6524872e+01	4.4543892e-02
3.6546681e+01	1.4829177e-01
3.6568490e+01	1.9583415e-01
3.6590299e+01	6.6550068e-02
3.6612108e+01	-1.0302754e-01
3.6633917e+01	-1.6302591e-01
3.6655726e+01	-2.8130838e-01
3.6677535e+01	-2.5762142e-02
3.6699344e+01	-9.3499474e-02
3.6721152e+01	3.0994442e-02
3.6742961e+01	-5.1064298e-02
3.6764770e+01	6.8063983e-02
3.6786579e+01	4.3335461e-02
3.6808388e+01	7.8969067e-02
3.6830197e+01	1.0887853e-01
3.6852006e+01	8.2563470e-02
3.6873815e+01	7.9692875e-02
3.6895624e+01	1.1365178e-02
3.6917433e+01	4.0686605e-02
3.6939242e+01	8.7731341e-02
3.6961051e+01	-4.7359272e-02
3.6982860e+01	2.2921242e-02
3.7004669e+01	-1.9152659e-02
3.7026478e+01	2.6563765e-01
3.7048287e+01	3.7545562e-01
3.7070095e+01	4.1163834e-01
3.7091904e+01	-1.3263595e-01
3.7113713e+01	-1.7055607e-01
3.7135522e+01	-1.0616383e-01
3.7157331e+01	5.2100793e-03
3.7179140e+01	9.4610490e-02
3.7200949e+01	-2.4149147e-02
3.7222758e+01	-6.5928706e-02
3.7244567e+01	-7.2052731e-02
3.7266376e+01	6.2764305e-02
3.7288185e+01	8.9706174e-02
3.7309994e+01	6.9395090e-03
3.7331803e+01	-2.0442780e-02
3.7353612e+01	4.2298329e-02
3.7375421e+01	1.9421687e-02
3.7397230e+01	-9.5148866e-02
3.7419038e+01	-1.5255818e-01
3.7440847e+01	1.5201417e-01
3.7462656e+01	5.6334676e-01
3.7484465e+01	9.0731380e-01
3.7506274e+01	5.6206626e-01
3.7528083e+01	1.8838807e-01
3.7549892e+01	1.4789484e-01
3.7571701e+01	-6.6474623e-04
3.7593510e+01	-6.7348149e-02
3.7615319e+01	-7.9227139e-03
3.7637128e+01	2.5786119e-03
3.7658937e+01	-1.4788136e-01
3.7680746e+01	-9.7724614e-02
3.7702555e+01	8.5231091e-02
3.7724364e+01	-9.0608844e-02
3.7746173e+01	-3.9303041e-02
3.7767981e+01	3.0781785e-02
3.7789790e+01	6.7146338e-02
3.7811599e+01	-1.2633106e-01
3.7833408e+01	-4.4941598e-02
3.7855217e+01	2.1773366e-02
3.7877026e+01	1.1908486e-01
3.7898835e+01	8.8857151e-02
3.7920644e+01	1.9984768e-01
3.7942453e+01	1.8905468e-01
3.7964262e+01	1.3471460e-01
3.7986071e+01	-1.8356018e-01
3.8007880e+01	1.1935249e-02
3.8029689e+01	-8.9490599e-02
3.8051498e+01	3.4622802e-02
3.8073307e+01	-3.9345394e-02
3.8095116e+01	-1.9282353e-01
3.8116925e+01	-9.8817115e-02
3.8138733e+01	9.9282733e-02
3.8160542e+01	3.6482547e-01
3.8182351e+01	5.4466866e-01
3.8204160e+01	9.1572557e-01
3.8225969e+01	1.1334978e+00
3.8247778e+01	1.3828550e+00
3.8269587e+01	1.7669878e+00
3.8291396e+01	2.1768028e+00
3.8313205e+01	2.1551515e+00
3.8335014e+01	2.0668297e+00
3.8356823e+01	2.1137939e+00
3.8378632e+01	2.1312087e+00
3.8400441e+01	1.8487378e+00
3.8422250e+01	1.5691198e+00
3.8444059e+01	1.2623772e+00
3.8465868e+01	8.9245569e-01
3.8487676e+01	8.1775190e-01
3.8509485e+01	3.6119744e-01
3.8531294e+01	1.2792390e-01
3.8553103e+01	5.1083128e-02
3.8574912e+01	-3.3304234e-02
3.8596721e+01	7.9153384e-03
3.8618530e+01	1.0198482e-01
3.8640339e+01	-1.0268814e-01
3.8662148e+01	-1.4338582e-01
3.8683957e+01	7.9534152e-02
3.8705766e+01	-1.6800849e-01
3.8727575e+01	-7.5181962e-03
3.8749384e+01	-1.7276228e-02
3.8771193e+01	2.2631345e-01
3.8793002e+01	2.6557520e-01
3.8814811e+01	7.9836358e-02
3.8836619e+01	2.6532828e-02
3.8858428e+01	-1.7225544e-01
3.8880237e+01	-9.0571022e-03
3.8902046e+01	-3.3695057e-02
3.8923855e+01	-3.8868654e-02
3.8945664e+01	1.3563239e-02
3.8967473e+01	6.5985691e-02
3.8989282e+01	9.5713673e-02
3.9011091e+01	-5.7792705e-02
3.9032900e+01	-1.0698469e-01
3.9054709e+01	-2.2704707e-02
3.9076518e+01	1.5195668e-01
3.9098327e+01	1.0274910e-01
3.9120136e+01	-1.4502977e-01
3.9141945e+01	3.8718762e-02
3.9163754e+01	1.3742660e-01
3.9185562e+01	-2.3694230e-02
3.9207371e+01	-1.4163533e-01
3.9229180e+01	2.2036899e-02
3.9250989e+01	-2.0366945e-02
3.9272798e+01	-2.5175573e-01
3.9294607e+01	1.3371956e-02
3.9316416e+01	1.6919239e-01
3.9338225e+01	8.6697098e-02
3.9360034e+01	6.8584350e-02
3.9381843e+01	2.2501426e-03
3.9403652e+01	5.0094369e-02
3.9425461e+01	1.8817704e-01
3.9447270e+01	3.0330512e-02
3.9469079e+01	-6.1578778e-02
3.9490888e+01	-1.7564283e-01
3.9512697e+01	-2.0816061e-01
3.9534505e+01	-7.2162387e-02
3.9556314e+01	-4.8637715e-03
3.9578123e+01	2.0257752e-01
3.9599932e+01	6.6841679e-02
3.9621741e+01	-1.5940653e-01
3.9643550e+01	1.0169911e-03
3.9665359e+01	5.7669818e-02
3.9687168e+01	-4.7173337e-02
3.9708977e+01	7.5217301e-02
3.9730786e+01	-2.9179707e-02
3.9752595e+01	5.7462226e-02
3.9774404e+01	1.4537767e-01
3.9796213e+01	-2.3451937e-02
3.9818022e+01	1.2055920e-01
3.9839831e+01	4.4305008e-02
3.9861640e+01	8.7838733e-02
3.9883449e+01	-1.8212953e-01
3.9905257e+01	1.9108153e-02
3.9927066e+01	-2.6078389e-02
3.9948875e+01	4.1339413e-02
3.9970684e+01	4.0540747e-02
3.9992493e+01	3.9054423e-02
4.0014302e+01	-3.5671773e-02
4.0036111e+01	-1.5690101e-01
4.0057920e+01	-2.2854509e-01
4.0079729e+01	8.2081115e-02
4.0101538e+01	2.9271881e-02
4.0123347e+01	1.4039522e-01
4.0145156e+01	2.9751075e-01
4.0166965e+01	1.1396593e-01
4.0188774e+01	-1.6172480e-01
4.0210583e+01	-1.5399285e-01
4.0232392e+01	-9.9898826e-03
4.0254200e+01	-9.5752598e-02
4.0276009e+01	6.4204919e-02
4.0297818e+01	1.5839198e-01
4.0319627e+01	1.5513988e-01
4.0341436e+01	-3.0224022e-03
4.0363245e+01	-9.0085219e-02
4.0385054e+01	9.2461663e-02
4.0406863e+01	-3.0733068e-02
4.0428672e+01	-2.5029341e-01
4.0450481e+01	-1.4065601e-02
4.0472290e+01	9.1750213e-02
4.0494099e+01	1.6134925e-01
4.0515908e+01	-4.5176853e-02
4.0537717e+01	2.2316197e-01
4.0559526e+01	8.0192025e-02
4.0581335e+01	6.6010341e-02
4.0603143e+01	-3.8086725e-01
4.0624952e+01	-8.0046293e-03
4.0646761e+01	-1.5666710e-01
4.0668570e+01	2.4944452e-01
4.0690379e+01	1.9601154e-01
4.0712188e+01	7.6562595e-02
4.0733997e+01	2.6578242e-02
4.0755806e+01	3.1523830e-02
4.0777615e+01	6.4956594e-02
4.0799424e+01	-1.4555185e-02
4.0821233e+01	-1.4755969e-01
4.0843042e+01	-5.0328429e-02
4.0864851e+01	-1.1362739e-01
4.0886660e+01	9.6862413e-02
4.0908469e+01	8.9497280e-02
4.0930278e+01	-1.6445195e-02
4.0952086e+01	-9.8344601e-02
4.0973895e+01	-2.4421895e-02
4.0995704e+01	1.0736278e-01
4.1017513e+01	-1.9409287e-02
4.1039322e+01	-9.8096734e-02
4.1061131e+01	3.7632205e-02
4.1082940e+01	3.0965842e-02
4.1104749e+01	1.3874551e-01
4.1126558e+01	3.1151307e-01
4.1148367e+01	3.8000419e-02
4.1170176e+01	-1.7661148e-01
4.1191985e+01	1.7462195e-02
4.1213794e+01	4.3876224e-02
4.1235603e+01	-1.0635623e-01
4.1257412e+01	-8.8043020e-02
4.1279221e+01	1.8721887e-02
4.1301029e+01	1.1901591e-01
4.1322838e+01	1.1844900e-01
4.1344647e+01	4.1243267e-02
4.1366456e+01	2.0523082e-01
4.1388265e+01	1.3575156e-01
4.1410074e+01	-1.5539931e-01
4.1431883e+01	-2.7046426e-01
4.1453692e+01	-8.3826901e-02
4.1475501e+01	7.1289639e-02
4.1497310e+01	2.1128902e-01
4.1519119e+01	-2.5159166e-01
4.1540928e+01	-6.3038971e-02
4.1562737e+01	1.3920390e-01
4.1584546e+01	1.7342648e-01
4.1606355e+01	2.8214772e-02
4.1628164e+01	-9.5126913e-02
4.1649972e+01	-3.7560602e-02
4.1671781e+01	-1.3384678e-01
4.1693590e+01	-1.2161862e-01
4.1715399e+01	4.9431129e-02
4.1737208e+01	-6.4625849e-03
4.1759017e+01	1.0461348e-02
4.1780826e+01	1.2195918e-01
4.1802635e+01	1.6689415e-01
4.1824444e+01	8.9170039e-02
4.1846253e+01	1.5014145e-01
4.1868062e+01	4.3933285e-01
4.1889871e+01	3.3851037e-01
4.1911680e+01	2.8166847e-01
4.1933489e+01	8.6093697e-02
4.1955298e+01	3.7796149e-02
4.1977107e+01	-2.6555858e-01
4.1998916e+01	-4.0044429e-01
4.2020724e+01	-3.0392851e-02
4.2042533e+01	1.1933004e-02
4.2064342e+01	1.8341397e-01
4.2086151e+01	-2.3095170e-02
4.2107960e+01	1.4349117e-01
4.2129769e+01	2.0526804e-02
4.2151578e+01	4.4261442e-02
4.2173387e+01	4.6994324e-03
4.2195196e+01	3.4518939e-01
4.2217005e+01	7.1701566e-02
4.2238814e+01	5.6220262e-02
4.2260623e+01	-1.3522104e-01
4.2282432e+01	-4.4272403e-02
4.2304241e+01	-2.1282967e-01
4.2326050e+01	1.0492838e-01
4.2347859e+01	2.1431255e-02
4.2369667e+01	-5.7883957e-02
4.2391476e+01	-1.5505756e-01
4.2413285e+01	-1.9142100e-01
4.2435094e+01	-1.3372399e-03
4.2456903e+01	9.0547386e-02
4.2478712e+01	1.0449507e-01
4.2500521e+01	1.1909796e-01
4.2522330e+01	9.1099765e-02
4.2544139e+01	6.5982088e-02
4.2565948e+01	9.9040238e-02
4.2587757e+01	4.7888176e-01
4.2609566e+01	4.2231072e-01
4.2631375e+01	-5.5802527e-02
4.2653184e+01	5.1855749e-01
4.2674993e+01	3.0276670e-01
4.2696802e+01	1.3128485e-01
4.2718610e+01	-1.6072926e-02
4.2740419e+01	4.5478399e-02
4.2762228e+01	-4.4636896e-02
4.2784037e+01	-6.4250357e-02
4.2805846e+01	-1.9776631e-01
4.2827655e+01	4.5421050e-02
4.2849464e+01	8.6153667e-02
4.2871273e+01	-5.9659419e-02
4.2893082e+01	5.9621688e-02
4.2914891e+01	-2.1938806e-01
4.2936700e+01	1.0225959e-01
4.2958509e+01	6.3920795e-02
4.2980318e+01	-1.0079746e-01
4.3002127e+01	1.0559704e-01
4.3023936e+01	8.2450675e-03
4.3045745e+01	1.1801603e-01
4.3067553e+01	1.4094303e-01
4.3089362e+01	-1.9516964e-01
4.3111171e+01	4.9814084e-02
4.3132980e+01	-1.9886415e-01
4.3154789e+01	1.7849890e-02
4.3176598e+01	-3.8886830e-02
4.3198407e+01	-1.4620882e-01
4.3220216e+01	5.3679930e-02
4.3242025e+01	6.0229466e-03
4.3263834e+01	1.4020142e-01
4.3285643e+01	4.6835156e-02
4.3307452e+01	9.8267591e-02
4.3329261e+01	-3.8807308e-02
4.3351070e+01	-1.0162940e-01
4.3372879e+01	9.2528352e-02
4.3394688e+01	-3.4449695e-02
4.3416496e+01	-1.8815398e-01
4.3438305e+01	2.2845770e-01
4.3460114e+01	5.5867286e-02
4.3481923e+01	2.3247163e-02
4.3503732e+01	7.1478737e-02
4.3525541e+01	-5.0236178e-05
4.3547350e+01	-7.5053650e-02
4.3569159e+01	-6.5544728e-02
4.3590968e+01	-1.3012139e-01
4.3612777e+01	-5.8572303e-02
4.3634586e+01	1.4126708e-01
4.3656395e+01	4.1580311e-01
4.3678204e+01	1.5471539e-01
4.3700013e+01	7.0858631e-01
4.3721822e+01	1.1280760e+00
4.3743631e+01	1.6945955e+00
4.3765439e+01	2.4475840e+00
4.3787248e+01	2.1434234e+00
4.3809057e+01	2.4788089e+00
4.3830866e+01	2.9957685e+00
4.3852675e+01	3.3717523e+00
4.3874484e+01	3.3427114e+00
4.3896293e+01	2.7443639e+00
4.3918102e+01	2.4066817e+00
4.3939911e+01	2.4766821e+00
4.3961720e+01	1.8919681e+00
4.3983529e+01	1.3142546e+00
4.4005338e+01	7.5392295e-01
4.4027147e+01	4.4715605e-01
4.4048956e+01	4.6354099e-01
4.4070765e+01	4.5038928e-02
4.4092574e+01	-2.5492402e-01
4.4114383e+01	2.0789591e-01
4.4136191e+01	4.5040930e-02
4.4158000e+01	7.9536016e-01
4.4179809e+01	4.6460330e-01
4.4201618e+01	9.5167028e-02
4.4223427e+01	-1.0582924e-01
4.4245236e+01	-1.0050475e-01
4.4267045e+01	2.7936261e-01
4.4288854e+01	4.4432979e-01
4.4310663e+01	2.7566666e-03
4.4332472e+01	1.4647696e-01
4.4354281e+01	-1.0216735e-01
4.4376090e+01	1.2272562e-02
4.4397899e+01	-2.9560231e-02
4.4419708e+01	7.2706155e-02
4.4441517e+01	-1.8900073e-01
4.4463326e+01	-3.1697552e-02
4.4485134e+01	4.2244001e-02
4.4506943e+01	2.0887140e-02
4.4528752e+01	5.4743885e-01
4.4550561e+01	6.0682378e-01
4.4572370e+01	3.0868515e-01
4.4594179e+01	5.4004363e-03
4.4615988e+01	1.6742540e-01
4.4637797e+01	5.3488209e-01
4.4659606e+01	3.8470692e-01
4.4681415e+01	4.6896055e-01
4.4703224e+01	5.0761795e-02
4.4725033e+01	2.6106099e-01
4.4746842e+01	-7.0862153e-02
4.4768651e+01	-1.2008679e-01
4.4790460e+01	-7.4406497e-02
4.4812269e+01	3.6403879e-01
4.4834077e+01	3.1409788e-01
4.4855886e+01	6.4434593e-02
4.4877695e+01	-2.0001372e-01
4.4899504e+01	-3.5792282e-02
4.4921313e+01	2.6389475e-01
4.4943122e+01	-1.8450378e-02
4.4964931e+01	2.4044458e-02
4.4986740e+01	7.0419825e-02