Image file: \\Gfs05\g45\SAXS\2020_12\HDF5\2020-12.10_Kevin_day2_SN\2020-12-10_Max_Cu123_SN_000017_data_000133.h5
ImageIntegration1d_chi_output; Output_Directory= \\Gfs05\g45\SAXS\2020_12\Processed\2020-12-09_Kevin_day1_SN\Chi-Sample-7
Profile = Radial, StartAzimuth = 0.0, EndAzimuth = 360.0, Sam_Det_distance = 250.818474293, InnerRadius = 15.0, OuterRadius = 2400.0, Lambda = 30, Ratio = 0.001, Itermax = 100
2400
2.0013229e+00	5.2932567e-02
2.0231319e+00	-1.1005775e-02
2.0449408e+00	-4.3219382e-02
2.0667497e+00	-6.9293179e-02
2.0885587e+00	2.9872478e-02
2.1103676e+00	8.5415893e-02
2.1321765e+00	5.9070766e-02
2.1539855e+00	-8.5448450e-03
2.1757944e+00	-2.0516224e-01
2.1976034e+00	5.5912656e-02
2.2194123e+00	3.2074853e-02
2.2412212e+00	2.8394920e-01
2.2630302e+00	1.3726827e-01
2.2848391e+00	-2.2344734e-02
2.3066480e+00	-1.8987154e-01
2.3284570e+00	-1.4815467e-03
2.3502659e+00	2.5818376e-01
2.3720749e+00	4.2936831e-01
2.3938838e+00	1.1540803e-01
2.4156927e+00	5.0025932e-02
2.4375017e+00	-8.2790981e-03
2.4593106e+00	1.4347283e-03
2.4811196e+00	-1.3684347e-01
2.5029285e+00	-1.5873121e-01
2.5247374e+00	1.1942944e-01
2.5465464e+00	-1.6915294e-02
2.5683553e+00	8.3730790e-02
2.5901642e+00	5.2322924e-02
2.6119732e+00	1.3232289e-01
2.6337821e+00	-1.0938532e-03
2.6555911e+00	2.9634421e-02
2.6774000e+00	1.7555833e-02
2.6992089e+00	-1.1187023e-01
2.7210179e+00	-2.7915694e-01
2.7428268e+00	-3.3920610e-02
2.7646358e+00	1.6192966e-01
2.7864447e+00	3.1710840e-02
2.8082536e+00	9.3093868e-02
2.8300626e+00	1.6616431e-01
2.8518715e+00	-1.0230185e-01
2.8736804e+00	4.0329902e-02
2.8954894e+00	-1.4090007e-01
2.9172983e+00	-8.9949943e-02
2.9391073e+00	7.9585693e-02
2.9609162e+00	1.8700431e-01
2.9827251e+00	1.0242259e-01
3.0045341e+00	2.2220463e-02
3.0263430e+00	-1.7032595e-02
3.0481519e+00	-1.4424136e-01
3.0699609e+00	-1.2432740e-01
3.0917698e+00	-2.0694285e-02
3.1135788e+00	1.2135350e-01
3.1353877e+00	-1.1930261e-02
3.1571966e+00	-8.9220433e-03
3.1790056e+00	-1.0972069e-02
3.2008145e+00	1.0769548e-01
3.2226235e+00	5.1046736e-02
3.2444324e+00	4.3112262e-02
3.2662413e+00	1.9713691e-01
3.2880503e+00	-1.0030944e-01
3.3098592e+00	-1.3779919e-01
3.3316681e+00	2.4004663e-02
3.3534771e+00	-3.4008635e-02
3.3752860e+00	-1.3633247e-02
3.3970950e+00	-8.5073326e-02
3.4189039e+00	-1.8402706e-01
3.4407128e+00	1.4877785e-01
3.4625218e+00	1.1094389e-01
3.4843307e+00	2.1204073e-01
3.5061396e+00	1.7509752e-01
3.5279486e+00	-9.0294539e-03
3.5497575e+00	-3.2093360e-02
3.5715665e+00	-1.2895376e-01
3.5933754e+00	-3.1447060e-02
3.6151843e+00	5.1842696e-02
3.6369933e+00	7.4210071e-02
3.6588022e+00	3.2538971e-02
3.6806112e+00	-9.7195377e-03
3.7024201e+00	-1.8878114e-02
3.7242290e+00	-7.0306812e-02
3.7460380e+00	-5.9736971e-02
3.7678469e+00	-5.3178767e-02
3.7896558e+00	-4.3714621e-02
3.8114648e+00	1.4119215e-01
3.8332737e+00	2.2676801e-02
3.8550827e+00	-6.9082324e-02
3.8768916e+00	1.7141272e-01
3.8987005e+00	5.8389233e-02
3.9205095e+00	-6.7916708e-02
3.9423184e+00	4.6249679e-02
3.9641273e+00	-4.6981356e-02
3.9859363e+00	-5.9695434e-02
4.0077452e+00	2.7513931e-01
4.0295542e+00	4.3671210e-01
4.0513631e+00	3.6234721e-01
4.0731720e+00	1.6177693e-01
4.0949810e+00	-1.4226303e-01
4.1167899e+00	-5.6756555e-02
4.1385989e+00	9.8240487e-02
4.1604078e+00	4.3932621e-02
4.1822167e+00	2.0126660e-02
4.2040257e+00	-6.9885481e-02
4.2258346e+00	-1.3215574e-01
4.2476435e+00	-7.1087919e-02
4.2694525e+00	9.6022238e-02
4.2912614e+00	6.7526209e-02
4.3130704e+00	-2.3331495e-02
4.3348793e+00	1.3065361e-01
4.3566882e+00	2.6964714e-01
4.3784972e+00	3.2320791e-02
4.4003061e+00	-1.1839319e-01
4.4221151e+00	2.6145910e-02
4.4439240e+00	-1.1343901e-02
4.4657329e+00	1.5394078e-02
4.4875419e+00	-4.5653746e-02
4.5093508e+00	-4.1536759e-02
4.5311597e+00	-5.0392120e-02
4.5529687e+00	1.2761598e-01
4.5747776e+00	1.4262553e-01
4.5965866e+00	-9.2096578e-02
4.6183955e+00	-4.1791485e-02
4.6402044e+00	-3.0881700e-02
4.6620134e+00	-8.5188273e-02
4.6838223e+00	-5.0641483e-02
4.7056312e+00	1.7286670e-01
4.7274402e+00	3.7932818e-02
4.7492491e+00	1.2853429e-01
4.7710581e+00	-5.8270986e-03
4.7928670e+00	-1.0875761e-01
4.8146759e+00	3.8320466e-02
4.8364849e+00	-2.7754080e-02
4.8582938e+00	-9.3540864e-02
4.8801028e+00	-6.5497837e-04
4.9019117e+00	2.1201261e-02
4.9237206e+00	1.7877034e-01
4.9455296e+00	2.8462625e-01
4.9673385e+00	-1.0200612e-01
4.9891474e+00	1.8095954e-02
5.0109564e+00	6.0417560e-04
5.0327653e+00	6.1627788e-02
5.0545743e+00	-4.8271076e-02
5.0763832e+00	-1.1764168e-02
5.0981921e+00	-5.5478758e-02
5.1200011e+00	5.8847592e-02
5.1418100e+00	-5.0395898e-02
5.1636189e+00	4.8802855e-02
5.1854279e+00	1.0201425e-01
5.2072368e+00	-7.4893725e-02
5.2290458e+00	2.3623827e-02
5.2508547e+00	-1.6856097e-02
5.2726636e+00	-4.1478279e-02
5.2944726e+00	-8.0716159e-02
5.3162815e+00	4.5774842e-02
5.3380905e+00	5.9513511e-02
5.3598994e+00	1.8073225e-03
5.3817083e+00	-6.0679173e-03
5.4035173e+00	7.7231456e-02
5.4253262e+00	-4.8124898e-02
5.4471351e+00	-2.8598419e-03
5.4689441e+00	-1.0419632e-02
5.4907530e+00	-1.0638634e-01
5.5125620e+00	-1.8644099e-02
5.5343709e+00	1.3315395e-01
5.5561798e+00	1.1247061e-01
5.5779888e+00	-1.0198242e-01
5.5997977e+00	-2.9848761e-02
5.6216066e+00	3.0816173e-02
5.6434156e+00	1.7417303e-02
5.6652245e+00	-3.9739253e-02
5.6870335e+00	-1.0559133e-01
5.7088424e+00	8.2112868e-03
5.7306513e+00	3.8929318e-02
5.7524603e+00	4.7699353e-02
5.7742692e+00	-1.2906468e-02
5.7960782e+00	-3.7037340e-02
5.8178871e+00	1.3673930e-01
5.8396960e+00	4.0465989e-02
5.8615050e+00	1.3627557e-01
5.8833139e+00	5.1079886e-02
5.9051228e+00	-2.5664987e-01
5.9269318e+00	-1.2944227e-01
5.9487407e+00	1.7565082e-02
5.9705497e+00	-2.7240764e-02
5.9923586e+00	-6.6700628e-02
6.0141675e+00	1.3825009e-01
6.0359765e+00	1.1356391e-01
6.0577854e+00	-5.8694264e-03
6.0795944e+00	5.7163043e-02
6.1014033e+00	-4.1008332e-02
6.1232122e+00	-9.0928069e-03
6.1450212e+00	-1.3284287e-02
6.1668301e+00	-1.5227946e-02
6.1886390e+00	-1.4543617e-02
6.2104480e+00	-3.0498034e-02
6.2322569e+00	-8.5468636e-02
6.2540659e+00	9.9860125e-02
6.2758748e+00	1.1110845e-01
6.2976837e+00	-5.8288156e-02
6.3194927e+00	-2.9344840e-02
6.3413016e+00	1.0427070e-01
6.3631105e+00	1.5538631e-01
6.3849195e+00	-8.7802482e-02
6.4067284e+00	-1.4035932e-01
6.4285374e+00	-7.9594010e-03
6.4503463e+00	-1.4773621e-03
6.4721552e+00	-1.2854178e-05
6.4939642e+00	-1.6158736e-01
6.5157731e+00	-3.0825932e-02
6.5375821e+00	1.3717257e-01
6.5593910e+00	1.7063420e-01
6.5811999e+00	3.8137842e-02
6.6030089e+00	-1.0763121e-01
6.6248178e+00	9.6767938e-02
6.6466267e+00	-8.7349284e-02
6.6684357e+00	2.6957055e-02
6.6902446e+00	3.5624581e-04
6.7120536e+00	-4.9110585e-02
6.7338625e+00	5.8150835e-02
6.7556714e+00	1.3812247e-02
6.7774804e+00	1.2425479e-01
6.7992893e+00	6.7792362e-02
6.8210982e+00	-9.6509512e-02
6.8429072e+00	-1.0279981e-01
6.8647161e+00	-1.3670575e-01
6.8865251e+00	-4.5851305e-03
6.9083340e+00	8.3054047e-02
6.9301429e+00	7.1889392e-02
6.9519519e+00	-2.6314208e-02
6.9737608e+00	-5.5371504e-02
6.9955698e+00	1.1577028e-01
7.0173787e+00	6.9154140e-02
7.0391876e+00	-7.8000999e-02
7.0609966e+00	2.3722910e-02
7.0828055e+00	4.3051600e-02
7.1046144e+00	-1.1180826e-01
7.1264234e+00	-1.8694968e-02
7.1482323e+00	1.0674793e-01
7.1700413e+00	-2.1664750e-01
7.1918502e+00	-1.4264491e-02
7.2136591e+00	1.6573526e-01
7.2354681e+00	4.0612078e-02
7.2572770e+00	4.7235682e-02
7.2790859e+00	1.5882982e-02
7.3008949e+00	-2.6885273e-02
7.3227038e+00	-8.1444356e-02
7.3445128e+00	1.0337603e-01
7.3663217e+00	3.4477651e-02
7.3881306e+00	-1.2311146e-01
7.4099396e+00	5.1352980e-02
7.4317485e+00	-6.2000141e-02
7.4535575e+00	1.3553036e-01
7.4753664e+00	1.1049790e-01
7.4971753e+00	-1.9070219e-01
7.5189843e+00	-1.3253252e-01
7.5407932e+00	-7.7779970e-02
7.5626021e+00	1.6412520e-01
7.5844111e+00	1.4563608e-01
7.6062200e+00	4.2186784e-02
7.6280290e+00	-4.5196093e-02
7.6498379e+00	1.4633945e-01
7.6716468e+00	2.0629437e-01
7.6934558e+00	-1.4873639e-01
7.7152647e+00	-2.0641785e-01
7.7370737e+00	8.6761724e-05
7.7588826e+00	5.4670804e-02
7.7806915e+00	5.7812748e-02
7.8025005e+00	-9.5703650e-02
7.8243094e+00	-4.2286287e-02
7.8461183e+00	8.5704817e-02
7.8679273e+00	-2.9456400e-02
7.8897362e+00	1.2605038e-01
7.9115452e+00	-8.6162644e-03
7.9333541e+00	-1.8467444e-02
7.9551630e+00	1.5298590e-02
7.9769720e+00	-4.9095385e-02
7.9987809e+00	1.0429379e-01
8.0205898e+00	9.1577250e-02
8.0423988e+00	-8.7520830e-02
8.0642077e+00	-9.3639084e-02
8.0860167e+00	-9.8360727e-03
8.1078256e+00	1.5103769e-01
8.1296345e+00	-6.2358817e-02
8.1514435e+00	-1.2900652e-01
8.1732524e+00	-4.5924163e-02
8.1950614e+00	5.5447609e-02
8.2168703e+00	-7.0996095e-03
8.2386792e+00	9.8925821e-02
8.2604882e+00	1.1240389e-01
8.2822971e+00	-1.0668629e-02
8.3041060e+00	-2.1133621e-02
8.3259150e+00	1.0358925e-01
8.3477239e+00	-2.3729980e-01
8.3695329e+00	-1.5748618e-01
8.3913418e+00	2.9153670e-02
8.4131507e+00	1.3870481e-01
8.4349597e+00	4.1447463e-02
8.4567686e+00	8.9168655e-02
8.4785775e+00	-3.2920860e-02
8.5003865e+00	-1.4958427e-02
8.5221954e+00	1.8117636e-01
8.5440044e+00	7.0710095e-03
8.5658133e+00	-6.7031791e-02
8.5876222e+00	-1.5517359e-01
8.6094312e+00	-1.4802297e-01
8.6312401e+00	1.3899488e-01
8.6530491e+00	1.4260382e-01
8.6748580e+00	-5.7805522e-02
8.6966669e+00	-6.2942660e-03
8.7184759e+00	1.5523982e-01
8.7402848e+00	-1.0250805e-04
8.7620937e+00	-6.2710367e-02
8.7839027e+00	2.8776525e-02
8.8057116e+00	8.0745345e-02
8.8275206e+00	-1.6280097e-02
8.8493295e+00	-1.9233965e-01
8.8711384e+00	-9.0988008e-02
8.8929474e+00	3.2532428e-02
8.9147563e+00	7.6365926e-02
8.9365652e+00	-5.2267751e-02
8.9583742e+00	1.6858367e-01
8.9801831e+00	2.7971321e-01
9.0019921e+00	2.5724204e-01
9.0238010e+00	5.0701667e-02
9.0456099e+00	1.2549772e-02
9.0674189e+00	-6.3436426e-02
9.0892278e+00	-8.2720029e-02
9.1110368e+00	7.6425961e-02
9.1328457e+00	-4.2562441e-02
9.1546546e+00	-6.8763573e-02
9.1764636e+00	-1.0420062e-01
9.1982725e+00	7.5068963e-02
9.2200814e+00	2.1392284e-01
9.2418904e+00	-3.1961220e-03
9.2636993e+00	1.2956153e-02
9.2855083e+00	1.8030714e-01
9.3073172e+00	1.6715248e-01
9.3291261e+00	-1.3417660e-01
9.3509351e+00	-1.5066163e-01
9.3727440e+00	-6.1943651e-02
9.3945530e+00	-1.4084275e-01
9.4163619e+00	-1.1087673e-02
9.4381708e+00	6.3670515e-02
9.4599798e+00	1.9773592e-01
9.4817887e+00	2.0349003e-01
9.5035976e+00	2.6535074e-02
9.5254066e+00	5.4550614e-02
9.5472155e+00	2.6019014e-02
9.5690245e+00	5.8803824e-02
9.5908334e+00	1.6194948e-01
9.6126423e+00	6.4929709e-02
9.6344513e+00	-2.2082483e-01
9.6562602e+00	-2.9168647e-01
9.6780691e+00	-2.2010570e-01
9.6998781e+00	6.6441853e-02
9.7216870e+00	8.2205401e-02
9.7434960e+00	7.8718773e-02
9.7653049e+00	2.7042130e-02
9.7871138e+00	2.7688781e-02
9.8089228e+00	1.1483205e-01
9.8307317e+00	9.5393902e-02
9.8525407e+00	1.6363711e-01
9.8743496e+00	-1.0049628e-01
9.8961585e+00	-1.2807373e-01
9.9179675e+00	5.5925965e-02
9.9397764e+00	8.0136009e-02
9.9615853e+00	-1.1504287e-01
9.9833943e+00	-1.8774676e-01
1.0005203e+01	-4.5203148e-02
1.0027012e+01	1.1781668e-01
1.0048821e+01	6.6478652e-02
1.0070630e+01	4.0905649e-02
1.0092439e+01	6.5128001e-02
1.0114248e+01	8.5717558e-02
1.0136057e+01	-1.0189017e-01
1.0157866e+01	1.4364299e-02
1.0179675e+01	3.5351599e-02
1.0201484e+01	1.5977475e-01
1.0223293e+01	3.4041236e-02
1.0245102e+01	7.5692628e-02
1.0266910e+01	-1.7226481e-01
1.0288719e+01	-2.3189121e-01
1.0310528e+01	-5.4228587e-02
1.0332337e+01	8.7822775e-01
1.0354146e+01	1.7843826e+00
1.0375955e+01	2.0465217e+00
1.0397764e+01	2.4803060e+00
1.0419573e+01	3.1310781e+00
1.0441382e+01	3.5371229e+00
1.0463191e+01	4.5976812e+00
1.0485000e+01	6.1839727e+00
1.0506809e+01	8.1066573e+00
1.0528618e+01	9.0757318e+00
1.0550427e+01	8.8154169e+00
1.0572236e+01	7.6143414e+00
1.0594045e+01	7.2056352e+00
1.0615853e+01	7.8804430e+00
1.0637662e+01	8.1796356e+00
1.0659471e+01	7.7176678e+00
1.0681280e+01	6.2539234e+00
1.0703089e+01	4.4616162e+00
1.0724898e+01	2.6073340e+00
1.0746707e+01	1.4480706e+00
1.0768516e+01	6.8354979e-01
1.0790325e+01	1.3379532e-01
1.0812134e+01	9.1911009e-02
1.0833943e+01	-3.8186458e-02
1.0855752e+01	-1.7261755e-02
1.0877561e+01	7.7740714e-02
1.0899370e+01	4.1356406e-02
1.0921179e+01	-1.3586963e-01
1.0942988e+01	-3.6160637e-02
1.0964796e+01	-4.6517992e-02
1.0986605e+01	1.5966696e-02
1.1008414e+01	2.3506186e-01
1.1030223e+01	3.8114310e-01
1.1052032e+01	5.9528268e-01
1.1073841e+01	7.2694623e-01
1.1095650e+01	1.1287713e+00
1.1117459e+01	1.4219104e+00
1.1139268e+01	1.7174350e+00
1.1161077e+01	1.7279968e+00
1.1182886e+01	1.9039132e+00
1.1204695e+01	2.4450107e+00
1.1226504e+01	2.8757860e+00
1.1248313e+01	2.2591196e+00
1.1270122e+01	6.8257889e-01
1.1291931e+01	3.1627954e-01
1.1313740e+01	1.5274305e-01
1.1335548e+01	1.2841218e-01
1.1357357e+01	1.6775539e-01
1.1379166e+01	-1.1206170e-01
1.1400975e+01	-2.9261013e-01
1.1422784e+01	7.1610285e-02
1.1444593e+01	-2.0386858e-01
1.1466402e+01	-1.6884736e-02
1.1488211e+01	2.6141044e-01
1.1510020e+01	2.6302983e-01
1.1531829e+01	4.7292943e-02
1.1553638e+01	1.0521475e-01
1.1575447e+01	-1.6506776e-01
1.1597256e+01	1.1455572e-01
1.1619065e+01	3.4820068e-01
1.1640874e+01	1.6132548e-02
1.1662683e+01	-4.3854110e-03
1.1684491e+01	5.2347776e-03
1.1706300e+01	-6.5377939e-02
1.1728109e+01	-4.7007774e-02
1.1749918e+01	6.1076887e-02
1.1771727e+01	-5.9469974e-02
1.1793536e+01	-2.6272510e-02
1.1815345e+01	9.4886982e-02
1.1837154e+01	2.9189535e-01
1.1858963e+01	1.4625741e-01
1.1880772e+01	3.6994324e-01
1.1902581e+01	3.1272969e-01
1.1924390e+01	3.6260977e-02
1.1946199e+01	-1.5629814e-01
1.1968008e+01	-1.0340842e-01
1.1989817e+01	-5.4237763e-02
1.2011626e+01	4.0994683e-02
1.2033434e+01	1.0961818e-01
1.2055243e+01	-2.5154400e-02
1.2077052e+01	-8.4704337e-02
1.2098861e+01	1.5408797e-01
1.2120670e+01	9.5970313e-02
1.2142479e+01	1.0941154e-01
1.2164288e+01	-1.6599594e-01
1.2186097e+01	-8.5890489e-02
1.2207906e+01	-1.1270031e-01
1.2229715e+01	-1.8367892e-02
1.2251524e+01	1.5128479e-01
1.2273333e+01	2.3470649e-01
1.2295142e+01	1.0196551e-01
1.2316951e+01	-1.0798654e-01
1.2338760e+01	2.0477117e-01
1.2360569e+01	-6.5171170e-02
1.2382377e+01	5.8841932e-03
1.2404186e+01	7.9686934e-02
1.2425995e+01	-1.8945403e-01
1.2447804e+01	-1.0247969e-01
1.2469613e+01	5.8205063e-02
1.2491422e+01	-1.2593868e-02
1.2513231e+01	1.1988006e-01
1.2535040e+01	1.5603973e-01
1.2556849e+01	1.8478083e-02
1.2578658e+01	1.1781275e-01
1.2600467e+01	-1.6162880e-01
1.2622276e+01	-1.6487402e-01
1.2644085e+01	1.1639721e-01
1.2665894e+01	-5.0029228e-02
1.2687703e+01	9.8354337e-02
1.2709512e+01	1.3419675e-02
1.2731320e+01	-1.4510439e-01
1.2753129e+01	9.8107219e-03
1.2774938e+01	2.9189359e-02
1.2796747e+01	-8.4810457e-02
1.2818556e+01	-3.5450716e-02
1.2840365e+01	5.3493009e-03
1.2862174e+01	1.7704439e-01
1.2883983e+01	-1.8945616e-02
1.2905792e+01	-5.5099064e-02
1.2927601e+01	-9.6245327e-02
1.2949410e+01	8.0355345e-02
1.2971219e+01	1.1874864e-01
1.2993028e+01	1.5443265e-01
1.3014837e+01	4.1947359e-01
1.3036646e+01	4.6596373e-01
1.3058455e+01	3.9576908e-01
1.3080264e+01	7.0641133e-01
1.3102072e+01	7.8503852e-01
1.3123881e+01	5.2186950e-03
1.3145690e+01	-6.6524107e-02
1.3167499e+01	8.0604535e-02
1.3189308e+01	2.9808082e-02
1.3211117e+01	4.6822684e-02
1.3232926e+01	1.0377302e-01
1.3254735e+01	4.1091151e-03
1.3276544e+01	-5.8134661e-02
1.3298353e+01	-1.9849667e-01
1.3320162e+01	-2.1157794e-01
1.3341971e+01	-3.7838495e-01
1.3363780e+01	5.1227385e-02
1.3385589e+01	2.8557500e-01
1.3407398e+01	1.7335624e-01
1.3429207e+01	1.0264762e-01
1.3451015e+01	1.2202836e-01
1.3472824e+01	1.2274900e-01
1.3494633e+01	1.1774388e-01
1.3516442e+01	2.8661279e-02
1.3538251e+01	-3.9883813e-02
1.3560060e+01	9.2239033e-02
1.3581869e+01	7.4227109e-02
1.3603678e+01	-1.3578768e-01
1.3625487e+01	-1.9644282e-01
1.3647296e+01	-5.6810602e-02
1.3669105e+01	5.0123720e-02
1.3690914e+01	-2.3028901e-02
1.3712723e+01	4.6516912e-02
1.3734532e+01	1.3200557e-01
1.3756341e+01	2.0858862e-02
1.3778150e+01	-7.5907607e-02
1.3799958e+01	2.0263642e-02
1.3821767e+01	-4.2025016e-02
1.3843576e+01	7.9783405e-02
1.3865385e+01	1.2993114e-01
1.3887194e+01	-1.6997048e-01
1.3909003e+01	-4.3828668e-02
1.3930812e+01	5.6734998e-02
1.3952621e+01	5.8516317e-02
1.3974430e+01	1.8040361e-02
1.3996239e+01	-2.0101223e-01
1.4018048e+01	-8.6865427e-02
1.4039857e+01	6.7696163e-02
1.4061666e+01	6.4385173e-02
1.4083475e+01	1.3478278e-01
1.4105284e+01	8.7893645e-02
1.4127093e+01	5.6180285e-02
1.4148901e+01	-1.5668458e-01
1.4170710e+01	-3.0372968e-02
1.4192519e+01	7.0674864e-02
1.4214328e+01	-1.3423452e-01
1.4236137e+01	-1.6679776e-01
1.4257946e+01	-3.6517068e-02
1.4279755e+01	1.6535518e-01
1.4301564e+01	1.3014527e-01
1.4323373e+01	1.1802720e-01
1.4345182e+01	1.2866343e-01
1.4366991e+01	-1.6479569e-02
1.4388800e+01	-4.0725872e-02
1.4410609e+01	-9.0795758e-02
1.4432418e+01	-7.9122571e-02
1.4454227e+01	-6.2939398e-02
1.4476036e+01	-5.0588247e-02
1.4497844e+01	-6.9635972e-03
1.4519653e+01	1.7491281e-01
1.4541462e+01	1.2710304e-01
1.4563271e+01	-7.6209706e-02
1.4585080e+01	-1.6004020e-01
1.4606889e+01	9.5668774e-02
1.4628698e+01	4.2057026e-02
1.4650507e+01	1.0678466e-01
1.4672316e+01	4.4586442e-02
1.4694125e+01	-1.6045015e-01
1.4715934e+01	-4.4613009e-02
1.4737743e+01	-1.2914734e-02
1.4759552e+01	-6.1901401e-02
1.4781361e+01	2.3318948e-02
1.4803170e+01	1.4597519e-01
1.4824979e+01	6.5716453e-01
1.4846787e+01	1.3143185e+00
1.4868596e+01	1.8379527e+00
1.4890405e+01	1.9811336e+00
1.4912214e+01	1.7087317e+00
1.4934023e+01	1.2090027e+00
1.4955832e+01	1.0931200e+00
1.4977641e+01	1.5888532e+00
1.4999450e+01	1.9818538e+00
1.5021259e+01	2.4981074e+00
1.5043068e+01	2.3631234e+00
1.5064877e+01	2.3120625e+00
1.5086686e+01	2.2719992e+00
1.5108495e+01	1.6781450e+00
1.5130304e+01	1.2163465e+00
1.5152113e+01	6.8869716e-01
1.5173922e+01	6.2017655e-01
1.5195731e+01	4.8834522e-01
1.5217539e+01	8.0320661e-02
1.5239348e+01	-1.0536334e-02
1.5261157e+01	-1.2119851e-01
1.5282966e+01	-1.5757479e-01
1.5304775e+01	-5.4358296e-02
1.5326584e+01	1.2609529e-01
1.5348393e+01	2.1278871e-01
1.5370202e+01	1.3397409e-01
1.5392011e+01	5.6605071e-02
1.5413820e+01	2.4764402e-02
1.5435629e+01	-7.0314692e-02
1.5457438e+01	-1.0905437e-03
1.5479247e+01	-1.5856064e-02
1.5501056e+01	-1.0784187e-01
1.5522865e+01	-5.3365506e-03
1.5544674e+01	-8.3557156e-02
1.5566482e+01	-3.9951089e-02
1.5588291e+01	2.1510817e-01
1.5610100e+01	6.4495260e-02
1.5631909e+01	6.8259254e-02
1.5653718e+01	2.6993117e-01
1.5675527e+01	2.4029641e-02
1.5697336e+01	7.4832455e-03
1.5719145e+01	-7.5276443e-03
1.5740954e+01	-4.7837593e-02
1.5762763e+01	-7.8185561e-02
1.5784572e+01	-4.2474478e-02
1.5806381e+01	-5.6047435e-02
1.5828190e+01	1.7867705e-02
1.5849999e+01	1.1914183e-01
1.5871808e+01	1.0531492e-01
1.5893617e+01	-7.0515010e-02
1.5915425e+01	-4.2861675e-02
1.5937234e+01	-2.1684691e-02
1.5959043e+01	-2.0433534e-02
1.5980852e+01	-6.8461440e-02
1.6002661e+01	4.0922902e-02
1.6024470e+01	1.5806844e-01
1.6046279e+01	1.3187908e-01
1.6068088e+01	6.7534203e-02
1.6089897e+01	-1.7601679e-01
1.6111706e+01	-1.6109976e-01
1.6133515e+01	2.0855611e-02
1.6155324e+01	-5.9274123e-03
1.6177133e+01	7.7147418e-02
1.6198942e+01	1.7517267e-01
1.6220751e+01	-3.7681004e-02
1.6242560e+01	-1.2509068e-01
1.6264368e+01	-5.2490032e-02
1.6286177e+01	1.1758850e-02
1.6307986e+01	1.2462601e-01
1.6329795e+01	4.7958439e-02
1.6351604e+01	5.2739962e-02
1.6373413e+01	-9.4778413e-02
1.6395222e+01	-8.1478571e-02
1.6417031e+01	2.0534635e-02
1.6438840e+01	9.0637984e-02
1.6460649e+01	-4.3312124e-04
1.6482458e+01	-6.7062199e-03
1.6504267e+01	-1.2625744e-01
1.6526076e+01	-1.8324647e-02
1.6547885e+01	9.8646736e-02
1.6569694e+01	7.4389574e-02
1.6591503e+01	-4.9675559e-02
1.6613311e+01	-8.9602575e-02
1.6635120e+01	-2.7190777e-03
1.6656929e+01	8.2102805e-02
1.6678738e+01	8.6166447e-02
1.6700547e+01	-1.1169928e-01
1.6722356e+01	-1.5642215e-01
1.6744165e+01	1.2831022e-01
1.6765974e+01	4.1478123e-01
1.6787783e+01	5.1186655e-01
1.6809592e+01	4.4083864e-01
1.6831401e+01	1.5246911e-01
1.6853210e+01	-1.4295485e-02
1.6875019e+01	4.0879495e-02
1.6896828e+01	-2.9729287e-02
1.6918637e+01	5.7756221e-02
1.6940446e+01	-3.9425669e-03
1.6962254e+01	2.0265939e-02
1.6984063e+01	-8.4546438e-02
1.7005872e+01	4.5006645e-03
1.7027681e+01	-4.2506483e-02
1.7049490e+01	-1.0192535e-01
1.7071299e+01	-1.4096812e-01
1.7093108e+01	6.0744337e-02
1.7114917e+01	1.9396300e-01
1.7136726e+01	6.6544328e-03
1.7158535e+01	1.4126608e-01
1.7180344e+01	3.7315996e-02
1.7202153e+01	-1.3701596e-02
1.7223962e+01	-8.7866792e-02
1.7245771e+01	-6.7769443e-02
1.7267580e+01	1.2376921e-01
1.7289389e+01	7.6857493e-02
1.7311198e+01	-8.1999294e-02
1.7333006e+01	-9.8463690e-02
1.7354815e+01	2.4337521e-03
1.7376624e+01	-1.5163626e-02
1.7398433e+01	-4.0828465e-02
1.7420242e+01	1.2452548e-02
1.7442051e+01	9.8328077e-02
1.7463860e+01	-6.7562304e-02
1.7485669e+01	9.9657773e-02
1.7507478e+01	1.0827633e-01
1.7529287e+01	2.8617422e-02
1.7551096e+01	-2.4338608e-03
1.7572905e+01	-8.6350525e-02
1.7594714e+01	-1.1190057e-01
1.7616523e+01	-5.1481941e-02
1.7638332e+01	2.8513273e-02
1.7660141e+01	-5.3828492e-02
1.7681949e+01	-2.9072452e-02
1.7703758e+01	1.0190994e-01
1.7725567e+01	2.2106694e-02
1.7747376e+01	5.3770654e-02
1.7769185e+01	1.0191416e-01
1.7790994e+01	-1.0112588e-01
1.7812803e+01	-4.5250876e-02
1.7834612e+01	2.5126444e-02
1.7856421e+01	8.4490121e-02
1.7878230e+01	-2.1700351e-02
1.7900039e+01	-2.3933126e-02
1.7921848e+01	-3.8031591e-02
1.7943657e+01	-3.8987964e-02
1.7965466e+01	-6.2813469e-03
1.7987275e+01	-1.1404843e-02
1.8009084e+01	8.5354383e-04
1.8030892e+01	9.0029550e-02
1.8052701e+01	-3.5106495e-02
1.8074510e+01	-1.3073081e-02
1.8096319e+01	3.7918904e-02
1.8118128e+01	-4.5989118e-02
1.8139937e+01	7.3880969e-03
1.8161746e+01	-1.8161803e-02
1.8183555e+01	2.0813060e-02
1.8205364e+01	9.1475414e-02
1.8227173e+01	-7.3126214e-03
1.8248982e+01	8.2109274e-02
1.8270791e+01	1.0224864e-02
1.8292600e+01	-4.4292795e-02
1.8314409e+01	-1.3634671e-01
1.8336218e+01	-1.7003406e-01
1.8358027e+01	-2.3008191e-02
1.8379835e+01	2.4681280e-02
1.8401644e+01	8.5400099e-02
1.8423453e+01	-4.5610801e-02
1.8445262e+01	1.0164813e-01
1.8467071e+01	2.8145624e-01
1.8488880e+01	8.1551881e-02
1.8510689e+01	2.3366477e-01
1.8532498e+01	2.7406000e-01
1.8554307e+01	2.4415876e-02
1.8576116e+01	-1.6516819e-01
1.8597925e+01	-9.6080817e-02
1.8619734e+01	-1.9267062e-02
1.8641543e+01	9.4226472e-02
1.8663352e+01	4.6523861e-02
1.8685161e+01	7.7919413e-02
1.8706970e+01	1.7431058e-01
1.8728778e+01	-8.5929156e-02
1.8750587e+01	-8.5606453e-02
1.8772396e+01	-3.5329953e-02
1.8794205e+01	5.0819512e-03
1.8816014e+01	3.3905917e-02
1.8837823e+01	4.9945524e-02
1.8859632e+01	-7.0880502e-02
1.8881441e+01	-1.7975819e-01
1.8903250e+01	-3.6029289e-02
1.8925059e+01	1.0875137e-01
1.8946868e+01	1.0171332e-01
1.8968677e+01	6.9891615e-02
1.8990486e+01	-4.4942365e-02
1.9012295e+01	-1.5334580e-02
1.9034104e+01	-7.0268481e-02
1.9055913e+01	5.9011305e-03
1.9077721e+01	2.9459335e-02
1.9099530e+01	7.2566890e-02
1.9121339e+01	9.3832607e-02
1.9143148e+01	-8.9017560e-03
1.9164957e+01	-1.0465167e-01
1.9186766e+01	-1.9648826e-01
1.9208575e+01	5.5232578e-02
1.9230384e+01	1.1703950e-01
1.9252193e+01	3.5045205e-02
1.9274002e+01	-1.4668119e-01
1.9295811e+01	-9.8030173e-03
1.9317620e+01	-4.4483315e-02
1.9339429e+01	-3.5134733e-02
1.9361238e+01	7.6363279e-02
1.9383047e+01	1.7407381e-01
1.9404856e+01	1.8464757e-01
1.9426665e+01	4.8046377e-02
1.9448473e+01	4.0469512e-02
1.9470282e+01	4.3436567e-02
1.9492091e+01	-3.8068996e-02
1.9513900e+01	-5.4261338e-02
1.9535709e+01	-9.2756257e-02
1.9557518e+01	8.8206455e-03
1.9579327e+01	-1.1383162e-01
1.9601136e+01	-1.2466742e-01
1.9622945e+01	-3.5445924e-02
1.9644754e+01	1.0233818e-01
1.9666563e+01	6.0167101e-02
1.9688372e+01	-4.5190009e-02
1.9710181e+01	1.8579821e-01
1.9731990e+01	9.7830895e-02
1.9753799e+01	-1.3712246e-02
1.9775608e+01	-8.7852495e-02
1.9797416e+01	-1.5796954e-01
1.9819225e+01	1.5299079e-02
1.9841034e+01	6.7377393e-02
1.9862843e+01	8.6716816e-02
1.9884652e+01	-1.3761352e-01
1.9906461e+01	-8.4697921e-03
1.9928270e+01	1.0923487e-01
1.9950079e+01	1.7703931e-01
1.9971888e+01	1.2541122e-01
1.9993697e+01	1.1759013e-02
2.0015506e+01	-2.0979465e-02
2.0037315e+01	-2.3432042e-01
2.0059124e+01	-1.2232132e-01
2.0080933e+01	1.3274705e-01
2.0102742e+01	1.0991813e-01
2.0124551e+01	1.1992626e-01
2.0146359e+01	-1.0667155e-02
2.0168168e+01	-9.8171736e-02
2.0189977e+01	-1.7850593e-01
2.0211786e+01	-2.0623601e-01
2.0233595e+01	-7.0188113e-02
2.0255404e+01	1.4101918e-01
2.0277213e+01	1.6243946e-01
2.0299022e+01	1.0406255e-01
2.0320831e+01	1.2038222e-01
2.0342640e+01	3.0870577e-02
2.0364449e+01	6.3490379e-02
2.0386258e+01	9.2117618e-03
2.0408067e+01	-1.3926894e-01
2.0429876e+01	-2.6230179e-01
2.0451685e+01	4.7405361e-02
2.0473494e+01	2.6967005e-01
2.0495302e+01	4.4793092e-02
2.0517111e+01	1.8596230e-01
2.0538920e+01	1.1044936e-01
2.0560729e+01	9.8576675e-02
2.0582538e+01	9.4282969e-02
2.0604347e+01	-1.3713335e-01
2.0626156e+01	-7.0321267e-02
2.0647965e+01	-6.7176625e-04
2.0669774e+01	-2.1724018e-01
2.0691583e+01	2.0969522e-02
2.0713392e+01	4.2017687e-02
2.0735201e+01	1.1418087e-01
2.0757010e+01	1.1343762e-01
2.0778819e+01	-1.0975865e-01
2.0800628e+01	-1.2231511e-01
2.0822437e+01	-3.1834516e-02
2.0844245e+01	2.0942436e-02
2.0866054e+01	5.7091574e-02
2.0887863e+01	-1.9283171e-02
2.0909672e+01	-9.9514155e-02
2.0931481e+01	2.1041481e-02
2.0953290e+01	1.2091351e-01
2.0975099e+01	4.1976253e-01
2.0996908e+01	9.7529475e-01
2.1018717e+01	2.1649093e+00
2.1040526e+01	2.8808761e+00
2.1062335e+01	2.9685394e+00
2.1084144e+01	2.3986532e+00
2.1105953e+01	1.8543905e+00
2.1127762e+01	1.5398155e+00
2.1149571e+01	1.5805173e+00
2.1171380e+01	2.7515188e+00
2.1193188e+01	4.4181882e+00
2.1214997e+01	6.3440885e+00
2.1236806e+01	8.1548059e+00
2.1258615e+01	9.2004243e+00
2.1280424e+01	9.5140170e+00
2.1302233e+01	9.1193418e+00
2.1324042e+01	7.8708530e+00
2.1345851e+01	6.2211946e+00
2.1367660e+01	4.0968176e+00
2.1389469e+01	2.3481052e+00
2.1411278e+01	9.7049035e-01
2.1433087e+01	3.8747121e-01
2.1454896e+01	4.7895831e-02
2.1476705e+01	-1.1294067e-01
2.1498514e+01	1.5580906e-01
2.1520323e+01	5.4052189e-01
2.1542132e+01	7.3948069e-01
2.1563940e+01	6.6254294e-01
2.1585749e+01	6.9033315e-01
2.1607558e+01	6.2623278e-01
2.1629367e+01	4.1867433e-01
2.1651176e+01	4.4285925e-01
2.1672985e+01	1.6651041e-01
2.1694794e+01	-1.2766993e-01
2.1716603e+01	-8.0291434e-02
2.1738412e+01	4.4418133e-03
2.1760221e+01	3.2014761e-02
2.1782030e+01	1.3496574e-02
2.1803839e+01	-3.0674990e-02
2.1825648e+01	-8.0917946e-02
2.1847457e+01	1.1599568e-02
2.1869266e+01	4.6103573e-03
2.1891075e+01	3.6946915e-04
2.1912883e+01	7.1785560e-02
2.1934692e+01	5.2209992e-02
2.1956501e+01	2.5107674e-03
2.1978310e+01	-6.6725738e-02
2.2000119e+01	-1.7716955e-03
2.2021928e+01	4.9615489e-02
2.2043737e+01	-1.3009622e-02
2.2065546e+01	-6.4402447e-02
2.2087355e+01	4.8139793e-02
2.2109164e+01	1.2140418e-01
2.2130973e+01	-9.0413943e-02
2.2152782e+01	-7.6802599e-02
2.2174591e+01	-6.3267282e-02
2.2196400e+01	3.5247363e-05
2.2218209e+01	9.4525685e-02
2.2240018e+01	1.0518656e-01
2.2261826e+01	-1.0107611e-01
2.2283635e+01	1.1581848e-01
2.2305444e+01	8.1740089e-02
2.2327253e+01	-1.1825974e-01
2.2349062e+01	-1.6030180e-01
2.2370871e+01	-3.7383054e-02
2.2392680e+01	1.0896689e-01
2.2414489e+01	-1.2658094e-02
2.2436298e+01	-5.4251240e-02
2.2458107e+01	1.4090369e-01
2.2479916e+01	1.5341180e-01
2.2501725e+01	3.4676877e-02
2.2523534e+01	-1.1882799e-01
2.2545343e+01	-5.2356988e-02
2.2567152e+01	6.9297476e-02
2.2588961e+01	-8.0082964e-03
2.2610769e+01	-5.6613450e-02
2.2632578e+01	3.7899482e-02
2.2654387e+01	-6.8471416e-02
2.2676196e+01	3.8754403e-02
2.2698005e+01	-9.4189543e-02
2.2719814e+01	-3.3777429e-02
2.2741623e+01	9.5278973e-02
2.2763432e+01	-8.5691808e-02
2.2785241e+01	-4.7236654e-03
2.2807050e+01	1.1290361e-01
2.2828859e+01	5.7554452e-02
2.2850668e+01	1.2827607e-01
2.2872477e+01	9.7716375e-02
2.2894286e+01	-1.8341577e-01
2.2916095e+01	-2.7655322e-01
2.2937904e+01	8.1993987e-02
2.2959712e+01	1.7052527e-01
2.2981521e+01	5.9430862e-02
2.3003330e+01	5.7328170e-02
2.3025139e+01	-3.8423415e-02
2.3046948e+01	-6.0961452e-02
2.3068757e+01	-7.4553323e-02
2.3090566e+01	3.3722170e-02
2.3112375e+01	4.7121966e-02
2.3134184e+01	2.3498822e-01
2.3155993e+01	-1.9983368e-02
2.3177802e+01	-2.3590244e-02
2.3199611e+01	-3.7905328e-02
2.3221420e+01	-1.1876788e-02
2.3243229e+01	-5.9168845e-03
2.3265038e+01	1.0656358e-01
2.3286847e+01	9.1148754e-02
2.3308655e+01	-9.3099575e-02
2.3330464e+01	-1.8379775e-01
2.3352273e+01	-2.7774053e-02
2.3374082e+01	1.0561880e-01
2.3395891e+01	-3.1557021e-03
2.3417700e+01	-5.0776049e-02
2.3439509e+01	-7.1474674e-02
2.3461318e+01	6.6794982e-02
2.3483127e+01	5.7280558e-01
2.3504936e+01	1.0548741e+00
2.3526745e+01	1.4459593e+00
2.3548554e+01	1.5250161e+00
2.3570363e+01	9.3889935e-01
2.3592172e+01	2.2614980e-01
2.3613981e+01	-4.5114676e-02
2.3635790e+01	8.6344330e-02
2.3657599e+01	4.8218048e-01
2.3679407e+01	1.3263902e+00
2.3701216e+01	2.9519820e+00
2.3723025e+01	4.6741031e+00
2.3744834e+01	6.4464260e+00
2.3766643e+01	7.7690541e+00
2.3788452e+01	9.4783277e+00
2.3810261e+01	1.0443939e+01
2.3832070e+01	1.0386460e+01
2.3853879e+01	9.2776778e+00
2.3875688e+01	7.6547865e+00
2.3897497e+01	5.7549027e+00
2.3919306e+01	4.0788748e+00
2.3941115e+01	2.6026352e+00
2.3962924e+01	1.4186883e+00
2.3984733e+01	6.6506639e-01
2.4006542e+01	2.2336795e-01
2.4028350e+01	5.7390343e-02
2.4050159e+01	-1.3365666e-02
2.4071968e+01	1.7400602e-02
2.4093777e+01	-1.5728712e-01
2.4115586e+01	-5.3622498e-02
2.4137395e+01	1.1094065e-01
2.4159204e+01	-2.0338609e-02
2.4181013e+01	-1.4074951e-01
2.4202822e+01	2.5309066e-02
2.4224631e+01	-2.2339169e-02
2.4246440e+01	-1.5342116e-02
2.4268249e+01	3.1788381e-02
2.4290058e+01	5.3956373e-02
2.4311867e+01	5.9029995e-03
2.4333676e+01	4.9454950e-02
2.4355485e+01	3.4832530e-02
2.4377293e+01	-2.1279268e-01
2.4399102e+01	1.1510439e-02
2.4420911e+01	2.4366110e-01
2.4442720e+01	-6.4928285e-02
2.4464529e+01	-2.3226104e-02
2.4486338e+01	1.7481212e-01
2.4508147e+01	1.0481352e-01
2.4529956e+01	2.4824350e-01
2.4551765e+01	3.6356270e-01
2.4573574e+01	5.3631355e-01
2.4595383e+01	6.0349850e-01
2.4617192e+01	9.6905856e-01
2.4639001e+01	1.0958567e+00
2.4660810e+01	3.7140777e-01
2.4682619e+01	1.9968882e-01
2.4704428e+01	9.8393999e-03
2.4726236e+01	-3.2380078e-02
2.4748045e+01	4.6093493e-02
2.4769854e+01	-2.4026037e-02
2.4791663e+01	-2.0850977e-01
2.4813472e+01	-1.1026751e-01
2.4835281e+01	-1.0454578e-01
2.4857090e+01	1.3392932e-01
2.4878899e+01	1.9152358e-02
2.4900708e+01	-1.1938642e-02
2.4922517e+01	1.6345983e-01
2.4944326e+01	4.6958810e-02
2.4966135e+01	1.0735644e-02
2.4987944e+01	1.5666183e-03
2.5009753e+01	-1.8046903e-01
2.5031562e+01	2.7498063e-03
2.5053371e+01	2.5658484e-01
2.5075179e+01	1.4836727e-01
2.5096988e+01	-1.1721052e-01
2.5118797e+01	-4.2845868e-02
2.5140606e+01	-7.5825242e-02
2.5162415e+01	-5.4615022e-03
2.5184224e+01	2.4176864e-01
2.5206033e+01	1.2390929e-01
2.5227842e+01	3.0127293e-02
2.5249651e+01	6.7744939e-03
2.5271460e+01	-1.3707318e-02
2.5293269e+01	1.3401028e-01
2.5315078e+01	4.3074168e-02
2.5336887e+01	-9.6103282e-02
2.5358696e+01	2.0195933e-03
2.5380505e+01	-8.4191340e-02
2.5402314e+01	-1.0601042e-01
2.5424123e+01	1.0883907e-01
2.5445931e+01	5.0229371e-02
2.5467740e+01	4.8844919e-02
2.5489549e+01	2.2554147e-02
2.5511358e+01	-1.0930732e-01
2.5533167e+01	-6.7812179e-02
2.5554976e+01	6.4138268e-02
2.5576785e+01	4.3570709e-02
2.5598594e+01	-7.6187793e-03
2.5620403e+01	-3.6991430e-03
2.5642212e+01	2.1561310e-02
2.5664021e+01	-1.4193260e-01
2.5685830e+01	-1.2685747e-01
2.5707639e+01	-2.4206884e-02
2.5729448e+01	1.3781503e-01
2.5751257e+01	2.7455843e-01
2.5773066e+01	3.3442110e-01
2.5794874e+01	4.2951521e-01
2.5816683e+01	3.8617444e-01
2.5838492e+01	1.0303663e-01
2.5860301e+01	5.0086332e-02
2.5882110e+01	-1.5091241e-02
2.5903919e+01	-7.1104243e-02
2.5925728e+01	4.4018714e-02
2.5947537e+01	5.4590777e-01
2.5969346e+01	1.0944653e+00
2.5991155e+01	1.5658185e+00
2.6012964e+01	2.0539193e+00
2.6034773e+01	2.5131720e+00
2.6056582e+01	2.9999175e+00
2.6078391e+01	3.1660300e+00
2.6100200e+01	3.0286236e+00
2.6122009e+01	2.4567044e+00
2.6143817e+01	1.9851604e+00
2.6165626e+01	1.5850468e+00
2.6187435e+01	1.0193748e+00
2.6209244e+01	5.8969423e-01
2.6231053e+01	4.8430238e-01
2.6252862e+01	2.3316620e-01
2.6274671e+01	7.6524788e-02
2.6296480e+01	3.8892705e-02
2.6318289e+01	-2.3110607e-01
2.6340098e+01	-1.6919882e-01
2.6361907e+01	4.7605703e-02
2.6383716e+01	8.0001658e-02
2.6405525e+01	2.0050938e-02
2.6427334e+01	-5.7058223e-02
2.6449143e+01	4.6080076e-02
2.6470952e+01	7.8292182e-02
2.6492760e+01	8.3650132e-02
2.6514569e+01	-8.4367617e-02
2.6536378e+01	-1.4494158e-01
2.6558187e+01	-1.1603532e-01
2.6579996e+01	5.8632900e-02
2.6601805e+01	1.1060852e-01
2.6623614e+01	2.3016375e-01
2.6645423e+01	1.1635389e-01
2.6667232e+01	1.4470652e-01
2.6689041e+01	2.2444486e-01
2.6710850e+01	1.0201605e-01
2.6732659e+01	-1.4807038e-01
2.6754468e+01	-1.7069214e-01
2.6776277e+01	-1.2449532e-01
2.6798086e+01	-8.5200344e-02
2.6819895e+01	-8.4002879e-02
2.6841703e+01	2.1067098e-02
2.6863512e+01	3.6304401e-02
2.6885321e+01	-3.9366184e-02
2.6907130e+01	8.3585156e-02
2.6928939e+01	1.1818284e-01
2.6950748e+01	1.1913129e-01
2.6972557e+01	8.2809321e-02
2.6994366e+01	-4.1972992e-02
2.7016175e+01	-1.5557778e-02
2.7037984e+01	2.5945344e-02
2.7059793e+01	-1.2839216e-01
2.7081602e+01	1.1244978e-03
2.7103411e+01	-1.2285257e-02
2.7125220e+01	5.4389573e-02
2.7147029e+01	4.5361047e-02
2.7168838e+01	5.4265590e-04
2.7190646e+01	-1.3041865e-02
2.7212455e+01	-1.6485084e-01
2.7234264e+01	-1.1137319e-02
2.7256073e+01	1.0618621e-02
2.7277882e+01	-9.1086264e-02
2.7299691e+01	6.9526622e-02
2.7321500e+01	4.5923819e-02
2.7343309e+01	1.2943914e-01
2.7365118e+01	4.3911877e-03
2.7386927e+01	-7.7640741e-02
2.7408736e+01	7.3184535e-02
2.7430545e+01	1.1007874e-02
2.7452354e+01	-7.4647403e-02
2.7474163e+01	1.2886193e-01
2.7495972e+01	-1.5779018e-02
2.7517781e+01	-1.8773642e-01
2.7539590e+01	-5.1040976e-02
2.7561398e+01	-1.1892955e-01
2.7583207e+01	1.0675984e-01
2.7605016e+01	1.7336334e-01
2.7626825e+01	5.4876497e-02
2.7648634e+01	4.2315766e-02
2.7670443e+01	-1.2590681e-01
2.7692252e+01	2.8510989e-02
2.7714061e+01	3.9684415e-01
2.7735870e+01	6.5196308e-01
2.7757679e+01	7.7644021e-01
2.7779488e+01	6.3792499e-01
2.7801297e+01	3.9919186e-01
2.7823106e+01	2.9890422e-01
2.7844915e+01	1.5277014e-01
2.7866724e+01	2.1682466e-01
2.7888533e+01	3.2504193e-02
2.7910341e+01	-7.7914466e-02
2.7932150e+01	-1.9623132e-02
2.7953959e+01	-3.0634816e-02
2.7975768e+01	-8.7559870e-03
2.7997577e+01	-4.0431566e-02
2.8019386e+01	-5.9193965e-02
2.8041195e+01	7.3674530e-02
2.8063004e+01	-8.4558719e-02
2.8084813e+01	-8.8287312e-02
2.8106622e+01	-4.4819534e-02
2.8128431e+01	-2.5188040e-02
2.8150240e+01	2.9146923e-02
2.8172049e+01	1.1611011e-01
2.8193858e+01	6.5038648e-02
2.8215667e+01	-1.0874057e-01
2.8237476e+01	4.3418507e-03
2.8259284e+01	4.4549820e-02
2.8281093e+01	1.0267878e-01
2.8302902e+01	6.4430026e-02
2.8324711e+01	-1.0737667e-02
2.8346520e+01	-1.0729950e-01
2.8368329e+01	-3.4621141e-02
2.8390138e+01	2.1241178e-02
2.8411947e+01	-3.8208333e-02
2.8433756e+01	-9.4307272e-02
2.8455565e+01	9.4477718e-03
2.8477374e+01	1.4003353e-01
2.8499183e+01	3.7765851e-01
2.8520992e+01	5.6414304e-01
2.8542801e+01	7.5411226e-01
2.8564610e+01	7.0927911e-01
2.8586419e+01	6.7392654e-01
2.8608227e+01	4.8092549e-01
2.8630036e+01	1.1088589e-01
2.8651845e+01	3.0488545e-02
2.8673654e+01	3.0824308e-02
2.8695463e+01	-3.0897940e-02
2.8717272e+01	2.4918606e-02
2.8739081e+01	-6.8761932e-02
2.8760890e+01	7.9208966e-03
2.8782699e+01	-5.7032802e-02
2.8804508e+01	-1.3922407e-02
2.8826317e+01	-5.2966987e-03
2.8848126e+01	-8.9224855e-02
2.8869935e+01	-6.1910738e-02
2.8891744e+01	8.4367642e-04
2.8913553e+01	-3.9233357e-02
2.8935362e+01	1.5896034e-01
2.8957170e+01	3.2171122e-02
2.8978979e+01	-5.8460104e-04
2.9000788e+01	9.2069003e-02
2.9022597e+01	-7.5877776e-02
2.9044406e+01	1.2115999e-01
2.9066215e+01	6.0428110e-02
2.9088024e+01	-6.3380490e-02
2.9109833e+01	-1.6797610e-01
2.9131642e+01	-2.9625787e-02
2.9153451e+01	6.3153569e-02
2.9175260e+01	-8.5290232e-03
2.9197069e+01	-7.6009530e-02
2.9218878e+01	1.4880203e-01
2.9240687e+01	3.7413944e-02
2.9262496e+01	-7.8125299e-02
2.9284305e+01	1.2936526e-01
2.9306113e+01	-9.6480577e-02
2.9327922e+01	-3.6270959e-02
2.9349731e+01	-2.3313239e-02
2.9371540e+01	3.7931650e-02
2.9393349e+01	2.4361286e-02
2.9415158e+01	1.0640565e-01
2.9436967e+01	1.7957528e-02
2.9458776e+01	9.6145531e-02
2.9480585e+01	-3.9244599e-02
2.9502394e+01	-1.9619065e-01
2.9524203e+01	-6.7616851e-02
2.9546012e+01	1.0824022e-01
2.9567821e+01	1.4054149e-01
2.9589630e+01	-4.3029155e-02
2.9611439e+01	3.4824931e-03
2.9633248e+01	-1.5467166e-01
2.9655057e+01	-1.1608056e-01
2.9676865e+01	9.0204832e-03
2.9698674e+01	-5.0045626e-02
2.9720483e+01	1.2899098e-01
2.9742292e+01	5.1382180e-01
2.9764101e+01	7.7064649e-01
2.9785910e+01	6.8535392e-01
2.9807719e+01	5.4469593e-01
2.9829528e+01	1.8304639e-01
2.9851337e+01	6.7445827e-02
2.9873146e+01	-1.1410657e-01
2.9894955e+01	-5.1006104e-02
2.9916764e+01	1.7976434e-01
2.9938573e+01	4.7608353e-01
2.9960382e+01	1.0397040e+00
2.9982191e+01	2.3566148e+00
3.0004000e+01	3.3965791e+00
3.0025808e+01	4.4858278e+00
3.0047617e+01	5.6991442e+00
3.0069426e+01	6.7633961e+00
3.0091235e+01	7.7355138e+00
3.0113044e+01	8.1479783e+00
3.0134853e+01	7.8431696e+00
3.0156662e+01	7.0484479e+00
3.0178471e+01	5.7326731e+00
3.0200280e+01	4.1530084e+00
3.0222089e+01	2.7823699e+00
3.0243898e+01	1.6880526e+00
3.0265707e+01	9.3729653e-01
3.0287516e+01	3.7568685e-01
3.0309325e+01	1.0878358e-01
3.0331134e+01	5.9660908e-02
3.0352943e+01	-1.4189234e-01
3.0374751e+01	-3.2636767e-02
3.0396560e+01	-3.9012289e-02
3.0418369e+01	4.3841433e-02
3.0440178e+01	5.5639551e-02
3.0461987e+01	1.4900307e-02
3.0483796e+01	-7.4093242e-02
3.0505605e+01	-6.6803434e-02
3.0527414e+01	-4.8158203e-02
3.0549223e+01	3.5398871e-02
3.0571032e+01	-6.8513073e-02
3.0592841e+01	3.9499991e-02
3.0614650e+01	-1.3707552e-02
3.0636459e+01	-8.9661551e-02
3.0658268e+01	-1.0241101e-04
3.0680077e+01	1.2125909e-02
3.0701886e+01	1.2592986e-01
3.0723694e+01	6.8226639e-02
3.0745503e+01	1.0714023e-01
3.0767312e+01	6.1222536e-03
3.0789121e+01	-1.7957249e-01
3.0810930e+01	6.7584122e-02
3.0832739e+01	2.0972944e-02
3.0854548e+01	-5.9206057e-02
3.0876357e+01	6.9181186e-02
3.0898166e+01	1.4207379e-01
3.0919975e+01	1.5072313e-01
3.0941784e+01	-1.3421401e-01
3.0963593e+01	-6.5567002e-02
3.0985402e+01	-2.1130510e-02
3.1007211e+01	-6.0725063e-02
3.1029020e+01	-1.1916419e-02
3.1050829e+01	5.3604363e-02
3.1072637e+01	6.4213006e-02
3.1094446e+01	-1.2070381e-01
3.1116255e+01	-1.4539440e-01
3.1138064e+01	3.8466241e-02
3.1159873e+01	-2.3886491e-02
3.1181682e+01	4.4737611e-02
3.1203491e+01	-1.0747627e-02
3.1225300e+01	9.6859307e-02
3.1247109e+01	6.6030772e-02
3.1268918e+01	4.4868011e-02
3.1290727e+01	7.4039018e-02
3.1312536e+01	-8.0822799e-02
3.1334345e+01	3.3165508e-02
3.1356154e+01	7.1762655e-02
3.1377963e+01	-6.1378058e-02
3.1399772e+01	-1.7169096e-01
3.1421580e+01	9.0009233e-04
3.1443389e+01	-1.2759767e-02
3.1465198e+01	-1.6974636e-01
3.1487007e+01	1.7110379e-02
3.1508816e+01	1.0245766e-01
3.1530625e+01	2.2235795e-01
3.1552434e+01	5.1440725e-01
3.1574243e+01	6.8536077e-01
3.1596052e+01	7.4784690e-01
3.1617861e+01	5.5290507e-01
3.1639670e+01	3.0360967e-01
3.1661479e+01	9.2601871e-02
3.1683288e+01	-4.8660053e-02
3.1705097e+01	-1.0313393e-01
3.1726906e+01	1.1579285e-01
3.1748715e+01	3.8249249e-01
3.1770524e+01	1.1776186e+00
3.1792332e+01	1.9159586e+00
3.1814141e+01	2.7460596e+00
3.1835950e+01	3.7842652e+00
3.1857759e+01	4.7606815e+00
3.1879568e+01	6.0104390e+00
3.1901377e+01	6.9240059e+00
3.1923186e+01	7.7897496e+00
3.1944995e+01	8.1051474e+00
3.1966804e+01	7.6734797e+00
3.1988613e+01	6.7700698e+00
3.2010422e+01	5.5494279e+00
3.2032231e+01	3.9899046e+00
3.2054040e+01	2.6484830e+00
3.2075849e+01	1.6264695e+00
3.2097658e+01	8.5430538e-01
3.2119467e+01	5.0728007e-01
3.2141275e+01	2.7015586e-01
3.2163084e+01	6.7455104e-02
3.2184893e+01	7.0962783e-03
3.2206702e+01	-5.3336894e-02
3.2228511e+01	-7.2526756e-02
3.2250320e+01	9.7397238e-03
3.2272129e+01	5.7020751e-02
3.2293938e+01	-3.4019414e-02
3.2315747e+01	-7.5913505e-02
3.2337556e+01	9.0628111e-02
3.2359365e+01	-3.1509846e-02
3.2381174e+01	-6.4355303e-02
3.2402983e+01	-2.0655479e-02
3.2424792e+01	-1.1294857e-02
3.2446601e+01	-3.1499790e-03
3.2468410e+01	-6.3881311e-02
3.2490218e+01	5.5800528e-02
3.2512027e+01	3.2638847e-02
3.2533836e+01	9.2255547e-02
3.2555645e+01	1.9337951e-01
3.2577454e+01	-7.0431273e-02
3.2599263e+01	-8.5954567e-02
3.2621072e+01	-1.8735840e-02
3.2642881e+01	2.8093299e-02
3.2664690e+01	5.0947216e-02
3.2686499e+01	4.9255152e-03
3.2708308e+01	5.2239345e-02
3.2730117e+01	-3.9912020e-02
3.2751926e+01	-3.7252891e-02
3.2773735e+01	2.3378222e-02
3.2795544e+01	3.0194965e-02
3.2817353e+01	-3.9066654e-02
3.2839161e+01	-5.9759897e-02
3.2860970e+01	-7.1874067e-03
3.2882779e+01	8.8033697e-02
3.2904588e+01	-5.1654433e-02
3.2926397e+01	-1.4162467e-01
3.2948206e+01	6.6207399e-02
3.2970015e+01	2.3197920e-02
3.2991824e+01	5.3563147e-02
3.3013633e+01	1.0867067e-01
3.3035442e+01	4.6824370e-02
3.3057251e+01	-1.4148187e-02
3.3079060e+01	-7.8621148e-02
3.3100869e+01	-9.5545283e-03
3.3122678e+01	-6.2944985e-02
3.3144487e+01	-4.8934066e-02
3.3166296e+01	-4.5854605e-02
3.3188104e+01	-1.1612853e-02
3.3209913e+01	-1.0281139e-02
3.3231722e+01	5.0640870e-02
3.3253531e+01	1.5606982e-01
3.3275340e+01	1.3931089e-01
3.3297149e+01	1.4603898e-02
3.3318958e+01	-1.0323885e-01
3.3340767e+01	-4.3106604e-02
3.3362576e+01	5.7268481e-02
3.3384385e+01	-4.6624450e-02
3.3406194e+01	-9.0049273e-02
3.3428003e+01	-2.7064280e-02
3.3449812e+01	-5.8527392e-02
3.3471621e+01	-1.2662800e-01
3.3493430e+01	8.5890936e-02
3.3515239e+01	9.3727266e-02
3.3537047e+01	9.2473572e-02
3.3558856e+01	2.9159928e-01
3.3580665e+01	5.0176652e-01
3.3602474e+01	6.5945560e-01
3.3624283e+01	7.2190171e-01
3.3646092e+01	8.5200302e-01
3.3667901e+01	8.6443969e-01
3.3689710e+01	8.4895589e-01
3.3711519e+01	7.1135279e-01
3.3733328e+01	4.5710256e-01
3.3755137e+01	3.0772435e-01
3.3776946e+01	-3.6531008e-02
3.3798755e+01	-1.2882401e-02
3.3820564e+01	4.7227385e-02
3.3842373e+01	7.1904517e-02
3.3864182e+01	1.5824027e-01
3.3885991e+01	-7.3365184e-02
3.3907799e+01	-1.4991652e-03
3.3929608e+01	-1.7566848e-02
3.3951417e+01	-1.5428252e-01
3.3973226e+01	-8.6541432e-02
3.3995035e+01	-5.6246160e-02
3.4016844e+01	-1.4450850e-02
3.4038653e+01	1.0532672e-01
3.4060462e+01	2.4093599e-01
3.4082271e+01	9.4812328e-02
3.4104080e+01	-2.4743363e-02
3.4125889e+01	3.8198967e-02
3.4147698e+01	-6.5317456e-02
3.4169507e+01	-2.8362803e-02
3.4191316e+01	2.3465675e-03
3.4213125e+01	-4.3355892e-02
3.4234934e+01	3.5602190e-02
3.4256742e+01	5.4667958e-03
3.4278551e+01	6.7920916e-03
3.4300360e+01	9.8473644e-03
3.4322169e+01	1.9349950e-02
3.4343978e+01	6.7040661e-02
3.4365787e+01	-9.6138770e-02
3.4387596e+01	-3.3395138e-02
3.4409405e+01	-1.1663852e-02
3.4431214e+01	9.0559235e-02
3.4453023e+01	5.6581633e-02
3.4474832e+01	1.3439251e-02
3.4496641e+01	8.3324490e-04
3.4518450e+01	-9.7233103e-02
3.4540259e+01	-9.2033238e-02
3.4562068e+01	-3.9887370e-03
3.4583877e+01	-1.8984662e-02
3.4605685e+01	4.7956695e-02
3.4627494e+01	8.2903062e-03
3.4649303e+01	1.0475939e-01
3.4671112e+01	-2.2651585e-02
3.4692921e+01	-3.1251814e-02
3.4714730e+01	-1.9793014e-02
3.4736539e+01	1.1472063e-03
3.4758348e+01	1.3953439e-02
3.4780157e+01	8.5329102e-02
3.4801966e+01	8.5815662e-02
3.4823775e+01	-1.3794162e-01
3.4845584e+01	-1.1717245e-01
3.4867393e+01	3.2068396e-02
3.4889202e+01	1.3235077e-01
3.4911011e+01	3.2526325e-02
3.4932820e+01	-3.5936506e-02
3.4954628e+01	-1.0380861e-01
3.4976437e+01	4.9819416e-02
3.4998246e+01	6.8093036e-02
3.5020055e+01	-9.2659908e-02
3.5041864e+01	1.0595332e-01
3.5063673e+01	-1.5191146e-02
3.5085482e+01	-1.4977814e-01
3.5107291e+01	6.7683510e-03
3.5129100e+01	5.2374900e-02
3.5150909e+01	1.6033905e-02
3.5172718e+01	6.8725764e-02
3.5194527e+01	-5.4359157e-02
3.5216336e+01	-5.4950745e-02
3.5238145e+01	-8.0443263e-04
3.5259954e+01	6.9025315e-03
3.5281763e+01	1.5836706e-03
3.5303571e+01	1.1128839e-03
3.5325380e+01	7.9673371e-02
3.5347189e+01	1.0579930e-01
3.5368998e+01	6.7452342e-02
3.5390807e+01	-6.5551646e-02
3.5412616e+01	-1.1070649e-01
3.5434425e+01	1.6369611e-02
3.5456234e+01	7.2804985e-03
3.5478043e+01	-9.6711160e-02
3.5499852e+01	-5.3512892e-02
3.5521661e+01	2.7707247e-02
3.5543470e+01	4.9751443e-02
3.5565279e+01	-5.8286108e-02
3.5587088e+01	-1.5879628e-02
3.5608897e+01	-1.1720955e-02
3.5630706e+01	5.3585881e-02
3.5652514e+01	1.0399712e-01
3.5674323e+01	6.2067554e-02
3.5696132e+01	-7.2000820e-02
3.5717941e+01	8.3249279e-03
3.5739750e+01	9.1435374e-02
3.5761559e+01	-2.5996821e-02
3.5783368e+01	1.3831438e-01
3.5805177e+01	-9.0830190e-03
3.5826986e+01	-2.6087149e-03
3.5848795e+01	3.5318009e-02
3.5870604e+01	-7.9013305e-02
3.5892413e+01	2.2744395e-03
3.5914222e+01	-1.0236223e-02
3.5936031e+01	-5.7344442e-02
3.5957840e+01	-1.2650256e-01
3.5979649e+01	-4.3620092e-01
3.6001458e+01	-3.7010236e-02
3.6023266e+01	9.1939795e-02
3.6045075e+01	1.3222156e-01
3.6066884e+01	1.8875882e-01
3.6088693e+01	1.6765096e-01
3.6110502e+01	6.2460051e-02
3.6132311e+01	2.0246456e-01
3.6154120e+01	1.0011324e-01
3.6175929e+01	2.3697402e-02
3.6197738e+01	-9.7683615e-02
3.6219547e+01	-4.4912671e-02
3.6241356e+01	-8.2380738e-02
3.6263165e+01	-1.5171275e-02
3.6284974e+01	1.7560597e-01
3.6306783e+01	-1.2766956e-01
3.6328592e+01	-7.2709759e-04
3.6350401e+01	-7.4538347e-02
3.6372209e+01	-5.6106817e-02
3.6394018e+01	6.9262268e-03
3.6415827e+01	1.3335244e-02
3.6437636e+01	2.2386284e-02
3.6459445e+01	-1.7265021e-02
3.6481254e+01	1.9724220e-01
3.6503063e+01	1.8055477e-01
3.6524872e+01	1.0173678e-01
3.6546681e+01	-1.3186827e-02
3.6568490e+01	-1.2599448e-02
3.6590299e+01	-1.2390338e-01
3.6612108e+01	-1.0875340e-01
3.6633917e+01	-1.3960330e-01
3.6655726e+01	-5.8199142e-03
3.6677535e+01	1.2905125e-01
3.6699344e+01	1.8229043e-01
3.6721152e+01	5.3540969e-01
3.6742961e+01	8.6537087e-01
3.6764770e+01	1.2370554e+00
3.6786579e+01	1.5087986e+00
3.6808388e+01	1.7920480e+00
3.6830197e+01	2.3733769e+00
3.6852006e+01	2.6571427e+00
3.6873815e+01	2.6600129e+00
3.6895624e+01	2.9175449e+00
3.6917433e+01	2.7565381e+00
3.6939242e+01	2.5657068e+00
3.6961051e+01	2.3713365e+00
3.6982860e+01	1.8834276e+00
3.7004669e+01	1.2614525e+00
3.7026478e+01	1.1454847e+00
3.7048287e+01	1.1910354e+00
3.7070095e+01	7.5175315e-01
3.7091904e+01	8.8469342e-02
3.7113713e+01	-1.5384963e-01
3.7135522e+01	6.6993514e-02
3.7157331e+01	5.4470310e-02
3.7179140e+01	-7.3517274e-03
3.7200949e+01	7.5814718e-02
3.7222758e+01	-5.2989292e-02
3.7244567e+01	-2.7821911e-02
3.7266376e+01	-6.4660509e-02
3.7288185e+01	8.0824330e-02
3.7309994e+01	-1.6631407e-01
3.7331803e+01	-1.2824248e-01
3.7353612e+01	8.8500080e-02
3.7375421e+01	5.2101228e-02
3.7397230e+01	-1.4322473e-02
3.7419038e+01	2.3417945e-01
3.7440847e+01	3.3616440e-01
3.7462656e+01	6.0549633e-01
3.7484465e+01	8.7048121e-01
3.7506274e+01	9.0722594e-01
3.7528083e+01	5.9772544e-01
3.7549892e+01	9.9065599e-02
3.7571701e+01	1.2204727e-01
3.7593510e+01	5.7072087e-02
3.7615319e+01	-2.5764991e-02
3.7637128e+01	-7.8776652e-02
3.7658937e+01	-8.4174361e-02
3.7680746e+01	-2.3296504e-01
3.7702555e+01	-1.1864088e-02
3.7724364e+01	3.6646562e-02
3.7746173e+01	3.9934030e-02
3.7767981e+01	2.2731179e-02
3.7789790e+01	-1.7773864e-01
3.7811599e+01	2.2810729e-02
3.7833408e+01	5.6598027e-02
3.7855217e+01	2.0308317e-01
3.7877026e+01	1.2904977e-01
3.7898835e+01	7.5549963e-02
3.7920644e+01	7.7876896e-02
3.7942453e+01	2.6505081e-01
3.7964262e+01	1.2282827e-01
3.7986071e+01	-5.6987906e-03
3.8007880e+01	2.2303809e-02
3.8029689e+01	-1.1072204e-01
3.8051498e+01	-1.7548648e-01
3.8073307e+01	-2.2196909e-01
3.8095116e+01	-5.7514930e-02
3.8116925e+01	7.9963892e-02
3.8138733e+01	1.2839295e-01
3.8160542e+01	3.5121931e-01
3.8182351e+01	5.4145872e-01
3.8204160e+01	8.8608853e-01
3.8225969e+01	1.3283627e+00
3.8247778e+01	1.7853344e+00
3.8269587e+01	1.8890734e+00
3.8291396e+01	2.4248148e+00
3.8313205e+01	2.7083567e+00
3.8335014e+01	3.1105149e+00
3.8356823e+01	3.2129986e+00
3.8378632e+01	3.3707097e+00
3.8400441e+01	3.3370803e+00
3.8422250e+01	3.0694972e+00
3.8444059e+01	2.7575146e+00
3.8465868e+01	2.0800965e+00
3.8487676e+01	1.3264008e+00
3.8509485e+01	7.9897351e-01
3.8531294e+01	4.5048168e-01
3.8553103e+01	1.7599931e-01
3.8574912e+01	1.2744510e-01
3.8596721e+01	-1.0238095e-02
3.8618530e+01	-1.0636229e-01
3.8640339e+01	-3.1590617e-02
3.8662148e+01	4.1200987e-02
3.8683957e+01	-2.5542995e-02
3.8705766e+01	2.0294734e-02
3.8727575e+01	1.5676299e-02
3.8749384e+01	-8.1698591e-02
3.8771193e+01	-1.5987739e-01
3.8793002e+01	-3.8456582e-02
3.8814811e+01	9.2316535e-02
3.8836619e+01	4.9832952e-02
3.8858428e+01	-3.6973025e-02
3.8880237e+01	-1.8627417e-01
3.8902046e+01	1.7743757e-01
3.8923855e+01	1.6280336e-01
3.8945664e+01	2.7502788e-01
3.8967473e+01	1.2622904e-01
3.8989282e+01	6.7594266e-02
3.9011091e+01	2.0467604e-02
3.9032900e+01	-1.3134412e-01
3.9054709e+01	-5.0718234e-02
3.9076518e+01	-2.2440024e-02
3.9098327e+01	6.4313285e-02
3.9120136e+01	-8.9342115e-02
3.9141945e+01	-1.1450026e-01
3.9163754e+01	7.5868614e-02
3.9185562e+01	5.8217787e-03
3.9207371e+01	3.2222606e-02
3.9229180e+01	5.8656781e-02
3.9250989e+01	-1.7365728e-01
3.9272798e+01	-2.9681144e-02
3.9294607e+01	4.8636181e-02
3.9316416e+01	1.5468043e-01
3.9338225e+01	-9.6629639e-02
3.9360034e+01	8.6864159e-02
3.9381843e+01	8.7839754e-02
3.9403652e+01	7.8619327e-02
3.9425461e+01	-1.3298913e-01
3.9447270e+01	4.6566062e-03
3.9469079e+01	2.5269639e-02
3.9490888e+01	-4.1009868e-02
3.9512697e+01	-5.2658042e-02
3.9534505e+01	-2.3123610e-02
3.9556314e+01	-7.1980558e-02
3.9578123e+01	2.6855325e-02
3.9599932e+01	1.1297321e-01
3.9621741e+01	3.6309349e-01
3.9643550e+01	6.1777454e-01
3.9665359e+01	7.2910168e-01
3.9687168e+01	1.3384442e+00
3.9708977e+01	1.6515523e+00
3.9730786e+01	1.9462404e+00
3.9752595e+01	2.1537407e+00
3.9774404e+01	2.2827664e+00
3.9796213e+01	2.5724879e+00
3.9818022e+01	2.8448903e+00
3.9839831e+01	2.6951581e+00
3.9861640e+01	2.5634245e+00
3.9883449e+01	2.2422337e+00
3.9905257e+01	1.7392900e+00
3.9927066e+01	1.5773287e+00
3.9948875e+01	1.2314441e+00
3.9970684e+01	9.8122040e-01
3.9992493e+01	6.9728595e-01
4.0014302e+01	4.5377400e-01
4.0036111e+01	8.9015817e-02
4.0057920e+01	6.5700878e-02
4.0079729e+01	-1.2637586e-01
4.0101538e+01	-6.9210128e-02
4.0123347e+01	3.7009745e-02
4.0145156e+01	2.0891103e-01
4.0166965e+01	-2.4552176e-03
4.0188774e+01	-1.5776021e-02
4.0210583e+01	-2.1353568e-01
4.0232392e+01	-3.8357134e-02
4.0254200e+01	2.3601052e-01
4.0276009e+01	2.2433614e-01
4.0297818e+01	1.3524791e-01
4.0319627e+01	1.6264255e-02
4.0341436e+01	-1.2245504e-01
4.0363245e+01	-4.0898888e-02
4.0385054e+01	1.7157153e-01
4.0406863e+01	-9.1253284e-02
4.0428672e+01	3.7224935e-02
4.0450481e+01	9.3449635e-03
4.0472290e+01	-4.4911737e-02
4.0494099e+01	8.4900471e-02
4.0515908e+01	-3.9564290e-02
4.0537717e+01	-6.1586055e-02
4.0559526e+01	-9.0674648e-02
4.0581335e+01	1.1254451e-01
4.0603143e+01	5.1035228e-02
4.0624952e+01	1.8463810e-01
4.0646761e+01	-1.4075760e-01
4.0668570e+01	-3.1472304e-02
4.0690379e+01	1.0850340e-01
4.0712188e+01	6.1209379e-02
4.0733997e+01	3.1040554e-01
4.0755806e+01	1.9027140e-01
4.0777615e+01	-2.5634438e-01
4.0799424e+01	-5.6451165e-02
4.0821233e+01	3.4914761e-03
4.0843042e+01	3.9074919e-01
4.0864851e+01	3.3066143e-01
4.0886660e+01	3.0834983e-01
4.0908469e+01	5.4907646e-02
4.0930278e+01	-1.1194384e-01
4.0952086e+01	2.5610241e-02
4.0973895e+01	1.4063506e-01
4.0995704e+01	-1.0039779e-02
4.1017513e+01	-1.0929761e-01
4.1039322e+01	9.8197533e-02
4.1061131e+01	8.2867670e-02
4.1082940e+01	-2.1399665e-01
4.1104749e+01	3.8106108e-02
4.1126558e+01	3.1685969e-01
4.1148367e+01	1.6260751e-01
4.1170176e+01	1.0266145e-02
4.1191985e+01	1.6113980e-01
4.1213794e+01	-1.5168977e-01
4.1235603e+01	2.0346540e-02
4.1257412e+01	1.0729099e-02
4.1279221e+01	-1.2628686e-01
4.1301029e+01	-4.8886947e-02
4.1322838e+01	2.9518470e-01
4.1344647e+01	1.2095092e-01
4.1366456e+01	-5.4765752e-03
4.1388265e+01	6.4561690e-02
4.1410074e+01	1.0984350e-01
4.1431883e+01	4.2743046e-01
4.1453692e+01	-6.3828846e-02
4.1475501e+01	-1.0003430e-01
4.1497310e+01	-5.8732596e-02
4.1519119e+01	-5.5704188e-02
4.1540928e+01	-4.3910247e-02
4.1562737e+01	5.4812354e-02
4.1584546e+01	9.7370836e-02
4.1606355e+01	4.0658107e-02
4.1628164e+01	-7.2353746e-02
4.1649972e+01	2.6213035e-02
4.1671781e+01	-9.3530385e-02
4.1693590e+01	-1.4494376e-02
4.1715399e+01	2.9600012e-01
4.1737208e+01	-4.0110184e-02
4.1759017e+01	5.3529568e-05
4.1780826e+01	2.7039048e-01
4.1802635e+01	8.8643123e-02
4.1824444e+01	9.6652752e-03
4.1846253e+01	3.9243343e-01
4.1868062e+01	3.5260617e-02
4.1889871e+01	1.3074348e-01
4.1911680e+01	1.0934913e-01
4.1933489e+01	-1.0297290e-01
4.1955298e+01	2.0257379e-01
4.1977107e+01	-2.4611890e-03
4.1998916e+01	-2.4192692e-01
4.2020724e+01	-2.2161659e-01
4.2042533e+01	1.3811684e-01
4.2064342e+01	1.4497964e-01
4.2086151e+01	1.9942316e-01
4.2107960e+01	-7.8630344e-02
4.2129769e+01	-1.1027746e-01
4.2151578e+01	5.9657874e-02
4.2173387e+01	9.1609479e-02
4.2195196e+01	4.9458845e-02
4.2217005e+01	-1.4296227e-01
4.2238814e+01	-4.6177944e-02
4.2260623e+01	3.8469049e-02
4.2282432e+01	-4.1352350e-02
4.2304241e+01	-1.6739150e-01
4.2326050e+01	1.0097306e-01
4.2347859e+01	7.4541467e-02
4.2369667e+01	-4.8778663e-02
4.2391476e+01	2.1139276e-01
4.2413285e+01	5.1247925e-01
4.2435094e+01	9.8648261e-01
4.2456903e+01	1.2936718e+00
4.2478712e+01	1.4720159e+00
4.2500521e+01	1.5563878e+00
4.2522330e+01	2.0940714e+00
4.2544139e+01	2.0345629e+00
4.2565948e+01	2.1627931e+00
4.2587757e+01	2.4263670e+00
4.2609566e+01	2.3670836e+00
4.2631375e+01	1.9521190e+00
4.2653184e+01	1.8297170e+00
4.2674993e+01	1.2348546e+00
4.2696802e+01	1.1906299e+00
4.2718610e+01	1.0048158e+00
4.2740419e+01	6.9618623e-01
4.2762228e+01	5.4344726e-01
4.2784037e+01	1.4230883e-01
4.2805846e+01	-1.6262441e-01
4.2827655e+01	1.5828579e-02
4.2849464e+01	9.5979625e-02
4.2871273e+01	4.9373323e-02
4.2893082e+01	1.4423552e-01
4.2914891e+01	6.0829965e-03
4.2936700e+01	-2.7771893e-01
4.2958509e+01	-6.4658326e-02
4.2980318e+01	9.2790056e-02
4.3002127e+01	1.2577129e-01
4.3023936e+01	7.8083834e-02
4.3045745e+01	-1.6601778e-01
4.3067553e+01	-8.2866134e-02
4.3089362e+01	1.5679409e-01
4.3111171e+01	2.4214109e-01
4.3132980e+01	-5.0370883e-03
4.3154789e+01	-6.9068910e-02
4.3176598e+01	-8.7369151e-02
4.3198407e+01	-1.3888470e-01
4.3220216e+01	1.0203355e-01
4.3242025e+01	4.3493151e-02
4.3263834e+01	1.7449993e-02
4.3285643e+01	5.5758507e-02
4.3307452e+01	-3.4136992e-01
4.3329261e+01	1.5248206e-01
4.3351070e+01	2.9417076e-01
4.3372879e+01	2.2977926e-01
4.3394688e+01	-3.3560818e-02
4.3416496e+01	1.4455266e-01
4.3438305e+01	6.8880893e-02
4.3460114e+01	6.0789017e-02
4.3481923e+01	3.8019959e-02
4.3503732e+01	1.1821179e-01
4.3525541e+01	4.3942095e-02
4.3547350e+01	-1.7784290e-01
4.3569159e+01	-1.4322416e-01
4.3590968e+01	-5.0266589e-02
4.3612777e+01	6.4569954e-02
4.3634586e+01	4.2626863e-01
4.3656395e+01	6.3155516e-01
4.3678204e+01	1.4408074e+00
4.3700013e+01	2.1169262e+00
4.3721822e+01	2.5874943e+00
4.3743631e+01	3.4435967e+00
4.3765439e+01	4.0255922e+00
4.3787248e+01	4.9901856e+00
4.3809057e+01	5.7468627e+00
4.3830866e+01	6.6089554e+00
4.3852675e+01	7.1374855e+00
4.3874484e+01	7.7198079e+00
4.3896293e+01	7.4147654e+00
4.3918102e+01	6.9258289e+00
4.3939911e+01	5.9017431e+00
4.3961720e+01	5.0937760e+00
4.3983529e+01	3.9671813e+00
4.4005338e+01	2.4366059e+00
4.4027147e+01	1.4089047e+00
4.4048956e+01	1.1310105e+00
4.4070765e+01	8.2858910e-01
4.4092574e+01	3.6297937e-01
4.4114383e+01	8.3215129e-04
4.4136191e+01	1.6945602e-01
4.4158000e+01	5.5965852e-02
4.4179809e+01	-9.6756613e-02
4.4201618e+01	7.7918578e-02
4.4223427e+01	-2.0622964e-01
4.4245236e+01	5.7559727e-02
4.4267045e+01	3.8510995e-01
4.4288854e+01	1.2765683e-01
4.4310663e+01	-1.8795628e-01
4.4332472e+01	-1.1118840e-03
4.4354281e+01	1.8194869e-01
4.4376090e+01	2.7664413e-01
4.4397899e+01	-1.0236799e-01
4.4419708e+01	-1.8798272e-01
4.4441517e+01	4.8513943e-02
4.4463326e+01	8.2944064e-02
4.4485134e+01	9.5377346e-03
4.4506943e+01	1.5768898e-01
4.4528752e+01	-1.5206241e-01
4.4550561e+01	-1.2748103e-01
4.4572370e+01	8.9763213e-02
4.4594179e+01	2.1811264e-01
4.4615988e+01	2.2803457e-01
4.4637797e+01	1.6153034e-01
4.4659606e+01	2.6268184e-01
4.4681415e+01	1.1537336e-02
4.4703224e+01	1.1336332e-01
4.4725033e+01	2.9085966e-01
4.4746842e+01	-2.5012377e-01
4.4768651e+01	-1.7520470e-01
4.4790460e+01	2.2692610e-02
4.4812269e+01	2.0067600e-01
4.4834077e+01	3.9768939e-01
4.4855886e+01	7.3666441e-01
4.4877695e+01	1.5096141e-02
4.4899504e+01	4.0964868e-01
4.4921313e+01	6.2185418e-01
4.4943122e+01	1.1555927e+00
4.4964931e+01	1.2925002e+00
4.4986740e+01	1.3073257e+00