Image file: \\Gfs05\g45\SAXS\2020_12\HDF5\2020-12.10_Kevin_day2_SN\2020-12-10_Max_Cu123_SN_000017_data_000168.h5
ImageIntegration1d_chi_output; Output_Directory= \\Gfs05\g45\SAXS\2020_12\Processed\2020-12-09_Kevin_day1_SN\Chi-Sample-7
Profile = Radial, StartAzimuth = 0.0, EndAzimuth = 360.0, Sam_Det_distance = 250.818474293, InnerRadius = 15.0, OuterRadius = 2400.0, Lambda = 30, Ratio = 0.001, Itermax = 100
2400
2.0013229e+00	3.1726810e-01
2.0231319e+00	4.5463260e-02
2.0449408e+00	-1.5252081e-01
2.0667497e+00	2.1522295e-01
2.0885587e+00	1.7132458e-01
2.1103676e+00	3.0551157e-01
2.1321765e+00	-7.2528004e-02
2.1539855e+00	-3.6655494e-02
2.1757944e+00	2.3892208e-01
2.1976034e+00	-5.0431962e-02
2.2194123e+00	-8.3077178e-02
2.2412212e+00	4.6063499e-02
2.2630302e+00	5.2551525e-03
2.2848391e+00	6.4728509e-02
2.3066480e+00	-4.4144588e-02
2.3284570e+00	1.8870670e-02
2.3502659e+00	-7.5544879e-02
2.3720749e+00	1.0667723e-01
2.3938838e+00	9.1987367e-02
2.4156927e+00	1.3560425e-01
2.4375017e+00	2.7849597e-01
2.4593106e+00	-1.8318477e-01
2.4811196e+00	-6.9654196e-02
2.5029285e+00	-2.0532141e-01
2.5247374e+00	1.5761100e-01
2.5465464e+00	1.4087350e-01
2.5683553e+00	1.8158853e-01
2.5901642e+00	-1.2444187e-01
2.6119732e+00	-8.0311912e-02
2.6337821e+00	9.0080191e-02
2.6555911e+00	-7.8920969e-02
2.6774000e+00	9.3386197e-03
2.6992089e+00	3.1193442e-01
2.7210179e+00	2.6307419e-01
2.7428268e+00	1.4019951e-01
2.7646358e+00	1.6611421e-01
2.7864447e+00	-5.5443097e-02
2.8082536e+00	-1.7989778e-01
2.8300626e+00	7.6188505e-02
2.8518715e+00	-6.4458305e-02
2.8736804e+00	-6.2496992e-02
2.8954894e+00	-1.0663306e-01
2.9172983e+00	1.6959887e-02
2.9391073e+00	1.0282153e-01
2.9609162e+00	-9.0038101e-04
2.9827251e+00	2.1387564e-01
3.0045341e+00	6.1690288e-03
3.0263430e+00	-2.1183140e-02
3.0481519e+00	1.5317691e-01
3.0699609e+00	8.9484580e-02
3.0917698e+00	1.4861649e-01
3.1135788e+00	-1.7875670e-01
3.1353877e+00	-9.6965269e-02
3.1571966e+00	-1.0616293e-01
3.1790056e+00	-3.9328422e-02
3.2008145e+00	3.7501518e-01
3.2226235e+00	1.1292025e-01
3.2444324e+00	-2.1771414e-02
3.2662413e+00	4.2055624e-02
3.2880503e+00	-5.6978976e-02
3.3098592e+00	-1.5005735e-01
3.3316681e+00	4.8940277e-02
3.3534771e+00	2.9997559e-02
3.3752860e+00	1.7808362e-01
3.3970950e+00	4.1159504e-02
3.4189039e+00	-4.4532254e-02
3.4407128e+00	-2.0601437e-02
3.4625218e+00	3.4354121e-02
3.4843307e+00	4.4353829e-02
3.5061396e+00	1.9818303e-01
3.5279486e+00	9.4443795e-02
3.5497575e+00	-1.1707554e-01
3.5715665e+00	3.8560439e-02
3.5933754e+00	-8.0118454e-02
3.6151843e+00	-2.5768318e-01
3.6369933e+00	-3.5071338e-02
3.6588022e+00	2.7265192e-01
3.6806112e+00	1.6625700e-01
3.7024201e+00	1.5947810e-01
3.7242290e+00	5.0042613e-02
3.7460380e+00	2.2755597e-02
3.7678469e+00	-8.8093411e-02
3.7896558e+00	-1.6635613e-01
3.8114648e+00	-4.7121033e-02
3.8332737e+00	8.4044583e-02
3.8550827e+00	3.0269683e-02
3.8768916e+00	2.3677252e-01
3.8987005e+00	1.5407625e-01
3.9205095e+00	7.3959733e-03
3.9423184e+00	1.5854252e-02
3.9641273e+00	-7.4068449e-02
3.9859363e+00	-4.2328887e-02
4.0077452e+00	-6.9847148e-02
4.0295542e+00	9.4985181e-02
4.0513631e+00	-2.4345549e-02
4.0731720e+00	-4.5660531e-02
4.0949810e+00	2.3185307e-01
4.1167899e+00	8.2914654e-02
4.1385989e+00	9.6071666e-03
4.1604078e+00	-1.0730378e-01
4.1822167e+00	-9.7163213e-02
4.2040257e+00	6.5901530e-02
4.2258346e+00	2.7285870e-01
4.2476435e+00	1.1683999e-01
4.2694525e+00	-7.7393980e-02
4.2912614e+00	1.8011373e-02
4.3130704e+00	-6.9307824e-02
4.3348793e+00	-6.0070294e-02
4.3566882e+00	-5.1998045e-03
4.3784972e+00	2.0934886e-01
4.4003061e+00	7.6411044e-02
4.4221151e+00	-4.5698991e-02
4.4439240e+00	-5.7086215e-03
4.4657329e+00	9.8277631e-02
4.4875419e+00	7.7034313e-02
4.5093508e+00	-8.7986053e-02
4.5311597e+00	-1.9719801e-01
4.5529687e+00	-4.3454270e-03
4.5747776e+00	1.5616907e-01
4.5965866e+00	1.1067153e-01
4.6183955e+00	-3.6171287e-02
4.6402044e+00	-4.0750935e-02
4.6620134e+00	1.1042727e-01
4.6838223e+00	-1.1514710e-01
4.7056312e+00	-7.1179713e-02
4.7274402e+00	3.4369041e-03
4.7492491e+00	-6.9330418e-02
4.7710581e+00	2.5282765e-02
4.7928670e+00	1.8661861e-01
4.8146759e+00	8.5683263e-02
4.8364849e+00	-7.6084684e-02
4.8582938e+00	-1.8269094e-01
4.8801028e+00	1.0447967e-01
4.9019117e+00	9.5379017e-02
4.9237206e+00	-6.1113827e-02
4.9455296e+00	1.0207438e-01
4.9673385e+00	8.3179674e-02
4.9891474e+00	1.9032022e-02
5.0109564e+00	-7.6100421e-04
5.0327653e+00	-1.4682457e-01
5.0545743e+00	-1.5401651e-01
5.0763832e+00	-1.4567535e-02
5.0981921e+00	7.4368461e-02
5.1200011e+00	9.4991778e-02
5.1418100e+00	-5.4851061e-02
5.1636189e+00	1.5794075e-01
5.1854279e+00	1.4889400e-01
5.2072368e+00	-1.6431316e-01
5.2290458e+00	-1.1699750e-01
5.2508547e+00	-1.5832669e-01
5.2726636e+00	1.5277938e-01
5.2944726e+00	1.6392738e-01
5.3162815e+00	1.4186561e-01
5.3380905e+00	2.0851259e-01
5.3598994e+00	1.4327154e-01
5.3817083e+00	-1.5667469e-01
5.4035173e+00	-2.9310164e-01
5.4253262e+00	-7.5838363e-02
5.4471351e+00	2.1630011e-01
5.4689441e+00	4.1283451e-02
5.4907530e+00	-5.7115701e-02
5.5125620e+00	1.2679789e-01
5.5343709e+00	8.2992926e-02
5.5561798e+00	2.5240093e-02
5.5779888e+00	1.9833938e-01
5.5997977e+00	-1.7978283e-01
5.6216066e+00	-1.1175592e-01
5.6434156e+00	2.1899846e-01
5.6652245e+00	1.0852376e-01
5.6870335e+00	6.7635674e-02
5.7088424e+00	-4.0637237e-02
5.7306513e+00	-2.8916317e-02
5.7524603e+00	2.5298194e-02
5.7742692e+00	1.2321043e-01
5.7960782e+00	-8.0571983e-02
5.8178871e+00	-1.3131534e-01
5.8396960e+00	-1.1771042e-01
5.8615050e+00	2.5954085e-02
5.8833139e+00	-2.0446922e-02
5.9051228e+00	1.5456820e-01
5.9269318e+00	2.9401020e-01
5.9487407e+00	9.7461274e-02
5.9705497e+00	2.4701452e-02
5.9923586e+00	-1.3145726e-01
6.0141675e+00	-8.5608631e-02
6.0359765e+00	9.1520439e-02
6.0577854e+00	2.2374433e-02
6.0795944e+00	8.6416834e-02
6.1014033e+00	3.1036510e-02
6.1232122e+00	-7.1287097e-02
6.1450212e+00	9.5286999e-02
6.1668301e+00	-2.8394271e-02
6.1886390e+00	-1.7165420e-01
6.2104480e+00	-3.9889090e-02
6.2322569e+00	6.9435520e-02
6.2540659e+00	-6.9606735e-02
6.2758748e+00	-6.7970354e-02
6.2976837e+00	1.1582909e-01
6.3194927e+00	4.2639377e-02
6.3413016e+00	-3.9027599e-02
6.3631105e+00	1.6053306e-01
6.3849195e+00	1.1938569e-01
6.4067284e+00	-7.8786855e-03
6.4285374e+00	1.4169626e-02
6.4503463e+00	-1.0677234e-01
6.4721552e+00	-1.4276681e-01
6.4939642e+00	7.0018931e-02
6.5157731e+00	2.2523145e-01
6.5375821e+00	-8.3515330e-02
6.5593910e+00	-9.1434978e-02
6.5811999e+00	3.6995542e-02
6.6030089e+00	7.7751911e-02
6.6248178e+00	3.8044598e-02
6.6466267e+00	-1.3133101e-03
6.6684357e+00	2.9616848e-01
6.6902446e+00	3.2213200e-01
6.7120536e+00	5.6444955e-03
6.7338625e+00	-4.4635803e-02
6.7556714e+00	-1.8075209e-03
6.7774804e+00	3.8136313e-01
6.7992893e+00	1.6325410e-01
6.8210982e+00	-1.2327144e-01
6.8429072e+00	-1.5659429e-02
6.8647161e+00	5.3271147e-02
6.8865251e+00	-6.9417136e-02
6.9083340e+00	-2.7872520e-02
6.9301429e+00	4.4748355e-02
6.9519519e+00	-2.3505693e-03
6.9737608e+00	2.0294421e-02
6.9955698e+00	-5.3887707e-02
7.0173787e+00	2.4903391e-02
7.0391876e+00	2.5119292e-01
7.0609966e+00	2.8269564e-01
7.0828055e+00	5.0066772e-02
7.1046144e+00	-8.6575312e-02
7.1264234e+00	7.5892438e-02
7.1482323e+00	5.3455701e-02
7.1700413e+00	-6.9701313e-02
7.1918502e+00	-1.0843523e-01
7.2136591e+00	9.8856422e-02
7.2354681e+00	-2.1680533e-02
7.2572770e+00	6.1719489e-02
7.2790859e+00	-5.2583728e-02
7.3008949e+00	-4.3371800e-02
7.3227038e+00	6.7286041e-02
7.3445128e+00	1.9547383e-01
7.3663217e+00	4.2287847e-02
7.3881306e+00	-2.4790403e-01
7.4099396e+00	-4.1192345e-02
7.4317485e+00	8.2298803e-02
7.4535575e+00	-5.3158062e-02
7.4753664e+00	-4.9880929e-02
7.4971753e+00	1.8233874e-01
7.5189843e+00	9.5654775e-02
7.5407932e+00	5.4052287e-02
7.5626021e+00	-8.6520291e-02
7.5844111e+00	-5.0931760e-02
7.6062200e+00	-6.0867123e-02
7.6280290e+00	1.4672393e-01
7.6498379e+00	6.6887238e-02
7.6716468e+00	5.3981565e-02
7.6934558e+00	-6.1861383e-02
7.7152647e+00	-2.0721283e-01
7.7370737e+00	1.1796171e-01
7.7588826e+00	9.6788791e-02
7.7806915e+00	-9.1365237e-02
7.8025005e+00	-4.7079046e-02
7.8243094e+00	3.6558006e-02
7.8461183e+00	3.4501424e-02
7.8679273e+00	-3.1882073e-02
7.8897362e+00	-8.8238698e-02
7.9115452e+00	-4.9141425e-02
7.9333541e+00	1.6586086e-01
7.9551630e+00	7.2011880e-02
7.9769720e+00	3.6664585e-02
7.9987809e+00	-6.0275729e-02
8.0205898e+00	-8.1727065e-02
8.0423988e+00	1.3872041e-01
8.0642077e+00	3.9723516e-02
8.0860167e+00	-1.2590322e-01
8.1078256e+00	1.3514261e-01
8.1296345e+00	-3.2676857e-02
8.1514435e+00	-8.0887993e-02
8.1732524e+00	9.2579573e-02
8.1950614e+00	1.2045234e-02
8.2168703e+00	-1.4057157e-01
8.2386792e+00	-4.6334074e-02
8.2604882e+00	4.3057150e-02
8.2822971e+00	1.0533056e-01
8.3041060e+00	9.4116896e-02
8.3259150e+00	-1.0780047e-01
8.3477239e+00	-2.4615072e-01
8.3695329e+00	6.1127184e-02
8.3913418e+00	7.8900294e-02
8.4131507e+00	-7.4736575e-03
8.4349597e+00	1.5404507e-01
8.4567686e+00	1.6496406e-01
8.4785775e+00	2.0559059e-01
8.5003865e+00	-3.5795613e-02
8.5221954e+00	-2.2696308e-01
8.5440044e+00	1.7356636e-01
8.5658133e+00	3.9592132e-01
8.5876222e+00	-1.3386222e-01
8.6094312e+00	-1.3245806e-01
8.6312401e+00	3.0401096e-01
8.6530491e+00	1.5568325e-01
8.6748580e+00	2.5010182e-02
8.6966669e+00	8.6200085e-03
8.7184759e+00	1.3528598e-01
8.7402848e+00	3.9772657e-01
8.7620937e+00	-1.7437087e-02
8.7839027e+00	-8.1388861e-02
8.8057116e+00	4.4212115e-01
8.8275206e+00	5.6927457e-01
8.8493295e+00	3.7075281e-01
8.8711384e+00	3.2754924e-01
8.8929474e+00	2.3821486e-01
8.9147563e+00	6.3236367e-02
8.9365652e+00	-5.9197147e-02
8.9583742e+00	-1.2183777e-01
8.9801831e+00	-2.1949720e-02
9.0019921e+00	-1.7610038e-02
9.0238010e+00	6.6027404e-02
9.0456099e+00	5.9563329e-01
9.0674189e+00	6.9963273e-01
9.0892278e+00	1.5313179e-01
9.1110368e+00	6.8985490e-03
9.1328457e+00	-6.2692095e-02
9.1546546e+00	-5.3546792e-02
9.1764636e+00	-4.8054803e-02
9.1982725e+00	2.9710711e-01
9.2200814e+00	4.3219556e-01
9.2418904e+00	3.3663625e-02
9.2636993e+00	1.3301797e-01
9.2855083e+00	2.6186698e-01
9.3073172e+00	4.3765086e-02
9.3291261e+00	-1.0019274e-01
9.3509351e+00	9.8111546e-02
9.3727440e+00	3.8773570e-02
9.3945530e+00	-2.1558541e-01
9.4163619e+00	-1.2021793e-01
9.4381708e+00	7.1277626e-02
9.4599798e+00	2.7938806e-01
9.4817887e+00	1.0728969e-01
9.5035976e+00	-1.3477842e-03
9.5254066e+00	-7.6083233e-02
9.5472155e+00	-9.9929649e-02
9.5690245e+00	1.7276481e-01
9.5908334e+00	9.8226835e-02
9.6126423e+00	-7.5831405e-02
9.6344513e+00	7.8811717e-02
9.6562602e+00	2.2027827e-01
9.6780691e+00	7.7657113e-02
9.6998781e+00	-1.3296643e-01
9.7216870e+00	-1.6871545e-01
9.7434960e+00	-6.9278896e-02
9.7653049e+00	7.1068114e-02
9.7871138e+00	1.8050045e-01
9.8089228e+00	9.5157152e-02
9.8307317e+00	-1.0964765e-01
9.8525407e+00	-4.1150253e-02
9.8743496e+00	-9.2392168e-02
9.8961585e+00	1.3017031e-01
9.9179675e+00	2.0928543e-01
9.9397764e+00	-3.2308507e-02
9.9615853e+00	-8.7285377e-03
9.9833943e+00	1.2485676e-01
1.0005203e+01	3.1846444e-02
1.0027012e+01	-4.7186295e-02
1.0048821e+01	2.4079949e-01
1.0070630e+01	5.4412020e-01
1.0092439e+01	5.7424978e-01
1.0114248e+01	6.4072607e-01
1.0136057e+01	4.3897786e-01
1.0157866e+01	4.2562694e-01
1.0179675e+01	4.0853853e-01
1.0201484e+01	-3.4105551e-02
1.0223293e+01	-2.4837478e-01
1.0245102e+01	-1.6570027e-01
1.0266910e+01	1.4333701e-01
1.0288719e+01	9.3586414e-02
1.0310528e+01	3.6320225e-02
1.0332337e+01	1.1950855e+00
1.0354146e+01	1.7515695e+00
1.0375955e+01	2.1551692e+00
1.0397764e+01	2.6710609e+00
1.0419573e+01	3.5335617e+00
1.0441382e+01	4.5358777e+00
1.0463191e+01	5.9664490e+00
1.0485000e+01	8.7986739e+00
1.0506809e+01	1.3541739e+01
1.0528618e+01	1.7557319e+01
1.0550427e+01	1.8290124e+01
1.0572236e+01	1.6933732e+01
1.0594045e+01	1.6087286e+01
1.0615853e+01	1.7182821e+01
1.0637662e+01	1.8268705e+01
1.0659471e+01	1.7965024e+01
1.0681280e+01	1.5981165e+01
1.0703089e+01	1.1550294e+01
1.0724898e+01	6.8787033e+00
1.0746707e+01	3.8849969e+00
1.0768516e+01	2.5764800e+00
1.0790325e+01	1.7115976e+00
1.0812134e+01	1.0062429e+00
1.0833943e+01	7.4730414e-01
1.0855752e+01	3.7631437e-01
1.0877561e+01	6.4317673e-03
1.0899370e+01	-1.1482906e-01
1.0921179e+01	1.3712498e-02
1.0942988e+01	1.1656356e-01
1.0964796e+01	1.0036817e-01
1.0986605e+01	-7.5469382e-02
1.1008414e+01	9.9640964e-02
1.1030223e+01	3.9077163e-01
1.1052032e+01	7.4542997e-01
1.1073841e+01	8.0893410e-01
1.1095650e+01	1.0141331e+00
1.1117459e+01	1.2775342e+00
1.1139268e+01	1.7523373e+00
1.1161077e+01	1.9115748e+00
1.1182886e+01	2.2250225e+00
1.1204695e+01	2.7477438e+00
1.1226504e+01	3.0505037e+00
1.1248313e+01	2.4074602e+00
1.1270122e+01	1.0381056e+00
1.1291931e+01	6.8478093e-01
1.1313740e+01	5.6584831e-01
1.1335548e+01	4.4625486e-01
1.1357357e+01	1.4390563e-01
1.1379166e+01	-1.5711914e-01
1.1400975e+01	6.3611093e-02
1.1422784e+01	1.8606116e-01
1.1444593e+01	-1.2036932e-01
1.1466402e+01	-2.6735221e-01
1.1488211e+01	1.4443081e-01
1.1510020e+01	3.3909826e-02
1.1531829e+01	-8.4457553e-02
1.1553638e+01	-5.3840996e-03
1.1575447e+01	4.5754444e-01
1.1597256e+01	-5.0633414e-02
1.1619065e+01	-1.4479120e-02
1.1640874e+01	1.2943323e-01
1.1662683e+01	7.0082778e-02
1.1684491e+01	4.4435685e-02
1.1706300e+01	2.2504747e-01
1.1728109e+01	8.5974696e-02
1.1749918e+01	-3.4037867e-02
1.1771727e+01	-2.2835853e-01
1.1793536e+01	-3.1272513e-02
1.1815345e+01	-2.5050824e-03
1.1837154e+01	-2.1920592e-02
1.1858963e+01	3.9152003e-02
1.1880772e+01	2.5586595e-01
1.1902581e+01	2.3118624e-01
1.1924390e+01	-2.0686587e-02
1.1946199e+01	1.2101297e-01
1.1968008e+01	9.2737480e-02
1.1989817e+01	-5.9272436e-02
1.2011626e+01	-1.1449270e-01
1.2033434e+01	-3.4908866e-02
1.2055243e+01	-3.5533149e-02
1.2077052e+01	9.7060358e-02
1.2098861e+01	-6.1196490e-02
1.2120670e+01	-2.6614573e-02
1.2142479e+01	-7.3103242e-02
1.2164288e+01	4.1634807e-02
1.2186097e+01	8.2832370e-02
1.2207906e+01	-8.0872432e-04
1.2229715e+01	8.4208532e-02
1.2251524e+01	2.8430507e-01
1.2273333e+01	1.8115613e-01
1.2295142e+01	-1.5294775e-01
1.2316951e+01	-6.0301301e-02
1.2338760e+01	-1.0961403e-01
1.2360569e+01	4.0842261e-03
1.2382377e+01	-2.8422675e-02
1.2404186e+01	9.8953192e-02
1.2425995e+01	1.9968567e-01
1.2447804e+01	1.1642772e-01
1.2469613e+01	-1.5790320e-01
1.2491422e+01	2.4879805e-02
1.2513231e+01	1.1669605e-01
1.2535040e+01	5.1561788e-03
1.2556849e+01	-1.0709891e-02
1.2578658e+01	-1.4592283e-01
1.2600467e+01	-3.2050654e-02
1.2622276e+01	2.9234866e-01
1.2644085e+01	2.1146501e-01
1.2665894e+01	6.9807297e-02
1.2687703e+01	2.9743471e-03
1.2709512e+01	-1.8404493e-01
1.2731320e+01	-3.7121608e-02
1.2753129e+01	2.9349704e-01
1.2774938e+01	1.0958664e-01
1.2796747e+01	1.2640849e-02
1.2818556e+01	-1.0027986e-01
1.2840365e+01	1.8686052e-01
1.2862174e+01	2.2427522e-02
1.2883983e+01	-1.4524276e-01
1.2905792e+01	-1.0931158e-01
1.2927601e+01	1.6211316e-01
1.2949410e+01	2.0329316e-01
1.2971219e+01	9.6030443e-02
1.2993028e+01	3.9250566e-02
1.3014837e+01	4.0630472e-01
1.3036646e+01	6.2818059e-01
1.3058455e+01	5.7037388e-01
1.3080264e+01	6.6708031e-01
1.3102072e+01	7.6936454e-01
1.3123881e+01	-6.3478788e-02
1.3145690e+01	9.2756992e-02
1.3167499e+01	2.6943715e-01
1.3189308e+01	3.9913412e-01
1.3211117e+01	3.8541483e-01
1.3232926e+01	5.4455281e-01
1.3254735e+01	2.7177341e-01
1.3276544e+01	-9.8360936e-03
1.3298353e+01	5.5153851e-02
1.3320162e+01	-6.5359646e-02
1.3341971e+01	-3.9462953e-01
1.3363780e+01	3.6911357e-01
1.3385589e+01	5.3359735e-01
1.3407398e+01	7.1339819e-01
1.3429207e+01	6.2309428e-01
1.3451015e+01	5.9130881e-01
1.3472824e+01	4.8307696e-01
1.3494633e+01	5.3430689e-01
1.3516442e+01	1.7899985e-01
1.3538251e+01	9.2433915e-02
1.3560060e+01	1.9748943e-01
1.3581869e+01	5.4054792e-02
1.3603678e+01	2.8909456e-01
1.3625487e+01	2.2150452e-01
1.3647296e+01	-1.5342184e-03
1.3669105e+01	-1.5554922e-01
1.3690914e+01	-3.3009610e-03
1.3712723e+01	-6.1408001e-02
1.3734532e+01	-3.3746989e-02
1.3756341e+01	1.0003001e-01
1.3778150e+01	5.8757317e-02
1.3799958e+01	7.9273951e-03
1.3821767e+01	-9.0361123e-02
1.3843576e+01	7.6329632e-02
1.3865385e+01	-2.4183629e-02
1.3887194e+01	-5.2978262e-02
1.3909003e+01	-7.6299355e-04
1.3930812e+01	-9.8285014e-02
1.3952621e+01	1.7304688e-01
1.3974430e+01	4.4240917e-02
1.3996239e+01	9.8211593e-02
1.4018048e+01	-2.6211156e-02
1.4039857e+01	-2.3748056e-01
1.4061666e+01	-7.9128637e-02
1.4083475e+01	6.6690601e-02
1.4105284e+01	9.3057522e-02
1.4127093e+01	4.5434721e-02
1.4148901e+01	7.7972921e-02
1.4170710e+01	-7.5627898e-02
1.4192519e+01	-7.9577000e-02
1.4214328e+01	7.6218015e-02
1.4236137e+01	6.6945865e-02
1.4257946e+01	-1.3797137e-01
1.4279755e+01	-2.2332510e-02
1.4301564e+01	4.6058585e-02
1.4323373e+01	6.8532009e-02
1.4345182e+01	1.0669266e-01
1.4366991e+01	-1.0917401e-01
1.4388800e+01	2.8482387e-02
1.4410609e+01	-1.4044768e-02
1.4432418e+01	6.0307942e-02
1.4454227e+01	-8.2913069e-03
1.4476036e+01	-7.5834254e-02
1.4497844e+01	2.7031449e-02
1.4519653e+01	-4.0696305e-02
1.4541462e+01	8.3020441e-02
1.4563271e+01	7.0300714e-02
1.4585080e+01	-1.5571025e-02
1.4606889e+01	-9.7809883e-02
1.4628698e+01	-1.4242135e-01
1.4650507e+01	9.7022332e-03
1.4672316e+01	-1.7147124e-02
1.4694125e+01	1.6026787e-02
1.4715934e+01	-7.3506953e-03
1.4737743e+01	1.5647817e-02
1.4759552e+01	9.7173468e-02
1.4781361e+01	4.1988404e-01
1.4803170e+01	6.4628836e-01
1.4824979e+01	9.8325779e-01
1.4846787e+01	1.7014387e+00
1.4868596e+01	2.8182263e+00
1.4890405e+01	3.5344161e+00
1.4912214e+01	3.5674313e+00
1.4934023e+01	3.4098173e+00
1.4955832e+01	3.1568175e+00
1.4977641e+01	3.1240901e+00
1.4999450e+01	3.1565475e+00
1.5021259e+01	3.7559971e+00
1.5043068e+01	4.0753932e+00
1.5064877e+01	4.2322221e+00
1.5086686e+01	3.7091122e+00
1.5108495e+01	3.0065608e+00
1.5130304e+01	2.3353222e+00
1.5152113e+01	1.2274049e+00
1.5173922e+01	4.9151701e-01
1.5195731e+01	2.3636802e-01
1.5217539e+01	3.8073570e-02
1.5239348e+01	2.7765239e-02
1.5261157e+01	4.6134867e-02
1.5282966e+01	-4.2597937e-02
1.5304775e+01	-1.5644426e-01
1.5326584e+01	6.8126279e-02
1.5348393e+01	7.2522838e-02
1.5370202e+01	-1.2951995e-01
1.5392011e+01	-1.3729323e-01
1.5413820e+01	1.2325014e-01
1.5435629e+01	6.6207662e-02
1.5457438e+01	2.6400016e-01
1.5479247e+01	3.1315105e-02
1.5501056e+01	-5.9440099e-02
1.5522865e+01	1.8594271e-02
1.5544674e+01	6.0243913e-02
1.5566482e+01	-9.8279675e-02
1.5588291e+01	-1.5628084e-01
1.5610100e+01	5.5612907e-02
1.5631909e+01	2.2795837e-01
1.5653718e+01	1.1462740e-01
1.5675527e+01	6.2543187e-02
1.5697336e+01	4.6232953e-02
1.5719145e+01	5.0097037e-02
1.5740954e+01	-1.3712413e-01
1.5762763e+01	-1.9811344e-01
1.5784572e+01	-6.3810296e-03
1.5806381e+01	2.2287713e-02
1.5828190e+01	5.1217882e-02
1.5849999e+01	6.1657826e-02
1.5871808e+01	5.0297990e-02
1.5893617e+01	-2.8327603e-02
1.5915425e+01	1.5939184e-02
1.5937234e+01	1.0990324e-01
1.5959043e+01	-1.0700758e-01
1.5980852e+01	-1.5916357e-01
1.6002661e+01	2.4177742e-02
1.6024470e+01	1.5663628e-01
1.6046279e+01	1.2275455e-01
1.6068088e+01	-4.2941966e-03
1.6089897e+01	-1.8634422e-02
1.6111706e+01	-1.1677061e-01
1.6133515e+01	-5.6417560e-02
1.6155324e+01	-1.5102813e-02
1.6177133e+01	4.4077288e-02
1.6198942e+01	1.6789941e-01
1.6220751e+01	-1.4010990e-02
1.6242560e+01	-3.5562161e-02
1.6264368e+01	-9.1008726e-02
1.6286177e+01	9.1216058e-03
1.6307986e+01	1.4659456e-01
1.6329795e+01	2.0521384e-02
1.6351604e+01	-7.7871214e-02
1.6373413e+01	6.5273288e-03
1.6395222e+01	-1.7777974e-02
1.6417031e+01	-5.3092310e-02
1.6438840e+01	-6.8605717e-02
1.6460649e+01	1.6128611e-01
1.6482458e+01	2.5619201e-01
1.6504267e+01	1.4747327e-01
1.6526076e+01	-1.8381076e-02
1.6547885e+01	-1.3923297e-01
1.6569694e+01	-1.3075508e-01
1.6591503e+01	3.8868942e-02
1.6613311e+01	2.0043090e-01
1.6635120e+01	9.8683640e-02
1.6656929e+01	-5.1136916e-02
1.6678738e+01	-1.2949421e-01
1.6700547e+01	-5.6731554e-02
1.6722356e+01	6.1132164e-02
1.6744165e+01	3.3374771e-01
1.6765974e+01	1.7669538e-01
1.6787783e+01	-1.8363910e-02
1.6809592e+01	9.2457366e-02
1.6831401e+01	3.0359941e-01
1.6853210e+01	6.2563039e-02
1.6875019e+01	-8.1845796e-02
1.6896828e+01	4.0570302e-02
1.6918637e+01	-1.9106308e-02
1.6940446e+01	-4.0992222e-02
1.6962254e+01	-8.3845622e-02
1.6984063e+01	-6.3907749e-02
1.7005872e+01	-1.7916219e-02
1.7027681e+01	2.7875275e-02
1.7049490e+01	5.3500800e-02
1.7071299e+01	-3.1146453e-02
1.7093108e+01	3.6912415e-02
1.7114917e+01	5.6374016e-02
1.7136726e+01	4.0474491e-02
1.7158535e+01	-5.7758671e-02
1.7180344e+01	7.0804217e-02
1.7202153e+01	1.7957564e-03
1.7223962e+01	-1.8751696e-01
1.7245771e+01	1.2047405e-02
1.7267580e+01	1.1318972e-01
1.7289389e+01	-2.9679882e-02
1.7311198e+01	6.1809878e-02
1.7333006e+01	-5.9863893e-02
1.7354815e+01	-1.6297402e-02
1.7376624e+01	8.4565244e-02
1.7398433e+01	-2.8382246e-02
1.7420242e+01	-1.7217969e-01
1.7442051e+01	1.0244965e-01
1.7463860e+01	5.4210845e-02
1.7485669e+01	1.4882688e-02
1.7507478e+01	3.0305900e-03
1.7529287e+01	-4.2091994e-02
1.7551096e+01	6.3125528e-02
1.7572905e+01	-2.9121653e-02
1.7594714e+01	1.1919604e-01
1.7616523e+01	-6.7753596e-02
1.7638332e+01	-1.8341306e-01
1.7660141e+01	-3.5241699e-02
1.7681949e+01	1.0610687e-01
1.7703758e+01	1.8298329e-01
1.7725567e+01	2.0702447e-02
1.7747376e+01	-6.6720839e-03
1.7769185e+01	-6.2885894e-02
1.7790994e+01	2.6933583e-02
1.7812803e+01	2.1657690e-03
1.7834612e+01	-4.3280610e-02
1.7856421e+01	-1.7763910e-02
1.7878230e+01	-2.2287261e-02
1.7900039e+01	7.6398880e-03
1.7921848e+01	1.0241752e-01
1.7943657e+01	-4.0135605e-02
1.7965466e+01	3.3977914e-02
1.7987275e+01	-2.4282160e-02
1.8009084e+01	2.2686298e-02
1.8030892e+01	-1.2099168e-01
1.8052701e+01	1.0062400e-01
1.8074510e+01	5.3871367e-02
1.8096319e+01	8.2111571e-03
1.8118128e+01	2.5238738e-02
1.8139937e+01	-1.3229872e-01
1.8161746e+01	-7.4860619e-02
1.8183555e+01	2.9929553e-02
1.8205364e+01	-9.3056255e-03
1.8227173e+01	2.6873579e-02
1.8248982e+01	7.5442774e-02
1.8270791e+01	1.7386861e-02
1.8292600e+01	-6.6101680e-02
1.8314409e+01	-5.1901483e-02
1.8336218e+01	1.6053988e-01
1.8358027e+01	-1.6781524e-02
1.8379835e+01	-7.8557991e-02
1.8401644e+01	-1.1336687e-01
1.8423453e+01	-2.3551679e-03
1.8445262e+01	2.4949990e-01
1.8467071e+01	1.6404552e-01
1.8488880e+01	7.4823528e-02
1.8510689e+01	-5.0708944e-03
1.8532498e+01	1.3726741e-01
1.8554307e+01	4.2514434e-02
1.8576116e+01	-6.0639742e-02
1.8597925e+01	-1.8446592e-01
1.8619734e+01	3.7406079e-02
1.8641543e+01	-2.9274737e-02
1.8663352e+01	2.4065902e-02
1.8685161e+01	1.4377959e-01
1.8706970e+01	5.0882338e-03
1.8728778e+01	-8.5494572e-02
1.8750587e+01	-6.9701557e-02
1.8772396e+01	-6.5402852e-02
1.8794205e+01	-1.3971550e-01
1.8816014e+01	7.5772217e-02
1.8837823e+01	8.3343151e-02
1.8859632e+01	1.4512144e-01
1.8881441e+01	1.1659584e-01
1.8903250e+01	1.6654359e-02
1.8925059e+01	1.1154533e-02
1.8946868e+01	-2.0948588e-01
1.8968677e+01	-1.2332419e-01
1.8990486e+01	1.2660314e-01
1.9012295e+01	5.1733367e-02
1.9034104e+01	6.1444142e-02
1.9055913e+01	-9.9737616e-02
1.9077721e+01	-1.1122752e-01
1.9099530e+01	2.1025242e-02
1.9121339e+01	5.6262962e-02
1.9143148e+01	1.1114056e-02
1.9164957e+01	1.4806690e-01
1.9186766e+01	1.4288817e-01
1.9208575e+01	-1.2218842e-02
1.9230384e+01	-1.1777147e-01
1.9252193e+01	-1.5632414e-01
1.9274002e+01	-3.0917662e-02
1.9295811e+01	5.3079917e-02
1.9317620e+01	-1.9383535e-03
1.9339429e+01	-8.3556016e-02
1.9361238e+01	-1.3210861e-03
1.9383047e+01	1.5999640e-01
1.9404856e+01	2.1412737e-01
1.9426665e+01	3.7402297e-02
1.9448473e+01	5.8967091e-02
1.9470282e+01	-6.7635959e-02
1.9492091e+01	2.3620832e-02
1.9513900e+01	2.3630364e-02
1.9535709e+01	-1.1868039e-01
1.9557518e+01	-4.2067731e-02
1.9579327e+01	3.9233986e-02
1.9601136e+01	7.9949178e-02
1.9622945e+01	-7.7342704e-02
1.9644754e+01	-5.7996593e-02
1.9666563e+01	5.8563412e-02
1.9688372e+01	9.7805056e-02
1.9710181e+01	1.0236526e-02
1.9731990e+01	-3.9948760e-02
1.9753799e+01	-1.5188493e-01
1.9775608e+01	-1.0976896e-01
1.9797416e+01	9.8380955e-02
1.9819225e+01	1.4238148e-01
1.9841034e+01	-6.2999664e-02
1.9862843e+01	1.0208351e-01
1.9884652e+01	-9.5957383e-02
1.9906461e+01	-7.4222980e-02
1.9928270e+01	1.1864148e-01
1.9950079e+01	5.5968597e-02
1.9971888e+01	4.3987747e-02
1.9993697e+01	8.2781822e-02
2.0015506e+01	-4.5548554e-02
2.0037315e+01	-3.2452048e-02
2.0059124e+01	2.4163512e-02
2.0080933e+01	-2.2194633e-03
2.0102742e+01	-1.5005349e-01
2.0124551e+01	-4.9471195e-02
2.0146359e+01	-8.2708465e-02
2.0168168e+01	1.4694343e-01
2.0189977e+01	1.7557692e-01
2.0211786e+01	3.6756108e-03
2.0233595e+01	-4.4613132e-02
2.0255404e+01	-2.0043425e-01
2.0277213e+01	-3.8573032e-02
2.0299022e+01	4.8975355e-02
2.0320831e+01	1.2592504e-01
2.0342640e+01	9.1058478e-02
2.0364449e+01	7.9445005e-02
2.0386258e+01	-4.0986485e-02
2.0408067e+01	-1.2780691e-01
2.0429876e+01	-1.0205844e-01
2.0451685e+01	9.7756906e-02
2.0473494e+01	1.2416891e-01
2.0495302e+01	-1.2591044e-02
2.0517111e+01	7.4282699e-02
2.0538920e+01	1.0875910e-01
2.0560729e+01	2.8390048e-02
2.0582538e+01	-7.6977838e-02
2.0604347e+01	-7.0564839e-02
2.0626156e+01	-5.9325571e-02
2.0647965e+01	-1.4507679e-01
2.0669774e+01	-4.9313079e-02
2.0691583e+01	7.4262794e-02
2.0713392e+01	3.1231423e-02
2.0735201e+01	7.0994926e-02
2.0757010e+01	4.3928522e-02
2.0778819e+01	-2.6627108e-02
2.0800628e+01	-5.1855607e-02
2.0822437e+01	7.4593453e-02
2.0844245e+01	-1.0572139e-01
2.0866054e+01	-2.9578424e-02
2.0887863e+01	2.1927297e-01
2.0909672e+01	7.3088475e-03
2.0931481e+01	-2.3845410e-03
2.0953290e+01	5.0672384e-01
2.0975099e+01	1.3647874e+00
2.0996908e+01	2.1995512e+00
2.1018717e+01	3.9697442e+00
2.1040526e+01	5.7579155e+00
2.1062335e+01	7.2993449e+00
2.1084144e+01	7.2582307e+00
2.1105953e+01	6.4546997e+00
2.1127762e+01	5.5326460e+00
2.1149571e+01	5.3196247e+00
2.1171380e+01	5.9816496e+00
2.1193188e+01	7.3757928e+00
2.1214997e+01	8.9489795e+00
2.1236806e+01	1.0674264e+01
2.1258615e+01	1.2442871e+01
2.1280424e+01	1.3588209e+01
2.1302233e+01	1.3597609e+01
2.1324042e+01	1.2374734e+01
2.1345851e+01	1.0274329e+01
2.1367660e+01	7.5091833e+00
2.1389469e+01	4.6316381e+00
2.1411278e+01	2.3194084e+00
2.1433087e+01	1.0324272e+00
2.1454896e+01	3.8316640e-01
2.1476705e+01	-3.3752869e-02
2.1498514e+01	-5.3669217e-02
2.1520323e+01	-2.7493633e-02
2.1542132e+01	1.6756547e-01
2.1563940e+01	2.0376564e-01
2.1585749e+01	3.8318960e-02
2.1607558e+01	3.8660138e-03
2.1629367e+01	-3.2243426e-02
2.1651176e+01	1.0142574e-01
2.1672985e+01	1.0772291e-01
2.1694794e+01	5.7005151e-02
2.1716603e+01	-1.5913618e-01
2.1738412e+01	-2.1034684e-01
2.1760221e+01	-1.0673208e-01
2.1782030e+01	-9.1963599e-02
2.1803839e+01	-9.3404929e-03
2.1825648e+01	8.2119413e-02
2.1847457e+01	1.3454327e-02
2.1869266e+01	1.5419943e-01
2.1891075e+01	-3.2475608e-02
2.1912883e+01	8.7110609e-02
2.1934692e+01	3.6967487e-02
2.1956501e+01	2.0077922e-01
2.1978310e+01	9.8257729e-02
2.2000119e+01	-1.9896753e-01
2.2021928e+01	-2.4836152e-01
2.2043737e+01	8.5749029e-02
2.2065546e+01	1.1706911e-01
2.2087355e+01	-3.0007580e-02
2.2109164e+01	-5.4387560e-02
2.2130973e+01	-3.7105587e-02
2.2152782e+01	3.2681046e-03
2.2174591e+01	5.6609646e-02
2.2196400e+01	1.1819740e-01
2.2218209e+01	1.4174445e-01
2.2240018e+01	1.6113462e-02
2.2261826e+01	-1.1257238e-01
2.2283635e+01	-7.9178757e-02
2.2305444e+01	-5.3481023e-02
2.2327253e+01	6.6132494e-02
2.2349062e+01	6.1097770e-02
2.2370871e+01	-1.0514517e-01
2.2392680e+01	-4.6455669e-02
2.2414489e+01	3.0270611e-02
2.2436298e+01	2.5539102e-02
2.2458107e+01	-4.8618963e-03
2.2479916e+01	-1.3619592e-02
2.2501725e+01	6.3890682e-02
2.2523534e+01	8.0072183e-02
2.2545343e+01	-1.2254013e-02
2.2567152e+01	-4.9906004e-02
2.2588961e+01	-3.0649792e-02
2.2610769e+01	3.9168730e-02
2.2632578e+01	-3.3121705e-03
2.2654387e+01	-8.8125050e-02
2.2676196e+01	3.9203807e-02
2.2698005e+01	5.7569410e-02
2.2719814e+01	-6.8507206e-02
2.2741623e+01	-4.9188396e-02
2.2763432e+01	2.5961275e-01
2.2785241e+01	1.3661232e-01
2.2807050e+01	-1.4821407e-02
2.2828859e+01	-5.1029351e-02
2.2850668e+01	-1.4771784e-02
2.2872477e+01	6.2367582e-02
2.2894286e+01	-1.7946986e-02
2.2916095e+01	-4.3804477e-02
2.2937904e+01	-7.6587097e-02
2.2959712e+01	2.7091640e-02
2.2981521e+01	1.3218786e-01
2.3003330e+01	1.2405477e-01
2.3025139e+01	-2.0412716e-01
2.3046948e+01	-8.4255934e-02
2.3068757e+01	1.1123767e-01
2.3090566e+01	7.6229187e-02
2.3112375e+01	-1.2118015e-01
2.3134184e+01	3.7127919e-02
2.3155993e+01	1.7045092e-01
2.3177802e+01	5.2428803e-02
2.3199611e+01	-8.0870269e-02
2.3221420e+01	1.4622551e-01
2.3243229e+01	-1.0589633e-02
2.3265038e+01	-6.7852054e-02
2.3286847e+01	-1.8579447e-01
2.3308655e+01	-3.5556176e-02
2.3330464e+01	-3.6830331e-02
2.3352273e+01	-7.1350379e-02
2.3374082e+01	6.8634425e-02
2.3395891e+01	3.2979882e-02
2.3417700e+01	1.7835709e-01
2.3439509e+01	3.5148345e-01
2.3461318e+01	7.4469108e-01
2.3483127e+01	1.8572808e+00
2.3504936e+01	2.9725863e+00
2.3526745e+01	4.2269464e+00
2.3548554e+01	5.4297240e+00
2.3570363e+01	5.5262707e+00
2.3592172e+01	5.0241065e+00
2.3613981e+01	4.4106540e+00
2.3635790e+01	4.1986201e+00
2.3657599e+01	4.4148456e+00
2.3679407e+01	5.0821892e+00
2.3701216e+01	6.4721268e+00
2.3723025e+01	7.7741160e+00
2.3744834e+01	9.3132758e+00
2.3766643e+01	1.1123979e+01
2.3788452e+01	1.3254052e+01
2.3810261e+01	1.4483064e+01
2.3832070e+01	1.4085404e+01
2.3853879e+01	1.2776154e+01
2.3875688e+01	1.0717364e+01
2.3897497e+01	7.9785309e+00
2.3919306e+01	5.3308142e+00
2.3941115e+01	3.3094890e+00
2.3962924e+01	2.1418013e+00
2.3984733e+01	1.0741818e+00
2.4006542e+01	5.5419224e-01
2.4028350e+01	2.7153044e-01
2.4050159e+01	1.4231611e-01
2.4071968e+01	4.6335267e-02
2.4093777e+01	-6.0167769e-02
2.4115586e+01	-4.7205955e-02
2.4137395e+01	-5.1693011e-02
2.4159204e+01	1.7231435e-02
2.4181013e+01	-1.1917256e-01
2.4202822e+01	-3.5563883e-02
2.4224631e+01	1.2364988e-01
2.4246440e+01	2.6656139e-02
2.4268249e+01	7.3066670e-02
2.4290058e+01	-1.2822424e-01
2.4311867e+01	-1.9352621e-01
2.4333676e+01	2.9197225e-02
2.4355485e+01	3.7837382e-02
2.4377293e+01	-1.3980430e-03
2.4399102e+01	6.2001684e-02
2.4420911e+01	9.8565835e-02
2.4442720e+01	-3.5900799e-02
2.4464529e+01	1.4576748e-01
2.4486338e+01	4.4772357e-01
2.4508147e+01	6.5186615e-01
2.4529956e+01	6.8641023e-01
2.4551765e+01	9.1399679e-01
2.4573574e+01	1.1457368e+00
2.4595383e+01	1.0716323e+00
2.4617192e+01	1.2830223e+00
2.4639001e+01	1.3370117e+00
2.4660810e+01	7.2761659e-01
2.4682619e+01	3.2670288e-01
2.4704428e+01	2.7039960e-01
2.4726236e+01	-5.5806082e-03
2.4748045e+01	-1.3949364e-01
2.4769854e+01	-2.8443578e-02
2.4791663e+01	4.6352135e-03
2.4813472e+01	3.1637000e-02
2.4835281e+01	7.7772785e-02
2.4857090e+01	-6.2306731e-02
2.4878899e+01	1.3864512e-01
2.4900708e+01	-5.7732438e-02
2.4922517e+01	-4.4090816e-02
2.4944326e+01	-1.4743770e-03
2.4966135e+01	-1.6652488e-03
2.4987944e+01	-2.2017477e-02
2.5009753e+01	1.6345328e-02
2.5031562e+01	-1.3524601e-01
2.5053371e+01	1.2529280e-01
2.5075179e+01	9.3327196e-02
2.5096988e+01	-1.5589713e-02
2.5118797e+01	-1.6077949e-01
2.5140606e+01	-3.9614883e-03
2.5162415e+01	1.0529825e-01
2.5184224e+01	-8.3293436e-02
2.5206033e+01	9.3820767e-02
2.5227842e+01	9.4194405e-02
2.5249651e+01	-2.7396974e-02
2.5271460e+01	1.2006388e-02
2.5293269e+01	-4.7620018e-02
2.5315078e+01	-3.3258081e-02
2.5336887e+01	2.4004206e-02
2.5358696e+01	-1.5915043e-02
2.5380505e+01	-1.8950357e-02
2.5402314e+01	1.0515581e-01
2.5424123e+01	3.9136214e-02
2.5445931e+01	3.6923859e-02
2.5467740e+01	8.5839987e-02
2.5489549e+01	-1.1079601e-01
2.5511358e+01	-1.5495979e-01
2.5533167e+01	-2.7779646e-03
2.5554976e+01	9.5501180e-02
2.5576785e+01	7.0628224e-03
2.5598594e+01	-3.5997217e-02
2.5620403e+01	-1.0715513e-01
2.5642212e+01	1.3713312e-02
2.5664021e+01	7.2840395e-03
2.5685830e+01	-4.9996117e-02
2.5707639e+01	-8.0085699e-02
2.5729448e+01	2.2016687e-01
2.5751257e+01	4.4415343e-01
2.5773066e+01	6.2275332e-01
2.5794874e+01	9.4797085e-01
2.5816683e+01	8.1364931e-01
2.5838492e+01	7.0701303e-01
2.5860301e+01	4.5957629e-01
2.5882110e+01	9.3250416e-02
2.5903919e+01	1.2860185e-01
2.5925728e+01	3.4549753e-01
2.5947537e+01	8.3510383e-01
2.5969346e+01	1.2327924e+00
2.5991155e+01	1.7710321e+00
2.6012964e+01	2.2253454e+00
2.6034773e+01	2.5568222e+00
2.6056582e+01	3.0413181e+00
2.6078391e+01	3.6660158e+00
2.6100200e+01	3.5738771e+00
2.6122009e+01	3.0153226e+00
2.6143817e+01	2.5396181e+00
2.6165626e+01	2.0812022e+00
2.6187435e+01	1.4352927e+00
2.6209244e+01	9.0838823e-01
2.6231053e+01	4.1846154e-01
2.6252862e+01	4.2449332e-01
2.6274671e+01	2.4534440e-01
2.6296480e+01	-1.1373008e-01
2.6318289e+01	-1.3000783e-01
2.6340098e+01	-6.9956702e-02
2.6361907e+01	-7.1739995e-02
2.6383716e+01	1.0332957e-01
2.6405525e+01	5.0033312e-02
2.6427334e+01	4.6299425e-02
2.6449143e+01	7.2943857e-02
2.6470952e+01	8.7877473e-02
2.6492760e+01	3.3520132e-02
2.6514569e+01	3.9610528e-02
2.6536378e+01	-7.0499167e-02
2.6558187e+01	-1.1881215e-01
2.6579996e+01	-6.2861944e-02
2.6601805e+01	7.7037240e-02
2.6623614e+01	2.4841724e-01
2.6645423e+01	4.7545176e-01
2.6667232e+01	6.2259345e-01
2.6689041e+01	4.6497086e-01
2.6710850e+01	1.3107553e-01
2.6732659e+01	3.1007543e-01
2.6754468e+01	-8.5781984e-02
2.6776277e+01	-1.7433818e-01
2.6798086e+01	7.8419560e-02
2.6819895e+01	-2.0041787e-02
2.6841703e+01	-1.1863834e-01
2.6863512e+01	1.1127038e-01
2.6885321e+01	6.4592365e-02
2.6907130e+01	-3.7245631e-03
2.6928939e+01	-5.3435247e-02
2.6950748e+01	4.0424470e-02
2.6972557e+01	4.5670516e-02
2.6994366e+01	1.0058366e-01
2.7016175e+01	6.2521205e-02
2.7037984e+01	2.7040236e-02
2.7059793e+01	-9.3632355e-02
2.7081602e+01	-1.5633390e-01
2.7103411e+01	-6.3021836e-02
2.7125220e+01	7.6155497e-02
2.7147029e+01	5.7022144e-02
2.7168838e+01	-2.5934538e-02
2.7190646e+01	-2.9038516e-03
2.7212455e+01	7.1520886e-02
2.7234264e+01	4.4030348e-03
2.7256073e+01	3.5586792e-02
2.7277882e+01	-8.4786174e-02
2.7299691e+01	-1.2055295e-01
2.7321500e+01	1.0237277e-04
2.7343309e+01	1.1601403e-01
2.7365118e+01	1.4750851e-02
2.7386927e+01	-2.7850523e-02
2.7408736e+01	1.2758997e-01
2.7430545e+01	-6.7417768e-02
2.7452354e+01	-8.1657150e-02
2.7474163e+01	-1.1179660e-02
2.7495972e+01	8.3995891e-02
2.7517781e+01	-1.4467008e-02
2.7539590e+01	-3.8863120e-02
2.7561398e+01	-8.2478382e-02
2.7583207e+01	9.2882223e-02
2.7605016e+01	5.9708764e-02
2.7626825e+01	-1.4577474e-02
2.7648634e+01	1.5489221e-02
2.7670443e+01	-5.5675934e-02
2.7692252e+01	-1.5045382e-01
2.7714061e+01	-8.2053852e-02
2.7735870e+01	1.0360966e-01
2.7757679e+01	8.3954279e-02
2.7779488e+01	1.2086005e-01
2.7801297e+01	3.4407203e-01
2.7823106e+01	9.9988480e-02
2.7844915e+01	8.5152212e-02
2.7866724e+01	5.7425304e-02
2.7888533e+01	-7.9126459e-02
2.7910341e+01	-4.9245010e-02
2.7932150e+01	-1.5401298e-01
2.7953959e+01	-2.9930945e-02
2.7975768e+01	4.9672769e-03
2.7997577e+01	-7.3215956e-02
2.8019386e+01	-3.5063583e-02
2.8041195e+01	1.2995671e-01
2.8063004e+01	5.6690514e-02
2.8084813e+01	3.1313745e-02
2.8106622e+01	-2.2433609e-02
2.8128431e+01	-9.5871176e-02
2.8150240e+01	-8.1665281e-02
2.8172049e+01	-1.4869714e-02
2.8193858e+01	4.5116676e-02
2.8215667e+01	-1.8257717e-02
2.8237476e+01	-3.2498119e-03
2.8259284e+01	1.2362161e-01
2.8281093e+01	5.2100965e-02
2.8302902e+01	5.0800597e-02
2.8324711e+01	9.3562155e-02
2.8346520e+01	1.1142996e-02
2.8368329e+01	-5.8720038e-02
2.8390138e+01	-1.0773079e-01
2.8411947e+01	-3.4367136e-02
2.8433756e+01	3.8798946e-02
2.8455565e+01	-1.7525544e-01
2.8477374e+01	-4.9079851e-02
2.8499183e+01	-8.0060992e-02
2.8520992e+01	1.3950898e-01
2.8542801e+01	2.6545138e-01
2.8564610e+01	3.8841109e-01
2.8586419e+01	1.3721931e-01
2.8608227e+01	9.9881767e-02
2.8630036e+01	1.7953706e-01
2.8651845e+01	7.8137095e-02
2.8673654e+01	6.9575127e-03
2.8695463e+01	-1.2155136e-01
2.8717272e+01	-1.5197272e-01
2.8739081e+01	1.6968851e-03
2.8760890e+01	4.6738602e-02
2.8782699e+01	-1.6045189e-01
2.8804508e+01	-4.5912400e-02
2.8826317e+01	1.1426965e-01
2.8848126e+01	9.1082781e-02
2.8869935e+01	5.3491960e-02
2.8891744e+01	1.9159768e-03
2.8913553e+01	-6.6533843e-03
2.8935362e+01	-1.1536211e-01
2.8957170e+01	-1.2511651e-02
2.8978979e+01	-8.3585163e-02
2.9000788e+01	-3.7328122e-02
2.9022597e+01	1.1288994e-01
2.9044406e+01	3.8152283e-02
2.9066215e+01	5.3645077e-03
2.9088024e+01	-9.2476118e-02
2.9109833e+01	1.8472151e-02
2.9131642e+01	1.1039041e-01
2.9153451e+01	-1.0780381e-02
2.9175260e+01	2.5079374e-02
2.9197069e+01	1.0040528e-01
2.9218878e+01	1.2203675e-02
2.9240687e+01	-2.3205393e-02
2.9262496e+01	-1.4578080e-01
2.9284305e+01	-1.6104041e-01
2.9306113e+01	1.3651024e-01
2.9327922e+01	2.1254358e-01
2.9349731e+01	-1.7962680e-02
2.9371540e+01	4.5267197e-03
2.9393349e+01	-1.2331642e-02
2.9415158e+01	3.6816163e-02
2.9436967e+01	2.0173674e-01
2.9458776e+01	-2.0301588e-02
2.9480585e+01	-1.2661050e-01
2.9502394e+01	9.0535704e-03
2.9524203e+01	2.8241486e-02
2.9546012e+01	7.8678873e-02
2.9567821e+01	-3.0156335e-03
2.9589630e+01	-1.5012552e-01
2.9611439e+01	-1.2367872e-02
2.9633248e+01	-3.0713644e-02
2.9655057e+01	1.7210311e-01
2.9676865e+01	4.5700960e-01
2.9698674e+01	6.5324227e-01
2.9720483e+01	1.1522555e+00
2.9742292e+01	1.8445518e+00
2.9764101e+01	2.5764685e+00
2.9785910e+01	3.1855400e+00
2.9807719e+01	3.2953577e+00
2.9829528e+01	3.3097022e+00
2.9851337e+01	2.9485177e+00
2.9873146e+01	2.6516787e+00
2.9894955e+01	2.5021376e+00
2.9916764e+01	2.7669639e+00
2.9938573e+01	2.9797989e+00
2.9960382e+01	3.3885451e+00
2.9982191e+01	4.3843338e+00
3.0004000e+01	5.3946115e+00
3.0025808e+01	6.1832207e+00
3.0047617e+01	7.3626316e+00
3.0069426e+01	8.6609738e+00
3.0091235e+01	9.7269147e+00
3.0113044e+01	1.0183014e+01
3.0134853e+01	1.0061939e+01
3.0156662e+01	9.2870463e+00
3.0178471e+01	7.8699399e+00
3.0200280e+01	6.0247942e+00
3.0222089e+01	4.1076097e+00
3.0243898e+01	2.5356298e+00
3.0265707e+01	1.4239038e+00
3.0287516e+01	9.5133823e-01
3.0309325e+01	4.0756746e-01
3.0331134e+01	6.3840916e-02
3.0352943e+01	2.2020544e-01
3.0374751e+01	2.2780304e-02
3.0396560e+01	-6.2158898e-02
3.0418369e+01	8.0908349e-02
3.0440178e+01	-4.6003822e-02
3.0461987e+01	-6.0384175e-02
3.0483796e+01	-1.1471246e-01
3.0505605e+01	-7.5435980e-02
3.0527414e+01	-4.8294396e-02
3.0549223e+01	6.1367894e-02
3.0571032e+01	1.4922087e-01
3.0592841e+01	-1.1930559e-02
3.0614650e+01	2.1443712e-02
3.0636459e+01	8.7845112e-02
3.0658268e+01	-9.3502677e-02
3.0680077e+01	-5.1740198e-02
3.0701886e+01	7.5965828e-03
3.0723694e+01	-8.0511041e-02
3.0745503e+01	3.5019460e-02
3.0767312e+01	7.3583071e-02
3.0789121e+01	-1.7212477e-03
3.0810930e+01	1.4806330e-02
3.0832739e+01	5.2689333e-03
3.0854548e+01	3.1355272e-02
3.0876357e+01	-6.8722844e-03
3.0898166e+01	-3.0861359e-02
3.0919975e+01	1.0757525e-01
3.0941784e+01	4.7779952e-02
3.0963593e+01	-7.4066789e-02
3.0985402e+01	-6.3265085e-02
3.1007211e+01	1.0120657e-01
3.1029020e+01	-6.3015819e-02
3.1050829e+01	-1.2697758e-01
3.1072637e+01	1.1740138e-02
3.1094446e+01	1.2463671e-01
3.1116255e+01	1.0211955e-02
3.1138064e+01	-7.3947101e-02
3.1159873e+01	-7.6921830e-03
3.1181682e+01	-5.2363382e-02
3.1203491e+01	2.8946341e-02
3.1225300e+01	8.0583064e-02
3.1247109e+01	6.2486544e-02
3.1268918e+01	-2.6510366e-02
3.1290727e+01	-2.0073899e-02
3.1312536e+01	5.7621895e-02
3.1334345e+01	2.3857627e-02
3.1356154e+01	-6.5221184e-02
3.1377963e+01	-1.0985280e-01
3.1399772e+01	3.6772084e-03
3.1421580e+01	-6.2049062e-02
3.1443389e+01	-1.4706591e-01
3.1465198e+01	5.8035306e-02
3.1487007e+01	9.4892403e-02
3.1508816e+01	1.2357771e-01
3.1530625e+01	5.4865571e-01
3.1552434e+01	1.1015298e+00
3.1574243e+01	1.5932942e+00
3.1596052e+01	1.9742923e+00
3.1617861e+01	2.1178693e+00
3.1639670e+01	2.0903145e+00
3.1661479e+01	1.8981662e+00
3.1683288e+01	1.5319526e+00
3.1705097e+01	1.1517902e+00
3.1726906e+01	1.4370720e+00
3.1748715e+01	1.7342045e+00
3.1770524e+01	2.1864209e+00
3.1792332e+01	2.9109185e+00
3.1814141e+01	3.8435236e+00
3.1835950e+01	4.5845614e+00
3.1857759e+01	5.7101493e+00
3.1879568e+01	6.8666325e+00
3.1901377e+01	7.9168713e+00
3.1923186e+01	8.8015439e+00
3.1944995e+01	9.2904558e+00
3.1966804e+01	9.3078971e+00
3.1988613e+01	8.3063431e+00
3.2010422e+01	6.8216042e+00
3.2032231e+01	5.1941936e+00
3.2054040e+01	3.3299075e+00
3.2075849e+01	1.9063024e+00
3.2097658e+01	9.9323336e-01
3.2119467e+01	4.6537579e-01
3.2141275e+01	1.3479593e-01
3.2163084e+01	8.2688547e-02
3.2184893e+01	-4.8700397e-02
3.2206702e+01	-1.0156346e-02
3.2228511e+01	-1.2914828e-02
3.2250320e+01	-1.4391816e-01
3.2272129e+01	-1.3069255e-01
3.2293938e+01	4.3095012e-02
3.2315747e+01	7.0799896e-02
3.2337556e+01	2.8548505e-02
3.2359365e+01	1.4945889e-01
3.2381174e+01	-2.0946806e-01
3.2402983e+01	-4.7315655e-02
3.2424792e+01	6.2419052e-02
3.2446601e+01	1.9235176e-01
3.2468410e+01	-1.4187418e-03
3.2490218e+01	-1.7492240e-02
3.2512027e+01	-3.6115302e-02
3.2533836e+01	1.4333137e-02
3.2555645e+01	-1.9169505e-02
3.2577454e+01	5.8714951e-03
3.2599263e+01	5.2582380e-02
3.2621072e+01	-7.6104991e-02
3.2642881e+01	-6.5346151e-02
3.2664690e+01	4.3768936e-02
3.2686499e+01	1.4322518e-01
3.2708308e+01	9.7033421e-02
3.2730117e+01	-8.1219839e-02
3.2751926e+01	-1.7386034e-02
3.2773735e+01	-4.2574513e-02
3.2795544e+01	1.1761466e-02
3.2817353e+01	7.6066332e-02
3.2839161e+01	8.2092735e-03
3.2860970e+01	-1.2424442e-01
3.2882779e+01	-8.9467600e-02
3.2904588e+01	1.3968328e-01
3.2926397e+01	1.6538812e-02
3.2948206e+01	3.0621820e-03
3.2970015e+01	3.4161608e-02
3.2991824e+01	-2.0101605e-02
3.3013633e+01	-4.9153864e-02
3.3035442e+01	7.3408009e-02
3.3057251e+01	-1.7573774e-02
3.3079060e+01	-8.1778659e-02
3.3100869e+01	1.1681255e-02
3.3122678e+01	7.1092590e-02
3.3144487e+01	-4.2151611e-02
3.3166296e+01	3.4659042e-02
3.3188104e+01	-6.1721477e-02
3.3209913e+01	-1.0230932e-01
3.3231722e+01	-2.7866030e-03
3.3253531e+01	-5.2313287e-02
3.3275340e+01	1.0854044e-01
3.3297149e+01	1.5471375e-01
3.3318958e+01	1.5789508e-01
3.3340767e+01	1.2267645e-01
3.3362576e+01	-1.4172842e-02
3.3384385e+01	-1.0297077e-01
3.3406194e+01	-2.1441226e-01
3.3428003e+01	-1.6469005e-01
3.3449812e+01	5.9571190e-02
3.3471621e+01	7.5808453e-02
3.3493430e+01	9.7188791e-03
3.3515239e+01	5.0851768e-02
3.3537047e+01	3.7625701e-01
3.3558856e+01	2.9565653e-01
3.3580665e+01	3.9677522e-01
3.3602474e+01	5.8090559e-01
3.3624283e+01	8.2657286e-01
3.3646092e+01	1.0110622e+00
3.3667901e+01	1.0861099e+00
3.3689710e+01	1.0411261e+00
3.3711519e+01	1.0463429e+00
3.3733328e+01	7.4894563e-01
3.3755137e+01	4.9431341e-01
3.3776946e+01	3.3952044e-01
3.3798755e+01	9.4145201e-02
3.3820564e+01	8.1603947e-02
3.3842373e+01	5.6345252e-02
3.3864182e+01	5.2705805e-02
3.3885991e+01	-7.3403842e-02
3.3907799e+01	-6.7420676e-02
3.3929608e+01	-1.4970617e-01
3.3951417e+01	-1.2736763e-02
3.3973226e+01	-8.3938725e-02
3.3995035e+01	-1.0594515e-01
3.4016844e+01	9.4327581e-02
3.4038653e+01	2.0519348e-01
3.4060462e+01	6.5664650e-02
3.4082271e+01	4.9303201e-02
3.4104080e+01	-1.4924609e-02
3.4125889e+01	5.8552133e-02
3.4147698e+01	-1.4172559e-01
3.4169507e+01	-2.0136976e-02
3.4191316e+01	3.1926927e-02
3.4213125e+01	1.7135821e-02
3.4234934e+01	1.5269523e-02
3.4256742e+01	4.0926066e-02
3.4278551e+01	-3.5913200e-03
3.4300360e+01	5.0079313e-03
3.4322169e+01	-9.0861049e-02
3.4343978e+01	1.1623213e-02
3.4365787e+01	-1.7623001e-03
3.4387596e+01	8.7015750e-02
3.4409405e+01	3.7109367e-02
3.4431214e+01	-9.8677855e-02
3.4453023e+01	-6.1660292e-02
3.4474832e+01	4.8458786e-02
3.4496641e+01	1.3786410e-01
3.4518450e+01	-9.2971413e-02
3.4540259e+01	-4.5741755e-02
3.4562068e+01	5.6569927e-02
3.4583877e+01	5.4215767e-02
3.4605685e+01	-1.2985710e-01
3.4627494e+01	2.0002903e-02
3.4649303e+01	7.9998595e-03
3.4671112e+01	3.0203898e-02
3.4692921e+01	-8.2802899e-04
3.4714730e+01	5.5285110e-02
3.4736539e+01	4.3475907e-02
3.4758348e+01	-4.1582348e-02
3.4780157e+01	-5.6451836e-02
3.4801966e+01	2.4124878e-02
3.4823775e+01	9.8485693e-03
3.4845584e+01	-3.9070628e-02
3.4867393e+01	-2.4155234e-02
3.4889202e+01	-8.1962889e-02
3.4911011e+01	6.7264464e-03
3.4932820e+01	4.2361676e-02
3.4954628e+01	7.8734877e-02
3.4976437e+01	8.5161267e-02
3.4998246e+01	6.5521975e-03
3.5020055e+01	-1.5522550e-02
3.5041864e+01	-2.2887225e-02
3.5063673e+01	-3.7184082e-02
3.5085482e+01	9.5010481e-03
3.5107291e+01	4.2589317e-02
3.5129100e+01	1.4553578e-01
3.5150909e+01	-2.0782585e-01
3.5172718e+01	-2.0444201e-01
3.5194527e+01	-2.2507614e-02
3.5216336e+01	1.4319214e-01
3.5238145e+01	6.2713826e-02
3.5259954e+01	-9.5839909e-03
3.5281763e+01	6.9896863e-02
3.5303571e+01	8.5275710e-02
3.5325380e+01	3.6518111e-02
3.5347189e+01	6.3844600e-02
3.5368998e+01	-9.4462762e-02
3.5390807e+01	-1.2554611e-02
3.5412616e+01	8.4681996e-02
3.5434425e+01	-1.8768989e-01
3.5456234e+01	-1.8542626e-01
3.5478043e+01	2.2721181e-02
3.5499852e+01	1.9706661e-01
3.5521661e+01	1.4040510e-01
3.5543470e+01	7.8574382e-03
3.5565279e+01	2.7341916e-03
3.5587088e+01	-9.4886527e-02
3.5608897e+01	2.8550395e-02
3.5630706e+01	1.0537781e-02
3.5652514e+01	1.0530238e-02
3.5674323e+01	8.6834806e-02
3.5696132e+01	-4.5002786e-02
3.5717941e+01	-5.1180797e-02
3.5739750e+01	6.5314158e-02
3.5761559e+01	6.1140073e-02
3.5783368e+01	4.8267158e-02
3.5805177e+01	-6.9664122e-02
3.5826986e+01	6.6260189e-02
3.5848795e+01	-4.2791188e-03
3.5870604e+01	-5.8698283e-02
3.5892413e+01	1.4622493e-01
3.5914222e+01	5.2364983e-02
3.5936031e+01	-1.1788045e-01
3.5957840e+01	-1.4649799e-01
3.5979649e+01	-2.8852204e-01
3.6001458e+01	1.1354225e-01
3.6023266e+01	4.3394311e-01
3.6045075e+01	5.4179356e-01
3.6066884e+01	4.6829545e-01
3.6088693e+01	4.9408752e-01
3.6110502e+01	3.2421008e-01
3.6132311e+01	3.1970184e-01
3.6154120e+01	1.6182389e-01
3.6175929e+01	1.0471092e-01
3.6197738e+01	8.3404193e-02
3.6219547e+01	-7.8459497e-03
3.6241356e+01	-8.4761378e-02
3.6263165e+01	-4.7110711e-02
3.6284974e+01	6.4921591e-02
3.6306783e+01	6.0397986e-02
3.6328592e+01	6.3956712e-02
3.6350401e+01	-3.8361810e-02
3.6372209e+01	-1.1343046e-01
3.6394018e+01	-7.1062864e-02
3.6415827e+01	-3.4672757e-02
3.6437636e+01	2.8189160e-01
3.6459445e+01	2.9218122e-01
3.6481254e+01	4.3590593e-01
3.6503063e+01	5.1929183e-01
3.6524872e+01	4.1992912e-01
3.6546681e+01	3.7516970e-01
3.6568490e+01	1.0393600e-01
3.6590299e+01	-1.0922800e-01
3.6612108e+01	3.4735370e-02
3.6633917e+01	-5.2454404e-02
3.6655726e+01	4.6145512e-02
3.6677535e+01	7.5797022e-02
3.6699344e+01	4.3700099e-01
3.6721152e+01	5.1950978e-01
3.6742961e+01	9.7041399e-01
3.6764770e+01	1.0734199e+00
3.6786579e+01	1.4428299e+00
3.6808388e+01	2.0574693e+00
3.6830197e+01	2.6889673e+00
3.6852006e+01	2.9013093e+00
3.6873815e+01	3.0061576e+00
3.6895624e+01	3.2829225e+00
3.6917433e+01	3.4099624e+00
3.6939242e+01	3.0992585e+00
3.6961051e+01	2.7060782e+00
3.6982860e+01	2.1673797e+00
3.7004669e+01	1.7084644e+00
3.7026478e+01	1.3266757e+00
3.7048287e+01	1.2461127e+00
3.7070095e+01	9.2107593e-01
3.7091904e+01	1.2243657e-01
3.7113713e+01	-1.2185702e-01
3.7135522e+01	1.7593139e-02
3.7157331e+01	2.8788436e-03
3.7179140e+01	3.8284925e-02
3.7200949e+01	5.2164399e-02
3.7222758e+01	-1.1103143e-01
3.7244567e+01	-2.5710249e-03
3.7266376e+01	1.4486108e-01
3.7288185e+01	-1.8101906e-01
3.7309994e+01	-1.5421471e-01
3.7331803e+01	3.4377828e-02
3.7353612e+01	1.1611070e-01
3.7375421e+01	4.2555186e-02
3.7397230e+01	-3.3974775e-02
3.7419038e+01	-6.8291478e-02
3.7440847e+01	1.7033378e-01
3.7462656e+01	6.5696179e-01
3.7484465e+01	1.0343057e+00
3.7506274e+01	7.2499285e-01
3.7528083e+01	5.0151230e-01
3.7549892e+01	4.5416432e-01
3.7571701e+01	3.4768061e-01
3.7593510e+01	1.5322869e-01
3.7615319e+01	-3.3298893e-04
3.7637128e+01	-3.5651733e-02
3.7658937e+01	-3.0088757e-02
3.7680746e+01	-8.1567377e-02
3.7702555e+01	-6.0579448e-02
3.7724364e+01	6.5844849e-02
3.7746173e+01	-3.0491710e-02
3.7767981e+01	1.7413896e-02
3.7789790e+01	6.0294576e-02
3.7811599e+01	-1.2927778e-01
3.7833408e+01	6.1018248e-02
3.7855217e+01	6.8006249e-02
3.7877026e+01	-9.3847000e-02
3.7898835e+01	3.0664576e-02
3.7920644e+01	3.6849010e-01
3.7942453e+01	4.5216355e-01
3.7964262e+01	4.0463531e-01
3.7986071e+01	3.5434743e-01
3.8007880e+01	4.1213449e-01
3.8029689e+01	8.0683478e-02
3.8051498e+01	1.5712813e-01
3.8073307e+01	-6.7504802e-02
3.8095116e+01	-1.0228851e-01
3.8116925e+01	-1.0273328e-02
3.8138733e+01	-9.6939134e-02
3.8160542e+01	1.0988731e-01
3.8182351e+01	4.1993839e-01
3.8204160e+01	8.5072673e-01
3.8225969e+01	1.0471295e+00
3.8247778e+01	1.3074268e+00
3.8269587e+01	2.0680238e+00
3.8291396e+01	2.2433967e+00
3.8313205e+01	2.8115777e+00
3.8335014e+01	2.9266717e+00
3.8356823e+01	3.2255381e+00
3.8378632e+01	3.6365310e+00
3.8400441e+01	3.7389405e+00
3.8422250e+01	3.5005687e+00
3.8444059e+01	3.1016169e+00
3.8465868e+01	2.5500201e+00
3.8487676e+01	1.5191545e+00
3.8509485e+01	9.0883434e-01
3.8531294e+01	6.8878666e-01
3.8553103e+01	4.4793765e-01
3.8574912e+01	1.0958546e-01
3.8596721e+01	7.4985551e-02
3.8618530e+01	-4.2875489e-04
3.8640339e+01	-6.1489270e-02
3.8662148e+01	-5.8262528e-02
3.8683957e+01	-2.3063773e-02
3.8705766e+01	-1.6660754e-01
3.8727575e+01	-1.5321205e-01
3.8749384e+01	1.1516903e-01
3.8771193e+01	1.5024406e-01
3.8793002e+01	7.4260797e-02
3.8814811e+01	1.0421538e-01
3.8836619e+01	-3.8295470e-02
3.8858428e+01	8.3136265e-02
3.8880237e+01	-1.1923438e-01
3.8902046e+01	3.9688542e-02
3.8923855e+01	5.5121363e-02
3.8945664e+01	-1.1416752e-01
3.8967473e+01	-1.4309170e-01
3.8989282e+01	-2.0323300e-02
3.9011091e+01	6.8460244e-02
3.9032900e+01	1.2520646e-01
3.9054709e+01	-4.0736277e-02
3.9076518e+01	-5.1882233e-02
3.9098327e+01	-2.1224279e-02
3.9120136e+01	8.2044712e-02
3.9141945e+01	1.8608687e-01
3.9163754e+01	6.9084582e-02
3.9185562e+01	5.0567090e-02
3.9207371e+01	-1.6958735e-01
3.9229180e+01	-1.5264014e-01
3.9250989e+01	-8.8818087e-03
3.9272798e+01	9.3401094e-02
3.9294607e+01	-5.9066232e-02
3.9316416e+01	4.1388574e-02
3.9338225e+01	-1.4253622e-02
3.9360034e+01	-1.1853082e-01
3.9381843e+01	-6.7519319e-02
3.9403652e+01	1.4678653e-01
3.9425461e+01	1.8925170e-01
3.9447270e+01	1.0590514e-01
3.9469079e+01	1.6405830e-01
3.9490888e+01	-1.4238770e-01
3.9512697e+01	-2.0227158e-02
3.9534505e+01	-4.4017133e-02
3.9556314e+01	-7.7114934e-02
3.9578123e+01	2.2933918e-02
3.9599932e+01	-9.4848624e-03
3.9621741e+01	7.2169277e-02
3.9643550e+01	5.8027273e-01
3.9665359e+01	9.5925328e-01
3.9687168e+01	1.0637226e+00
3.9708977e+01	1.3485786e+00
3.9730786e+01	1.6173918e+00
3.9752595e+01	1.9818880e+00
3.9774404e+01	2.1323450e+00
3.9796213e+01	2.5494395e+00
3.9818022e+01	3.1337592e+00
3.9839831e+01	2.9995228e+00
3.9861640e+01	2.7700801e+00
3.9883449e+01	2.6184999e+00
3.9905257e+01	2.2806598e+00
3.9927066e+01	1.6394726e+00
3.9948875e+01	1.0100020e+00
3.9970684e+01	7.2593080e-01
3.9992493e+01	6.2267566e-01
4.0014302e+01	1.3066234e-01
4.0036111e+01	-1.6651435e-02
4.0057920e+01	-1.3120994e-01
4.0079729e+01	-3.5221848e-02
4.0101538e+01	2.4881378e-01
4.0123347e+01	5.7644967e-04
4.0145156e+01	1.1578671e-01
4.0166965e+01	8.9239953e-02
4.0188774e+01	-1.2424140e-01
4.0210583e+01	-9.6904655e-02
4.0232392e+01	-2.1742282e-01
4.0254200e+01	8.9624074e-02
4.0276009e+01	9.6869430e-02
4.0297818e+01	6.6128513e-02
4.0319627e+01	1.2025628e-01
4.0341436e+01	2.5549861e-02
4.0363245e+01	-7.7391682e-02
4.0385054e+01	-5.3355159e-02
4.0406863e+01	-7.4859128e-03
4.0428672e+01	3.3040816e-02
4.0450481e+01	2.7239205e-01
4.0472290e+01	6.7713119e-02
4.0494099e+01	-4.3424512e-02
4.0515908e+01	2.6926256e-02
4.0537717e+01	-6.0441457e-02
4.0559526e+01	-1.1710598e-01
4.0581335e+01	3.0286717e-02
4.0603143e+01	2.2960091e-02
4.0624952e+01	-6.8246060e-02
4.0646761e+01	1.9941403e-01
4.0668570e+01	6.8741688e-02
4.0690379e+01	-1.8745508e-02
4.0712188e+01	-1.0594606e-01
4.0733997e+01	6.6519247e-03
4.0755806e+01	1.7172874e-01
4.0777615e+01	1.1172932e-01
4.0799424e+01	-6.5549894e-02
4.0821233e+01	5.2504156e-02
4.0843042e+01	3.7375212e-02
4.0864851e+01	-2.2785882e-01
4.0886660e+01	-2.5020178e-01
4.0908469e+01	4.7004807e-02
4.0930278e+01	1.3359045e-01
4.0952086e+01	1.7447750e-01
4.0973895e+01	-1.0488359e-03
4.0995704e+01	3.3175191e-02
4.1017513e+01	1.0444122e-01
4.1039322e+01	2.5419780e-02
4.1061131e+01	-6.9585357e-02
4.1082940e+01	1.5414205e-01
4.1104749e+01	-1.6700456e-01
4.1126558e+01	-5.4565259e-02
4.1148367e+01	3.2109660e-02
4.1170176e+01	-1.3332164e-01
4.1191985e+01	7.1152065e-02
4.1213794e+01	9.8918000e-02
4.1235603e+01	6.8190881e-02
4.1257412e+01	3.1770445e-02
4.1279221e+01	-3.4003150e-02
4.1301029e+01	-5.3785463e-02
4.1322838e+01	-1.3980311e-01
4.1344647e+01	-5.8770257e-02
4.1366456e+01	2.1896897e-01
4.1388265e+01	5.6907107e-02
4.1410074e+01	8.9622057e-02
4.1431883e+01	1.0108382e-01
4.1453692e+01	-1.0178168e-01
4.1475501e+01	-1.3906432e-02
4.1497310e+01	7.8380123e-02
4.1519119e+01	-1.8652730e-01
4.1540928e+01	6.6535159e-02
4.1562737e+01	7.2040898e-02
4.1584546e+01	-5.5266480e-02
4.1606355e+01	1.1491053e-02
4.1628164e+01	-9.9225652e-02
4.1649972e+01	2.6692400e-01
4.1671781e+01	-4.7733012e-02
4.1693590e+01	1.2981549e-02
4.1715399e+01	3.6357461e-01
4.1737208e+01	1.7459529e-01
4.1759017e+01	-1.8890226e-02
4.1780826e+01	2.0815272e-02
4.1802635e+01	1.3368420e-01
4.1824444e+01	-1.3550991e-01
4.1846253e+01	1.9969702e-01
4.1868062e+01	2.9470200e-01
4.1889871e+01	3.7002189e-01
4.1911680e+01	-8.2112211e-02
4.1933489e+01	-1.6955522e-01
4.1955298e+01	1.4691775e-01
4.1977107e+01	6.1739645e-01
4.1998916e+01	2.1130677e-01
4.2020724e+01	9.7279613e-02
4.2042533e+01	-4.8519927e-02
4.2064342e+01	-3.4713657e-02
4.2086151e+01	-6.6015481e-02
4.2107960e+01	-4.1608677e-02
4.2129769e+01	3.3826467e-01
4.2151578e+01	5.2696897e-01
4.2173387e+01	2.4680658e-01
4.2195196e+01	3.6732765e-01
4.2217005e+01	3.2540766e-01
4.2238814e+01	6.3532324e-02
4.2260623e+01	4.5061244e-02
4.2282432e+01	-1.5293067e-01
4.2304241e+01	-2.3546994e-02
4.2326050e+01	6.9093343e-02
4.2347859e+01	-5.1278175e-02
4.2369667e+01	5.1181667e-02
4.2391476e+01	-1.1755506e-01
4.2413285e+01	1.2485900e-01
4.2435094e+01	4.7009858e-01
4.2456903e+01	8.9063745e-01
4.2478712e+01	1.2521300e+00
4.2500521e+01	1.5175587e+00
4.2522330e+01	1.7468890e+00
4.2544139e+01	1.7814193e+00
4.2565948e+01	2.0917120e+00
4.2587757e+01	2.1285476e+00
4.2609566e+01	2.0208174e+00
4.2631375e+01	2.0282060e+00
4.2653184e+01	1.7805307e+00
4.2674993e+01	1.4701469e+00
4.2696802e+01	6.8780120e-01
4.2718610e+01	7.8477880e-02
4.2740419e+01	1.9889142e-01
4.2762228e+01	-1.2253063e-01
4.2784037e+01	-1.2192832e-01
4.2805846e+01	4.0967535e-02
4.2827655e+01	7.8604319e-02
4.2849464e+01	9.2756394e-02
4.2871273e+01	-7.6411685e-02
4.2893082e+01	6.0545539e-02
4.2914891e+01	1.4279331e-01
4.2936700e+01	-8.5942688e-02
4.2958509e+01	-3.1006084e-01
4.2980318e+01	3.5326032e-02
4.3002127e+01	5.0696452e-02
4.3023936e+01	4.6928046e-03
4.3045745e+01	2.0158859e-01
4.3067553e+01	1.9483613e-01
4.3089362e+01	-5.9521287e-02
4.3111171e+01	1.0608265e-01
4.3132980e+01	-3.4625071e-02
4.3154789e+01	-1.0175673e-03
4.3176598e+01	-1.5774727e-01
4.3198407e+01	2.5889027e-01
4.3220216e+01	8.1335695e-02
4.3242025e+01	2.2017561e-01
4.3263834e+01	2.1172603e-02
4.3285643e+01	-1.7950379e-01
4.3307452e+01	-1.1739781e-01
4.3329261e+01	8.7658771e-02
4.3351070e+01	-3.7909676e-02
4.3372879e+01	4.7630257e-01
4.3394688e+01	8.1970741e-01
4.3416496e+01	8.3923665e-01
4.3438305e+01	8.5569811e-01
4.3460114e+01	8.9520359e-01
4.3481923e+01	7.6818790e-01
4.3503732e+01	4.0329386e-01
4.3525541e+01	1.1692728e-01
4.3547350e+01	7.9412002e-02
4.3569159e+01	9.0497916e-02
4.3590968e+01	-8.7306897e-02
4.3612777e+01	-1.0581530e-01
4.3634586e+01	1.7646873e-02
4.3656395e+01	3.3320182e-01
4.3678204e+01	9.0329300e-01
4.3700013e+01	1.1379598e+00
4.3721822e+01	1.4579126e+00
4.3743631e+01	2.4798148e+00
4.3765439e+01	3.1951788e+00
4.3787248e+01	3.9157650e+00
4.3809057e+01	4.8830288e+00
4.3830866e+01	5.5352165e+00
4.3852675e+01	6.2442895e+00
4.3874484e+01	6.7396243e+00
4.3896293e+01	6.7799973e+00
4.3918102e+01	6.7685107e+00
4.3939911e+01	5.6022420e+00
4.3961720e+01	4.4888127e+00
4.3983529e+01	3.1217420e+00
4.4005338e+01	1.8890264e+00
4.4027147e+01	9.6157330e-01
4.4048956e+01	4.2337303e-01
4.4070765e+01	9.1318005e-02
4.4092574e+01	2.1342478e-01
4.4114383e+01	4.0606723e-03
4.4136191e+01	2.0642347e-01
4.4158000e+01	-2.3386181e-02
4.4179809e+01	-2.7981808e-02
4.4201618e+01	-3.6002890e-02
4.4223427e+01	-2.2038568e-01
4.4245236e+01	3.8307187e-02
4.4267045e+01	4.8843924e-01
4.4288854e+01	4.3331258e-01
4.4310663e+01	3.6910555e-01
4.4332472e+01	1.8068526e-01
4.4354281e+01	2.0260977e-01
4.4376090e+01	-1.7510362e-01
4.4397899e+01	-1.3730750e-01
4.4419708e+01	3.3301307e-02
4.4441517e+01	6.0105783e-01
4.4463326e+01	3.0599582e-01
4.4485134e+01	1.5940297e-01
4.4506943e+01	-1.8688752e-01
4.4528752e+01	-5.3601918e-02
4.4550561e+01	-6.6937899e-02
4.4572370e+01	8.6445176e-02
4.4594179e+01	1.6768589e-01
4.4615988e+01	-9.3643848e-03
4.4637797e+01	2.3702516e-01
4.4659606e+01	1.1649517e-01
4.4681415e+01	4.3024481e-02
4.4703224e+01	4.7220912e-02
4.4725033e+01	1.3167964e-01
4.4746842e+01	2.1633457e-01
4.4768651e+01	-1.1821712e-01
4.4790460e+01	-2.0243454e-01
4.4812269e+01	-3.4461275e-02
4.4834077e+01	2.1394285e-01
4.4855886e+01	-1.4020774e-01
4.4877695e+01	2.4656897e-03
4.4899504e+01	5.6082544e-01
4.4921313e+01	9.2918718e-02
4.4943122e+01	3.5143968e-01
4.4964931e+01	1.1823526e+00
4.4986740e+01	1.1588146e+00