Image file: \\Gfs05\g45\SAXS\2020_12\HDF5\2020-12.10_Kevin_day2_SN\2020-12-10_Max_Cu123_SN_000017_data_000152.h5
ImageIntegration1d_chi_output; Output_Directory= \\Gfs05\g45\SAXS\2020_12\Processed\2020-12-09_Kevin_day1_SN\Chi-Sample-7
Profile = Radial, StartAzimuth = 0.0, EndAzimuth = 360.0, Sam_Det_distance = 250.818474293, InnerRadius = 15.0, OuterRadius = 2400.0, Lambda = 30, Ratio = 0.001, Itermax = 100
2400
2.0013229e+00	-5.0390097e-02
2.0231319e+00	8.9987766e-02
2.0449408e+00	1.4945730e-02
2.0667497e+00	1.1526843e-02
2.0885587e+00	2.1360451e-01
2.1103676e+00	-1.5725203e-01
2.1321765e+00	-2.2520145e-01
2.1539855e+00	1.3299576e-01
2.1757944e+00	5.2368027e-02
2.1976034e+00	1.1556665e-01
2.2194123e+00	2.3755497e-01
2.2412212e+00	9.2285942e-02
2.2630302e+00	-1.6201110e-01
2.2848391e+00	9.0552941e-02
2.3066480e+00	3.4333530e-01
2.3284570e+00	-6.5899529e-02
2.3502659e+00	-3.2225698e-02
2.3720749e+00	-8.7321086e-02
2.3938838e+00	-3.3207929e-02
2.4156927e+00	1.7461100e-01
2.4375017e+00	-3.7589693e-02
2.4593106e+00	3.2645077e-02
2.4811196e+00	2.5156584e-01
2.5029285e+00	2.4017089e-01
2.5247374e+00	-9.5968691e-02
2.5465464e+00	-5.4994059e-02
2.5683553e+00	1.0652040e-01
2.5901642e+00	7.5534002e-02
2.6119732e+00	-6.3628849e-02
2.6337821e+00	-1.0918156e-02
2.6555911e+00	-6.9490342e-02
2.6774000e+00	1.2431272e-01
2.6992089e+00	1.4608318e-01
2.7210179e+00	-1.2134362e-01
2.7428268e+00	-9.1868006e-02
2.7646358e+00	-1.7902641e-02
2.7864447e+00	1.2595988e-01
2.8082536e+00	2.6458720e-01
2.8300626e+00	-1.1701242e-01
2.8518715e+00	-3.6701821e-02
2.8736804e+00	2.6769946e-01
2.8954894e+00	4.0346372e-01
2.9172983e+00	1.9806195e-01
2.9391073e+00	5.4880498e-02
2.9609162e+00	1.8931064e-02
2.9827251e+00	-8.1663638e-02
3.0045341e+00	-1.5424312e-01
3.0263430e+00	1.4146496e-01
3.0481519e+00	1.6039233e-01
3.0699609e+00	-7.9075174e-02
3.0917698e+00	-1.4221343e-01
3.1135788e+00	-3.2182742e-02
3.1353877e+00	1.5199196e-01
3.1571966e+00	-1.1147035e-02
3.1790056e+00	-5.1024840e-03
3.2008145e+00	9.5620439e-03
3.2226235e+00	-1.9071564e-03
3.2444324e+00	2.2972714e-01
3.2662413e+00	1.2657465e-01
3.2880503e+00	1.2851797e-01
3.3098592e+00	-1.0428970e-01
3.3316681e+00	-2.3065728e-01
3.3534771e+00	-8.6583484e-02
3.3752860e+00	1.6332253e-01
3.3970950e+00	1.4044247e-01
3.4189039e+00	-3.5749494e-02
3.4407128e+00	-6.0659262e-02
3.4625218e+00	1.9364388e-02
3.4843307e+00	-1.6227751e-02
3.5061396e+00	-3.9626492e-02
3.5279486e+00	5.2003800e-02
3.5497575e+00	3.7550113e-02
3.5715665e+00	-9.2682060e-02
3.5933754e+00	-4.5202246e-03
3.6151843e+00	1.1498931e-01
3.6369933e+00	-2.1833293e-02
3.6588022e+00	1.5292400e-01
3.6806112e+00	-5.9095515e-02
3.7024201e+00	-7.2674687e-02
3.7242290e+00	-1.0290830e-04
3.7460380e+00	-4.1448405e-02
3.7678469e+00	-1.1461980e-02
3.7896558e+00	-7.5528345e-02
3.8114648e+00	1.5124046e-01
3.8332737e+00	1.2153071e-01
3.8550827e+00	-1.4075348e-01
3.8768916e+00	-4.2114100e-02
3.8987005e+00	1.0435958e-01
3.9205095e+00	1.2838557e-01
3.9423184e+00	-8.0330617e-02
3.9641273e+00	-4.5378239e-02
3.9859363e+00	-6.2457146e-02
4.0077452e+00	-4.3350846e-03
4.0295542e+00	1.1886719e-02
4.0513631e+00	-1.6841865e-01
4.0731720e+00	1.0849057e-01
4.0949810e+00	1.2237305e-01
4.1167899e+00	1.6016533e-01
4.1385989e+00	1.9281889e-02
4.1604078e+00	1.0284651e-02
4.1822167e+00	-5.8534320e-02
4.2040257e+00	-1.5746105e-01
4.2258346e+00	1.4672167e-02
4.2476435e+00	-3.3522307e-02
4.2694525e+00	3.5424033e-02
4.2912614e+00	5.6450552e-02
4.3130704e+00	9.6941679e-02
4.3348793e+00	-3.5547010e-02
4.3566882e+00	-1.8889197e-01
4.3784972e+00	8.3015684e-02
4.4003061e+00	3.5306243e-02
4.4221151e+00	9.8268389e-02
4.4439240e+00	-9.1419245e-02
4.4657329e+00	-6.2196184e-02
4.4875419e+00	3.3352143e-02
4.5093508e+00	1.6931180e-03
4.5311597e+00	-1.5749459e-02
4.5529687e+00	1.9866863e-02
4.5747776e+00	-3.4575951e-02
4.5965866e+00	7.4548788e-02
4.6183955e+00	2.2010675e-01
4.6402044e+00	-9.0466070e-02
4.6620134e+00	2.3517192e-03
4.6838223e+00	2.1288484e-01
4.7056312e+00	4.8573890e-04
4.7274402e+00	-1.0985988e-01
4.7492491e+00	-1.0013549e-01
4.7710581e+00	1.2881528e-01
4.7928670e+00	9.7436508e-02
4.8146759e+00	2.9041254e-02
4.8364849e+00	-6.7906338e-02
4.8582938e+00	-7.3252863e-03
4.8801028e+00	8.4554586e-02
4.9019117e+00	1.0178634e-01
4.9237206e+00	-1.4618111e-01
4.9455296e+00	-1.4479559e-01
4.9673385e+00	-8.0552248e-02
4.9891474e+00	1.5107199e-02
5.0109564e+00	6.8437852e-02
5.0327653e+00	2.9305850e-01
5.0545743e+00	9.9800658e-02
5.0763832e+00	3.1429963e-02
5.0981921e+00	-2.2163498e-02
5.1200011e+00	-6.7998759e-02
5.1418100e+00	9.8096400e-02
5.1636189e+00	4.6335472e-02
5.1854279e+00	6.8197580e-02
5.2072368e+00	-1.0847263e-01
5.2290458e+00	-9.8727164e-02
5.2508547e+00	-5.5487443e-02
5.2726636e+00	8.1956853e-02
5.2944726e+00	1.4190118e-01
5.3162815e+00	2.9364619e-02
5.3380905e+00	-1.7104715e-01
5.3598994e+00	-1.6245029e-01
5.3817083e+00	1.3895359e-01
5.4035173e+00	2.0632841e-02
5.4253262e+00	-3.0089928e-02
5.4471351e+00	1.5352620e-01
5.4689441e+00	1.1488660e-01
5.4907530e+00	-7.0279525e-02
5.5125620e+00	-4.6847217e-03
5.5343709e+00	3.7342767e-02
5.5561798e+00	4.0944656e-02
5.5779888e+00	-1.4143510e-02
5.5997977e+00	-1.1851985e-01
5.6216066e+00	-1.2640650e-01
5.6434156e+00	-7.8445008e-02
5.6652245e+00	4.1564498e-02
5.6870335e+00	-3.7634544e-02
5.7088424e+00	9.4439266e-02
5.7306513e+00	1.2103027e-01
5.7524603e+00	4.0850770e-02
5.7742692e+00	6.5686170e-02
5.7960782e+00	5.9556295e-02
5.8178871e+00	-5.1702805e-02
5.8396960e+00	-1.2912226e-01
5.8615050e+00	6.9046763e-02
5.8833139e+00	2.4112909e-01
5.9051228e+00	2.7054194e-01
5.9269318e+00	-3.0190633e-02
5.9487407e+00	-2.1246492e-01
5.9705497e+00	-7.6255415e-02
5.9923586e+00	1.4654956e-01
6.0141675e+00	-1.1212776e-02
6.0359765e+00	5.3350090e-03
6.0577854e+00	1.1916472e-01
6.0795944e+00	6.1087652e-02
6.1014033e+00	-5.6343731e-02
6.1232122e+00	-1.9336744e-01
6.1450212e+00	1.0031919e-01
6.1668301e+00	1.4604403e-02
6.1886390e+00	1.6837864e-01
6.2104480e+00	4.9852734e-02
6.2322569e+00	-1.1195067e-01
6.2540659e+00	4.2511687e-02
6.2758748e+00	2.2523561e-01
6.2976837e+00	6.6684767e-02
6.3194927e+00	-3.2814335e-02
6.3413016e+00	-4.3376783e-02
6.3631105e+00	2.4345160e-01
6.3849195e+00	-1.9111640e-02
6.4067284e+00	-1.5828120e-01
6.4285374e+00	-2.0578523e-01
6.4503463e+00	2.8469611e-01
6.4721552e+00	1.3364516e-01
6.4939642e+00	5.1479952e-03
6.5157731e+00	1.7507434e-01
6.5375821e+00	5.0456613e-02
6.5593910e+00	-6.2721619e-02
6.5811999e+00	5.0392112e-02
6.6030089e+00	-1.2020395e-02
6.6248178e+00	-2.6744333e-02
6.6466267e+00	1.2854638e-01
6.6684357e+00	2.5198374e-01
6.6902446e+00	-7.3925744e-02
6.7120536e+00	-1.7091458e-01
6.7338625e+00	-3.6618404e-02
6.7556714e+00	3.4616295e-02
6.7774804e+00	8.7989082e-02
6.7992893e+00	1.0089229e-02
6.8210982e+00	1.0890608e-01
6.8429072e+00	3.5652398e-02
6.8647161e+00	8.9153432e-03
6.8865251e+00	-6.2568379e-02
6.9083340e+00	8.3393614e-03
6.9301429e+00	-7.5602078e-02
6.9519519e+00	4.4322386e-03
6.9737608e+00	2.5278013e-02
6.9955698e+00	-1.3997253e-01
7.0173787e+00	-6.3570802e-02
7.0391876e+00	2.8333150e-01
7.0609966e+00	2.7136530e-01
7.0828055e+00	7.1459531e-02
7.1046144e+00	1.5063491e-01
7.1264234e+00	-3.5536230e-03
7.1482323e+00	7.7412919e-02
7.1700413e+00	-4.0978173e-02
7.1918502e+00	-2.2175379e-02
7.2136591e+00	-5.7116762e-02
7.2354681e+00	1.1383626e-01
7.2572770e+00	-3.8066266e-02
7.2790859e+00	-1.5812963e-01
7.3008949e+00	-1.0805774e-02
7.3227038e+00	3.4774289e-02
7.3445128e+00	6.1221372e-02
7.3663217e+00	1.8041877e-01
7.3881306e+00	-9.7879926e-03
7.4099396e+00	-1.0446183e-01
7.4317485e+00	-4.8987743e-02
7.4535575e+00	-1.3501817e-02
7.4753664e+00	2.3322130e-01
7.4971753e+00	2.9420157e-01
7.5189843e+00	8.3392548e-02
7.5407932e+00	-7.4088312e-02
7.5626021e+00	-1.5222568e-02
7.5844111e+00	7.5105146e-03
7.6062200e+00	5.0116296e-03
7.6280290e+00	-7.0196392e-02
7.6498379e+00	1.0584852e-01
7.6716468e+00	-1.3498999e-02
7.6934558e+00	-4.1561831e-02
7.7152647e+00	-1.2965930e-01
7.7370737e+00	7.5814122e-02
7.7588826e+00	5.9150876e-02
7.7806915e+00	2.0292825e-01
7.8025005e+00	2.0640841e-01
7.8243094e+00	-4.5948762e-02
7.8461183e+00	-6.9740642e-02
7.8679273e+00	-7.0571484e-02
7.8897362e+00	1.0204807e-02
7.9115452e+00	3.1790237e-01
7.9333541e+00	1.5949893e-01
7.9551630e+00	2.4286744e-02
7.9769720e+00	3.6181221e-02
7.9987809e+00	-1.1225002e-01
8.0205898e+00	-5.8483247e-02
8.0423988e+00	-2.6760211e-02
8.0642077e+00	-6.2034623e-02
8.0860167e+00	-1.0803745e-02
8.1078256e+00	1.4553759e-01
8.1296345e+00	-3.2196982e-03
8.1514435e+00	-5.3437917e-02
8.1732524e+00	2.2922281e-01
8.1950614e+00	2.1078918e-01
8.2168703e+00	-7.6959721e-02
8.2386792e+00	-6.9970537e-02
8.2604882e+00	-5.3655893e-02
8.2822971e+00	1.7220360e-01
8.3041060e+00	2.6452415e-02
8.3259150e+00	7.0327880e-02
8.3477239e+00	-8.2091778e-03
8.3695329e+00	-5.8067037e-02
8.3913418e+00	1.1970735e-01
8.4131507e+00	-1.2515783e-01
8.4349597e+00	-1.2881373e-01
8.4567686e+00	2.0461331e-02
8.4785775e+00	1.7271873e-01
8.5003865e+00	-1.0177135e-02
8.5221954e+00	1.2197478e-01
8.5440044e+00	2.3412402e-02
8.5658133e+00	-5.7008445e-02
8.5876222e+00	-2.3814576e-01
8.6094312e+00	-2.9467259e-04
8.6312401e+00	2.3791985e-01
8.6530491e+00	1.4306368e-01
8.6748580e+00	2.4573082e-02
8.6966669e+00	1.7088191e-02
8.7184759e+00	-4.8278131e-02
8.7402848e+00	-1.0637310e-01
8.7620937e+00	7.3857865e-02
8.7839027e+00	1.9050951e-02
8.8057116e+00	1.4061227e-01
8.8275206e+00	3.6702073e-01
8.8493295e+00	7.0946703e-02
8.8711384e+00	-7.2938244e-02
8.8929474e+00	-6.3613189e-02
8.9147563e+00	-2.6156525e-01
8.9365652e+00	4.3519516e-02
8.9583742e+00	1.5270889e-01
8.9801831e+00	6.0199435e-02
9.0019921e+00	4.3064349e-02
9.0238010e+00	-2.4765085e-02
9.0456099e+00	2.0839145e-02
9.0674189e+00	2.8447004e-02
9.0892278e+00	-8.6431062e-02
9.1110368e+00	-2.3156011e-01
9.1328457e+00	1.5168560e-01
9.1546546e+00	1.2942947e-01
9.1764636e+00	1.6742770e-01
9.1982725e+00	3.7905040e-01
9.2200814e+00	5.5179246e-02
9.2418904e+00	-1.6066082e-01
9.2636993e+00	1.0037847e-01
9.2855083e+00	1.0711172e-01
9.3073172e+00	-2.1191289e-01
9.3291261e+00	-1.4489830e-01
9.3509351e+00	1.6869331e-01
9.3727440e+00	7.4867501e-04
9.3945530e+00	-1.5932389e-02
9.4163619e+00	3.1626036e-02
9.4381708e+00	-8.9379529e-02
9.4599798e+00	6.9089850e-02
9.4817887e+00	1.1057920e-01
9.5035976e+00	-1.0968419e-02
9.5254066e+00	3.5412094e-01
9.5472155e+00	1.4538345e-01
9.5690245e+00	-1.5367795e-01
9.5908334e+00	-4.6195579e-02
9.6126423e+00	8.5179817e-02
9.6344513e+00	-2.9211710e-03
9.6562602e+00	-9.8452926e-02
9.6780691e+00	3.0574408e-02
9.6998781e+00	2.8265103e-05
9.7216870e+00	-4.1824760e-02
9.7434960e+00	3.1677398e-01
9.7653049e+00	9.1471790e-02
9.7871138e+00	-9.4374957e-02
9.8089228e+00	-3.4087240e-02
9.8307317e+00	2.2690159e-01
9.8525407e+00	2.8660686e-01
9.8743496e+00	6.4897866e-02
9.8961585e+00	-2.2602917e-02
9.9179675e+00	-2.7084622e-02
9.9397764e+00	1.1266151e-01
9.9615853e+00	6.5996521e-02
9.9833943e+00	-1.1727135e-02
1.0005203e+01	-1.0011665e-01
1.0027012e+01	-3.3221719e-02
1.0048821e+01	-2.7020991e-02
1.0070630e+01	1.1927272e-01
1.0092439e+01	4.8307647e-03
1.0114248e+01	-9.4117653e-02
1.0136057e+01	7.8839515e-03
1.0157866e+01	7.9665108e-02
1.0179675e+01	-3.2945929e-02
1.0201484e+01	1.0543384e-01
1.0223293e+01	2.6001607e-01
1.0245102e+01	-1.1837728e-01
1.0266910e+01	-5.0517272e-02
1.0288719e+01	-9.2670173e-02
1.0310528e+01	1.8960192e-02
1.0332337e+01	1.3997838e+00
1.0354146e+01	1.6629784e+00
1.0375955e+01	2.0012758e+00
1.0397764e+01	2.6136788e+00
1.0419573e+01	2.9126601e+00
1.0441382e+01	3.5154875e+00
1.0463191e+01	4.3906008e+00
1.0485000e+01	5.8484978e+00
1.0506809e+01	8.4960982e+00
1.0528618e+01	1.0341098e+01
1.0550427e+01	9.9442424e+00
1.0572236e+01	8.8567107e+00
1.0594045e+01	8.8933546e+00
1.0615853e+01	9.4037018e+00
1.0637662e+01	1.0344503e+01
1.0659471e+01	1.0289516e+01
1.0681280e+01	9.1960200e+00
1.0703089e+01	7.0963782e+00
1.0724898e+01	4.3971775e+00
1.0746707e+01	2.7865728e+00
1.0768516e+01	1.7765049e+00
1.0790325e+01	1.2528675e+00
1.0812134e+01	9.4625529e-01
1.0833943e+01	6.9375119e-01
1.0855752e+01	4.2120791e-01
1.0877561e+01	5.1193324e-01
1.0899370e+01	5.6965426e-01
1.0921179e+01	9.6500665e-02
1.0942988e+01	-8.1596911e-02
1.0964796e+01	-2.3264470e-02
1.0986605e+01	7.1593613e-02
1.1008414e+01	7.0360908e-02
1.1030223e+01	5.9968498e-01
1.1052032e+01	9.6028028e-01
1.1073841e+01	8.0159121e-01
1.1095650e+01	1.0747182e+00
1.1117459e+01	1.0054216e+00
1.1139268e+01	1.0320350e+00
1.1161077e+01	1.5504966e+00
1.1182886e+01	2.2375720e+00
1.1204695e+01	2.6159184e+00
1.1226504e+01	2.9617945e+00
1.1248313e+01	2.8237075e+00
1.1270122e+01	1.3917488e+00
1.1291931e+01	7.4167602e-01
1.1313740e+01	2.9141341e-01
1.1335548e+01	1.2780242e-01
1.1357357e+01	2.2917533e-01
1.1379166e+01	5.1587454e-02
1.1400975e+01	-2.6686088e-01
1.1422784e+01	-1.9850927e-01
1.1444593e+01	1.8074063e-02
1.1466402e+01	1.5686985e-01
1.1488211e+01	-7.2643966e-02
1.1510020e+01	7.8270257e-02
1.1531829e+01	9.2103309e-02
1.1553638e+01	-7.0137298e-02
1.1575447e+01	7.9082116e-03
1.1597256e+01	-8.8852814e-02
1.1619065e+01	-7.7333112e-02
1.1640874e+01	1.0129911e-01
1.1662683e+01	1.4108313e-01
1.1684491e+01	2.7707867e-01
1.1706300e+01	2.1943763e-01
1.1728109e+01	6.8355953e-02
1.1749918e+01	-1.1739261e-01
1.1771727e+01	-1.7360302e-01
1.1793536e+01	6.7089726e-02
1.1815345e+01	-3.9875605e-02
1.1837154e+01	-9.8110737e-02
1.1858963e+01	4.4796266e-02
1.1880772e+01	-7.5084486e-02
1.1902581e+01	5.0829046e-02
1.1924390e+01	2.1404841e-01
1.1946199e+01	1.2275392e-01
1.1968008e+01	7.5591337e-02
1.1989817e+01	6.7041778e-02
1.2011626e+01	1.1774617e-01
1.2033434e+01	-5.1427502e-02
1.2055243e+01	-2.8392140e-01
1.2077052e+01	-9.3109895e-02
1.2098861e+01	1.1601698e-02
1.2120670e+01	-3.2455490e-02
1.2142479e+01	1.0947282e-01
1.2164288e+01	3.8789192e-02
1.2186097e+01	-9.2904549e-02
1.2207906e+01	1.1963462e-01
1.2229715e+01	8.3806332e-02
1.2251524e+01	-1.1813457e-01
1.2273333e+01	6.7792191e-02
1.2295142e+01	7.1354611e-02
1.2316951e+01	1.3323881e-02
1.2338760e+01	-6.1197290e-02
1.2360569e+01	-5.8069266e-02
1.2382377e+01	-1.0883690e-01
1.2404186e+01	-3.0189831e-02
1.2425995e+01	1.5017907e-01
1.2447804e+01	2.0201071e-01
1.2469613e+01	6.7334090e-03
1.2491422e+01	-2.0053194e-02
1.2513231e+01	7.7131507e-02
1.2535040e+01	-9.9032960e-02
1.2556849e+01	-1.3998311e-01
1.2578658e+01	7.0534491e-03
1.2600467e+01	3.7399161e-02
1.2622276e+01	6.8998798e-02
1.2644085e+01	2.9651911e-01
1.2665894e+01	1.1922878e-01
1.2687703e+01	1.3441141e-01
1.2709512e+01	-6.7749603e-02
1.2731320e+01	-3.1393250e-01
1.2753129e+01	-1.1977654e-01
1.2774938e+01	1.6627141e-01
1.2796747e+01	1.9561934e-02
1.2818556e+01	4.9305040e-02
1.2840365e+01	8.0486564e-02
1.2862174e+01	-8.7437187e-02
1.2883983e+01	-9.9621370e-02
1.2905792e+01	1.5346120e-01
1.2927601e+01	1.2012323e-01
1.2949410e+01	6.0622141e-02
1.2971219e+01	-9.9637784e-02
1.2993028e+01	2.3220824e-01
1.3014837e+01	4.0362207e-01
1.3036646e+01	6.2591462e-01
1.3058455e+01	8.1872624e-01
1.3080264e+01	8.9823026e-01
1.3102072e+01	6.1570302e-01
1.3123881e+01	-2.5849130e-02
1.3145690e+01	6.4587128e-02
1.3167499e+01	1.5368621e-01
1.3189308e+01	1.2429888e-01
1.3211117e+01	-1.9190536e-01
1.3232926e+01	-8.5424807e-02
1.3254735e+01	1.0031706e-01
1.3276544e+01	7.2337019e-02
1.3298353e+01	-4.0477660e-02
1.3320162e+01	-1.1341806e-01
1.3341971e+01	-2.3884355e-01
1.3363780e+01	4.4570499e-01
1.3385589e+01	7.6928513e-01
1.3407398e+01	8.9673726e-01
1.3429207e+01	7.0880980e-01
1.3451015e+01	7.4580015e-01
1.3472824e+01	7.5493371e-01
1.3494633e+01	5.7877589e-01
1.3516442e+01	4.1166009e-01
1.3538251e+01	8.7530657e-02
1.3560060e+01	3.4017510e-01
1.3581869e+01	3.6280392e-01
1.3603678e+01	2.8503839e-01
1.3625487e+01	1.8624162e-01
1.3647296e+01	1.8310910e-02
1.3669105e+01	1.8437907e-01
1.3690914e+01	-2.7103905e-02
1.3712723e+01	8.3165967e-02
1.3734532e+01	-2.3304336e-01
1.3756341e+01	-5.6231066e-02
1.3778150e+01	1.4378780e-01
1.3799958e+01	8.7977132e-02
1.3821767e+01	-1.1328533e-01
1.3843576e+01	-1.2518245e-01
1.3865385e+01	4.2956956e-02
1.3887194e+01	9.2791731e-02
1.3909003e+01	-9.0675996e-02
1.3930812e+01	2.7956763e-02
1.3952621e+01	2.0462531e-01
1.3974430e+01	2.3148667e-01
1.3996239e+01	-6.1534396e-02
1.4018048e+01	-4.6214900e-02
1.4039857e+01	-2.1360802e-03
1.4061666e+01	-3.1118184e-02
1.4083475e+01	2.3440364e-01
1.4105284e+01	4.8119981e-02
1.4127093e+01	1.1998794e-02
1.4148901e+01	-1.8258877e-01
1.4170710e+01	-2.3406376e-03
1.4192519e+01	8.4670563e-02
1.4214328e+01	-3.6973901e-02
1.4236137e+01	-5.8458417e-02
1.4257946e+01	1.3724555e-01
1.4279755e+01	8.1146724e-02
1.4301564e+01	-1.0509861e-01
1.4323373e+01	9.9589153e-02
1.4345182e+01	1.0634875e-01
1.4366991e+01	-9.1841820e-02
1.4388800e+01	-1.9607017e-02
1.4410609e+01	6.0561885e-02
1.4432418e+01	-9.4176334e-02
1.4454227e+01	-6.7446465e-02
1.4476036e+01	3.9942712e-02
1.4497844e+01	2.6629273e-02
1.4519653e+01	3.1708156e-01
1.4541462e+01	1.3342057e-01
1.4563271e+01	-5.0962099e-02
1.4585080e+01	-1.0528805e-01
1.4606889e+01	-1.1199262e-01
1.4628698e+01	8.3173200e-03
1.4650507e+01	5.6987830e-02
1.4672316e+01	-3.6714704e-02
1.4694125e+01	7.2519859e-02
1.4715934e+01	1.2037794e-01
1.4737743e+01	-7.6685163e-02
1.4759552e+01	-1.9186566e-02
1.4781361e+01	-4.0683500e-02
1.4803170e+01	6.2942844e-02
1.4824979e+01	5.6094687e-01
1.4846787e+01	1.1434169e+00
1.4868596e+01	1.7685543e+00
1.4890405e+01	1.9195292e+00
1.4912214e+01	1.7317910e+00
1.4934023e+01	1.5710179e+00
1.4955832e+01	1.3467771e+00
1.4977641e+01	1.5129291e+00
1.4999450e+01	2.0852439e+00
1.5021259e+01	2.2471220e+00
1.5043068e+01	2.4819365e+00
1.5064877e+01	2.5045788e+00
1.5086686e+01	2.2875590e+00
1.5108495e+01	2.0459466e+00
1.5130304e+01	1.3742407e+00
1.5152113e+01	7.2291269e-01
1.5173922e+01	5.0956274e-01
1.5195731e+01	3.7836215e-01
1.5217539e+01	1.2461579e-01
1.5239348e+01	-6.5815765e-02
1.5261157e+01	-1.0709423e-02
1.5282966e+01	-1.6417061e-01
1.5304775e+01	5.4808856e-02
1.5326584e+01	1.3610447e-01
1.5348393e+01	-1.3088491e-01
1.5370202e+01	3.1239522e-02
1.5392011e+01	9.4437307e-02
1.5413820e+01	4.5767179e-02
1.5435629e+01	-2.8198124e-02
1.5457438e+01	6.2266265e-02
1.5479247e+01	-2.3425404e-02
1.5501056e+01	-9.7304230e-02
1.5522865e+01	-1.1516200e-01
1.5544674e+01	-1.0222922e-01
1.5566482e+01	1.0991521e-01
1.5588291e+01	1.8037789e-01
1.5610100e+01	5.5549609e-02
1.5631909e+01	1.1467165e-01
1.5653718e+01	-4.0697378e-02
1.5675527e+01	-1.2328869e-01
1.5697336e+01	2.6352552e-02
1.5719145e+01	-1.2289528e-01
1.5740954e+01	1.4259940e-03
1.5762763e+01	1.8899942e-02
1.5784572e+01	3.3249691e-02
1.5806381e+01	9.5733164e-02
1.5828190e+01	4.9987083e-02
1.5849999e+01	-1.5117736e-02
1.5871808e+01	-4.4291262e-02
1.5893617e+01	-6.3155999e-02
1.5915425e+01	-2.3273585e-02
1.5937234e+01	3.4076160e-02
1.5959043e+01	1.0933266e-01
1.5980852e+01	-3.0536135e-02
1.6002661e+01	-1.7609545e-02
1.6024470e+01	3.4233432e-02
1.6046279e+01	-3.2570713e-02
1.6068088e+01	-5.5825157e-02
1.6089897e+01	2.0649060e-02
1.6111706e+01	-6.1757696e-02
1.6133515e+01	-8.9208275e-02
1.6155324e+01	5.9443668e-02
1.6177133e+01	1.0999486e-01
1.6198942e+01	-6.7834518e-02
1.6220751e+01	5.9664983e-02
1.6242560e+01	1.2613961e-01
1.6264368e+01	-1.1500706e-01
1.6286177e+01	2.5547942e-02
1.6307986e+01	2.3784037e-02
1.6329795e+01	4.1270909e-03
1.6351604e+01	-7.7434164e-02
1.6373413e+01	-4.3836328e-02
1.6395222e+01	4.0919851e-02
1.6417031e+01	5.9723198e-03
1.6438840e+01	9.5567174e-02
1.6460649e+01	1.0061780e-01
1.6482458e+01	-1.2872762e-01
1.6504267e+01	-2.3654844e-02
1.6526076e+01	-1.7486824e-02
1.6547885e+01	-1.3345436e-03
1.6569694e+01	-1.1953359e-01
1.6591503e+01	-8.4529117e-02
1.6613311e+01	1.1101704e-01
1.6635120e+01	9.8678459e-02
1.6656929e+01	4.0146843e-02
1.6678738e+01	1.8310349e-02
1.6700547e+01	-9.9103320e-02
1.6722356e+01	-1.2916509e-01
1.6744165e+01	1.0471337e-01
1.6765974e+01	2.6180881e-01
1.6787783e+01	1.0772317e-01
1.6809592e+01	-3.9149780e-02
1.6831401e+01	7.4199005e-02
1.6853210e+01	1.0466304e-01
1.6875019e+01	8.4710114e-04
1.6896828e+01	-4.5960547e-02
1.6918637e+01	-1.1824082e-01
1.6940446e+01	-1.0564210e-01
1.6962254e+01	-7.2233550e-02
1.6984063e+01	6.0712939e-02
1.7005872e+01	1.0243093e-01
1.7027681e+01	5.9468548e-02
1.7049490e+01	-5.3861179e-02
1.7071299e+01	1.5533941e-01
1.7093108e+01	-4.9478082e-02
1.7114917e+01	-8.6624185e-02
1.7136726e+01	-1.0808862e-01
1.7158535e+01	1.1294711e-01
1.7180344e+01	1.8136332e-02
1.7202153e+01	-2.9311000e-02
1.7223962e+01	2.6487214e-02
1.7245771e+01	-4.8095450e-02
1.7267580e+01	1.3791993e-01
1.7289389e+01	1.2013998e-01
1.7311198e+01	-1.2524359e-01
1.7333006e+01	-2.1337549e-01
1.7354815e+01	3.4746252e-02
1.7376624e+01	9.1163108e-02
1.7398433e+01	4.9941976e-02
1.7420242e+01	-3.9957608e-02
1.7442051e+01	3.7855575e-02
1.7463860e+01	-2.4909862e-02
1.7485669e+01	8.2273637e-02
1.7507478e+01	-4.6254591e-02
1.7529287e+01	1.3895756e-02
1.7551096e+01	-7.2039700e-02
1.7572905e+01	-5.2216409e-02
1.7594714e+01	3.2189180e-02
1.7616523e+01	5.0814704e-02
1.7638332e+01	-3.3692388e-02
1.7660141e+01	8.6938584e-02
1.7681949e+01	-8.3061724e-03
1.7703758e+01	-7.8526110e-02
1.7725567e+01	5.5094872e-02
1.7747376e+01	-3.5088734e-03
1.7769185e+01	-2.5719919e-02
1.7790994e+01	-5.7140337e-03
1.7812803e+01	4.5392798e-02
1.7834612e+01	8.9265817e-02
1.7856421e+01	-3.7795345e-02
1.7878230e+01	-2.3049475e-01
1.7900039e+01	6.2045833e-02
1.7921848e+01	8.3237809e-02
1.7943657e+01	5.4734300e-02
1.7965466e+01	1.5072099e-02
1.7987275e+01	-1.1504229e-02
1.8009084e+01	1.7579741e-02
1.8030892e+01	-5.3226488e-02
1.8052701e+01	5.8916198e-02
1.8074510e+01	5.6666679e-02
1.8096319e+01	-1.8650271e-01
1.8118128e+01	-3.4362470e-02
1.8139937e+01	1.1525262e-01
1.8161746e+01	7.1930660e-02
1.8183555e+01	-1.4958044e-01
1.8205364e+01	-6.6792394e-02
1.8227173e+01	2.1842206e-01
1.8248982e+01	1.3471823e-01
1.8270791e+01	-1.3311470e-02
1.8292600e+01	1.2719066e-01
1.8314409e+01	-2.4328381e-02
1.8336218e+01	-1.4621391e-01
1.8358027e+01	-1.8158484e-03
1.8379835e+01	-1.6259535e-01
1.8401644e+01	-5.1263146e-02
1.8423453e+01	1.1379847e-02
1.8445262e+01	5.5584020e-02
1.8467071e+01	8.3768278e-02
1.8488880e+01	7.0897742e-02
1.8510689e+01	1.7563413e-01
1.8532498e+01	1.1778907e-01
1.8554307e+01	-2.2438547e-02
1.8576116e+01	4.8980103e-02
1.8597925e+01	-1.7264275e-01
1.8619734e+01	-1.0162880e-01
1.8641543e+01	2.3564990e-02
1.8663352e+01	2.2842119e-02
1.8685161e+01	5.1136206e-02
1.8706970e+01	8.0689950e-02
1.8728778e+01	-4.8566194e-02
1.8750587e+01	-1.7859046e-01
1.8772396e+01	9.6422321e-02
1.8794205e+01	-1.2367088e-03
1.8816014e+01	-1.6729280e-01
1.8837823e+01	1.0193096e-01
1.8859632e+01	1.4583088e-01
1.8881441e+01	8.8836303e-03
1.8903250e+01	-2.2333629e-02
1.8925059e+01	-5.7647240e-02
1.8946868e+01	-4.1023629e-02
1.8968677e+01	-1.7672069e-02
1.8990486e+01	1.2057209e-01
1.9012295e+01	2.1818093e-02
1.9034104e+01	6.6593724e-02
1.9055913e+01	1.9714805e-02
1.9077721e+01	-2.0217554e-01
1.9099530e+01	-7.4102401e-02
1.9121339e+01	9.6547283e-02
1.9143148e+01	7.5015356e-02
1.9164957e+01	4.3577280e-03
1.9186766e+01	-1.6126932e-02
1.9208575e+01	6.2811041e-02
1.9230384e+01	-4.4292599e-02
1.9252193e+01	-4.2918917e-02
1.9274002e+01	-5.4480683e-03
1.9295811e+01	-1.0623009e-01
1.9317620e+01	-1.1028645e-02
1.9339429e+01	-5.8860551e-02
1.9361238e+01	1.2806562e-01
1.9383047e+01	5.3154882e-02
1.9404856e+01	1.2019791e-01
1.9426665e+01	1.2094842e-01
1.9448473e+01	-1.4052852e-01
1.9470282e+01	-1.7121053e-02
1.9492091e+01	-4.2250917e-03
1.9513900e+01	-6.6729348e-02
1.9535709e+01	4.7941225e-03
1.9557518e+01	1.1212421e-01
1.9579327e+01	-2.8969696e-02
1.9601136e+01	-1.0979138e-03
1.9622945e+01	2.3473359e-02
1.9644754e+01	-1.2482054e-01
1.9666563e+01	-7.9201100e-02
1.9688372e+01	6.3659760e-02
1.9710181e+01	5.3536889e-02
1.9731990e+01	1.6860512e-01
1.9753799e+01	5.2115929e-02
1.9775608e+01	-1.4893355e-01
1.9797416e+01	3.3686642e-03
1.9819225e+01	4.9006961e-02
1.9841034e+01	-9.7793372e-02
1.9862843e+01	-1.5149285e-01
1.9884652e+01	2.0482605e-02
1.9906461e+01	6.2719785e-02
1.9928270e+01	7.5765789e-02
1.9950079e+01	1.4698282e-01
1.9971888e+01	1.0937244e-01
1.9993697e+01	-9.6770257e-02
2.0015506e+01	-1.8595460e-02
2.0037315e+01	2.7291349e-03
2.0059124e+01	-1.0097183e-01
2.0080933e+01	2.1916485e-02
2.0102742e+01	6.9300450e-02
2.0124551e+01	-8.1101791e-02
2.0146359e+01	7.8352890e-03
2.0168168e+01	3.5691336e-02
2.0189977e+01	-8.2106645e-03
2.0211786e+01	-9.3752474e-02
2.0233595e+01	-9.6191484e-02
2.0255404e+01	-5.6922204e-02
2.0277213e+01	1.3412504e-01
2.0299022e+01	1.6051592e-01
2.0320831e+01	9.4860250e-02
2.0342640e+01	-6.5853711e-02
2.0364449e+01	-7.7144802e-02
2.0386258e+01	5.9367899e-02
2.0408067e+01	1.0680516e-02
2.0429876e+01	-1.4321994e-01
2.0451685e+01	-9.4966999e-03
2.0473494e+01	8.6295944e-02
2.0495302e+01	1.1345591e-01
2.0517111e+01	2.5348632e-02
2.0538920e+01	2.5724116e-01
2.0560729e+01	2.9185155e-01
2.0582538e+01	2.8476542e-02
2.0604347e+01	-8.9583864e-02
2.0626156e+01	-4.3971263e-03
2.0647965e+01	4.5933195e-02
2.0669774e+01	-4.5990080e-02
2.0691583e+01	2.1675598e-03
2.0713392e+01	-7.7125870e-02
2.0735201e+01	-1.1278249e-01
2.0757010e+01	4.0253162e-02
2.0778819e+01	7.6675811e-02
2.0800628e+01	-4.1574306e-04
2.0822437e+01	8.0163850e-03
2.0844245e+01	-3.4125082e-02
2.0866054e+01	-4.8127105e-02
2.0887863e+01	1.4103731e-01
2.0909672e+01	-2.9038092e-02
2.0931481e+01	-1.1329980e-01
2.0953290e+01	9.6969083e-02
2.0975099e+01	4.4031598e-01
2.0996908e+01	1.2958025e+00
2.1018717e+01	2.4646976e+00
2.1040526e+01	3.5067802e+00
2.1062335e+01	3.8294813e+00
2.1084144e+01	3.4375357e+00
2.1105953e+01	2.6095274e+00
2.1127762e+01	1.9242484e+00
2.1149571e+01	2.0966056e+00
2.1171380e+01	2.8846060e+00
2.1193188e+01	4.6371644e+00
2.1214997e+01	6.6197888e+00
2.1236806e+01	8.3712981e+00
2.1258615e+01	9.4188203e+00
2.1280424e+01	1.0154347e+01
2.1302233e+01	1.0249340e+01
2.1324042e+01	9.3877657e+00
2.1345851e+01	7.6476248e+00
2.1367660e+01	5.2975775e+00
2.1389469e+01	3.1535297e+00
2.1411278e+01	1.4361484e+00
2.1433087e+01	5.0784639e-01
2.1454896e+01	9.7219735e-02
2.1476705e+01	-7.6427108e-02
2.1498514e+01	-1.3948849e-04
2.1520323e+01	4.3770052e-01
2.1542132e+01	6.9943447e-01
2.1563940e+01	6.2279593e-01
2.1585749e+01	6.8088848e-01
2.1607558e+01	5.3006166e-01
2.1629367e+01	2.4029903e-01
2.1651176e+01	1.4760392e-01
2.1672985e+01	1.0136443e-01
2.1694794e+01	-8.4103369e-02
2.1716603e+01	-1.6693571e-01
2.1738412e+01	4.1853534e-03
2.1760221e+01	-1.7868744e-02
2.1782030e+01	-1.3490883e-01
2.1803839e+01	-1.2833607e-02
2.1825648e+01	6.1041112e-02
2.1847457e+01	-3.9234124e-02
2.1869266e+01	5.9404250e-02
2.1891075e+01	1.2221507e-01
2.1912883e+01	5.2910893e-02
2.1934692e+01	-4.3253611e-02
2.1956501e+01	-1.3702775e-02
2.1978310e+01	-6.4673657e-02
2.2000119e+01	-4.8324994e-02
2.2021928e+01	7.2999890e-02
2.2043737e+01	2.0525025e-02
2.2065546e+01	-6.5267763e-02
2.2087355e+01	-1.1859748e-02
2.2109164e+01	8.8446020e-02
2.2130973e+01	1.1922410e-02
2.2152782e+01	-5.4761776e-03
2.2174591e+01	8.9371438e-03
2.2196400e+01	4.9850569e-02
2.2218209e+01	1.7142999e-02
2.2240018e+01	-1.3028200e-01
2.2261826e+01	-1.2079376e-01
2.2283635e+01	1.4861806e-01
2.2305444e+01	4.7492118e-02
2.2327253e+01	5.2293437e-02
2.2349062e+01	-2.6742282e-02
2.2370871e+01	-5.5955257e-02
2.2392680e+01	-1.2477185e-01
2.2414489e+01	-1.7830673e-02
2.2436298e+01	2.4683613e-02
2.2458107e+01	1.1652822e-01
2.2479916e+01	1.0171942e-01
2.2501725e+01	-1.1942162e-01
2.2523534e+01	8.1006377e-02
2.2545343e+01	8.3623268e-02
2.2567152e+01	-8.6032447e-02
2.2588961e+01	-1.4080328e-01
2.2610769e+01	2.5471759e-02
2.2632578e+01	1.1229204e-01
2.2654387e+01	2.5720908e-02
2.2676196e+01	3.2658978e-02
2.2698005e+01	-8.4234404e-02
2.2719814e+01	-2.8075601e-02
2.2741623e+01	9.6652585e-02
2.2763432e+01	4.2117653e-02
2.2785241e+01	4.4022203e-02
2.2807050e+01	-2.1071837e-01
2.2828859e+01	-6.5790359e-02
2.2850668e+01	7.7313866e-02
2.2872477e+01	1.6756759e-01
2.2894286e+01	-3.8613606e-02
2.2916095e+01	-1.0315625e-01
2.2937904e+01	-6.4143111e-03
2.2959712e+01	1.1388665e-01
2.2981521e+01	7.1752604e-02
2.3003330e+01	-1.0076900e-01
2.3025139e+01	-5.5247215e-03
2.3046948e+01	-8.0981330e-02
2.3068757e+01	-4.7116669e-02
2.3090566e+01	9.3234527e-02
2.3112375e+01	1.3432358e-01
2.3134184e+01	3.8107379e-02
2.3155993e+01	-5.5058676e-02
2.3177802e+01	-3.0735196e-03
2.3199611e+01	1.8327076e-01
2.3221420e+01	3.4784398e-02
2.3243229e+01	-8.5529566e-02
2.3265038e+01	-5.4474920e-02
2.3286847e+01	-1.0801717e-02
2.3308655e+01	1.2650379e-02
2.3330464e+01	-9.2962092e-04
2.3352273e+01	1.4386594e-02
2.3374082e+01	-2.0387772e-01
2.3395891e+01	-8.8708699e-02
2.3417700e+01	-2.0700538e-02
2.3439509e+01	6.9635276e-02
2.3461318e+01	8.3662757e-02
2.3483127e+01	2.9929270e-01
2.3504936e+01	8.4949771e-01
2.3526745e+01	1.5711397e+00
2.3548554e+01	1.8020524e+00
2.3570363e+01	1.5097819e+00
2.3592172e+01	7.2129897e-01
2.3613981e+01	1.2541351e-01
2.3635790e+01	-4.8025842e-03
2.3657599e+01	5.1098419e-01
2.3679407e+01	1.4899042e+00
2.3701216e+01	3.0282066e+00
2.3723025e+01	4.6413551e+00
2.3744834e+01	6.1722919e+00
2.3766643e+01	7.4974990e+00
2.3788452e+01	9.5392193e+00
2.3810261e+01	1.1082284e+01
2.3832070e+01	1.1217681e+01
2.3853879e+01	1.0160570e+01
2.3875688e+01	8.4323769e+00
2.3897497e+01	6.1946334e+00
2.3919306e+01	4.1467331e+00
2.3941115e+01	2.4754720e+00
2.3962924e+01	1.4298031e+00
2.3984733e+01	7.1712538e-01
2.4006542e+01	3.6547888e-01
2.4028350e+01	8.3315565e-02
2.4050159e+01	1.1225587e-01
2.4071968e+01	-1.5761463e-02
2.4093777e+01	-3.9613549e-02
2.4115586e+01	3.6491421e-02
2.4137395e+01	-1.3132983e-01
2.4159204e+01	-9.8574690e-02
2.4181013e+01	-7.6999979e-02
2.4202822e+01	-1.1033687e-01
2.4224631e+01	1.2121984e-01
2.4246440e+01	2.0229410e-01
2.4268249e+01	5.1151065e-02
2.4290058e+01	-1.0335122e-02
2.4311867e+01	-2.3248104e-01
2.4333676e+01	-7.8400143e-02
2.4355485e+01	-3.9715096e-03
2.4377293e+01	1.0138282e-01
2.4399102e+01	1.4450903e-01
2.4420911e+01	1.5383749e-01
2.4442720e+01	-3.2622905e-02
2.4464529e+01	-4.4800749e-02
2.4486338e+01	1.8912228e-02
2.4508147e+01	5.4608155e-02
2.4529956e+01	3.1155522e-03
2.4551765e+01	5.8552805e-02
2.4573574e+01	3.6571762e-01
2.4595383e+01	5.6055190e-01
2.4617192e+01	7.8231324e-01
2.4639001e+01	7.1278416e-01
2.4660810e+01	1.3936617e-01
2.4682619e+01	-3.9141915e-03
2.4704428e+01	-1.7366274e-02
2.4726236e+01	8.5758892e-02
2.4748045e+01	-1.0645934e-01
2.4769854e+01	-1.5861800e-01
2.4791663e+01	-7.3193612e-02
2.4813472e+01	3.8553523e-02
2.4835281e+01	-1.5756643e-01
2.4857090e+01	-3.3793340e-03
2.4878899e+01	1.3816012e-01
2.4900708e+01	7.9597733e-02
2.4922517e+01	-4.0177173e-02
2.4944326e+01	-3.6318457e-02
2.4966135e+01	4.2979737e-02
2.4987944e+01	1.4113833e-01
2.5009753e+01	1.7683756e-02
2.5031562e+01	-1.3744067e-01
2.5053371e+01	-4.5280456e-02
2.5075179e+01	-2.8212834e-02
2.5096988e+01	3.1065814e-02
2.5118797e+01	-1.6772018e-02
2.5140606e+01	9.4001079e-02
2.5162415e+01	-4.3095898e-02
2.5184224e+01	-2.0087450e-02
2.5206033e+01	8.9719415e-03
2.5227842e+01	1.2191886e-01
2.5249651e+01	9.1698426e-02
2.5271460e+01	-9.7404173e-02
2.5293269e+01	-1.3871572e-01
2.5315078e+01	-6.6096378e-02
2.5336887e+01	1.0670348e-01
2.5358696e+01	9.6229337e-02
2.5380505e+01	-7.6659321e-03
2.5402314e+01	1.6847602e-02
2.5424123e+01	1.7264099e-02
2.5445931e+01	-1.8292372e-02
2.5467740e+01	-2.0565652e-02
2.5489549e+01	-3.1258338e-02
2.5511358e+01	-2.2819030e-02
2.5533167e+01	3.5485067e-02
2.5554976e+01	3.0741840e-02
2.5576785e+01	1.5964232e-02
2.5598594e+01	6.0866808e-02
2.5620403e+01	2.6250369e-02
2.5642212e+01	-3.5835661e-02
2.5664021e+01	-2.0231367e-01
2.5685830e+01	-1.5841008e-01
2.5707639e+01	1.7129474e-02
2.5729448e+01	7.1880656e-02
2.5751257e+01	8.0909680e-02
2.5773066e+01	2.5990072e-01
2.5794874e+01	3.8393552e-01
2.5816683e+01	3.0997921e-01
2.5838492e+01	9.7975669e-02
2.5860301e+01	-7.6033164e-02
2.5882110e+01	-2.7322338e-02
2.5903919e+01	-2.8332770e-02
2.5925728e+01	1.2522082e-01
2.5947537e+01	4.2017057e-01
2.5969346e+01	7.2501582e-01
2.5991155e+01	1.2799930e+00
2.6012964e+01	1.6948955e+00
2.6034773e+01	1.9916628e+00
2.6056582e+01	2.5127532e+00
2.6078391e+01	2.9153503e+00
2.6100200e+01	2.8856954e+00
2.6122009e+01	2.7396370e+00
2.6143817e+01	1.9687604e+00
2.6165626e+01	1.3987762e+00
2.6187435e+01	9.8905965e-01
2.6209244e+01	6.2249428e-01
2.6231053e+01	1.7242248e-01
2.6252862e+01	2.5814666e-02
2.6274671e+01	-1.0136040e-01
2.6296480e+01	-4.4824327e-02
2.6318289e+01	-1.0389824e-01
2.6340098e+01	5.4299393e-02
2.6361907e+01	1.0630121e-01
2.6383716e+01	-6.2002542e-03
2.6405525e+01	-8.9826691e-02
2.6427334e+01	4.0980640e-02
2.6449143e+01	8.2014747e-03
2.6470952e+01	-2.1383230e-01
2.6492760e+01	-3.2265644e-02
2.6514569e+01	5.1158231e-02
2.6536378e+01	-5.0434926e-02
2.6558187e+01	4.4760672e-02
2.6579996e+01	6.9985505e-02
2.6601805e+01	1.1062315e-01
2.6623614e+01	2.1099785e-01
2.6645423e+01	3.0774849e-01
2.6667232e+01	2.5570401e-01
2.6689041e+01	1.3860744e-01
2.6710850e+01	5.2961883e-02
2.6732659e+01	-6.3337257e-02
2.6754468e+01	-3.5954251e-02
2.6776277e+01	-7.6561508e-02
2.6798086e+01	-1.7070751e-01
2.6819895e+01	-9.8998978e-02
2.6841703e+01	-1.1934942e-01
2.6863512e+01	5.1253442e-02
2.6885321e+01	8.8947098e-02
2.6907130e+01	3.5967797e-01
2.6928939e+01	2.4548718e-01
2.6950748e+01	1.3699597e-01
2.6972557e+01	1.0475700e-01
2.6994366e+01	6.2287301e-02
2.7016175e+01	-9.0880276e-03
2.7037984e+01	-2.9438927e-02
2.7059793e+01	7.7192620e-03
2.7081602e+01	-1.0047006e-01
2.7103411e+01	-4.3596295e-02
2.7125220e+01	7.8042983e-02
2.7147029e+01	8.0908980e-03
2.7168838e+01	-1.5004368e-01
2.7190646e+01	-3.8175037e-02
2.7212455e+01	8.3470942e-02
2.7234264e+01	-1.3675666e-01
2.7256073e+01	1.4642784e-01
2.7277882e+01	1.1574960e-01
2.7299691e+01	5.4463579e-02
2.7321500e+01	-5.4884822e-02
2.7343309e+01	-5.2917627e-02
2.7365118e+01	-5.9580811e-02
2.7386927e+01	-2.0108824e-03
2.7408736e+01	4.4366269e-02
2.7430545e+01	4.8172689e-02
2.7452354e+01	-1.1325955e-01
2.7474163e+01	-2.5357948e-02
2.7495972e+01	7.0496215e-02
2.7517781e+01	3.1553532e-03
2.7539590e+01	1.5948475e-02
2.7561398e+01	5.6622585e-02
2.7583207e+01	1.4356451e-02
2.7605016e+01	3.6199417e-02
2.7626825e+01	-1.4038654e-01
2.7648634e+01	-5.6521958e-02
2.7670443e+01	-1.4554286e-01
2.7692252e+01	4.3930346e-02
2.7714061e+01	8.8389634e-02
2.7735870e+01	-2.6607121e-03
2.7757679e+01	1.0603478e-01
2.7779488e+01	2.0272717e-01
2.7801297e+01	1.6592413e-01
2.7823106e+01	2.9459023e-02
2.7844915e+01	-7.5788456e-02
2.7866724e+01	1.0826406e-02
2.7888533e+01	1.1073305e-02
2.7910341e+01	-1.1944915e-01
2.7932150e+01	3.2815330e-02
2.7953959e+01	-3.0792406e-02
2.7975768e+01	-6.0782394e-02
2.7997577e+01	1.2915219e-01
2.8019386e+01	-8.9024141e-02
2.8041195e+01	-8.1100402e-02
2.8063004e+01	-7.6643354e-02
2.8084813e+01	-4.0824687e-02
2.8106622e+01	1.2060539e-01
2.8128431e+01	1.2656983e-02
2.8150240e+01	2.2272044e-02
2.8172049e+01	6.9163623e-02
2.8193858e+01	-8.1740261e-02
2.8215667e+01	-3.8422873e-02
2.8237476e+01	1.1386293e-01
2.8259284e+01	1.3564509e-02
2.8281093e+01	3.1451291e-02
2.8302902e+01	3.3937622e-02
2.8324711e+01	2.9623037e-02
2.8346520e+01	-8.4299838e-02
2.8368329e+01	-3.0731773e-02
2.8390138e+01	1.3421209e-02
2.8411947e+01	-7.8022081e-02
2.8433756e+01	-1.4721914e-01
2.8455565e+01	-1.0668602e-01
2.8477374e+01	1.0244649e-01
2.8499183e+01	8.9931633e-02
2.8520992e+01	2.0089994e-01
2.8542801e+01	1.2708949e-01
2.8564610e+01	2.9089787e-01
2.8586419e+01	2.9570729e-01
2.8608227e+01	3.4227984e-01
2.8630036e+01	3.8955069e-01
2.8651845e+01	7.1407481e-02
2.8673654e+01	9.1674939e-02
2.8695463e+01	-3.5719393e-02
2.8717272e+01	-4.5170325e-02
2.8739081e+01	-1.1565639e-03
2.8760890e+01	-1.7636064e-01
2.8782699e+01	-1.6920560e-01
2.8804508e+01	-1.7757798e-02
2.8826317e+01	-1.8600463e-02
2.8848126e+01	4.5679625e-02
2.8869935e+01	5.6423193e-02
2.8891744e+01	6.3740964e-02
2.8913553e+01	6.4707693e-02
2.8935362e+01	1.0903525e-02
2.8957170e+01	1.4310907e-01
2.8978979e+01	-3.8506708e-02
2.9000788e+01	-9.7241244e-02
2.9022597e+01	2.0394060e-02
2.9044406e+01	4.1259847e-03
2.9066215e+01	-9.4288448e-02
2.9088024e+01	-4.8006510e-02
2.9109833e+01	-4.0990726e-02
2.9131642e+01	1.1989911e-01
2.9153451e+01	1.5181304e-01
2.9175260e+01	-5.9080289e-02
2.9197069e+01	4.3546691e-02
2.9218878e+01	-1.0889252e-01
2.9240687e+01	4.2844762e-03
2.9262496e+01	1.0484686e-02
2.9284305e+01	2.6599548e-02
2.9306113e+01	5.1360768e-02
2.9327922e+01	-1.4122323e-02
2.9349731e+01	-1.0363495e-01
2.9371540e+01	5.1489506e-03
2.9393349e+01	-5.0231206e-02
2.9415158e+01	1.3692066e-01
2.9436967e+01	1.0866855e-01
2.9458776e+01	3.5293735e-02
2.9480585e+01	-3.5562116e-02
2.9502394e+01	-8.8811982e-02
2.9524203e+01	-7.2396982e-02
2.9546012e+01	6.9020935e-02
2.9567821e+01	3.2969729e-02
2.9589630e+01	2.3725594e-02
2.9611439e+01	-5.0270238e-02
2.9633248e+01	-5.9809734e-02
2.9655057e+01	-1.0801266e-01
2.9676865e+01	-1.2343513e-02
2.9698674e+01	5.7739457e-02
2.9720483e+01	3.0297506e-01
2.9742292e+01	7.0145155e-01
2.9764101e+01	1.0298268e+00
2.9785910e+01	1.3561398e+00
2.9807719e+01	1.1630704e+00
2.9829528e+01	6.3124945e-01
2.9851337e+01	3.7224893e-01
2.9873146e+01	1.5550870e-01
2.9894955e+01	-9.7018561e-03
2.9916764e+01	4.2266201e-01
2.9938573e+01	8.4800808e-01
2.9960382e+01	1.5661417e+00
2.9982191e+01	2.7023044e+00
3.0004000e+01	3.7331274e+00
3.0025808e+01	4.7563142e+00
3.0047617e+01	5.9125092e+00
3.0069426e+01	6.9890086e+00
3.0091235e+01	7.8057421e+00
3.0113044e+01	8.4771169e+00
3.0134853e+01	8.4820944e+00
3.0156662e+01	7.8685400e+00
3.0178471e+01	6.6151741e+00
3.0200280e+01	4.8256911e+00
3.0222089e+01	3.0613874e+00
3.0243898e+01	1.8502314e+00
3.0265707e+01	9.3129345e-01
3.0287516e+01	5.8276597e-01
3.0309325e+01	3.7815135e-01
3.0331134e+01	6.8474930e-02
3.0352943e+01	7.5939635e-02
3.0374751e+01	1.5500921e-02
3.0396560e+01	-1.7219679e-01
3.0418369e+01	-1.4638461e-02
3.0440178e+01	-2.9731182e-02
3.0461987e+01	-5.6503551e-02
3.0483796e+01	1.7037319e-02
3.0505605e+01	2.9451337e-02
3.0527414e+01	7.0177026e-02
3.0549223e+01	1.5721925e-03
3.0571032e+01	1.4979306e-02
3.0592841e+01	-6.7038485e-02
3.0614650e+01	-1.2162809e-01
3.0636459e+01	-2.7364168e-02
3.0658268e+01	6.6199801e-02
3.0680077e+01	6.9918913e-02
3.0701886e+01	-4.4714875e-02
3.0723694e+01	-8.7821792e-02
3.0745503e+01	8.3864929e-02
3.0767312e+01	2.1561321e-01
3.0789121e+01	1.3258164e-01
3.0810930e+01	6.8379307e-03
3.0832739e+01	1.7143546e-03
3.0854548e+01	-9.5693300e-02
3.0876357e+01	-2.3069301e-02
3.0898166e+01	4.7352666e-02
3.0919975e+01	1.5664535e-01
3.0941784e+01	1.8437975e-01
3.0963593e+01	-8.5205822e-02
3.0985402e+01	-9.2942153e-02
3.1007211e+01	-7.2311068e-02
3.1029020e+01	-1.0659653e-01
3.1050829e+01	2.4934534e-02
3.1072637e+01	-7.8274721e-02
3.1094446e+01	1.7143661e-01
3.1116255e+01	8.0332288e-02
3.1138064e+01	-6.7607026e-02
3.1159873e+01	-3.5164189e-03
3.1181682e+01	-1.4661876e-01
3.1203491e+01	6.6755136e-02
3.1225300e+01	1.2377369e-01
3.1247109e+01	1.3296507e-02
3.1268918e+01	-2.3058352e-02
3.1290727e+01	2.0605102e-01
3.1312536e+01	1.1175262e-01
3.1334345e+01	-6.7319645e-02
3.1356154e+01	-4.3652609e-02
3.1377963e+01	1.0130851e-01
3.1399772e+01	-8.8160929e-02
3.1421580e+01	-1.0856135e-01
3.1443389e+01	-1.6662071e-01
3.1465198e+01	-6.7594095e-03
3.1487007e+01	1.2025516e-01
3.1508816e+01	2.6975264e-01
3.1530625e+01	3.5700602e-01
3.1552434e+01	7.8334578e-01
3.1574243e+01	1.0461847e+00
3.1596052e+01	1.0651716e+00
3.1617861e+01	9.2876727e-01
3.1639670e+01	5.9253451e-01
3.1661479e+01	4.1504110e-01
3.1683288e+01	1.2630282e-01
3.1705097e+01	-2.4046665e-02
3.1726906e+01	3.2331352e-01
3.1748715e+01	5.1082729e-01
3.1770524e+01	1.1238417e+00
3.1792332e+01	2.0241485e+00
3.1814141e+01	3.0989004e+00
3.1835950e+01	4.2566560e+00
3.1857759e+01	5.2251952e+00
3.1879568e+01	6.2621794e+00
3.1901377e+01	7.1653206e+00
3.1923186e+01	8.0880813e+00
3.1944995e+01	8.4860963e+00
3.1966804e+01	8.6616872e+00
3.1988613e+01	7.7945198e+00
3.2010422e+01	6.4917248e+00
3.2032231e+01	4.7654518e+00
3.2054040e+01	3.1296746e+00
3.2075849e+01	1.9165658e+00
3.2097658e+01	1.1790292e+00
3.2119467e+01	7.7415741e-01
3.2141275e+01	3.6852420e-01
3.2163084e+01	2.7295625e-01
3.2184893e+01	7.4962799e-02
3.2206702e+01	-2.9255652e-02
3.2228511e+01	-8.2496413e-02
3.2250320e+01	-7.4597156e-02
3.2272129e+01	-8.6145934e-02
3.2293938e+01	1.4785646e-01
3.2315747e+01	1.6240953e-01
3.2337556e+01	8.1954416e-02
3.2359365e+01	-4.1473732e-02
3.2381174e+01	-1.7965204e-01
3.2402983e+01	-1.4130695e-02
3.2424792e+01	6.9757484e-02
3.2446601e+01	-3.3217736e-02
3.2468410e+01	-1.3197866e-01
3.2490218e+01	-3.4841890e-02
3.2512027e+01	-1.7818813e-02
3.2533836e+01	1.2078203e-01
3.2555645e+01	8.5076557e-02
3.2577454e+01	9.8319912e-02
3.2599263e+01	8.1924354e-02
3.2621072e+01	-4.4495452e-02
3.2642881e+01	2.5813757e-02
3.2664690e+01	2.8317919e-02
3.2686499e+01	-7.9919388e-02
3.2708308e+01	-9.3371818e-02
3.2730117e+01	-1.4601322e-02
3.2751926e+01	-4.8774666e-02
3.2773735e+01	4.5313645e-02
3.2795544e+01	1.1651447e-02
3.2817353e+01	-2.2620444e-02
3.2839161e+01	-3.9043724e-02
3.2860970e+01	2.0627392e-02
3.2882779e+01	1.1370561e-01
3.2904588e+01	5.9651441e-03
3.2926397e+01	1.4099932e-02
3.2948206e+01	-9.3778553e-02
3.2970015e+01	7.1156306e-02
3.2991824e+01	4.3936874e-02
3.3013633e+01	-7.3855718e-02
3.3035442e+01	-5.2525236e-02
3.3057251e+01	-5.9593906e-02
3.3079060e+01	1.0307943e-01
3.3100869e+01	8.3405002e-02
3.3122678e+01	-8.7445477e-02
3.3144487e+01	-3.7367508e-04
3.3166296e+01	2.3273502e-03
3.3188104e+01	9.2977364e-05
3.3209913e+01	-1.2969866e-02
3.3231722e+01	-5.1813347e-02
3.3253531e+01	6.8270273e-02
3.3275340e+01	3.4800380e-02
3.3297149e+01	8.3341390e-02
3.3318958e+01	-2.8801652e-02
3.3340767e+01	-4.0153171e-02
3.3362576e+01	-1.2465509e-01
3.3384385e+01	5.5675568e-02
3.3406194e+01	1.8004870e-02
3.3428003e+01	-3.1170879e-02
3.3449812e+01	1.8429132e-02
3.3471621e+01	-4.4680810e-02
3.3493430e+01	1.9508004e-02
3.3515239e+01	2.6488814e-01
3.3537047e+01	5.0553079e-01
3.3558856e+01	7.4925808e-01
3.3580665e+01	6.7638666e-01
3.3602474e+01	1.0126792e+00
3.3624283e+01	1.0597633e+00
3.3646092e+01	1.2717927e+00
3.3667901e+01	1.2981579e+00
3.3689710e+01	1.1445387e+00
3.3711519e+01	1.0164196e+00
3.3733328e+01	8.0317545e-01
3.3755137e+01	5.1235674e-01
3.3776946e+01	3.3613515e-01
3.3798755e+01	6.9049971e-02
3.3820564e+01	3.8513407e-02
3.3842373e+01	1.1709599e-01
3.3864182e+01	7.1007538e-02
3.3885991e+01	-4.2541902e-02
3.3907799e+01	-2.3623983e-01
3.3929608e+01	-8.4793198e-02
3.3951417e+01	6.7695698e-02
3.3973226e+01	-5.1632468e-03
3.3995035e+01	5.5985130e-02
3.4016844e+01	-3.5217121e-02
3.4038653e+01	-1.0366973e-01
3.4060462e+01	-6.5546066e-02
3.4082271e+01	7.4150991e-02
3.4104080e+01	5.7517067e-02
3.4125889e+01	7.5143537e-02
3.4147698e+01	1.3905042e-01
3.4169507e+01	-3.6825025e-03
3.4191316e+01	-1.1065317e-01
3.4213125e+01	3.7099088e-02
3.4234934e+01	6.4224215e-02
3.4256742e+01	-1.2239097e-01
3.4278551e+01	-7.6112722e-02
3.4300360e+01	2.5267291e-02
3.4322169e+01	8.3209198e-02
3.4343978e+01	-1.0790214e-01
3.4365787e+01	2.8025690e-02
3.4387596e+01	-1.2784333e-02
3.4409405e+01	8.2932220e-02
3.4431214e+01	6.0737498e-02
3.4453023e+01	1.1957592e-02
3.4474832e+01	-5.0781632e-02
3.4496641e+01	-3.4215987e-02
3.4518450e+01	-5.8880345e-03
3.4540259e+01	-1.0459353e-02
3.4562068e+01	-1.1372750e-01
3.4583877e+01	7.9444253e-02
3.4605685e+01	9.6186402e-02
3.4627494e+01	-3.6383997e-02
3.4649303e+01	-1.3122563e-01
3.4671112e+01	6.1499063e-02
3.4692921e+01	1.1274277e-01
3.4714730e+01	1.8102446e-02
3.4736539e+01	-2.7840421e-02
3.4758348e+01	-4.9958092e-02
3.4780157e+01	-4.0051361e-02
3.4801966e+01	8.5388770e-02
3.4823775e+01	7.6935819e-02
3.4845584e+01	1.8512041e-02
3.4867393e+01	-3.7972283e-02
3.4889202e+01	-2.6146203e-02
3.4911011e+01	-6.7395614e-03
3.4932820e+01	-1.1173421e-01
3.4954628e+01	-7.0619626e-02
3.4976437e+01	6.1240062e-02
3.4998246e+01	-2.9006262e-03
3.5020055e+01	6.7671446e-02
3.5041864e+01	-1.4072029e-02
3.5063673e+01	5.8706678e-02
3.5085482e+01	7.0789204e-03
3.5107291e+01	1.0317271e-02
3.5129100e+01	-1.9717206e-02
3.5150909e+01	-6.9834619e-02
3.5172718e+01	-2.1884352e-02
3.5194527e+01	8.5286956e-03
3.5216336e+01	-1.5319433e-02
3.5238145e+01	4.0929593e-02
3.5259954e+01	-2.5003713e-02
3.5281763e+01	-2.7299015e-02
3.5303571e+01	5.9402935e-02
3.5325380e+01	1.7588180e-01
3.5347189e+01	6.4469945e-03
3.5368998e+01	3.9063095e-02
3.5390807e+01	-4.8049827e-02
3.5412616e+01	6.1886502e-02
3.5434425e+01	-1.1282647e-01
3.5456234e+01	-9.7633449e-02
3.5478043e+01	-1.0979339e-01
3.5499852e+01	-3.1727975e-02
3.5521661e+01	1.4148473e-01
3.5543470e+01	2.7204734e-02
3.5565279e+01	3.2731024e-02
3.5587088e+01	-3.4338804e-02
3.5608897e+01	-3.2226237e-02
3.5630706e+01	4.4946317e-02
3.5652514e+01	1.3596910e-01
3.5674323e+01	-5.7620626e-02
3.5696132e+01	5.3304987e-02
3.5717941e+01	8.9323056e-02
3.5739750e+01	9.8558883e-02
3.5761559e+01	-6.0543616e-02
3.5783368e+01	-1.4298576e-01
3.5805177e+01	1.1099834e-02
3.5826986e+01	-7.0079292e-02
3.5848795e+01	1.1476921e-01
3.5870604e+01	7.0440314e-02
3.5892413e+01	7.0715974e-02
3.5914222e+01	-5.8575521e-02
3.5936031e+01	-1.3953232e-02
3.5957840e+01	-2.0688911e-01
3.5979649e+01	-4.3833245e-01
3.6001458e+01	5.5200744e-02
3.6023266e+01	9.3328570e-02
3.6045075e+01	5.4277461e-03
3.6066884e+01	1.3822983e-01
3.6088693e+01	1.5980377e-01
3.6110502e+01	1.7092418e-01
3.6132311e+01	1.5265901e-01
3.6154120e+01	-2.0878062e-02
3.6175929e+01	9.2685012e-02
3.6197738e+01	-4.7643298e-02
3.6219547e+01	-9.0977121e-02
3.6241356e+01	-3.4224963e-02
3.6263165e+01	-3.6511978e-02
3.6284974e+01	-6.3466035e-02
3.6306783e+01	1.1064518e-02
3.6328592e+01	-9.7152513e-02
3.6350401e+01	-2.1762330e-02
3.6372209e+01	2.1088096e-02
3.6394018e+01	7.8965670e-02
3.6415827e+01	3.3667528e-02
3.6437636e+01	-1.0548930e-02
3.6459445e+01	9.9387065e-03
3.6481254e+01	2.2399310e-01
3.6503063e+01	2.3734333e-01
3.6524872e+01	1.2065986e-01
3.6546681e+01	-7.4657171e-02
3.6568490e+01	-1.5463897e-01
3.6590299e+01	-1.8052473e-02
3.6612108e+01	3.3219955e-02
3.6633917e+01	-4.3972788e-02
3.6655726e+01	8.9387971e-02
3.6677535e+01	3.5766516e-01
3.6699344e+01	6.0551740e-01
3.6721152e+01	7.4410558e-01
3.6742961e+01	1.0428186e+00
3.6764770e+01	1.4265982e+00
3.6786579e+01	1.8261324e+00
3.6808388e+01	2.2052641e+00
3.6830197e+01	2.7473989e+00
3.6852006e+01	3.0787260e+00
3.6873815e+01	3.3484460e+00
3.6895624e+01	3.5291030e+00
3.6917433e+01	3.3565016e+00
3.6939242e+01	3.2538779e+00
3.6961051e+01	2.8638137e+00
3.6982860e+01	2.2626378e+00
3.7004669e+01	1.6947951e+00
3.7026478e+01	1.2656165e+00
3.7048287e+01	1.2685909e+00
3.7070095e+01	1.0932080e+00
3.7091904e+01	2.2748860e-02
3.7113713e+01	-1.0401275e-01
3.7135522e+01	8.8309229e-02
3.7157331e+01	6.0828760e-02
3.7179140e+01	9.0784395e-02
3.7200949e+01	-3.2024717e-03
3.7222758e+01	-1.0196974e-01
3.7244567e+01	-6.7909703e-02
3.7266376e+01	6.2438162e-02
3.7288185e+01	5.1653689e-02
3.7309994e+01	-1.8698915e-01
3.7331803e+01	5.4655103e-03
3.7353612e+01	-9.1696497e-02
3.7375421e+01	3.9368012e-03
3.7397230e+01	3.4172715e-02
3.7419038e+01	2.3863556e-02
3.7440847e+01	1.1393397e-01
3.7462656e+01	4.2541984e-01
3.7484465e+01	1.0127474e+00
3.7506274e+01	7.8644792e-01
3.7528083e+01	2.4018485e-01
3.7549892e+01	1.5118849e-01
3.7571701e+01	-2.0365608e-03
3.7593510e+01	-1.4366023e-02
3.7615319e+01	2.6629180e-02
3.7637128e+01	-4.5171457e-02
3.7658937e+01	-1.4297879e-01
3.7680746e+01	-9.7704478e-02
3.7702555e+01	-1.5677725e-01
3.7724364e+01	9.4053758e-02
3.7746173e+01	6.9960311e-02
3.7767981e+01	-7.2876850e-02
3.7789790e+01	2.2325531e-02
3.7811599e+01	1.5305962e-01
3.7833408e+01	-1.1017225e-02
3.7855217e+01	-8.6966013e-03
3.7877026e+01	1.7665974e-01
3.7898835e+01	-2.5647401e-02
3.7920644e+01	9.6260606e-02
3.7942453e+01	2.7397674e-01
3.7964262e+01	9.4841365e-03
3.7986071e+01	-5.2130421e-02
3.8007880e+01	1.3794738e-01
3.8029689e+01	2.6426808e-01
3.8051498e+01	-1.4818106e-01
3.8073307e+01	-1.8621616e-01
3.8095116e+01	-1.1866104e-01
3.8116925e+01	9.9468682e-02
3.8138733e+01	1.1928164e-01
3.8160542e+01	3.8922402e-01
3.8182351e+01	8.0818672e-01
3.8204160e+01	1.0881925e+00
3.8225969e+01	1.3174593e+00
3.8247778e+01	1.8528298e+00
3.8269587e+01	2.2081089e+00
3.8291396e+01	2.4720124e+00
3.8313205e+01	2.9475311e+00
3.8335014e+01	3.5324378e+00
3.8356823e+01	3.7635043e+00
3.8378632e+01	3.9933205e+00
3.8400441e+01	3.9736861e+00
3.8422250e+01	3.7520411e+00
3.8444059e+01	3.4294771e+00
3.8465868e+01	2.6967100e+00
3.8487676e+01	1.7822697e+00
3.8509485e+01	1.2032259e+00
3.8531294e+01	7.1705446e-01
3.8553103e+01	4.1881120e-01
3.8574912e+01	3.2111392e-01
3.8596721e+01	1.3373324e-01
3.8618530e+01	-1.2274604e-01
3.8640339e+01	3.4948342e-02
3.8662148e+01	6.2169103e-02
3.8683957e+01	-1.0951530e-01
3.8705766e+01	-1.0140765e-01
3.8727575e+01	1.2319066e-01
3.8749384e+01	3.9942314e-02
3.8771193e+01	7.7668022e-03
3.8793002e+01	1.9748590e-01
3.8814811e+01	-1.0079099e-01
3.8836619e+01	-2.3939544e-02
3.8858428e+01	2.8483084e-02
3.8880237e+01	-7.7078079e-03
3.8902046e+01	-7.0367621e-02
3.8923855e+01	2.0658673e-03
3.8945664e+01	2.9638133e-02
3.8967473e+01	2.2274590e-01
3.8989282e+01	-4.3058000e-02
3.9011091e+01	-5.3626938e-02
3.9032900e+01	6.6160468e-02
3.9054709e+01	-9.3444284e-02
3.9076518e+01	-1.5790589e-02
3.9098327e+01	1.5922276e-01
3.9120136e+01	1.5311286e-01
3.9141945e+01	-7.8111419e-03
3.9163754e+01	-1.4110299e-01
3.9185562e+01	-3.5844355e-02
3.9207371e+01	4.7909455e-02
3.9229180e+01	-9.7376597e-02
3.9250989e+01	7.0328500e-02
3.9272798e+01	1.2101945e-01
3.9294607e+01	8.2621846e-02
3.9316416e+01	-2.5400140e-01
3.9338225e+01	-1.1089899e-01
3.9360034e+01	-4.2575946e-02
3.9381843e+01	7.0762238e-02
3.9403652e+01	1.7297374e-01
3.9425461e+01	1.1304191e-01
3.9447270e+01	1.2697607e-01
3.9469079e+01	2.6677900e-02
3.9490888e+01	-8.1622429e-02
3.9512697e+01	-1.7386373e-01
3.9534505e+01	4.2007683e-02
3.9556314e+01	-1.7152093e-02
3.9578123e+01	1.3073459e-02
3.9599932e+01	3.4668010e-01
3.9621741e+01	5.6001784e-01
3.9643550e+01	4.6498589e-01
3.9665359e+01	8.3648337e-01
3.9687168e+01	1.2859967e+00
3.9708977e+01	1.7350614e+00
3.9730786e+01	1.9422247e+00
3.9752595e+01	1.8924272e+00
3.9774404e+01	2.3209173e+00
3.9796213e+01	2.7177854e+00
3.9818022e+01	2.6727419e+00
3.9839831e+01	2.7327003e+00
3.9861640e+01	2.5997599e+00
3.9883449e+01	2.1796933e+00
3.9905257e+01	1.8663858e+00
3.9927066e+01	1.4211199e+00
3.9948875e+01	7.2810399e-01
3.9970684e+01	4.2258351e-01
3.9992493e+01	1.5003788e-01
4.0014302e+01	1.0654013e-01
4.0036111e+01	-6.2308138e-02
4.0057920e+01	4.0812762e-03
4.0079729e+01	1.8551211e-01
4.0101538e+01	-1.8957769e-01
4.0123347e+01	-1.7562630e-01
4.0145156e+01	-3.1556667e-03
4.0166965e+01	4.1463478e-02
4.0188774e+01	3.8174427e-02
4.0210583e+01	7.7291761e-02
4.0232392e+01	-3.1799495e-02
4.0254200e+01	-7.6424325e-02
4.0276009e+01	1.2250072e-01
4.0297818e+01	-2.0791675e-01
4.0319627e+01	-5.7717667e-02
4.0341436e+01	1.0450555e-01
4.0363245e+01	1.2617499e-01
4.0385054e+01	8.3093423e-02
4.0406863e+01	-6.0271614e-02
4.0428672e+01	1.9110471e-02
4.0450481e+01	7.4531916e-02
4.0472290e+01	4.8273781e-02
4.0494099e+01	7.3382971e-02
4.0515908e+01	-1.8249461e-02
4.0537717e+01	-1.5973767e-01
4.0559526e+01	-1.1262101e-01
4.0581335e+01	-8.4021260e-02
4.0603143e+01	-1.0675531e-01
4.0624952e+01	1.7296440e-01
4.0646761e+01	1.0469881e-01
4.0668570e+01	-1.2926545e-03
4.0690379e+01	2.4991980e-01
4.0712188e+01	2.2099900e-01
4.0733997e+01	1.5056294e-01
4.0755806e+01	7.4143160e-02
4.0777615e+01	-2.8485180e-01
4.0799424e+01	-1.0693347e-01
4.0821233e+01	1.6115766e-01
4.0843042e+01	-2.6649582e-02
4.0864851e+01	-3.2064696e-02
4.0886660e+01	4.5962579e-02
4.0908469e+01	1.9132778e-01
4.0930278e+01	2.9969153e-02
4.0952086e+01	-4.4862752e-02
4.0973895e+01	9.9354756e-02
4.0995704e+01	-2.9666705e-02
4.1017513e+01	-2.9668080e-01
4.1039322e+01	5.0523156e-02
4.1061131e+01	1.2964018e-01
4.1082940e+01	2.9805139e-04
4.1104749e+01	-7.4504926e-02
4.1126558e+01	-1.4693561e-03
4.1148367e+01	1.2400934e-01
4.1170176e+01	8.1748654e-02
4.1191985e+01	5.8899086e-02
4.1213794e+01	-4.9164900e-02
4.1235603e+01	-2.4055583e-01
4.1257412e+01	6.3901109e-02
4.1279221e+01	5.8192757e-03
4.1301029e+01	9.2242276e-02
4.1322838e+01	2.8232610e-01
4.1344647e+01	8.7211975e-02
4.1366456e+01	1.0362642e-01
4.1388265e+01	-1.1971785e-01
4.1410074e+01	-9.4387233e-02
4.1431883e+01	3.2703139e-01
4.1453692e+01	3.6560616e-01
4.1475501e+01	1.7142202e-01
4.1497310e+01	-3.1782524e-02
4.1519119e+01	-1.3885646e-01
4.1540928e+01	-1.1456993e-01
4.1562737e+01	3.5728428e-02
4.1584546e+01	2.8941484e-01
4.1606355e+01	-2.1069436e-02
4.1628164e+01	6.1380107e-02
4.1649972e+01	-5.3831229e-02
4.1671781e+01	8.0966971e-02
4.1693590e+01	8.1536051e-02
4.1715399e+01	-4.6407814e-02
4.1737208e+01	-7.7236007e-02
4.1759017e+01	7.3926521e-02
4.1780826e+01	1.5605806e-01
4.1802635e+01	-1.8459432e-01
4.1824444e+01	1.0970010e-01
4.1846253e+01	2.5998320e-01
4.1868062e+01	5.8678392e-02
4.1889871e+01	1.1196932e-01
4.1911680e+01	5.2637745e-02
4.1933489e+01	-2.7314854e-01
4.1955298e+01	9.0946149e-02
4.1977107e+01	-1.7323857e-01
4.1998916e+01	7.4576894e-02
4.2020724e+01	-2.9117256e-02
4.2042533e+01	8.8291609e-02
4.2064342e+01	-6.1168857e-02
4.2086151e+01	-1.0825990e-01
4.2107960e+01	6.8412790e-02
4.2129769e+01	1.9566906e-01
4.2151578e+01	2.7300724e-01
4.2173387e+01	4.7384511e-02
4.2195196e+01	-2.3487878e-02
4.2217005e+01	6.7418517e-02
4.2238814e+01	-3.5622467e-02
4.2260623e+01	-2.5552493e-01
4.2282432e+01	4.6730915e-02
4.2304241e+01	2.1446333e-01
4.2326050e+01	2.6905916e-01
4.2347859e+01	1.1876910e-02
4.2369667e+01	1.4785830e-03
4.2391476e+01	5.5683217e-01
4.2413285e+01	6.7864247e-01
4.2435094e+01	1.1195142e+00
4.2456903e+01	1.8362750e+00
4.2478712e+01	1.7514536e+00
4.2500521e+01	2.0447697e+00
4.2522330e+01	2.8574499e+00
4.2544139e+01	2.9515171e+00
4.2565948e+01	3.3010238e+00
4.2587757e+01	3.3070238e+00
4.2609566e+01	2.8875657e+00
4.2631375e+01	2.7709403e+00
4.2653184e+01	2.9037293e+00
4.2674993e+01	2.3000083e+00
4.2696802e+01	1.5977130e+00
4.2718610e+01	1.4551342e+00
4.2740419e+01	1.1950885e+00
4.2762228e+01	1.0252546e+00
4.2784037e+01	8.1741329e-01
4.2805846e+01	4.7379116e-01
4.2827655e+01	5.5296193e-01
4.2849464e+01	4.4086203e-01
4.2871273e+01	-4.3153264e-02
4.2893082e+01	1.5781875e-01
4.2914891e+01	-7.5550336e-02
4.2936700e+01	1.4961830e-02
4.2958509e+01	9.2180624e-02
4.2980318e+01	-1.0591805e-01
4.3002127e+01	1.4218972e-01
4.3023936e+01	-7.5790668e-02
4.3045745e+01	3.1361849e-01
4.3067553e+01	1.3477596e-01
4.3089362e+01	-5.3786666e-02
4.3111171e+01	2.3167906e-03
4.3132980e+01	-6.7203054e-02
4.3154789e+01	1.2523432e-01
4.3176598e+01	-7.8952827e-02
4.3198407e+01	-2.9962127e-01
4.3220216e+01	-1.0067316e-02
4.3242025e+01	7.4215113e-02
4.3263834e+01	9.4291304e-02
4.3285643e+01	-2.1990711e-02
4.3307452e+01	4.6384429e-01
4.3329261e+01	2.2920218e-03
4.3351070e+01	3.6740436e-02
4.3372879e+01	-2.6650790e-02
4.3394688e+01	-3.9196304e-02
4.3416496e+01	3.2678505e-01
4.3438305e+01	1.3735745e-01
4.3460114e+01	5.4550796e-01
4.3481923e+01	3.9706792e-01
4.3503732e+01	4.1521563e-02
4.3525541e+01	1.4667894e-01
4.3547350e+01	1.7040468e-02
4.3569159e+01	1.0072281e-02
4.3590968e+01	-1.5772799e-01
4.3612777e+01	-4.0694754e-02
4.3634586e+01	6.8830016e-01
4.3656395e+01	1.4820739e+00
4.3678204e+01	1.7574665e+00
4.3700013e+01	2.6740143e+00
4.3721822e+01	3.4281542e+00
4.3743631e+01	3.7372624e+00
4.3765439e+01	4.4178921e+00
4.3787248e+01	5.0247383e+00
4.3809057e+01	5.8227003e+00
4.3830866e+01	7.0540930e+00
4.3852675e+01	7.7539237e+00
4.3874484e+01	8.3917585e+00
4.3896293e+01	8.3843996e+00
4.3918102e+01	7.8410669e+00
4.3939911e+01	7.2553567e+00
4.3961720e+01	6.1596101e+00
4.3983529e+01	4.3466872e+00
4.4005338e+01	3.2296112e+00
4.4027147e+01	2.1410591e+00
4.4048956e+01	1.6416551e+00
4.4070765e+01	1.1606904e+00
4.4092574e+01	8.0817400e-01
4.4114383e+01	6.2877709e-01
4.4136191e+01	8.5187880e-01
4.4158000e+01	2.7572422e-01
4.4179809e+01	-8.5228502e-02
4.4201618e+01	3.4855600e-03
4.4223427e+01	1.2990706e-01
4.4245236e+01	3.5117165e-01
4.4267045e+01	2.9442617e-01
4.4288854e+01	7.7566238e-02
4.4310663e+01	4.4611245e-01
4.4332472e+01	-9.6486092e-02
4.4354281e+01	2.0781163e-01
4.4376090e+01	-2.1440343e-02
4.4397899e+01	-2.1834989e-01
4.4419708e+01	-1.6279773e-01
4.4441517e+01	7.0940744e-02
4.4463326e+01	1.1121368e-01
4.4485134e+01	1.7811679e-01
4.4506943e+01	4.3803111e-01
4.4528752e+01	-2.6477196e-03
4.4550561e+01	1.1344996e-01
4.4572370e+01	-4.0023030e-02
4.4594179e+01	-3.5402161e-02
4.4615988e+01	-1.8784324e-02
4.4637797e+01	-9.7921885e-02
4.4659606e+01	2.5286943e-01
4.4681415e+01	2.4859757e-02
4.4703224e+01	1.5875825e-01
4.4725033e+01	7.7460260e-02
4.4746842e+01	-5.4295083e-02
4.4768651e+01	-3.2445901e-02
4.4790460e+01	1.0214108e-01
4.4812269e+01	-4.7117887e-02
4.4834077e+01	-8.3472861e-02
4.4855886e+01	3.0586820e-01
4.4877695e+01	-2.6901747e-01
4.4899504e+01	9.5405301e-02
4.4921313e+01	-4.4365028e-02
4.4943122e+01	6.0796385e-02
4.4964931e+01	1.2103671e-01
4.4986740e+01	5.9335301e-01