Image file: \\Gfs05\g45\SAXS\2020_12\HDF5\2020-12.10_Kevin_day2_SN\2020-12-10_Max_Cu123_SN_000017_data_000099.h5
ImageIntegration1d_chi_output; Output_Directory= \\Gfs05\g45\SAXS\2020_12\Processed\2020-12-09_Kevin_day1_SN\Chi-Sample-7
Profile = Radial, StartAzimuth = 0.0, EndAzimuth = 360.0, Sam_Det_distance = 250.818474293, InnerRadius = 15.0, OuterRadius = 2400.0, Lambda = 30, Ratio = 0.001, Itermax = 100
2400
2.0013229e+00	5.9141370e-02
2.0231319e+00	-2.4441818e-02
2.0449408e+00	2.7372889e-01
2.0667497e+00	-1.0884118e-01
2.0885587e+00	1.9443807e-02
2.1103676e+00	5.2966278e-02
2.1321765e+00	-5.9817454e-02
2.1539855e+00	2.2975916e-01
2.1757944e+00	2.8424786e-01
2.1976034e+00	2.3163080e-02
2.2194123e+00	4.2599165e-02
2.2412212e+00	-6.0297422e-02
2.2630302e+00	1.0799908e-01
2.2848391e+00	-1.3913728e-01
2.3066480e+00	-2.5965846e-01
2.3284570e+00	1.3204531e-01
2.3502659e+00	2.9620114e-02
2.3720749e+00	1.6779945e-01
2.3938838e+00	1.1119720e-01
2.4156927e+00	5.6289861e-03
2.4375017e+00	3.4896633e-02
2.4593106e+00	-7.9210300e-02
2.4811196e+00	-2.3215400e-02
2.5029285e+00	1.1447805e-03
2.5247374e+00	-7.7779047e-02
2.5465464e+00	-6.5995264e-02
2.5683553e+00	6.0669066e-02
2.5901642e+00	9.9979326e-02
2.6119732e+00	-2.4472624e-02
2.6337821e+00	-3.1810663e-02
2.6555911e+00	4.9748494e-02
2.6774000e+00	-8.8782113e-02
2.6992089e+00	1.4457544e-01
2.7210179e+00	-2.8971769e-02
2.7428268e+00	-1.0595168e-01
2.7646358e+00	-1.7040095e-02
2.7864447e+00	1.2279972e-01
2.8082536e+00	2.7829600e-01
2.8300626e+00	1.2734877e-01
2.8518715e+00	-8.4055585e-02
2.8736804e+00	-1.8094269e-01
2.8954894e+00	6.4660398e-02
2.9172983e+00	-8.4419969e-02
2.9391073e+00	7.6005336e-02
2.9609162e+00	-1.2658362e-03
2.9827251e+00	6.2570251e-02
3.0045341e+00	2.0513460e-02
3.0263430e+00	1.2881819e-01
3.0481519e+00	-5.0925717e-02
3.0699609e+00	-1.3851054e-01
3.0917698e+00	4.4938458e-02
3.1135788e+00	-7.2961020e-02
3.1353877e+00	7.5769672e-02
3.1571966e+00	1.8648873e-02
3.1790056e+00	-9.8191892e-02
3.2008145e+00	4.8744162e-02
3.2226235e+00	2.0335568e-01
3.2444324e+00	5.0291937e-02
3.2662413e+00	-3.5039322e-02
3.2880503e+00	-5.2316158e-02
3.3098592e+00	-5.5200254e-02
3.3316681e+00	2.5238088e-02
3.3534771e+00	5.8909273e-04
3.3752860e+00	2.0773490e-01
3.3970950e+00	4.7554060e-02
3.4189039e+00	-5.1561888e-02
3.4407128e+00	1.6318070e-02
3.4625218e+00	-1.2772783e-01
3.4843307e+00	-6.8310755e-02
3.5061396e+00	2.3401762e-01
3.5279486e+00	1.9867228e-01
3.5497575e+00	-9.7112945e-02
3.5715665e+00	1.5059992e-01
3.5933754e+00	-7.2052617e-03
3.6151843e+00	-4.5759910e-02
3.6369933e+00	-1.7600569e-02
3.6588022e+00	1.3100000e-01
3.6806112e+00	-6.0969797e-02
3.7024201e+00	-1.7912903e-01
3.7242290e+00	1.2742415e-01
3.7460380e+00	8.8459507e-02
3.7678469e+00	-8.4049761e-04
3.7896558e+00	-5.9743338e-02
3.8114648e+00	-6.3644516e-02
3.8332737e+00	9.9447182e-04
3.8550827e+00	1.6134119e-01
3.8768916e+00	5.0535132e-02
3.8987005e+00	-1.7284366e-02
3.9205095e+00	3.0500322e-02
3.9423184e+00	2.0457543e-01
3.9641273e+00	2.5306311e-01
3.9859363e+00	6.8990281e-03
4.0077452e+00	-1.5319071e-01
4.0295542e+00	-2.3940949e-01
4.0513631e+00	-9.9581395e-02
4.0731720e+00	-1.0008204e-02
4.0949810e+00	1.9496050e-01
4.1167899e+00	1.0228734e-01
4.1385989e+00	1.8902860e-01
4.1604078e+00	1.1443583e-01
4.1822167e+00	-5.1025413e-03
4.2040257e+00	-9.3824267e-02
4.2258346e+00	-2.1548241e-02
4.2476435e+00	1.2813189e-01
4.2694525e+00	5.7595184e-02
4.2912614e+00	-1.6352279e-02
4.3130704e+00	-1.0318401e-01
4.3348793e+00	-9.3859940e-02
4.3566882e+00	3.0258126e-01
4.3784972e+00	3.7433638e-01
4.4003061e+00	6.1351408e-02
4.4221151e+00	-5.8078985e-02
4.4439240e+00	7.7560461e-02
4.4657329e+00	3.9905515e-02
4.4875419e+00	-1.6836122e-01
4.5093508e+00	1.2724887e-01
4.5311597e+00	-3.8063580e-02
4.5529687e+00	-1.7892328e-01
4.5747776e+00	5.3396278e-02
4.5965866e+00	1.5249868e-01
4.6183955e+00	2.3983880e-01
4.6402044e+00	3.3689197e-01
4.6620134e+00	1.2179465e-01
4.6838223e+00	4.2820864e-02
4.7056312e+00	-1.6681498e-01
4.7274402e+00	-4.1507169e-02
4.7492491e+00	8.8416500e-02
4.7710581e+00	-2.7183776e-02
4.7928670e+00	1.5347548e-02
4.8146759e+00	5.1770551e-02
4.8364849e+00	-9.3634885e-02
4.8582938e+00	-1.3749798e-02
4.8801028e+00	-8.6679290e-02
4.9019117e+00	-8.8415610e-02
4.9237206e+00	7.8413044e-02
4.9455296e+00	2.3239141e-01
4.9673385e+00	1.3692582e-01
4.9891474e+00	2.1467484e-02
5.0109564e+00	6.5913546e-02
5.0327653e+00	-2.9351040e-02
5.0545743e+00	-4.7167432e-02
5.0763832e+00	1.7674981e-02
5.0981921e+00	-7.8919475e-02
5.1200011e+00	-4.4851906e-02
5.1418100e+00	3.0480924e-02
5.1636189e+00	1.6196177e-01
5.1854279e+00	-7.5512078e-02
5.2072368e+00	-1.8295407e-01
5.2290458e+00	-4.7695931e-02
5.2508547e+00	6.9221067e-02
5.2726636e+00	1.1787398e-01
5.2944726e+00	8.0940986e-02
5.3162815e+00	7.1614988e-02
5.3380905e+00	-3.4905820e-02
5.3598994e+00	-9.3411479e-02
5.3817083e+00	-1.5406409e-01
5.4035173e+00	1.2111172e-01
5.4253262e+00	1.0104177e-01
5.4471351e+00	9.7786569e-03
5.4689441e+00	1.5909249e-01
5.4907530e+00	1.4559177e-02
5.5125620e+00	-8.8477466e-02
5.5343709e+00	-5.7487640e-02
5.5561798e+00	-6.1105547e-02
5.5779888e+00	-8.8367597e-02
5.5997977e+00	-5.1117779e-02
5.6216066e+00	1.9674253e-02
5.6434156e+00	9.3952641e-03
5.6652245e+00	9.6448275e-02
5.6870335e+00	-3.3742169e-02
5.7088424e+00	2.2536812e-01
5.7306513e+00	1.2428548e-01
5.7524603e+00	-3.0706172e-02
5.7742692e+00	-4.4290951e-02
5.7960782e+00	-7.1124050e-02
5.8178871e+00	1.2710216e-01
5.8396960e+00	-4.3863267e-02
5.8615050e+00	-5.1307095e-02
5.8833139e+00	1.6043345e-01
5.9051228e+00	2.7695888e-01
5.9269318e+00	4.8777507e-02
5.9487407e+00	-7.6823770e-02
5.9705497e+00	-1.3158053e-01
5.9923586e+00	-1.6756489e-01
6.0141675e+00	6.2340971e-02
6.0359765e+00	1.1495434e-01
6.0577854e+00	8.9306384e-02
6.0795944e+00	4.4516210e-02
6.1014033e+00	-7.2985836e-02
6.1232122e+00	-7.1026291e-03
6.1450212e+00	1.2027447e-01
6.1668301e+00	-1.3025445e-01
6.1886390e+00	-7.6366631e-02
6.2104480e+00	2.5923899e-03
6.2322569e+00	1.7472832e-01
6.2540659e+00	5.7789599e-02
6.2758748e+00	-1.0937618e-01
6.2976837e+00	4.4187732e-02
6.3194927e+00	2.4624079e-01
6.3413016e+00	1.2305399e-01
6.3631105e+00	-1.5380970e-01
6.3849195e+00	-1.2250534e-01
6.4067284e+00	1.0297595e-01
6.4285374e+00	6.1283451e-02
6.4503463e+00	-5.7673604e-02
6.4721552e+00	1.1347766e-02
6.4939642e+00	1.5097545e-02
6.5157731e+00	5.7422357e-02
6.5375821e+00	-9.7585065e-02
6.5593910e+00	-6.3449994e-02
6.5811999e+00	2.5758928e-02
6.6030089e+00	-4.2152358e-02
6.6248178e+00	1.2695077e-01
6.6466267e+00	9.7797433e-02
6.6684357e+00	2.5044911e-04
6.6902446e+00	1.3873718e-02
6.7120536e+00	-1.3541819e-01
6.7338625e+00	9.6520314e-03
6.7556714e+00	3.9175557e-02
6.7774804e+00	6.8892545e-02
6.7992893e+00	-2.1696839e-02
6.8210982e+00	-9.1704957e-02
6.8429072e+00	1.4693485e-02
6.8647161e+00	2.1151380e-02
6.8865251e+00	6.1917142e-02
6.9083340e+00	-1.3922053e-01
6.9301429e+00	-2.4167491e-02
6.9519519e+00	8.6580021e-02
6.9737608e+00	-6.8994239e-02
6.9955698e+00	1.2098611e-01
7.0173787e+00	-5.3474096e-02
7.0391876e+00	-9.8426743e-02
7.0609966e+00	1.0246929e-01
7.0828055e+00	7.4250791e-02
7.1046144e+00	2.1743996e-01
7.1264234e+00	7.7382354e-02
7.1482323e+00	-2.5476306e-01
7.1700413e+00	-8.3911992e-02
7.1918502e+00	1.8356995e-01
7.2136591e+00	1.0335196e-01
7.2354681e+00	1.2367050e-02
7.2572770e+00	-1.0079773e-01
7.2790859e+00	7.9445080e-04
7.3008949e+00	1.1046168e-02
7.3227038e+00	1.1021552e-02
7.3445128e+00	3.9520396e-02
7.3663217e+00	-1.2757302e-01
7.3881306e+00	-5.6417561e-03
7.4099396e+00	1.6531548e-01
7.4317485e+00	1.9412766e-02
7.4535575e+00	1.7464628e-01
7.4753664e+00	2.2719913e-01
7.4971753e+00	-1.6900259e-01
7.5189843e+00	-8.6673568e-02
7.5407932e+00	8.3369853e-02
7.5626021e+00	-1.4622779e-01
7.5844111e+00	-2.4918262e-02
7.6062200e+00	4.7375896e-02
7.6280290e+00	1.5705115e-01
7.6498379e+00	4.6571222e-02
7.6716468e+00	-4.8450771e-02
7.6934558e+00	4.6598827e-02
7.7152647e+00	4.0876180e-02
7.7370737e+00	5.3786112e-02
7.7588826e+00	-9.2099424e-02
7.7806915e+00	-1.8559284e-01
7.8025005e+00	9.5483201e-02
7.8243094e+00	-2.0443557e-02
7.8461183e+00	-4.0637665e-02
7.8679273e+00	-1.0571078e-01
7.8897362e+00	1.0918545e-01
7.9115452e+00	6.5450904e-02
7.9333541e+00	7.1437305e-03
7.9551630e+00	9.2125663e-02
7.9769720e+00	9.4665811e-02
7.9987809e+00	-4.1184366e-02
8.0205898e+00	-1.0740561e-01
8.0423988e+00	-8.3828406e-02
8.0642077e+00	2.2955777e-01
8.0860167e+00	1.4451345e-01
8.1078256e+00	7.8879607e-02
8.1296345e+00	-1.0740236e-01
8.1514435e+00	-3.0605792e-02
8.1732524e+00	-1.8238509e-01
8.1950614e+00	-6.0410073e-02
8.2168703e+00	3.9408919e-02
8.2386792e+00	8.0112780e-02
8.2604882e+00	1.4072774e-01
8.2822971e+00	-1.9272453e-02
8.3041060e+00	-5.0804958e-02
8.3259150e+00	-3.6209081e-02
8.3477239e+00	1.5284387e-01
8.3695329e+00	2.6454695e-01
8.3913418e+00	1.1651189e-02
8.4131507e+00	7.0341233e-02
8.4349597e+00	-7.5412689e-02
8.4567686e+00	-1.8064355e-01
8.4785775e+00	1.3079090e-02
8.5003865e+00	2.0586118e-02
8.5221954e+00	-5.5417459e-02
8.5440044e+00	1.7116239e-01
8.5658133e+00	4.1495462e-02
8.5876222e+00	7.8734203e-02
8.6094312e+00	-6.6781148e-02
8.6312401e+00	-1.5173461e-01
8.6530491e+00	-8.1595637e-03
8.6748580e+00	1.3619539e-01
8.6966669e+00	1.1663129e-01
8.7184759e+00	2.8313114e-01
8.7402848e+00	3.3376961e-01
8.7620937e+00	-2.4581355e-02
8.7839027e+00	-6.8089030e-02
8.8057116e+00	-1.1077789e-01
8.8275206e+00	-2.7830155e-02
8.8493295e+00	-4.1160707e-04
8.8711384e+00	-8.1925948e-02
8.8929474e+00	1.5386281e-01
8.9147563e+00	4.5474325e-01
8.9365652e+00	1.9402172e-01
8.9583742e+00	5.3779219e-02
8.9801831e+00	1.1496020e-01
9.0019921e+00	-3.8252025e-02
9.0238010e+00	-5.2211279e-02
9.0456099e+00	-1.7491788e-01
9.0674189e+00	4.2557129e-03
9.0892278e+00	1.2505963e-01
9.1110368e+00	-5.2126598e-02
9.1328457e+00	-6.6735589e-02
9.1546546e+00	2.2977210e-01
9.1764636e+00	3.8505503e-01
9.1982725e+00	3.9478132e-01
9.2200814e+00	3.0685569e-01
9.2418904e+00	5.8253785e-02
9.2636993e+00	7.0505509e-02
9.2855083e+00	8.2939943e-02
9.3073172e+00	-1.7558520e-01
9.3291261e+00	-1.0015053e-01
9.3509351e+00	-2.9141843e-02
9.3727440e+00	9.2557211e-02
9.3945530e+00	2.6490788e-02
9.4163619e+00	-5.3484020e-02
9.4381708e+00	2.5379336e-02
9.4599798e+00	2.5794572e-01
9.4817887e+00	1.1787423e-01
9.5035976e+00	-1.3424839e-01
9.5254066e+00	-2.9622648e-02
9.5472155e+00	1.0326182e-01
9.5690245e+00	1.2051321e-01
9.5908334e+00	3.8809094e-02
9.6126423e+00	6.1778604e-03
9.6344513e+00	-2.7398504e-01
9.6562602e+00	-4.4671693e-02
9.6780691e+00	5.1122676e-02
9.6998781e+00	-9.0319668e-02
9.7216870e+00	1.2204569e-01
9.7434960e+00	1.7088657e-01
9.7653049e+00	-5.5004817e-02
9.7871138e+00	4.4939852e-02
9.8089228e+00	2.1197937e-02
9.8307317e+00	-2.0802129e-01
9.8525407e+00	8.9224170e-02
9.8743496e+00	-6.9627743e-05
9.8961585e+00	-1.0720998e-02
9.9179675e+00	1.5536907e-01
9.9397764e+00	2.2246453e-01
9.9615853e+00	1.2499000e-01
9.9833943e+00	2.0732744e-02
1.0005203e+01	-1.7143182e-01
1.0027012e+01	-1.3712908e-01
1.0048821e+01	1.0795192e-01
1.0070630e+01	3.1226502e-01
1.0092439e+01	2.4859007e-01
1.0114248e+01	3.3965020e-01
1.0136057e+01	5.2225051e-01
1.0157866e+01	5.9859170e-01
1.0179675e+01	6.5954224e-01
1.0201484e+01	4.6734953e-01
1.0223293e+01	-3.1352002e-02
1.0245102e+01	-3.3923531e-02
1.0266910e+01	3.4458240e-02
1.0288719e+01	-3.2278200e-02
1.0310528e+01	-8.8114065e-02
1.0332337e+01	1.1263218e+00
1.0354146e+01	1.6538963e+00
1.0375955e+01	1.8451316e+00
1.0397764e+01	2.0527676e+00
1.0419573e+01	2.5595944e+00
1.0441382e+01	3.0940889e+00
1.0463191e+01	4.0952111e+00
1.0485000e+01	4.6432472e+00
1.0506809e+01	5.5373450e+00
1.0528618e+01	6.7358576e+00
1.0550427e+01	7.0085210e+00
1.0572236e+01	6.9448633e+00
1.0594045e+01	7.5538574e+00
1.0615853e+01	7.9470753e+00
1.0637662e+01	7.4224920e+00
1.0659471e+01	6.7719156e+00
1.0681280e+01	5.5497151e+00
1.0703089e+01	3.8607704e+00
1.0724898e+01	2.5445717e+00
1.0746707e+01	1.3932608e+00
1.0768516e+01	8.3208086e-01
1.0790325e+01	5.8350983e-01
1.0812134e+01	-5.2037281e-02
1.0833943e+01	3.4723508e-02
1.0855752e+01	4.6991241e-02
1.0877561e+01	1.2399152e-01
1.0899370e+01	2.2332879e-01
1.0921179e+01	-8.6160126e-02
1.0942988e+01	-7.7041947e-02
1.0964796e+01	7.0109344e-02
1.0986605e+01	3.1953951e-01
1.1008414e+01	5.5563343e-01
1.1030223e+01	6.4852410e-01
1.1052032e+01	7.9655744e-01
1.1073841e+01	7.2315635e-01
1.1095650e+01	1.0940107e+00
1.1117459e+01	1.3141445e+00
1.1139268e+01	9.3318656e-01
1.1161077e+01	1.3778608e+00
1.1182886e+01	1.9541701e+00
1.1204695e+01	2.2583825e+00
1.1226504e+01	2.4820767e+00
1.1248313e+01	2.1990717e+00
1.1270122e+01	1.1188465e+00
1.1291931e+01	8.5255787e-01
1.1313740e+01	1.3093176e-01
1.1335548e+01	3.3910685e-03
1.1357357e+01	1.4279124e-01
1.1379166e+01	-1.1764713e-01
1.1400975e+01	-1.3196427e-01
1.1422784e+01	-1.0899558e-03
1.1444593e+01	-6.2997257e-02
1.1466402e+01	-4.0666959e-02
1.1488211e+01	3.6325464e-01
1.1510020e+01	1.5303624e-01
1.1531829e+01	-2.5429204e-02
1.1553638e+01	2.5765564e-02
1.1575447e+01	3.5669844e-02
1.1597256e+01	2.9838139e-01
1.1619065e+01	-1.1676466e-01
1.1640874e+01	-2.0703098e-01
1.1662683e+01	9.8259805e-02
1.1684491e+01	2.4468508e-01
1.1706300e+01	3.4921766e-01
1.1728109e+01	3.3186097e-01
1.1749918e+01	2.5704551e-02
1.1771727e+01	1.5992411e-01
1.1793536e+01	2.4792180e-01
1.1815345e+01	-3.5140307e-04
1.1837154e+01	5.7684049e-02
1.1858963e+01	-3.5032613e-02
1.1880772e+01	-7.8531594e-02
1.1902581e+01	-5.8124938e-02
1.1924390e+01	4.4306718e-02
1.1946199e+01	-1.2167422e-01
1.1968008e+01	1.0720830e-01
1.1989817e+01	1.3210903e-01
1.2011626e+01	-1.1713676e-01
1.2033434e+01	-9.1403096e-02
1.2055243e+01	1.1563911e-03
1.2077052e+01	3.2630622e-02
1.2098861e+01	2.0232503e-01
1.2120670e+01	2.5870964e-01
1.2142479e+01	-9.6861345e-02
1.2164288e+01	3.8162466e-02
1.2186097e+01	1.5260596e-01
1.2207906e+01	2.7013333e-01
1.2229715e+01	-1.2606384e-02
1.2251524e+01	-1.4915949e-02
1.2273333e+01	-1.4313636e-01
1.2295142e+01	-1.5160490e-01
1.2316951e+01	8.7794272e-02
1.2338760e+01	9.3507469e-02
1.2360569e+01	-9.5374321e-02
1.2382377e+01	1.4542464e-01
1.2404186e+01	2.0534200e-01
1.2425995e+01	4.1581609e-02
1.2447804e+01	-4.5091891e-03
1.2469613e+01	-1.5521805e-01
1.2491422e+01	-3.5660527e-02
1.2513231e+01	5.8374694e-02
1.2535040e+01	4.9473035e-02
1.2556849e+01	-3.8249802e-02
1.2578658e+01	5.0977740e-02
1.2600467e+01	2.6406634e-02
1.2622276e+01	-1.4309291e-02
1.2644085e+01	-1.2461596e-01
1.2665894e+01	8.9402184e-02
1.2687703e+01	1.1161548e-01
1.2709512e+01	9.1266591e-03
1.2731320e+01	-1.1189211e-01
1.2753129e+01	-4.2565218e-02
1.2774938e+01	-6.5393467e-02
1.2796747e+01	-1.9582337e-01
1.2818556e+01	7.9218927e-02
1.2840365e+01	3.4555726e-02
1.2862174e+01	1.7575519e-01
1.2883983e+01	3.1989567e-02
1.2905792e+01	-3.6260360e-02
1.2927601e+01	7.5376921e-02
1.2949410e+01	9.0658012e-02
1.2971219e+01	3.8001289e-01
1.2993028e+01	4.7970033e-01
1.3014837e+01	3.7234135e-01
1.3036646e+01	6.1590185e-01
1.3058455e+01	8.0763968e-01
1.3080264e+01	9.8754864e-01
1.3102072e+01	8.8798255e-01
1.3123881e+01	-4.4536770e-02
1.3145690e+01	3.0452490e-02
1.3167499e+01	2.8348616e-01
1.3189308e+01	3.8912155e-01
1.3211117e+01	6.1051473e-01
1.3232926e+01	2.3013680e-01
1.3254735e+01	9.8036857e-02
1.3276544e+01	8.0890100e-02
1.3298353e+01	1.3202861e-03
1.3320162e+01	-3.1827998e-01
1.3341971e+01	-3.9888705e-01
1.3363780e+01	4.3198709e-01
1.3385589e+01	4.9424967e-01
1.3407398e+01	2.8547215e-01
1.3429207e+01	1.1440530e-01
1.3451015e+01	8.3028845e-02
1.3472824e+01	9.4633952e-02
1.3494633e+01	1.3949775e-01
1.3516442e+01	-5.6497917e-02
1.3538251e+01	6.3340339e-02
1.3560060e+01	8.3204708e-02
1.3581869e+01	-3.4285703e-02
1.3603678e+01	2.0514691e-01
1.3625487e+01	1.7661562e-01
1.3647296e+01	4.8282459e-02
1.3669105e+01	-2.2658611e-01
1.3690914e+01	-1.2191394e-01
1.3712723e+01	5.3576966e-02
1.3734532e+01	3.1675307e-02
1.3756341e+01	-1.3461481e-01
1.3778150e+01	-7.2643163e-02
1.3799958e+01	1.8670154e-01
1.3821767e+01	2.7997690e-02
1.3843576e+01	-4.8631766e-02
1.3865385e+01	1.3473874e-01
1.3887194e+01	3.2599316e-02
1.3909003e+01	-5.0280835e-02
1.3930812e+01	1.0947911e-01
1.3952621e+01	3.0930477e-02
1.3974430e+01	-7.5769330e-02
1.3996239e+01	-1.4844221e-01
1.4018048e+01	-9.6657764e-02
1.4039857e+01	1.9450245e-01
1.4061666e+01	1.8030858e-01
1.4083475e+01	-2.7557252e-02
1.4105284e+01	-2.9597619e-02
1.4127093e+01	-1.7046118e-02
1.4148901e+01	2.7958641e-02
1.4170710e+01	1.4666773e-01
1.4192519e+01	-7.4452889e-02
1.4214328e+01	-6.3853812e-02
1.4236137e+01	1.2366777e-01
1.4257946e+01	-1.5005528e-01
1.4279755e+01	-4.7755754e-02
1.4301564e+01	1.0459434e-01
1.4323373e+01	1.0657431e-01
1.4345182e+01	4.7140006e-02
1.4366991e+01	-4.5067164e-02
1.4388800e+01	-1.1897679e-01
1.4410609e+01	4.7372211e-02
1.4432418e+01	1.3396771e-01
1.4454227e+01	-5.2102024e-02
1.4476036e+01	-8.8746959e-02
1.4497844e+01	1.6885619e-01
1.4519653e+01	-1.1322232e-01
1.4541462e+01	-7.9112885e-02
1.4563271e+01	2.4550009e-02
1.4585080e+01	2.1461668e-01
1.4606889e+01	1.4512414e-01
1.4628698e+01	-9.0646159e-02
1.4650507e+01	4.9138211e-03
1.4672316e+01	-6.8382593e-02
1.4694125e+01	-6.3752551e-02
1.4715934e+01	-6.0851619e-03
1.4737743e+01	3.6080137e-02
1.4759552e+01	-1.7017525e-02
1.4781361e+01	2.1193840e-02
1.4803170e+01	7.2823946e-02
1.4824979e+01	3.4565438e-01
1.4846787e+01	7.6809064e-01
1.4868596e+01	1.1254013e+00
1.4890405e+01	1.4980801e+00
1.4912214e+01	1.3194534e+00
1.4934023e+01	9.9621104e-01
1.4955832e+01	1.1114995e+00
1.4977641e+01	1.4928834e+00
1.4999450e+01	1.8464034e+00
1.5021259e+01	1.9378161e+00
1.5043068e+01	2.0020371e+00
1.5064877e+01	1.6948969e+00
1.5086686e+01	1.2044163e+00
1.5108495e+01	8.9522569e-01
1.5130304e+01	6.4659383e-01
1.5152113e+01	2.8877279e-02
1.5173922e+01	1.1149064e-01
1.5195731e+01	-1.4195794e-01
1.5217539e+01	-7.2183960e-02
1.5239348e+01	8.5566981e-02
1.5261157e+01	1.4771045e-02
1.5282966e+01	6.5731878e-03
1.5304775e+01	-1.4571068e-01
1.5326584e+01	2.9349676e-02
1.5348393e+01	2.7652347e-01
1.5370202e+01	1.6864684e-01
1.5392011e+01	1.6578216e-02
1.5413820e+01	-8.1583612e-03
1.5435629e+01	9.0124091e-02
1.5457438e+01	-6.8050834e-02
1.5479247e+01	-1.1902520e-01
1.5501056e+01	-1.2636071e-02
1.5522865e+01	1.0395844e-02
1.5544674e+01	-7.9020395e-02
1.5566482e+01	2.6863541e-02
1.5588291e+01	3.2369686e-02
1.5610100e+01	3.8572199e-02
1.5631909e+01	7.9011430e-02
1.5653718e+01	3.4944567e-02
1.5675527e+01	1.5251027e-02
1.5697336e+01	-6.5923503e-02
1.5719145e+01	3.4416747e-03
1.5740954e+01	-4.0853688e-02
1.5762763e+01	1.1965649e-02
1.5784572e+01	4.9266144e-02
1.5806381e+01	-1.5513663e-01
1.5828190e+01	1.3077451e-01
1.5849999e+01	1.1492391e-01
1.5871808e+01	-1.5892522e-01
1.5893617e+01	-7.5622946e-02
1.5915425e+01	1.5647410e-01
1.5937234e+01	2.0745872e-01
1.5959043e+01	-3.0198995e-02
1.5980852e+01	-1.1283327e-02
1.6002661e+01	-1.2895119e-03
1.6024470e+01	-1.4118610e-01
1.6046279e+01	6.4028289e-02
1.6068088e+01	-4.1384854e-02
1.6089897e+01	1.6486920e-02
1.6111706e+01	1.4006399e-01
1.6133515e+01	-1.0369429e-01
1.6155324e+01	-3.7199007e-02
1.6177133e+01	3.6540032e-02
1.6198942e+01	7.4087409e-02
1.6220751e+01	3.1737416e-02
1.6242560e+01	1.6422815e-02
1.6264368e+01	-1.0594058e-01
1.6286177e+01	2.7741736e-03
1.6307986e+01	-4.3437812e-02
1.6329795e+01	8.7018279e-02
1.6351604e+01	-2.2627368e-02
1.6373413e+01	1.4071062e-02
1.6395222e+01	6.3283052e-02
1.6417031e+01	6.1982271e-02
1.6438840e+01	-2.3388866e-02
1.6460649e+01	-1.1384259e-01
1.6482458e+01	-3.6596065e-02
1.6504267e+01	5.3433131e-02
1.6526076e+01	-6.0352809e-03
1.6547885e+01	-1.2821450e-01
1.6569694e+01	1.1891217e-01
1.6591503e+01	4.4888173e-02
1.6613311e+01	-6.3461307e-02
1.6635120e+01	5.3121541e-02
1.6656929e+01	-8.1035182e-03
1.6678738e+01	-1.1869852e-01
1.6700547e+01	-2.5136735e-02
1.6722356e+01	1.1897308e-01
1.6744165e+01	3.0102446e-01
1.6765974e+01	4.0094946e-01
1.6787783e+01	4.9642290e-01
1.6809592e+01	6.1774112e-01
1.6831401e+01	4.4924784e-01
1.6853210e+01	7.2317730e-02
1.6875019e+01	4.5929705e-02
1.6896828e+01	-9.5275910e-03
1.6918637e+01	-4.0662976e-02
1.6940446e+01	-7.8176061e-02
1.6962254e+01	7.4779406e-02
1.6984063e+01	6.1292346e-03
1.7005872e+01	-1.3138387e-03
1.7027681e+01	9.1680249e-03
1.7049490e+01	-4.8031610e-02
1.7071299e+01	-4.0243100e-02
1.7093108e+01	9.8887211e-03
1.7114917e+01	-2.3269111e-02
1.7136726e+01	4.8715599e-03
1.7158535e+01	7.0087947e-02
1.7180344e+01	-1.7974810e-02
1.7202153e+01	-6.9144803e-02
1.7223962e+01	1.7628504e-02
1.7245771e+01	-2.3847904e-02
1.7267580e+01	1.5652207e-01
1.7289389e+01	1.3760186e-01
1.7311198e+01	-1.5876883e-01
1.7333006e+01	-1.6424756e-01
1.7354815e+01	4.2811371e-02
1.7376624e+01	1.1576753e-01
1.7398433e+01	6.6470150e-02
1.7420242e+01	-2.9234831e-02
1.7442051e+01	-1.3020626e-01
1.7463860e+01	7.1641912e-02
1.7485669e+01	1.0693684e-01
1.7507478e+01	-3.4533828e-03
1.7529287e+01	-7.9973270e-02
1.7551096e+01	-7.7612382e-02
1.7572905e+01	7.9481191e-02
1.7594714e+01	3.6462122e-02
1.7616523e+01	-4.7283078e-02
1.7638332e+01	-5.9577623e-02
1.7660141e+01	6.2178846e-02
1.7681949e+01	8.4095164e-02
1.7703758e+01	3.6242233e-02
1.7725567e+01	-4.1366179e-02
1.7747376e+01	-9.8112785e-02
1.7769185e+01	1.2321008e-02
1.7790994e+01	-3.4744985e-02
1.7812803e+01	-1.1976063e-01
1.7834612e+01	7.1721761e-02
1.7856421e+01	1.6240880e-01
1.7878230e+01	7.3811515e-02
1.7900039e+01	-7.6386837e-02
1.7921848e+01	1.3676076e-02
1.7943657e+01	-1.3942509e-02
1.7965466e+01	-2.6720054e-02
1.7987275e+01	5.6145256e-02
1.8009084e+01	8.5749305e-02
1.8030892e+01	7.1732223e-02
1.8052701e+01	-8.9894507e-02
1.8074510e+01	-1.2800431e-01
1.8096319e+01	4.1898626e-02
1.8118128e+01	-3.8622167e-02
1.8139937e+01	-7.2085852e-03
1.8161746e+01	-9.3991699e-02
1.8183555e+01	-3.3587602e-02
1.8205364e+01	5.2708450e-02
1.8227173e+01	9.0881189e-02
1.8248982e+01	6.1823950e-02
1.8270791e+01	6.4752393e-02
1.8292600e+01	8.0877611e-02
1.8314409e+01	-7.2379455e-02
1.8336218e+01	-2.4485966e-01
1.8358027e+01	-5.8104567e-02
1.8379835e+01	9.1935250e-02
1.8401644e+01	-5.0388419e-02
1.8423453e+01	-2.0333955e-02
1.8445262e+01	8.5195366e-02
1.8467071e+01	1.2816651e-01
1.8488880e+01	8.5387314e-02
1.8510689e+01	3.0015007e-01
1.8532498e+01	3.5421567e-04
1.8554307e+01	-2.5861679e-02
1.8576116e+01	-9.0873825e-02
1.8597925e+01	-9.0973977e-02
1.8619734e+01	1.7431000e-01
1.8641543e+01	4.4145248e-01
1.8663352e+01	3.7389720e-01
1.8685161e+01	2.0628435e-01
1.8706970e+01	3.5772245e-01
1.8728778e+01	-2.8824049e-02
1.8750587e+01	1.5102818e-03
1.8772396e+01	-8.9917918e-02
1.8794205e+01	-4.3818267e-02
1.8816014e+01	9.1933639e-02
1.8837823e+01	-2.7438743e-02
1.8859632e+01	-5.6114064e-02
1.8881441e+01	-1.9983951e-02
1.8903250e+01	1.5259706e-03
1.8925059e+01	7.9358647e-02
1.8946868e+01	-1.5950754e-02
1.8968677e+01	-7.0844764e-03
1.8990486e+01	-3.1334584e-02
1.9012295e+01	-6.9947296e-02
1.9034104e+01	5.7196056e-02
1.9055913e+01	5.8318347e-02
1.9077721e+01	8.6020751e-02
1.9099530e+01	2.4955385e-03
1.9121339e+01	6.4296243e-02
1.9143148e+01	-1.1353638e-02
1.9164957e+01	-1.0628622e-01
1.9186766e+01	-9.1158188e-04
1.9208575e+01	5.5607901e-02
1.9230384e+01	-1.6337881e-01
1.9252193e+01	-2.9648122e-02
1.9274002e+01	-1.6948353e-01
1.9295811e+01	4.8736146e-02
1.9317620e+01	1.7786351e-01
1.9339429e+01	6.6699033e-02
1.9361238e+01	1.5296471e-01
1.9383047e+01	1.9805649e-01
1.9404856e+01	4.7217913e-02
1.9426665e+01	-7.0661276e-02
1.9448473e+01	-1.8637913e-02
1.9470282e+01	-1.3494982e-01
1.9492091e+01	-6.8991092e-02
1.9513900e+01	2.8344108e-03
1.9535709e+01	3.6331626e-03
1.9557518e+01	1.2528633e-01
1.9579327e+01	1.0362518e-01
1.9601136e+01	1.8762703e-02
1.9622945e+01	-2.6364297e-02
1.9644754e+01	-7.4017533e-02
1.9666563e+01	-9.7738502e-02
1.9688372e+01	-6.8894792e-02
1.9710181e+01	1.9206758e-02
1.9731990e+01	3.3212423e-02
1.9753799e+01	1.7827424e-01
1.9775608e+01	1.1014862e-01
1.9797416e+01	-5.7717235e-02
1.9819225e+01	-3.0436241e-01
1.9841034e+01	-4.6422532e-02
1.9862843e+01	1.5799517e-01
1.9884652e+01	7.6480372e-02
1.9906461e+01	7.1332348e-02
1.9928270e+01	8.6729574e-02
1.9950079e+01	7.7003159e-02
1.9971888e+01	5.6323409e-02
1.9993697e+01	-1.6099345e-02
2.0015506e+01	-1.2098229e-01
2.0037315e+01	3.0905524e-02
2.0059124e+01	-1.3737733e-01
2.0080933e+01	-6.2950754e-02
2.0102742e+01	8.4860519e-02
2.0124551e+01	1.3225170e-01
2.0146359e+01	-2.5116107e-02
2.0168168e+01	-1.5245215e-01
2.0189977e+01	-5.3040627e-03
2.0211786e+01	-3.0699809e-02
2.0233595e+01	-1.0043878e-01
2.0255404e+01	1.0964736e-01
2.0277213e+01	3.1926270e-01
2.0299022e+01	2.5628735e-01
2.0320831e+01	3.0512734e-01
2.0342640e+01	3.0285571e-01
2.0364449e+01	8.4806508e-02
2.0386258e+01	-1.0901936e-02
2.0408067e+01	2.0642575e-03
2.0429876e+01	-4.2376044e-02
2.0451685e+01	7.5878339e-02
2.0473494e+01	2.9893556e-01
2.0495302e+01	4.6697260e-01
2.0517111e+01	4.3239914e-01
2.0538920e+01	4.1748323e-01
2.0560729e+01	2.2991822e-01
2.0582538e+01	7.2876990e-02
2.0604347e+01	-6.5350661e-02
2.0626156e+01	-6.1146691e-03
2.0647965e+01	-4.6950016e-02
2.0669774e+01	-8.6490133e-02
2.0691583e+01	-5.9030985e-02
2.0713392e+01	1.2159721e-01
2.0735201e+01	-8.5446527e-02
2.0757010e+01	8.2429973e-03
2.0778819e+01	-1.7436085e-02
2.0800628e+01	-1.3572815e-02
2.0822437e+01	1.7578644e-01
2.0844245e+01	9.7710264e-02
2.0866054e+01	-1.0064506e-02
2.0887863e+01	-7.3910522e-02
2.0909672e+01	-1.8000434e-01
2.0931481e+01	2.6178812e-02
2.0953290e+01	1.0414385e-01
2.0975099e+01	4.8600646e-01
2.0996908e+01	7.1830258e-01
2.1018717e+01	1.2056903e+00
2.1040526e+01	1.5838816e+00
2.1062335e+01	1.9689847e+00
2.1084144e+01	2.0748415e+00
2.1105953e+01	1.8942802e+00
2.1127762e+01	1.9053867e+00
2.1149571e+01	2.4073992e+00
2.1171380e+01	3.6046778e+00
2.1193188e+01	5.3675044e+00
2.1214997e+01	7.2940872e+00
2.1236806e+01	8.8080182e+00
2.1258615e+01	9.5510874e+00
2.1280424e+01	9.6331250e+00
2.1302233e+01	8.6900670e+00
2.1324042e+01	7.0046465e+00
2.1345851e+01	5.0162545e+00
2.1367660e+01	3.2139781e+00
2.1389469e+01	2.0186113e+00
2.1411278e+01	9.3505230e-01
2.1433087e+01	2.3971605e-01
2.1454896e+01	-8.9182357e-02
2.1476705e+01	-1.9990893e-02
2.1498514e+01	1.3420896e-01
2.1520323e+01	5.2347754e-01
2.1542132e+01	7.8804116e-01
2.1563940e+01	7.2329789e-01
2.1585749e+01	7.9357179e-01
2.1607558e+01	7.8784292e-01
2.1629367e+01	4.4147432e-01
2.1651176e+01	1.8100007e-01
2.1672985e+01	8.6020661e-02
2.1694794e+01	-9.0795444e-02
2.1716603e+01	-6.1723499e-02
2.1738412e+01	-3.8945481e-02
2.1760221e+01	4.5865656e-02
2.1782030e+01	-4.8847439e-02
2.1803839e+01	-6.0986488e-02
2.1825648e+01	9.0337514e-02
2.1847457e+01	-8.1700982e-02
2.1869266e+01	-4.1123398e-02
2.1891075e+01	-3.9330846e-03
2.1912883e+01	-4.4242179e-02
2.1934692e+01	-5.0451903e-02
2.1956501e+01	8.2126711e-02
2.1978310e+01	1.5603849e-02
2.2000119e+01	4.0114960e-02
2.2021928e+01	7.5972792e-02
2.2043737e+01	4.6205226e-02
2.2065546e+01	-5.5009637e-03
2.2087355e+01	2.2695178e-03
2.2109164e+01	-3.7663916e-02
2.2130973e+01	-4.0173370e-02
2.2152782e+01	-1.0926807e-01
2.2174591e+01	2.1842306e-02
2.2196400e+01	7.1345182e-02
2.2218209e+01	3.7175374e-02
2.2240018e+01	-7.0113066e-02
2.2261826e+01	-1.2301288e-02
2.2283635e+01	5.6668291e-02
2.2305444e+01	1.5705853e-02
2.2327253e+01	-3.1611079e-02
2.2349062e+01	1.2755893e-01
2.2370871e+01	-4.8765716e-03
2.2392680e+01	-1.2619261e-01
2.2414489e+01	5.8089108e-02
2.2436298e+01	1.0745922e-01
2.2458107e+01	-1.1916617e-01
2.2479916e+01	-1.0468173e-01
2.2501725e+01	-1.2083045e-02
2.2523534e+01	1.0924527e-02
2.2545343e+01	1.3575945e-02
2.2567152e+01	5.8866879e-02
2.2588961e+01	1.4834863e-01
2.2610769e+01	-5.6957082e-02
2.2632578e+01	1.4059550e-02
2.2654387e+01	-4.8333571e-02
2.2676196e+01	-2.8853968e-02
2.2698005e+01	-4.7935570e-02
2.2719814e+01	9.3644894e-02
2.2741623e+01	2.4841019e-02
2.2763432e+01	1.1602021e-01
2.2785241e+01	9.3367922e-02
2.2807050e+01	-1.5155526e-01
2.2828859e+01	-1.5848404e-01
2.2850668e+01	3.6672663e-02
2.2872477e+01	-8.5672314e-02
2.2894286e+01	-5.2723785e-02
2.2916095e+01	1.1054091e-01
2.2937904e+01	3.7185406e-02
2.2959712e+01	4.1682512e-02
2.2981521e+01	-8.1854855e-03
2.3003330e+01	7.4077361e-02
2.3025139e+01	-4.2454488e-02
2.3046948e+01	-6.2808792e-02
2.3068757e+01	1.4923277e-02
2.3090566e+01	9.3755756e-02
2.3112375e+01	-9.3604272e-03
2.3134184e+01	1.1814730e-01
2.3155993e+01	-1.0817837e-02
2.3177802e+01	-1.6566771e-01
2.3199611e+01	-8.9085000e-02
2.3221420e+01	6.4755839e-02
2.3243229e+01	7.1394598e-02
2.3265038e+01	-3.1041191e-02
2.3286847e+01	-5.5558309e-02
2.3308655e+01	-4.9224337e-03
2.3330464e+01	-3.9917687e-03
2.3352273e+01	-4.8139666e-02
2.3374082e+01	4.6971391e-02
2.3395891e+01	7.6713050e-02
2.3417700e+01	-1.2521558e-02
2.3439509e+01	-7.4347313e-02
2.3461318e+01	6.7484837e-02
2.3483127e+01	4.1674385e-01
2.3504936e+01	7.0714770e-01
2.3526745e+01	9.0665670e-01
2.3548554e+01	9.9667015e-01
2.3570363e+01	1.2983284e+00
2.3592172e+01	1.1855507e+00
2.3613981e+01	9.2033933e-01
2.3635790e+01	1.4604387e+00
2.3657599e+01	2.1021461e+00
2.3679407e+01	3.4336187e+00
2.3701216e+01	5.0638920e+00
2.3723025e+01	6.7098223e+00
2.3744834e+01	7.9863337e+00
2.3766643e+01	8.7376087e+00
2.3788452e+01	1.0091787e+01
2.3810261e+01	1.0861843e+01
2.3832070e+01	1.0352254e+01
2.3853879e+01	9.0495924e+00
2.3875688e+01	7.5382618e+00
2.3897497e+01	6.0119846e+00
2.3919306e+01	4.4498701e+00
2.3941115e+01	3.3412366e+00
2.3962924e+01	2.0661405e+00
2.3984733e+01	1.4099800e+00
2.4006542e+01	9.5509941e-01
2.4028350e+01	4.8727411e-01
2.4050159e+01	3.9570838e-01
2.4071968e+01	7.0495676e-02
2.4093777e+01	-7.0832219e-02
2.4115586e+01	2.5453419e-02
2.4137395e+01	1.1659802e-01
2.4159204e+01	-6.3832198e-02
2.4181013e+01	1.0363037e-01
2.4202822e+01	-1.4163337e-02
2.4224631e+01	-1.5200870e-01
2.4246440e+01	-3.1650846e-01
2.4268249e+01	2.1546541e-02
2.4290058e+01	1.5881775e-01
2.4311867e+01	1.3534479e-01
2.4333676e+01	3.2214074e-02
2.4355485e+01	9.5577814e-02
2.4377293e+01	-6.0071452e-02
2.4399102e+01	-1.4195214e-01
2.4420911e+01	-3.8531709e-02
2.4442720e+01	-5.1238971e-02
2.4464529e+01	1.3379609e-01
2.4486338e+01	9.2161938e-02
2.4508147e+01	1.7887089e-01
2.4529956e+01	2.7859352e-01
2.4551765e+01	4.7872553e-01
2.4573574e+01	4.3651789e-01
2.4595383e+01	5.1461241e-01
2.4617192e+01	8.9545479e-01
2.4639001e+01	9.9641835e-01
2.4660810e+01	4.2766441e-01
2.4682619e+01	1.4211631e-01
2.4704428e+01	8.3259045e-03
2.4726236e+01	-5.5893394e-02
2.4748045e+01	-2.2250104e-02
2.4769854e+01	-6.4551052e-03
2.4791663e+01	-9.1961181e-02
2.4813472e+01	-1.2680223e-01
2.4835281e+01	1.6090990e-02
2.4857090e+01	-8.9766636e-02
2.4878899e+01	-6.9444095e-02
2.4900708e+01	2.0525360e-01
2.4922517e+01	9.9085886e-02
2.4944326e+01	-7.5077899e-02
2.4966135e+01	4.3019266e-02
2.4987944e+01	1.6667766e-01
2.5009753e+01	-2.9075617e-02
2.5031562e+01	-1.6049539e-02
2.5053371e+01	-3.4270498e-02
2.5075179e+01	1.0399590e-02
2.5096988e+01	-1.2309444e-01
2.5118797e+01	2.2919401e-02
2.5140606e+01	4.6492133e-02
2.5162415e+01	8.7039479e-02
2.5184224e+01	1.0086231e-01
2.5206033e+01	2.2186550e-01
2.5227842e+01	4.4757733e-01
2.5249651e+01	1.2047076e-01
2.5271460e+01	-2.0135618e-01
2.5293269e+01	-7.9211744e-02
2.5315078e+01	-8.5783142e-03
2.5336887e+01	-4.9465196e-02
2.5358696e+01	-6.8903098e-02
2.5380505e+01	-4.9335408e-02
2.5402314e+01	8.0388881e-02
2.5424123e+01	1.1305277e-01
2.5445931e+01	1.4566637e-01
2.5467740e+01	1.0297338e-02
2.5489549e+01	7.9713645e-03
2.5511358e+01	-9.2832329e-02
2.5533167e+01	-3.8999662e-02
2.5554976e+01	1.5064628e-02
2.5576785e+01	-5.1033787e-02
2.5598594e+01	-6.0033033e-02
2.5620403e+01	5.4845385e-02
2.5642212e+01	1.5481662e-01
2.5664021e+01	4.4737132e-02
2.5685830e+01	-9.4786638e-02
2.5707639e+01	-1.9666270e-01
2.5729448e+01	-5.4021718e-02
2.5751257e+01	8.2709037e-02
2.5773066e+01	3.6774546e-02
2.5794874e+01	-7.3725771e-03
2.5816683e+01	9.8137274e-02
2.5838492e+01	1.4490144e-02
2.5860301e+01	-6.3588215e-02
2.5882110e+01	3.2603222e-02
2.5903919e+01	6.5914674e-02
2.5925728e+01	4.0666784e-01
2.5947537e+01	5.8187827e-01
2.5969346e+01	1.1387350e+00
2.5991155e+01	1.6297712e+00
2.6012964e+01	2.0562658e+00
2.6034773e+01	2.3723289e+00
2.6056582e+01	2.6236775e+00
2.6078391e+01	2.4922357e+00
2.6100200e+01	2.3477395e+00
2.6122009e+01	2.0449350e+00
2.6143817e+01	1.5266641e+00
2.6165626e+01	1.1342690e+00
2.6187435e+01	7.0427369e-01
2.6209244e+01	3.3654819e-01
2.6231053e+01	4.6663572e-02
2.6252862e+01	8.6924658e-03
2.6274671e+01	-1.5155939e-02
2.6296480e+01	-1.0440757e-01
2.6318289e+01	-8.7155665e-02
2.6340098e+01	-6.3627368e-02
2.6361907e+01	1.4199410e-01
2.6383716e+01	-8.1999939e-03
2.6405525e+01	2.4031156e-02
2.6427334e+01	7.1853335e-02
2.6449143e+01	-5.2530792e-02
2.6470952e+01	4.9865734e-02
2.6492760e+01	-6.5784595e-02
2.6514569e+01	-4.1959227e-02
2.6536378e+01	3.7348811e-02
2.6558187e+01	7.0104571e-02
2.6579996e+01	3.4994119e-01
2.6601805e+01	4.5090806e-01
2.6623614e+01	4.9991096e-01
2.6645423e+01	3.6107201e-01
2.6667232e+01	6.2174378e-01
2.6689041e+01	4.4143734e-01
2.6710850e+01	3.5032677e-01
2.6732659e+01	1.0592357e-01
2.6754468e+01	-7.9482657e-02
2.6776277e+01	-1.8208011e-01
2.6798086e+01	3.9723120e-02
2.6819895e+01	-2.1694719e-02
2.6841703e+01	-1.2585390e-02
2.6863512e+01	1.0290494e-01
2.6885321e+01	2.1536015e-01
2.6907130e+01	3.2225605e-01
2.6928939e+01	4.8835422e-01
2.6950748e+01	4.5695605e-01
2.6972557e+01	4.2540611e-01
2.6994366e+01	3.9936778e-01
2.7016175e+01	-3.3439431e-02
2.7037984e+01	2.5791911e-02
2.7059793e+01	3.1027276e-02
2.7081602e+01	-8.5573278e-02
2.7103411e+01	-1.1897192e-02
2.7125220e+01	1.3840427e-01
2.7147029e+01	4.6629990e-02
2.7168838e+01	-1.4097749e-01
2.7190646e+01	-1.7793979e-02
2.7212455e+01	4.6265894e-02
2.7234264e+01	2.3367098e-02
2.7256073e+01	-7.5854862e-02
2.7277882e+01	-5.1266074e-03
2.7299691e+01	-1.8877598e-02
2.7321500e+01	-2.8366385e-03
2.7343309e+01	5.5463170e-02
2.7365118e+01	-2.8915857e-02
2.7386927e+01	-6.9821023e-03
2.7408736e+01	2.9654317e-02
2.7430545e+01	2.2878716e-02
2.7452354e+01	3.2320270e-02
2.7474163e+01	-1.3346804e-02
2.7495972e+01	-9.2229468e-02
2.7517781e+01	1.8598741e-02
2.7539590e+01	8.1762373e-02
2.7561398e+01	-5.0104098e-02
2.7583207e+01	-4.6005893e-02
2.7605016e+01	-4.3560607e-02
2.7626825e+01	-8.2084845e-02
2.7648634e+01	7.7138256e-02
2.7670443e+01	2.2668427e-02
2.7692252e+01	1.5776327e-01
2.7714061e+01	2.9902339e-01
2.7735870e+01	5.5804168e-01
2.7757679e+01	6.7586442e-01
2.7779488e+01	7.1498179e-01
2.7801297e+01	6.6336698e-01
2.7823106e+01	5.2975817e-01
2.7844915e+01	5.5090554e-01
2.7866724e+01	3.0918806e-01
2.7888533e+01	6.5842566e-02
2.7910341e+01	-9.8234673e-03
2.7932150e+01	5.3465922e-03
2.7953959e+01	-3.1355643e-03
2.7975768e+01	-2.4787117e-02
2.7997577e+01	2.5784118e-02
2.8019386e+01	-1.0066203e-01
2.8041195e+01	-1.2812488e-01
2.8063004e+01	8.7012448e-02
2.8084813e+01	4.8210571e-02
2.8106622e+01	-7.9406091e-02
2.8128431e+01	-4.6139093e-02
2.8150240e+01	-4.4444261e-03
2.8172049e+01	6.6803493e-03
2.8193858e+01	-8.5160387e-02
2.8215667e+01	6.5784519e-02
2.8237476e+01	1.6755163e-01
2.8259284e+01	2.9179510e-02
2.8281093e+01	4.7823504e-02
2.8302902e+01	-7.4460482e-02
2.8324711e+01	1.3801129e-03
2.8346520e+01	1.1779353e-01
2.8368329e+01	-8.8152919e-02
2.8390138e+01	-3.0323438e-02
2.8411947e+01	-5.5184056e-02
2.8433756e+01	1.0070238e-01
2.8455565e+01	3.1446401e-01
2.8477374e+01	4.8275467e-01
2.8499183e+01	8.1706504e-01
2.8520992e+01	9.7086284e-01
2.8542801e+01	9.7546477e-01
2.8564610e+01	8.3642855e-01
2.8586419e+01	8.6261988e-01
2.8608227e+01	1.0904905e+00
2.8630036e+01	9.1097903e-01
2.8651845e+01	5.9577628e-01
2.8673654e+01	3.5880792e-01
2.8695463e+01	1.4081163e-01
2.8717272e+01	-6.9817410e-02
2.8739081e+01	-2.6889594e-02
2.8760890e+01	-1.2373544e-01
2.8782699e+01	1.5385263e-02
2.8804508e+01	1.4245812e-01
2.8826317e+01	-9.6176691e-02
2.8848126e+01	-2.9048668e-02
2.8869935e+01	7.7617377e-02
2.8891744e+01	-3.3596679e-02
2.8913553e+01	9.8711806e-04
2.8935362e+01	-8.6469983e-02
2.8957170e+01	1.2460417e-02
2.8978979e+01	7.3977789e-02
2.9000788e+01	1.2507328e-01
2.9022597e+01	1.1005893e-01
2.9044406e+01	-5.7007693e-02
2.9066215e+01	-8.5492151e-02
2.9088024e+01	-1.0409920e-01
2.9109833e+01	-3.8720138e-02
2.9131642e+01	6.7454771e-04
2.9153451e+01	2.1011454e-02
2.9175260e+01	6.0631732e-02
2.9197069e+01	2.9397455e-02
2.9218878e+01	3.3005374e-02
2.9240687e+01	-1.0093841e-01
2.9262496e+01	-7.4293600e-02
2.9284305e+01	5.2854549e-02
2.9306113e+01	4.0095881e-02
2.9327922e+01	8.5994104e-02
2.9349731e+01	4.4498686e-02
2.9371540e+01	7.7511152e-02
2.9393349e+01	-7.7487614e-02
2.9415158e+01	-4.7581378e-02
2.9436967e+01	2.2466961e-03
2.9458776e+01	-5.6326037e-02
2.9480585e+01	2.4368019e-02
2.9502394e+01	6.8609525e-02
2.9524203e+01	-9.9460136e-02
2.9546012e+01	7.8798208e-03
2.9567821e+01	-3.9160674e-02
2.9589630e+01	1.3018220e-01
2.9611439e+01	6.3353058e-02
2.9633248e+01	-4.2025703e-02
2.9655057e+01	-1.1845915e-01
2.9676865e+01	-1.3105904e-01
2.9698674e+01	-4.3435653e-02
2.9720483e+01	6.7303311e-02
2.9742292e+01	2.8970643e-01
2.9764101e+01	3.3722431e-01
2.9785910e+01	4.3196540e-01
2.9807719e+01	3.4946624e-01
2.9829528e+01	8.8752638e-02
2.9851337e+01	-8.7644004e-02
2.9873146e+01	4.3991601e-02
2.9894955e+01	1.6079696e-01
2.9916764e+01	4.6521119e-01
2.9938573e+01	9.0587065e-01
2.9960382e+01	1.7320099e+00
2.9982191e+01	2.6187523e+00
3.0004000e+01	3.6649356e+00
3.0025808e+01	4.7383132e+00
3.0047617e+01	5.5406245e+00
3.0069426e+01	6.2368763e+00
3.0091235e+01	6.8814709e+00
3.0113044e+01	6.7632879e+00
3.0134853e+01	6.1461558e+00
3.0156662e+01	5.2921741e+00
3.0178471e+01	4.2419214e+00
3.0200280e+01	2.9165812e+00
3.0222089e+01	1.8543279e+00
3.0243898e+01	1.0436032e+00
3.0265707e+01	6.1056045e-01
3.0287516e+01	3.3339228e-01
3.0309325e+01	2.4652017e-01
3.0331134e+01	2.8451324e-02
3.0352943e+01	-1.0820170e-02
3.0374751e+01	-8.7667122e-02
3.0396560e+01	-1.0310425e-03
3.0418369e+01	9.8735523e-03
3.0440178e+01	1.0026463e-02
3.0461987e+01	-1.9512889e-02
3.0483796e+01	3.0307461e-02
3.0505605e+01	5.0521355e-02
3.0527414e+01	-9.9153049e-02
3.0549223e+01	-2.1301072e-01
3.0571032e+01	2.0170252e-02
3.0592841e+01	2.3998316e-01
3.0614650e+01	7.1248086e-02
3.0636459e+01	4.5419958e-02
3.0658268e+01	-1.5748802e-03
3.0680077e+01	-5.9329850e-02
3.0701886e+01	-5.5262960e-02
3.0723694e+01	4.5881999e-02
3.0745503e+01	1.4992858e-02
3.0767312e+01	1.1920254e-01
3.0789121e+01	8.9693543e-02
3.0810930e+01	4.1757981e-02
3.0832739e+01	1.5628835e-02
3.0854548e+01	8.8082744e-03
3.0876357e+01	-7.3170610e-03
3.0898166e+01	-6.5299497e-02
3.0919975e+01	-2.9467696e-03
3.0941784e+01	-1.3485937e-01
3.0963593e+01	-9.6936968e-03
3.0985402e+01	-2.8169363e-03
3.1007211e+01	4.8814479e-02
3.1029020e+01	8.5994872e-02
3.1050829e+01	-1.7553109e-02
3.1072637e+01	-8.7392781e-02
3.1094446e+01	9.0878110e-02
3.1116255e+01	7.8606561e-03
3.1138064e+01	-8.3719641e-02
3.1159873e+01	-6.1454745e-02
3.1181682e+01	3.0350757e-02
3.1203491e+01	4.5333893e-04
3.1225300e+01	-9.1250677e-02
3.1247109e+01	7.6389945e-02
3.1268918e+01	1.8890689e-01
3.1290727e+01	-4.7021632e-03
3.1312536e+01	9.6141350e-02
3.1334345e+01	7.2612526e-02
3.1356154e+01	-4.5752315e-02
3.1377963e+01	-1.1565233e-01
3.1399772e+01	-3.7029146e-02
3.1421580e+01	1.1816564e-02
3.1443389e+01	8.1468420e-03
3.1465198e+01	-5.8994204e-02
3.1487007e+01	-1.2128044e-01
3.1508816e+01	-4.2886717e-02
3.1530625e+01	1.7598692e-02
3.1552434e+01	1.2863551e-01
3.1574243e+01	3.0603255e-01
3.1596052e+01	2.9538960e-01
3.1617861e+01	1.8096343e-01
3.1639670e+01	3.6441837e-02
3.1661479e+01	-1.9460398e-02
3.1683288e+01	-1.5812554e-01
3.1705097e+01	-8.1367273e-03
3.1726906e+01	1.3293471e-01
3.1748715e+01	5.0107231e-01
3.1770524e+01	1.2340420e+00
3.1792332e+01	2.0072210e+00
3.1814141e+01	3.0837088e+00
3.1835950e+01	4.0264016e+00
3.1857759e+01	4.7005168e+00
3.1879568e+01	5.5837297e+00
3.1901377e+01	6.1370466e+00
3.1923186e+01	6.5048280e+00
3.1944995e+01	6.3878800e+00
3.1966804e+01	5.9212830e+00
3.1988613e+01	5.0000224e+00
3.2010422e+01	3.9592735e+00
3.2032231e+01	2.8737566e+00
3.2054040e+01	1.7104201e+00
3.2075849e+01	1.0077112e+00
3.2097658e+01	4.0413435e-01
3.2119467e+01	7.5474843e-02
3.2141275e+01	8.9071695e-02
3.2163084e+01	9.7272461e-03
3.2184893e+01	-4.5851058e-02
3.2206702e+01	-1.2383428e-01
3.2228511e+01	3.4516330e-02
3.2250320e+01	-3.0346749e-02
3.2272129e+01	-7.1698674e-02
3.2293938e+01	1.5114362e-02
3.2315747e+01	-3.1119234e-02
3.2337556e+01	-1.3404507e-02
3.2359365e+01	7.8520780e-04
3.2381174e+01	5.0262924e-02
3.2402983e+01	1.3815353e-01
3.2424792e+01	2.3767023e-02
3.2446601e+01	-1.7354642e-01
3.2468410e+01	-7.5711035e-02
3.2490218e+01	1.8646822e-02
3.2512027e+01	3.3548153e-02
3.2533836e+01	-2.0037100e-03
3.2555645e+01	5.2686876e-02
3.2577454e+01	3.5552240e-02
3.2599263e+01	8.6826016e-02
3.2621072e+01	2.1703085e-02
3.2642881e+01	1.0329565e-01
3.2664690e+01	-1.4765806e-01
3.2686499e+01	-5.6954373e-02
3.2708308e+01	-4.5533692e-02
3.2730117e+01	-1.2615043e-01
3.2751926e+01	1.0372126e-01
3.2773735e+01	1.5397213e-01
3.2795544e+01	3.0412417e-03
3.2817353e+01	6.0656568e-02
3.2839161e+01	-7.9601106e-02
3.2860970e+01	-7.1465116e-02
3.2882779e+01	-2.0852732e-02
3.2904588e+01	7.9958591e-02
3.2926397e+01	-2.2258080e-02
3.2948206e+01	4.2789560e-02
3.2970015e+01	-1.6255825e-02
3.2991824e+01	2.5721783e-02
3.3013633e+01	-5.2625191e-04
3.3035442e+01	1.9283416e-03
3.3057251e+01	-4.2978653e-02
3.3079060e+01	-2.9008619e-02
3.3100869e+01	6.9311274e-03
3.3122678e+01	-4.2623795e-03
3.3144487e+01	-4.3777665e-02
3.3166296e+01	-2.7687379e-02
3.3188104e+01	1.1407754e-01
3.3209913e+01	9.1143444e-02
3.3231722e+01	-1.0507384e-02
3.3253531e+01	-7.1684965e-02
3.3275340e+01	1.9985529e-02
3.3297149e+01	-7.1549298e-03
3.3318958e+01	-4.8474385e-03
3.3340767e+01	1.1316510e-01
3.3362576e+01	1.5343130e-02
3.3384385e+01	-2.0018936e-02
3.3406194e+01	-1.1957674e-01
3.3428003e+01	-3.0363188e-02
3.3449812e+01	-7.7652405e-02
3.3471621e+01	-1.5331102e-01
3.3493430e+01	-4.2718547e-02
3.3515239e+01	2.5787908e-03
3.3537047e+01	-4.7014819e-02
3.3558856e+01	1.3152400e-01
3.3580665e+01	1.6912325e-01
3.3602474e+01	2.6444951e-02
3.3624283e+01	1.2657133e-01
3.3646092e+01	1.0428858e-01
3.3667901e+01	2.9631222e-01
3.3689710e+01	2.5653433e-01
3.3711519e+01	1.3975702e-01
3.3733328e+01	-4.5372868e-02
3.3755137e+01	-3.7654089e-02
3.3776946e+01	7.2935030e-03
3.3798755e+01	-1.1672340e-01
3.3820564e+01	-1.1587471e-01
3.3842373e+01	2.5592296e-02
3.3864182e+01	-2.6948281e-02
3.3885991e+01	1.0903842e-02
3.3907799e+01	1.1932624e-02
3.3929608e+01	-4.4645772e-03
3.3951417e+01	4.2204804e-02
3.3973226e+01	-2.0983055e-02
3.3995035e+01	-1.0323745e-01
3.4016844e+01	1.4684206e-02
3.4038653e+01	-3.7367453e-02
3.4060462e+01	3.6383053e-02
3.4082271e+01	-9.8728041e-03
3.4104080e+01	4.3579331e-02
3.4125889e+01	1.7315152e-01
3.4147698e+01	2.2989230e-01
3.4169507e+01	2.0298958e-02
3.4191316e+01	-8.6439220e-02
3.4213125e+01	-9.7191417e-02
3.4234934e+01	-1.8457681e-03
3.4256742e+01	2.7614097e-02
3.4278551e+01	4.9359982e-02
3.4300360e+01	3.2288991e-02
3.4322169e+01	-4.9986232e-02
3.4343978e+01	-2.8967189e-02
3.4365787e+01	-6.4236689e-02
3.4387596e+01	-4.3491569e-02
3.4409405e+01	1.2763215e-01
3.4431214e+01	-3.0426393e-02
3.4453023e+01	-1.4058303e-03
3.4474832e+01	9.8272816e-02
3.4496641e+01	1.7027631e-01
3.4518450e+01	-7.1292596e-02
3.4540259e+01	-2.1869861e-02
3.4562068e+01	-5.1966371e-02
3.4583877e+01	-9.4928592e-02
3.4605685e+01	-4.2352790e-03
3.4627494e+01	-4.5681175e-03
3.4649303e+01	7.3321832e-03
3.4671112e+01	1.0295697e-01
3.4692921e+01	3.6778696e-02
3.4714730e+01	-7.4280760e-02
3.4736539e+01	-2.1061664e-02
3.4758348e+01	-1.6125596e-02
3.4780157e+01	3.1657354e-02
3.4801966e+01	3.9206102e-02
3.4823775e+01	4.4681261e-02
3.4845584e+01	-4.1397552e-02
3.4867393e+01	-3.6496343e-02
3.4889202e+01	-4.7076483e-04
3.4911011e+01	1.1577149e-01
3.4932820e+01	-5.3313620e-02
3.4954628e+01	-1.0337745e-01
3.4976437e+01	3.9905240e-02
3.4998246e+01	2.3318246e-01
3.5020055e+01	8.9052227e-03
3.5041864e+01	9.8873104e-03
3.5063673e+01	-2.6641686e-02
3.5085482e+01	2.1186996e-02
3.5107291e+01	-1.2504842e-01
3.5129100e+01	-2.9966113e-03
3.5150909e+01	1.3190693e-01
3.5172718e+01	2.8459437e-02
3.5194527e+01	-1.5005238e-01
3.5216336e+01	1.0522553e-01
3.5238145e+01	1.9599914e-02
3.5259954e+01	-3.0851327e-02
3.5281763e+01	-4.4146571e-02
3.5303571e+01	-5.9205418e-02
3.5325380e+01	5.5131534e-02
3.5347189e+01	1.0346975e-01
3.5368998e+01	7.3838747e-02
3.5390807e+01	7.3552933e-02
3.5412616e+01	-7.9563056e-02
3.5434425e+01	-4.3114450e-02
3.5456234e+01	-1.9541685e-02
3.5478043e+01	-2.1205602e-02
3.5499852e+01	-1.7050321e-01
3.5521661e+01	-6.4781232e-02
3.5543470e+01	1.6249018e-02
3.5565279e+01	1.2567719e-01
3.5587088e+01	4.4783826e-04
3.5608897e+01	4.9452527e-03
3.5630706e+01	3.6501838e-02
3.5652514e+01	3.4232471e-02
3.5674323e+01	8.6932996e-02
3.5696132e+01	2.6716200e-01
3.5717941e+01	9.4704245e-02
3.5739750e+01	5.8902217e-02
3.5761559e+01	-6.7331871e-02
3.5783368e+01	-2.8177521e-02
3.5805177e+01	1.9409774e-02
3.5826986e+01	-8.9192825e-02
3.5848795e+01	5.5075866e-02
3.5870604e+01	2.6647876e-02
3.5892413e+01	-2.0119203e-03
3.5914222e+01	5.6668609e-02
3.5936031e+01	-1.1925244e-01
3.5957840e+01	-2.5501664e-01
3.5979649e+01	-3.4584362e-01
3.6001458e+01	9.3294583e-02
3.6023266e+01	1.6915101e-01
3.6045075e+01	8.3882541e-02
3.6066884e+01	3.7083449e-02
3.6088693e+01	1.2894028e-01
3.6110502e+01	5.6271380e-02
3.6132311e+01	4.4960100e-02
3.6154120e+01	3.3139940e-02
3.6175929e+01	2.7742656e-02
3.6197738e+01	6.6990779e-02
3.6219547e+01	-1.3183711e-01
3.6241356e+01	1.1215241e-02
3.6263165e+01	1.0804657e-01
3.6284974e+01	-1.2724234e-01
3.6306783e+01	9.7117839e-03
3.6328592e+01	-6.9364631e-03
3.6350401e+01	-1.2091549e-01
3.6372209e+01	5.7812210e-03
3.6394018e+01	-8.6563426e-02
3.6415827e+01	5.4214155e-02
3.6437636e+01	-5.7886263e-02
3.6459445e+01	1.2429985e-01
3.6481254e+01	2.2085509e-01
3.6503063e+01	8.9210762e-02
3.6524872e+01	3.4983475e-02
3.6546681e+01	2.7376902e-02
3.6568490e+01	2.1543695e-02
3.6590299e+01	-1.7263134e-01
3.6612108e+01	-1.0287013e-01
3.6633917e+01	1.3955576e-01
3.6655726e+01	2.9682359e-01
3.6677535e+01	5.2522070e-01
3.6699344e+01	6.8199174e-01
3.6721152e+01	9.1970114e-01
3.6742961e+01	1.2467703e+00
3.6764770e+01	1.7097586e+00
3.6786579e+01	1.9924985e+00
3.6808388e+01	2.0787994e+00
3.6830197e+01	2.2510337e+00
3.6852006e+01	2.6079308e+00
3.6873815e+01	2.8819702e+00
3.6895624e+01	2.6574531e+00
3.6917433e+01	2.5692611e+00
3.6939242e+01	2.2372176e+00
3.6961051e+01	1.8189918e+00
3.6982860e+01	1.6796284e+00
3.7004669e+01	1.4094986e+00
3.7026478e+01	1.2991919e+00
3.7048287e+01	1.0577067e+00
3.7070095e+01	1.0001275e+00
3.7091904e+01	3.6890647e-01
3.7113713e+01	4.6648209e-02
3.7135522e+01	9.5452644e-02
3.7157331e+01	2.5784800e-02
3.7179140e+01	-4.5625729e-02
3.7200949e+01	-9.4124531e-02
3.7222758e+01	-1.9037877e-02
3.7244567e+01	1.0441225e-02
3.7266376e+01	-1.0655019e-01
3.7288185e+01	2.7987694e-02
3.7309994e+01	-4.3668261e-03
3.7331803e+01	-6.6948490e-02
3.7353612e+01	-1.0528368e-01
3.7375421e+01	1.5310743e-01
3.7397230e+01	1.3892097e-01
3.7419038e+01	-7.0271334e-02
3.7440847e+01	1.5047410e-01
3.7462656e+01	7.5699589e-01
3.7484465e+01	1.2006911e+00
3.7506274e+01	1.0514276e+00
3.7528083e+01	4.1996459e-01
3.7549892e+01	3.4377400e-01
3.7571701e+01	1.5652893e-01
3.7593510e+01	-7.8509365e-02
3.7615319e+01	-3.0214195e-02
3.7637128e+01	-8.8679188e-02
3.7658937e+01	8.6055627e-03
3.7680746e+01	-6.6003123e-03
3.7702555e+01	-2.0514241e-01
3.7724364e+01	-4.4871609e-02
3.7746173e+01	8.6265287e-02
3.7767981e+01	2.2867264e-01
3.7789790e+01	5.5380822e-02
3.7811599e+01	-1.9481187e-02
3.7833408e+01	5.2672576e-02
3.7855217e+01	1.4176889e-01
3.7877026e+01	-2.0783693e-02
3.7898835e+01	-1.7949242e-01
3.7920644e+01	1.7194269e-01
3.7942453e+01	1.1657467e-01
3.7964262e+01	-3.2592845e-02
3.7986071e+01	8.4050711e-02
3.8007880e+01	4.1779723e-02
3.8029689e+01	-9.2002113e-03
3.8051498e+01	1.2559788e-03
3.8073307e+01	-2.5143288e-03
3.8095116e+01	-1.6572455e-01
3.8116925e+01	-5.8106422e-02
3.8138733e+01	4.7896944e-01
3.8160542e+01	6.6665086e-01
3.8182351e+01	8.1723152e-01
3.8204160e+01	1.2687671e+00
3.8225969e+01	1.7685864e+00
3.8247778e+01	1.9921401e+00
3.8269587e+01	2.4809518e+00
3.8291396e+01	2.5943843e+00
3.8313205e+01	2.9587773e+00
3.8335014e+01	3.1354874e+00
3.8356823e+01	3.1498245e+00
3.8378632e+01	2.9069971e+00
3.8400441e+01	2.8513281e+00
3.8422250e+01	2.6212320e+00
3.8444059e+01	2.1572427e+00
3.8465868e+01	1.6054097e+00
3.8487676e+01	9.0395489e-01
3.8509485e+01	6.2235088e-01
3.8531294e+01	3.6764039e-01
3.8553103e+01	9.3716121e-02
3.8574912e+01	2.9299005e-02
3.8596721e+01	5.9074760e-02
3.8618530e+01	7.5185701e-02
3.8640339e+01	-1.7885112e-01
3.8662148e+01	-2.6680359e-02
3.8683957e+01	-9.6153971e-02
3.8705766e+01	4.5132821e-02
3.8727575e+01	1.3193672e-01
3.8749384e+01	-1.3029666e-03
3.8771193e+01	-3.4173899e-02
3.8793002e+01	-1.3662367e-02
3.8814811e+01	-1.0898713e-01
3.8836619e+01	2.9968999e-02
3.8858428e+01	5.3084950e-02
3.8880237e+01	4.6326115e-02
3.8902046e+01	2.9293265e-02
3.8923855e+01	-5.8465256e-02
3.8945664e+01	-5.8738316e-02
3.8967473e+01	4.9946604e-02
3.8989282e+01	6.6935205e-03
3.9011091e+01	2.6861874e-02
3.9032900e+01	-1.0887756e-01
3.9054709e+01	5.5769192e-02
3.9076518e+01	1.4318118e-01
3.9098327e+01	-5.5700143e-02
3.9120136e+01	4.7598405e-02
3.9141945e+01	-4.5122810e-02
3.9163754e+01	-1.7150041e-01
3.9185562e+01	-3.7128476e-02
3.9207371e+01	1.0056557e-01
3.9229180e+01	9.2647339e-02
3.9250989e+01	9.7462797e-02
3.9272798e+01	-9.6957731e-02
3.9294607e+01	-1.8878055e-01
3.9316416e+01	4.0121756e-02
3.9338225e+01	9.4637263e-02
3.9360034e+01	2.5076396e-01
3.9381843e+01	-1.7816549e-02
3.9403652e+01	8.5496663e-02
3.9425461e+01	9.1745876e-02
3.9447270e+01	1.5915827e-01
3.9469079e+01	-1.2762670e-02
3.9490888e+01	-4.6210985e-01
3.9512697e+01	8.8084769e-02
3.9534505e+01	2.4243191e-01
3.9556314e+01	-1.7327584e-02
3.9578123e+01	8.3544933e-02
3.9599932e+01	3.2972416e-01
3.9621741e+01	4.2317026e-01
3.9643550e+01	6.2532063e-01
3.9665359e+01	9.9244643e-01
3.9687168e+01	1.2614378e+00
3.9708977e+01	1.4600538e+00
3.9730786e+01	1.5504797e+00
3.9752595e+01	1.7051986e+00
3.9774404e+01	1.9501515e+00
3.9796213e+01	1.8846366e+00
3.9818022e+01	1.8284491e+00
3.9839831e+01	2.1621302e+00
3.9861640e+01	1.6927488e+00
3.9883449e+01	1.4525132e+00
3.9905257e+01	1.1369825e+00
3.9927066e+01	8.2889079e-01
3.9948875e+01	6.1117127e-01
3.9970684e+01	1.8154805e-01
3.9992493e+01	8.1002231e-02
4.0014302e+01	-3.3725376e-03
4.0036111e+01	-6.8130182e-02
4.0057920e+01	-3.3768370e-02
4.0079729e+01	2.5732856e-02
4.0101538e+01	7.8317469e-02
4.0123347e+01	-8.1463016e-02
4.0145156e+01	-1.3557956e-01
4.0166965e+01	-9.3219959e-02
4.0188774e+01	-1.4539801e-02
4.0210583e+01	9.0204452e-02
4.0232392e+01	1.2620051e-01
4.0254200e+01	-3.3071940e-02
4.0276009e+01	-1.7832161e-01
4.0297818e+01	9.7940559e-02
4.0319627e+01	-1.6056325e-02
4.0341436e+01	7.5804979e-02
4.0363245e+01	3.0472341e-01
4.0385054e+01	8.8512010e-02
4.0406863e+01	5.7366978e-02
4.0428672e+01	-6.2398939e-02
4.0450481e+01	5.8038784e-02
4.0472290e+01	-1.5704879e-01
4.0494099e+01	-1.2421447e-01
4.0515908e+01	1.0963482e-01
4.0537717e+01	1.0635856e-01
4.0559526e+01	-8.9039570e-02
4.0581335e+01	9.1197227e-02
4.0603143e+01	8.7674471e-02
4.0624952e+01	-1.9522815e-01
4.0646761e+01	-5.5386745e-02
4.0668570e+01	1.1476919e-01
4.0690379e+01	4.8468808e-03
4.0712188e+01	2.7666719e-02
4.0733997e+01	4.9183832e-02
4.0755806e+01	-7.2619092e-02
4.0777615e+01	3.0837922e-02
4.0799424e+01	-3.7872869e-02
4.0821233e+01	8.5037553e-02
4.0843042e+01	-1.6782195e-01
4.0864851e+01	2.0376310e-01
4.0886660e+01	9.7703232e-02
4.0908469e+01	-1.7796977e-01
4.0930278e+01	2.8551627e-02
4.0952086e+01	9.1807244e-02
4.0973895e+01	-2.5042791e-02
4.0995704e+01	-4.2730818e-02
4.1017513e+01	9.9787989e-02
4.1039322e+01	-9.5467383e-03
4.1061131e+01	5.2030091e-02
4.1082940e+01	-1.5696058e-01
4.1104749e+01	-3.3197186e-02
4.1126558e+01	2.7338391e-03
4.1148367e+01	-2.7150981e-02
4.1170176e+01	9.1989916e-02
4.1191985e+01	1.1871530e-02
4.1213794e+01	8.6836116e-02
4.1235603e+01	3.6121720e-03
4.1257412e+01	-2.9877773e-02
4.1279221e+01	1.1781627e-02
4.1301029e+01	-4.3898959e-02
4.1322838e+01	-2.7734632e-02
4.1344647e+01	1.4832226e-01
4.1366456e+01	3.3132424e-01
4.1388265e+01	1.6612005e-01
4.1410074e+01	-1.7537170e-02
4.1431883e+01	-1.5323293e-01
4.1453692e+01	-1.1626769e-01
4.1475501e+01	1.4268278e-03
4.1497310e+01	3.5015329e-02
4.1519119e+01	-1.0465943e-02
4.1540928e+01	1.7411119e-01
4.1562737e+01	2.4767737e-01
4.1584546e+01	-1.0181265e-01
4.1606355e+01	-2.2653468e-01
4.1628164e+01	6.5132041e-02
4.1649972e+01	1.0221144e-01
4.1671781e+01	-1.1681883e-01
4.1693590e+01	-3.3976862e-02
4.1715399e+01	1.1085207e-01
4.1737208e+01	6.7896506e-03
4.1759017e+01	1.0445027e-01
4.1780826e+01	5.4899444e-02
4.1802635e+01	3.9755095e-01
4.1824444e+01	4.1731812e-01
4.1846253e+01	3.2252641e-01
4.1868062e+01	5.7038376e-01
4.1889871e+01	7.7261904e-02
4.1911680e+01	4.1865514e-02
4.1933489e+01	4.6951298e-02
4.1955298e+01	3.8945626e-02
4.1977107e+01	2.1768009e-02
4.1998916e+01	-2.5489648e-01
4.2020724e+01	-4.8770915e-02
4.2042533e+01	2.2899167e-02
4.2064342e+01	-2.3118359e-01
4.2086151e+01	1.5637083e-01
4.2107960e+01	2.2125454e-01
4.2129769e+01	7.0452477e-02
4.2151578e+01	-1.2761066e-01
4.2173387e+01	1.6197314e-01
4.2195196e+01	3.3344490e-02
4.2217005e+01	-1.0972125e-01
4.2238814e+01	1.5516329e-01
4.2260623e+01	2.9289718e-02
4.2282432e+01	-2.6126790e-02
4.2304241e+01	-8.9385156e-02
4.2326050e+01	-1.7180003e-02
4.2347859e+01	-2.2780694e-02
4.2369667e+01	4.9902548e-02
4.2391476e+01	4.1456528e-01
4.2413285e+01	7.1436290e-01
4.2435094e+01	1.1532227e+00
4.2456903e+01	1.2263727e+00
4.2478712e+01	1.3888144e+00
4.2500521e+01	1.4178648e+00
4.2522330e+01	2.0384822e+00
4.2544139e+01	2.4475579e+00
4.2565948e+01	2.2831309e+00
4.2587757e+01	2.1103627e+00
4.2609566e+01	2.3060183e+00
4.2631375e+01	2.0432050e+00
4.2653184e+01	1.8258090e+00
4.2674993e+01	1.5458895e+00
4.2696802e+01	1.1755258e+00
4.2718610e+01	9.7368504e-01
4.2740419e+01	8.2792849e-01
4.2762228e+01	5.4105534e-01
4.2784037e+01	1.0958483e-01
4.2805846e+01	3.1944100e-01
4.2827655e+01	5.5806421e-02
4.2849464e+01	1.7591934e-01
4.2871273e+01	-1.0272777e-01
4.2893082e+01	4.8032242e-02
4.2914891e+01	-2.6238236e-01
4.2936700e+01	-1.4847549e-01
4.2958509e+01	1.4401604e-01
4.2980318e+01	4.1525520e-02
4.3002127e+01	1.5706519e-01
4.3023936e+01	1.2543012e-01
4.3045745e+01	8.4768382e-03
4.3067553e+01	-2.3161393e-01
4.3089362e+01	7.6045692e-03
4.3111171e+01	3.0451558e-02
4.3132980e+01	3.1136302e-02
4.3154789e+01	-8.8134412e-02
4.3176598e+01	1.1918410e-01
4.3198407e+01	2.6523098e-02
4.3220216e+01	-9.2383090e-02
4.3242025e+01	-4.6969731e-02
4.3263834e+01	-2.5291892e-02
4.3285643e+01	7.1054486e-02
4.3307452e+01	1.8703933e-02
4.3329261e+01	-9.4925652e-02
4.3351070e+01	5.5526062e-02
4.3372879e+01	5.9326238e-01
4.3394688e+01	5.2319388e-01
4.3416496e+01	4.0380410e-01
4.3438305e+01	2.8186132e-01
4.3460114e+01	4.1914439e-01
4.3481923e+01	3.9020671e-01
4.3503732e+01	4.6119610e-02
4.3525541e+01	6.2262015e-02
4.3547350e+01	2.7297518e-01
4.3569159e+01	-6.7885217e-02
4.3590968e+01	-1.4416915e-02
4.3612777e+01	7.2340582e-01
4.3634586e+01	1.0719048e+00
4.3656395e+01	1.1740548e+00
4.3678204e+01	1.5347437e+00
4.3700013e+01	2.4933643e+00
4.3721822e+01	2.9607713e+00
4.3743631e+01	3.6422637e+00
4.3765439e+01	3.9343841e+00
4.3787248e+01	4.5878214e+00
4.3809057e+01	5.0221664e+00
4.3830866e+01	5.6715280e+00
4.3852675e+01	6.0259049e+00
4.3874484e+01	6.0579099e+00
4.3896293e+01	5.9478829e+00
4.3918102e+01	5.6517996e+00
4.3939911e+01	4.9567769e+00
4.3961720e+01	4.0485176e+00
4.3983529e+01	3.2900464e+00
4.4005338e+01	2.1428293e+00
4.4027147e+01	1.3644909e+00
4.4048956e+01	1.1726551e+00
4.4070765e+01	8.5951381e-01
4.4092574e+01	6.2941270e-01
4.4114383e+01	5.1095362e-01
4.4136191e+01	1.2824738e-01
4.4158000e+01	-2.3129637e-02
4.4179809e+01	-1.1041891e-01
4.4201618e+01	-1.5420153e-01
4.4223427e+01	2.5831191e-01
4.4245236e+01	9.3578084e-03
4.4267045e+01	1.1580554e-01
4.4288854e+01	2.7789624e-01
4.4310663e+01	4.8798303e-01
4.4332472e+01	1.5294994e-01
4.4354281e+01	5.7866144e-02
4.4376090e+01	4.4577127e-02
4.4397899e+01	-1.7838196e-01
4.4419708e+01	-1.9860618e-01
4.4441517e+01	-8.6292535e-02
4.4463326e+01	1.0442114e-01
4.4485134e+01	1.3927617e-01
4.4506943e+01	3.5578913e-02
4.4528752e+01	1.6039721e-01
4.4550561e+01	-2.3358472e-01
4.4572370e+01	-2.2353318e-02
4.4594179e+01	3.9441140e-02
4.4615988e+01	1.2593991e-01
4.4637797e+01	8.9417511e-02
4.4659606e+01	-1.2061838e-01
4.4681415e+01	8.8826871e-02
4.4703224e+01	2.1067408e-02
4.4725033e+01	3.0772065e-01
4.4746842e+01	-1.8462900e-02
4.4768651e+01	1.7208861e-03
4.4790460e+01	-1.1319096e-01
4.4812269e+01	7.4688732e-01
4.4834077e+01	-1.0986190e-03
4.4855886e+01	3.1799880e-02
4.4877695e+01	5.4490303e-01
4.4899504e+01	6.2653405e-01
4.4921313e+01	5.7015300e-01
4.4943122e+01	1.5874370e+00
4.4964931e+01	1.6902349e+00
4.4986740e+01	1.7898679e+00