Image file: \\Gfs05\g45\SAXS\2020_12\HDF5\2020-12.10_Kevin_day2_SN\2020-12-10_Max_Cu123_SN_000017_data_000025.h5
ImageIntegration1d_chi_output; Output_Directory= \\Gfs05\g45\SAXS\2020_12\Processed\2020-12-09_Kevin_day1_SN\Chi-Sample-7
Profile = Radial, StartAzimuth = 0.0, EndAzimuth = 360.0, Sam_Det_distance = 250.818474293, InnerRadius = 15.0, OuterRadius = 2400.0, Lambda = 30, Ratio = 0.001, Itermax = 100
2400
2.0013229e+00	8.7512767e-02
2.0231319e+00	4.6056778e-01
2.0449408e+00	3.8742419e-01
2.0667497e+00	7.8502306e-02
2.0885587e+00	-4.2460998e-01
2.1103676e+00	8.8686641e-02
2.1321765e+00	3.6695213e-01
2.1539855e+00	1.2192557e-01
2.1757944e+00	3.1708631e-01
2.1976034e+00	1.7149650e-01
2.2194123e+00	-2.1473773e-01
2.2412212e+00	1.5709454e-01
2.2630302e+00	4.7752912e-01
2.2848391e+00	-8.2345844e-02
2.3066480e+00	-1.0792521e-01
2.3284570e+00	-7.5112421e-02
2.3502659e+00	1.6031126e-01
2.3720749e+00	2.3763382e-01
2.3938838e+00	-5.8320487e-02
2.4156927e+00	-1.5021001e-02
2.4375017e+00	1.2416341e-02
2.4593106e+00	3.6226180e-01
2.4811196e+00	-1.3235640e-01
2.5029285e+00	-2.8854829e-01
2.5247374e+00	1.8117876e-01
2.5465464e+00	1.8134165e-01
2.5683553e+00	6.4364583e-02
2.5901642e+00	1.1649968e-01
2.6119732e+00	4.1611270e-01
2.6337821e+00	1.1782020e-01
2.6555911e+00	-7.7186882e-02
2.6774000e+00	-1.7112635e-01
2.6992089e+00	-1.1484059e-01
2.7210179e+00	-1.0003391e-01
2.7428268e+00	6.6703177e-02
2.7646358e+00	1.9824622e-01
2.7864447e+00	4.7926019e-01
2.8082536e+00	4.4689654e-01
2.8300626e+00	1.9959630e-01
2.8518715e+00	-5.3397784e-02
2.8736804e+00	2.4981513e-03
2.8954894e+00	-2.8525739e-02
2.9172983e+00	-1.9784944e-01
2.9391073e+00	-2.9127612e-03
2.9609162e+00	3.7988044e-01
2.9827251e+00	1.2811260e-02
3.0045341e+00	5.5910619e-02
3.0263430e+00	-1.1011707e-02
3.0481519e+00	1.2559829e-01
3.0699609e+00	-4.9040731e-02
3.0917698e+00	-1.8722094e-01
3.1135788e+00	2.2626153e-01
3.1353877e+00	1.3695617e-01
3.1571966e+00	-1.2238359e-01
3.1790056e+00	-8.8466982e-02
3.2008145e+00	1.1359798e-01
3.2226235e+00	2.2168575e-01
3.2444324e+00	-1.5718100e-01
3.2662413e+00	-6.1367572e-04
3.2880503e+00	8.4784570e-02
3.3098592e+00	3.7243997e-02
3.3316681e+00	-2.2030895e-01
3.3534771e+00	7.6458583e-02
3.3752860e+00	1.0088304e-01
3.3970950e+00	3.1700412e-01
3.4189039e+00	-1.0626915e-01
3.4407128e+00	-3.5401796e-01
3.4625218e+00	8.4641444e-02
3.4843307e+00	1.3598842e-01
3.5061396e+00	2.5050906e-01
3.5279486e+00	7.3032824e-02
3.5497575e+00	5.4868266e-02
3.5715665e+00	-1.2117616e-01
3.5933754e+00	-7.1098559e-02
3.6151843e+00	1.6325691e-01
3.6369933e+00	3.6313251e-01
3.6588022e+00	1.2603559e-01
3.6806112e+00	-3.2179185e-01
3.7024201e+00	1.7304070e-02
3.7242290e+00	2.8260966e-01
3.7460380e+00	1.1266774e-01
3.7678469e+00	-5.2180559e-02
3.7896558e+00	-1.4601427e-01
3.8114648e+00	6.8350285e-02
3.8332737e+00	1.8042976e-01
3.8550827e+00	-1.7415037e-01
3.8768916e+00	-1.0401572e-01
3.8987005e+00	1.1096000e-01
3.9205095e+00	9.7639975e-02
3.9423184e+00	-3.2041805e-02
3.9641273e+00	-1.0733543e-01
3.9859363e+00	-3.3775631e-02
4.0077452e+00	5.7306419e-02
4.0295542e+00	7.5968698e-02
4.0513631e+00	1.2090653e-02
4.0731720e+00	-5.0601225e-02
4.0949810e+00	6.1660354e-02
4.1167899e+00	-8.3172735e-03
4.1385989e+00	1.7339818e-01
4.1604078e+00	1.5955912e-02
4.1822167e+00	6.9718495e-02
4.2040257e+00	-1.5722217e-01
4.2258346e+00	-1.2024278e-01
4.2476435e+00	-1.5265441e-02
4.2694525e+00	-6.6917400e-02
4.2912614e+00	-1.1390456e-01
4.3130704e+00	-4.6476819e-02
4.3348793e+00	-3.9936515e-02
4.3566882e+00	2.6859156e-01
4.3784972e+00	2.5503519e-01
4.4003061e+00	2.3946333e-01
4.4221151e+00	3.4687119e-02
4.4439240e+00	1.3901278e-01
4.4657329e+00	-6.5975849e-03
4.4875419e+00	-8.4639015e-02
4.5093508e+00	-8.7595917e-02
4.5311597e+00	-5.9951842e-02
4.5529687e+00	2.0492093e-02
4.5747776e+00	2.0135856e-01
4.5965866e+00	-9.0345125e-02
4.6183955e+00	-2.7037237e-01
4.6402044e+00	-7.4882515e-02
4.6620134e+00	6.5865513e-02
4.6838223e+00	1.6841935e-01
4.7056312e+00	1.1123334e-01
4.7274402e+00	-1.4941844e-02
4.7492491e+00	1.6961215e-01
4.7710581e+00	1.4025527e-01
4.7928670e+00	-1.0857839e-01
4.8146759e+00	-2.9573106e-01
4.8364849e+00	-1.9240998e-01
4.8582938e+00	5.0594296e-02
4.8801028e+00	1.4991483e-01
4.9019117e+00	-1.4798420e-02
4.9237206e+00	1.4695903e-01
4.9455296e+00	1.1445543e-01
4.9673385e+00	3.0065788e-01
4.9891474e+00	8.3330368e-02
5.0109564e+00	-2.3386306e-01
5.0327653e+00	-1.3211277e-01
5.0545743e+00	-1.6483170e-01
5.0763832e+00	-3.7663257e-02
5.0981921e+00	1.1191647e-01
5.1200011e+00	1.9530511e-01
5.1418100e+00	1.9731950e-01
5.1636189e+00	4.4009630e-01
5.1854279e+00	1.6080990e-01
5.2072368e+00	-4.2318547e-02
5.2290458e+00	-1.9750492e-01
5.2508547e+00	-9.6497180e-02
5.2726636e+00	-1.6486683e-01
5.2944726e+00	5.9421832e-02
5.3162815e+00	2.3393193e-01
5.3380905e+00	8.9600772e-02
5.3598994e+00	-3.2140926e-01
5.3817083e+00	2.0780340e-01
5.4035173e+00	1.5778795e-01
5.4253262e+00	-1.8904899e-02
5.4471351e+00	9.0426242e-02
5.4689441e+00	-1.0971264e-01
5.4907530e+00	-9.1657457e-02
5.5125620e+00	9.6726663e-02
5.5343709e+00	5.4282436e-02
5.5561798e+00	-1.4396908e-01
5.5779888e+00	9.1509871e-02
5.5997977e+00	5.1979829e-02
5.6216066e+00	-1.7823729e-02
5.6434156e+00	1.4513012e-02
5.6652245e+00	2.3858944e-01
5.6870335e+00	-7.2126774e-02
5.7088424e+00	-1.4447383e-01
5.7306513e+00	-1.8918624e-01
5.7524603e+00	7.5858139e-02
5.7742692e+00	1.5774256e-01
5.7960782e+00	2.9639690e-01
5.8178871e+00	2.8029721e-02
5.8396960e+00	-1.9784800e-01
5.8615050e+00	-9.8146725e-02
5.8833139e+00	1.3187996e-01
5.9051228e+00	-1.8867325e-02
5.9269318e+00	4.9815981e-02
5.9487407e+00	6.4128799e-02
5.9705497e+00	-4.1004431e-02
5.9923586e+00	2.0869203e-01
6.0141675e+00	2.3942706e-01
6.0359765e+00	-1.7396526e-01
6.0577854e+00	-2.4786996e-01
6.0795944e+00	9.3627690e-02
6.1014033e+00	9.6172725e-02
6.1232122e+00	-1.2220546e-02
6.1450212e+00	-5.2347211e-02
6.1668301e+00	-1.1765144e-01
6.1886390e+00	1.4327784e-01
6.2104480e+00	1.7621617e-01
6.2322569e+00	5.5513521e-03
6.2540659e+00	-9.0147305e-02
6.2758748e+00	-3.4271225e-02
6.2976837e+00	-6.7893336e-02
6.3194927e+00	-6.4067880e-02
6.3413016e+00	6.5876451e-02
6.3631105e+00	4.7184973e-02
6.3849195e+00	-4.3869658e-02
6.4067284e+00	-1.2229961e-01
6.4285374e+00	8.3193599e-02
6.4503463e+00	1.5774784e-01
6.4721552e+00	7.5745994e-02
6.4939642e+00	-3.0179331e-01
6.5157731e+00	6.7772805e-02
6.5375821e+00	4.6779497e-01
6.5593910e+00	1.0973742e-01
6.5811999e+00	1.2906840e-01
6.6030089e+00	6.8046955e-03
6.6248178e+00	-8.8302717e-02
6.6466267e+00	-5.0099267e-02
6.6684357e+00	1.2667611e-02
6.6902446e+00	-4.6499206e-02
6.7120536e+00	1.0729478e-01
6.7338625e+00	-2.8348651e-02
6.7556714e+00	3.5133546e-02
6.7774804e+00	5.9911693e-02
6.7992893e+00	-4.7392650e-02
6.8210982e+00	-9.2857979e-03
6.8429072e+00	-1.0988598e-01
6.8647161e+00	7.4800740e-02
6.8865251e+00	-4.9844137e-02
6.9083340e+00	-1.2930737e-01
6.9301429e+00	-7.5533901e-02
6.9519519e+00	4.3361235e-01
6.9737608e+00	2.9440274e-01
6.9955698e+00	7.7823871e-02
7.0173787e+00	1.0013809e-01
7.0391876e+00	-1.7732800e-01
7.0609966e+00	4.3813577e-02
7.0828055e+00	3.4876264e-01
7.1046144e+00	9.7090360e-02
7.1264234e+00	1.0348182e-01
7.1482323e+00	3.1411008e-01
7.1700413e+00	4.1147461e-01
7.1918502e+00	-5.4432631e-02
7.2136591e+00	1.0389368e-01
7.2354681e+00	-8.0839361e-02
7.2572770e+00	-2.4730184e-01
7.2790859e+00	-7.8504677e-02
7.3008949e+00	6.1147582e-02
7.3227038e+00	2.1296973e-01
7.3445128e+00	-2.7978766e-02
7.3663217e+00	9.1391319e-03
7.3881306e+00	1.0039741e-01
7.4099396e+00	5.4476984e-02
7.4317485e+00	-2.7716883e-01
7.4535575e+00	9.5405549e-02
7.4753664e+00	1.3319268e-01
7.4971753e+00	-2.8516129e-01
7.5189843e+00	2.5431784e-02
7.5407932e+00	4.2626413e-02
7.5626021e+00	4.3487827e-02
7.5844111e+00	8.7372799e-02
7.6062200e+00	8.3262103e-03
7.6280290e+00	1.1289277e-01
7.6498379e+00	-1.9907884e-01
7.6716468e+00	-4.2613725e-02
7.6934558e+00	1.5921093e-01
7.7152647e+00	1.5753704e-02
7.7370737e+00	1.5857657e-01
7.7588826e+00	5.8296533e-02
7.7806915e+00	-2.2920182e-01
7.8025005e+00	-8.9770917e-02
7.8243094e+00	2.3975865e-02
7.8461183e+00	-2.3357991e-01
7.8679273e+00	2.5824933e-01
7.8897362e+00	1.3720014e-01
7.9115452e+00	-3.8181874e-03
7.9333541e+00	-3.1216363e-02
7.9551630e+00	1.9806601e-01
7.9769720e+00	-3.6976813e-02
7.9987809e+00	1.4166043e-01
8.0205898e+00	-1.7401512e-01
8.0423988e+00	-7.5213655e-02
8.0642077e+00	1.9100105e-01
8.0860167e+00	-5.0823155e-02
8.1078256e+00	-1.6094016e-01
8.1296345e+00	1.8535260e-01
8.1514435e+00	-5.2435748e-02
8.1732524e+00	-1.6569690e-01
8.1950614e+00	2.9533165e-01
8.2168703e+00	1.2712256e-01
8.2386792e+00	8.9862947e-02
8.2604882e+00	8.0984653e-02
8.2822971e+00	-1.6287658e-01
8.3041060e+00	-9.5195312e-02
8.3259150e+00	3.3863799e-01
8.3477239e+00	2.4277662e-02
8.3695329e+00	-1.3546702e-01
8.3913418e+00	5.7477231e-02
8.4131507e+00	9.6092074e-02
8.4349597e+00	9.8584034e-02
8.4567686e+00	5.7836792e-02
8.4785775e+00	-2.7569412e-02
8.5003865e+00	-1.3995026e-01
8.5221954e+00	-5.7286120e-02
8.5440044e+00	6.0567249e-01
8.5658133e+00	2.8799794e-01
8.5876222e+00	-1.0560304e-01
8.6094312e+00	-8.6190000e-02
8.6312401e+00	1.8531029e-01
8.6530491e+00	1.6178861e-01
8.6748580e+00	9.4067181e-02
8.6966669e+00	-1.4264553e-01
8.7184759e+00	-2.8668546e-02
8.7402848e+00	-5.7876197e-02
8.7620937e+00	-5.5953866e-02
8.7839027e+00	6.2912646e-02
8.8057116e+00	-7.4314966e-02
8.8275206e+00	1.0562301e-01
8.8493295e+00	-2.5439061e-02
8.8711384e+00	-1.2544883e-02
8.8929474e+00	-7.4730823e-02
8.9147563e+00	-6.1485535e-02
8.9365652e+00	2.5710784e-01
8.9583742e+00	2.1446809e-01
8.9801831e+00	8.5299577e-02
9.0019921e+00	3.2621687e-01
9.0238010e+00	5.1899799e-01
9.0456099e+00	-9.7653450e-02
9.0674189e+00	-2.4793682e-01
9.0892278e+00	1.0501524e-01
9.1110368e+00	5.5990067e-01
9.1328457e+00	5.4987773e-01
9.1546546e+00	3.2665259e-01
9.1764636e+00	-9.2649135e-02
9.1982725e+00	-2.5245420e-03
9.2200814e+00	-1.1689808e-02
9.2418904e+00	-1.0167608e-01
9.2636993e+00	1.6505773e-01
9.2855083e+00	1.8423757e-01
9.3073172e+00	-2.0231152e-02
9.3291261e+00	-1.6799858e-01
9.3509351e+00	6.4586906e-02
9.3727440e+00	2.1663779e-01
9.3945530e+00	2.4495931e-02
9.4163619e+00	-2.5775599e-01
9.4381708e+00	7.4646469e-02
9.4599798e+00	4.3164962e-01
9.4817887e+00	2.0819497e-02
9.5035976e+00	-8.2906832e-02
9.5254066e+00	9.3601509e-02
9.5472155e+00	1.2259249e-01
9.5690245e+00	-1.9574797e-02
9.5908334e+00	-4.5109268e-02
9.6126423e+00	2.8726065e-02
9.6344513e+00	-6.9670847e-02
9.6562602e+00	-6.9703577e-02
9.6780691e+00	-1.7014389e-01
9.6998781e+00	1.3608235e-01
9.7216870e+00	2.6574465e-01
9.7434960e+00	8.8240469e-02
9.7653049e+00	1.0373268e-01
9.7871138e+00	-1.4708958e-01
9.8089228e+00	-1.7344047e-01
9.8307317e+00	-8.4065289e-02
9.8525407e+00	1.7496590e-01
9.8743496e+00	2.0120878e-01
9.8961585e+00	4.9794696e-02
9.9179675e+00	-9.0522198e-03
9.9397764e+00	-9.0368627e-02
9.9615853e+00	1.5913208e-02
9.9833943e+00	-3.2101110e-02
1.0005203e+01	-1.3760722e-01
1.0027012e+01	-1.0387942e-01
1.0048821e+01	1.2976873e-01
1.0070630e+01	9.8450986e-02
1.0092439e+01	-1.9198274e-03
1.0114248e+01	2.0090079e-01
1.0136057e+01	2.5379244e-02
1.0157866e+01	-1.9119979e-02
1.0179675e+01	1.8983065e-02
1.0201484e+01	3.9174908e-01
1.0223293e+01	2.8653655e-01
1.0245102e+01	-9.7041785e-03
1.0266910e+01	-3.1301750e-01
1.0288719e+01	-1.6763472e-01
1.0310528e+01	1.2231577e-01
1.0332337e+01	1.0307703e+00
1.0354146e+01	1.3487451e+00
1.0375955e+01	2.0038173e+00
1.0397764e+01	2.5015512e+00
1.0419573e+01	2.7883427e+00
1.0441382e+01	3.3423983e+00
1.0463191e+01	4.0202410e+00
1.0485000e+01	5.1036800e+00
1.0506809e+01	6.0849495e+00
1.0528618e+01	7.4328717e+00
1.0550427e+01	8.2392988e+00
1.0572236e+01	9.0476249e+00
1.0594045e+01	9.2126272e+00
1.0615853e+01	9.3986639e+00
1.0637662e+01	9.2882633e+00
1.0659471e+01	8.5727034e+00
1.0681280e+01	7.4709124e+00
1.0703089e+01	5.7354285e+00
1.0724898e+01	3.6178710e+00
1.0746707e+01	2.0642380e+00
1.0768516e+01	1.0215286e+00
1.0790325e+01	4.5940105e-01
1.0812134e+01	1.5118855e-01
1.0833943e+01	1.1893075e-01
1.0855752e+01	4.9037639e-02
1.0877561e+01	1.0004753e-01
1.0899370e+01	-1.8051112e-01
1.0921179e+01	-2.3022764e-01
1.0942988e+01	-2.1811430e-02
1.0964796e+01	2.2555237e-01
1.0986605e+01	-2.0950394e-01
1.1008414e+01	9.6768653e-02
1.1030223e+01	3.5058958e-01
1.1052032e+01	2.1743017e-01
1.1073841e+01	7.5644534e-01
1.1095650e+01	9.9550359e-01
1.1117459e+01	1.3553924e+00
1.1139268e+01	1.2520552e+00
1.1161077e+01	1.5834755e+00
1.1182886e+01	2.0289087e+00
1.1204695e+01	2.6094933e+00
1.1226504e+01	3.0777127e+00
1.1248313e+01	2.9442815e+00
1.1270122e+01	1.3661110e+00
1.1291931e+01	8.0369182e-01
1.1313740e+01	1.8630331e-01
1.1335548e+01	-5.5317039e-02
1.1357357e+01	-1.4012383e-01
1.1379166e+01	5.1863633e-02
1.1400975e+01	-7.4630363e-02
1.1422784e+01	-1.3345136e-01
1.1444593e+01	4.6961258e-02
1.1466402e+01	4.6701128e-01
1.1488211e+01	4.5108068e-02
1.1510020e+01	-6.5048848e-03
1.1531829e+01	-4.7549416e-02
1.1553638e+01	1.1122419e-01
1.1575447e+01	4.1665963e-02
1.1597256e+01	-1.9090009e-01
1.1619065e+01	-6.5499706e-02
1.1640874e+01	1.7040966e-01
1.1662683e+01	1.2267229e-01
1.1684491e+01	-1.2063303e-01
1.1706300e+01	-9.5042894e-02
1.1728109e+01	3.7201965e-02
1.1749918e+01	2.3493452e-01
1.1771727e+01	1.6039654e-01
1.1793536e+01	3.2584317e-03
1.1815345e+01	-1.0175573e-01
1.1837154e+01	-2.3564530e-01
1.1858963e+01	1.6675788e-01
1.1880772e+01	3.3234079e-01
1.1902581e+01	5.6606076e-02
1.1924390e+01	2.8607260e-02
1.1946199e+01	5.4667288e-02
1.1968008e+01	-2.3255949e-01
1.1989817e+01	-2.3252366e-01
1.2011626e+01	1.0350612e-01
1.2033434e+01	1.8306996e-01
1.2055243e+01	5.1439665e-02
1.2077052e+01	-7.9661031e-02
1.2098861e+01	-5.2481284e-02
1.2120670e+01	3.3661163e-01
1.2142479e+01	5.7568417e-01
1.2164288e+01	2.6558408e-01
1.2186097e+01	-1.2819636e-01
1.2207906e+01	7.8547292e-03
1.2229715e+01	-4.5314768e-02
1.2251524e+01	1.6650367e-01
1.2273333e+01	2.4002140e-01
1.2295142e+01	1.8087269e-02
1.2316951e+01	3.7805229e-02
1.2338760e+01	7.8032765e-02
1.2360569e+01	-2.6422980e-01
1.2382377e+01	2.0219134e-01
1.2404186e+01	4.2879265e-01
1.2425995e+01	-5.4084685e-03
1.2447804e+01	-2.6837863e-01
1.2469613e+01	-1.3309837e-01
1.2491422e+01	1.2407042e-03
1.2513231e+01	7.7799393e-02
1.2535040e+01	2.4411022e-01
1.2556849e+01	4.6935719e-02
1.2578658e+01	-3.8534399e-02
1.2600467e+01	1.3315095e-01
1.2622276e+01	4.8212066e-01
1.2644085e+01	3.1007695e-01
1.2665894e+01	-1.0629983e-01
1.2687703e+01	-1.4297669e-01
1.2709512e+01	2.3122402e-02
1.2731320e+01	-4.1693812e-02
1.2753129e+01	-9.8099243e-02
1.2774938e+01	4.2259303e-02
1.2796747e+01	5.6316631e-02
1.2818556e+01	7.7822170e-02
1.2840365e+01	3.1447214e-01
1.2862174e+01	2.8690859e-01
1.2883983e+01	1.0771164e-01
1.2905792e+01	-1.3878112e-01
1.2927601e+01	-4.5944150e-02
1.2949410e+01	3.0366596e-01
1.2971219e+01	7.7944343e-01
1.2993028e+01	9.4581185e-01
1.3014837e+01	9.5216978e-01
1.3036646e+01	1.0503408e+00
1.3058455e+01	1.4403164e+00
1.3080264e+01	2.3854251e+00
1.3102072e+01	2.6800166e+00
1.3123881e+01	1.9101744e+00
1.3145690e+01	1.4055500e+00
1.3167499e+01	1.5221930e+00
1.3189308e+01	1.9198089e+00
1.3211117e+01	1.9303094e+00
1.3232926e+01	1.8332429e+00
1.3254735e+01	1.6847850e+00
1.3276544e+01	1.2130703e+00
1.3298353e+01	5.4334534e-01
1.3320162e+01	3.5147647e-02
1.3341971e+01	-5.2834896e-01
1.3363780e+01	1.4065209e-01
1.3385589e+01	1.4517396e-01
1.3407398e+01	1.7054345e-01
1.3429207e+01	6.6717836e-01
1.3451015e+01	6.6334711e-01
1.3472824e+01	6.8646473e-01
1.3494633e+01	8.3173591e-01
1.3516442e+01	5.0969406e-01
1.3538251e+01	-1.1397839e-01
1.3560060e+01	1.1040598e-02
1.3581869e+01	2.0215305e-01
1.3603678e+01	3.3089720e-02
1.3625487e+01	-3.6878762e-02
1.3647296e+01	-2.2118855e-02
1.3669105e+01	2.6404584e-02
1.3690914e+01	-1.4162862e-01
1.3712723e+01	1.0953980e-01
1.3734532e+01	3.8296891e-01
1.3756341e+01	7.8580229e-02
1.3778150e+01	6.7909195e-02
1.3799958e+01	3.5087163e-02
1.3821767e+01	-1.4502835e-01
1.3843576e+01	7.1739535e-03
1.3865385e+01	6.1733473e-02
1.3887194e+01	-1.9116108e-01
1.3909003e+01	-2.6404447e-01
1.3930812e+01	5.0470537e-02
1.3952621e+01	1.5112163e-01
1.3974430e+01	1.8045548e-01
1.3996239e+01	1.2813449e-01
1.4018048e+01	-1.0742761e-01
1.4039857e+01	-1.9055337e-01
1.4061666e+01	1.3444526e-01
1.4083475e+01	3.3962604e-01
1.4105284e+01	3.9296818e-01
1.4127093e+01	2.3107447e-01
1.4148901e+01	7.1617209e-02
1.4170710e+01	-1.5481522e-01
1.4192519e+01	-2.2549173e-01
1.4214328e+01	7.4808131e-02
1.4236137e+01	-9.2224804e-02
1.4257946e+01	6.8919774e-02
1.4279755e+01	1.4029393e-01
1.4301564e+01	1.3972041e-02
1.4323373e+01	1.8031219e-01
1.4345182e+01	4.7883574e-01
1.4366991e+01	3.8960116e-01
1.4388800e+01	-3.9379848e-02
1.4410609e+01	1.1474075e-01
1.4432418e+01	-1.1330004e-01
1.4454227e+01	-1.3548270e-01
1.4476036e+01	-1.4290532e-01
1.4497844e+01	1.6323489e-01
1.4519653e+01	-5.7181906e-02
1.4541462e+01	-7.0235844e-02
1.4563271e+01	-7.4810611e-02
1.4585080e+01	1.4755975e-01
1.4606889e+01	-1.0562636e-02
1.4628698e+01	-1.0367563e-01
1.4650507e+01	2.9050611e-02
1.4672316e+01	1.3818243e-01
1.4694125e+01	3.6105490e-01
1.4715934e+01	5.9047913e-01
1.4737743e+01	9.1564371e-01
1.4759552e+01	1.1368468e+00
1.4781361e+01	1.0836997e+00
1.4803170e+01	1.3567284e+00
1.4824979e+01	1.7347682e+00
1.4846787e+01	2.0478223e+00
1.4868596e+01	2.1138839e+00
1.4890405e+01	2.5788281e+00
1.4912214e+01	2.8231191e+00
1.4934023e+01	2.8100681e+00
1.4955832e+01	2.4584063e+00
1.4977641e+01	2.3459478e+00
1.4999450e+01	2.1337120e+00
1.5021259e+01	1.7801708e+00
1.5043068e+01	1.4556056e+00
1.5064877e+01	1.3764954e+00
1.5086686e+01	1.1922945e+00
1.5108495e+01	5.3883115e-01
1.5130304e+01	3.6882398e-02
1.5152113e+01	-1.8820908e-01
1.5173922e+01	-2.2549030e-01
1.5195731e+01	1.5300232e-01
1.5217539e+01	1.2398665e-01
1.5239348e+01	1.5232256e-01
1.5261157e+01	-1.5159876e-01
1.5282966e+01	-6.8093999e-02
1.5304775e+01	-3.6456666e-02
1.5326584e+01	2.2240296e-01
1.5348393e+01	2.3510112e-01
1.5370202e+01	5.8931122e-01
1.5392011e+01	6.1635612e-01
1.5413820e+01	1.3042417e-01
1.5435629e+01	-8.0779559e-02
1.5457438e+01	2.6918681e-02
1.5479247e+01	2.8592801e-02
1.5501056e+01	2.7012113e-02
1.5522865e+01	-1.1734183e-02
1.5544674e+01	-1.8882959e-01
1.5566482e+01	2.2871099e-03
1.5588291e+01	3.5864738e-01
1.5610100e+01	8.3539357e-01
1.5631909e+01	9.0904404e-01
1.5653718e+01	1.2534741e+00
1.5675527e+01	1.2122161e+00
1.5697336e+01	9.3399245e-01
1.5719145e+01	5.2360139e-01
1.5740954e+01	4.5501831e-01
1.5762763e+01	-1.2256088e-01
1.5784572e+01	7.5145762e-03
1.5806381e+01	6.2457545e-02
1.5828190e+01	1.0142486e-01
1.5849999e+01	-6.5151774e-02
1.5871808e+01	-2.3446950e-02
1.5893617e+01	3.6869587e-01
1.5915425e+01	1.8092416e-01
1.5937234e+01	-3.3378305e-02
1.5959043e+01	-2.8811814e-01
1.5980852e+01	2.6649960e-02
1.6002661e+01	1.6709925e-01
1.6024470e+01	1.4069289e-02
1.6046279e+01	-1.4407405e-01
1.6068088e+01	1.2309127e-02
1.6089897e+01	1.1409904e-01
1.6111706e+01	7.6824310e-03
1.6133515e+01	-4.0679492e-02
1.6155324e+01	-3.2218137e-02
1.6177133e+01	7.3341383e-02
1.6198942e+01	-6.6893790e-02
1.6220751e+01	1.6590141e-01
1.6242560e+01	1.1916028e-01
1.6264368e+01	-1.2589029e-01
1.6286177e+01	-7.4127005e-02
1.6307986e+01	8.9027547e-02
1.6329795e+01	3.6988152e-02
1.6351604e+01	-7.2338047e-02
1.6373413e+01	-1.0106040e-02
1.6395222e+01	-6.4684077e-02
1.6417031e+01	-9.1920926e-02
1.6438840e+01	5.3882200e-02
1.6460649e+01	1.1663712e-02
1.6482458e+01	-7.3943152e-02
1.6504267e+01	3.0335835e-02
1.6526076e+01	2.9041498e-03
1.6547885e+01	8.2224390e-02
1.6569694e+01	5.7102950e-01
1.6591503e+01	1.1659264e+00
1.6613311e+01	2.0802521e+00
1.6635120e+01	2.9433897e+00
1.6656929e+01	3.0300292e+00
1.6678738e+01	2.6695616e+00
1.6700547e+01	2.3565900e+00
1.6722356e+01	2.6337294e+00
1.6744165e+01	3.2229148e+00
1.6765974e+01	3.8001602e+00
1.6787783e+01	4.2054307e+00
1.6809592e+01	4.5413644e+00
1.6831401e+01	4.3365922e+00
1.6853210e+01	3.5515741e+00
1.6875019e+01	2.3771833e+00
1.6896828e+01	1.2006807e+00
1.6918637e+01	4.8270643e-01
1.6940446e+01	1.8138144e-01
1.6962254e+01	7.3312831e-03
1.6984063e+01	-6.4999940e-02
1.7005872e+01	-1.7313406e-01
1.7027681e+01	3.4225185e-02
1.7049490e+01	1.3700108e-01
1.7071299e+01	-2.6023762e-02
1.7093108e+01	-6.2854436e-02
1.7114917e+01	-2.9634210e-02
1.7136726e+01	8.1871198e-02
1.7158535e+01	1.1372921e-01
1.7180344e+01	-1.4527048e-01
1.7202153e+01	-1.4284373e-01
1.7223962e+01	-1.0075242e-02
1.7245771e+01	1.6114959e-01
1.7267580e+01	7.3472844e-02
1.7289389e+01	5.2600684e-02
1.7311198e+01	-1.5051037e-02
1.7333006e+01	-1.2379954e-01
1.7354815e+01	1.0223156e-02
1.7376624e+01	-1.2127855e-01
1.7398433e+01	-1.5458376e-02
1.7420242e+01	-4.6238664e-02
1.7442051e+01	1.1619401e-01
1.7463860e+01	1.7216269e-01
1.7485669e+01	-3.8358179e-03
1.7507478e+01	-6.3142261e-02
1.7529287e+01	-5.5299710e-02
1.7551096e+01	1.0633892e-01
1.7572905e+01	-3.2813612e-02
1.7594714e+01	-2.8443300e-02
1.7616523e+01	3.6409953e-02
1.7638332e+01	2.6761569e-01
1.7660141e+01	6.3014659e-03
1.7681949e+01	-1.8399491e-01
1.7703758e+01	-4.2833278e-02
1.7725567e+01	-2.0643416e-02
1.7747376e+01	-6.4789934e-03
1.7769185e+01	1.0124684e-01
1.7790994e+01	-1.9457381e-02
1.7812803e+01	2.2799065e-02
1.7834612e+01	1.4891893e-02
1.7856421e+01	4.2703893e-02
1.7878230e+01	-3.0504453e-02
1.7900039e+01	3.5238319e-02
1.7921848e+01	-7.4287183e-02
1.7943657e+01	7.0587413e-02
1.7965466e+01	-5.9031803e-02
1.7987275e+01	-7.8663579e-02
1.8009084e+01	3.3133448e-02
1.8030892e+01	1.4004526e-01
1.8052701e+01	-4.1643691e-02
1.8074510e+01	-1.3067010e-02
1.8096319e+01	5.6525156e-02
1.8118128e+01	-4.0191237e-02
1.8139937e+01	1.4800285e-01
1.8161746e+01	6.7716455e-02
1.8183555e+01	-1.6199349e-01
1.8205364e+01	-8.5767648e-02
1.8227173e+01	-9.4709921e-03
1.8248982e+01	8.1688973e-02
1.8270791e+01	-2.1084292e-01
1.8292600e+01	5.5186294e-02
1.8314409e+01	2.5675639e-02
1.8336218e+01	3.7201430e-03
1.8358027e+01	-2.1798534e-02
1.8379835e+01	-5.5349537e-02
1.8401644e+01	-2.2563999e-02
1.8423453e+01	-1.0166770e-01
1.8445262e+01	4.9916079e-02
1.8467071e+01	3.2205466e-01
1.8488880e+01	5.0145057e-01
1.8510689e+01	4.3230893e-01
1.8532498e+01	5.2965953e-01
1.8554307e+01	2.3275447e-01
1.8576116e+01	3.3686089e-02
1.8597925e+01	9.8446959e-02
1.8619734e+01	-7.4811213e-02
1.8641543e+01	9.6269148e-03
1.8663352e+01	1.4768087e-01
1.8685161e+01	2.7215691e-01
1.8706970e+01	2.9445058e-02
1.8728778e+01	1.5582657e-01
1.8750587e+01	9.1090328e-02
1.8772396e+01	-9.1604770e-02
1.8794205e+01	-2.5651171e-01
1.8816014e+01	-3.2947638e-01
1.8837823e+01	-1.5588131e-01
1.8859632e+01	1.3304753e-01
1.8881441e+01	1.5866407e-01
1.8903250e+01	4.0561102e-02
1.8925059e+01	-2.0568574e-01
1.8946868e+01	1.0116955e-02
1.8968677e+01	2.0565374e-01
1.8990486e+01	6.0055573e-02
1.9012295e+01	3.0417741e-02
1.9034104e+01	-4.6349071e-02
1.9055913e+01	-8.9990766e-02
1.9077721e+01	1.4404404e-01
1.9099530e+01	3.2720129e-03
1.9121339e+01	-9.0057381e-02
1.9143148e+01	2.0795438e-02
1.9164957e+01	-4.4278457e-02
1.9186766e+01	-1.2352540e-01
1.9208575e+01	-2.5538476e-02
1.9230384e+01	-1.2056467e-02
1.9252193e+01	6.0004463e-02
1.9274002e+01	9.5566607e-02
1.9295811e+01	-8.8981652e-02
1.9317620e+01	1.7146254e-03
1.9339429e+01	8.4673014e-02
1.9361238e+01	1.5210702e-01
1.9383047e+01	1.8753387e-01
1.9404856e+01	2.9104082e-01
1.9426665e+01	6.1060516e-02
1.9448473e+01	-4.3367588e-02
1.9470282e+01	-1.5496351e-01
1.9492091e+01	-1.0390036e-01
1.9513900e+01	-1.8830592e-01
1.9535709e+01	9.6456006e-02
1.9557518e+01	1.0254145e-01
1.9579327e+01	1.9373221e-02
1.9601136e+01	4.0941438e-02
1.9622945e+01	-1.4469696e-01
1.9644754e+01	-3.2078784e-01
1.9666563e+01	6.2229815e-03
1.9688372e+01	6.4911644e-02
1.9710181e+01	1.0922820e-01
1.9731990e+01	1.2593947e-01
1.9753799e+01	1.9077214e-01
1.9775608e+01	1.6046490e-02
1.9797416e+01	-6.8812119e-02
1.9819225e+01	-4.0592022e-02
1.9841034e+01	-6.5539367e-02
1.9862843e+01	1.9351007e-01
1.9884652e+01	4.7619960e-01
1.9906461e+01	7.5400553e-01
1.9928270e+01	8.1170796e-01
1.9950079e+01	7.5141298e-01
1.9971888e+01	5.0661364e-01
1.9993697e+01	9.9633941e-02
2.0015506e+01	-4.6968861e-02
2.0037315e+01	-1.8477253e-01
2.0059124e+01	-2.4279687e-01
2.0080933e+01	-1.2180966e-01
2.0102742e+01	-2.0103494e-02
2.0124551e+01	8.7964130e-02
2.0146359e+01	9.8692239e-02
2.0168168e+01	1.9182891e-01
2.0189977e+01	8.4484236e-03
2.0211786e+01	1.0514899e-01
2.0233595e+01	4.1755375e-01
2.0255404e+01	8.6290426e-01
2.0277213e+01	1.6719860e+00
2.0299022e+01	2.3336762e+00
2.0320831e+01	2.8361415e+00
2.0342640e+01	3.1556002e+00
2.0364449e+01	3.2389278e+00
2.0386258e+01	2.8615276e+00
2.0408067e+01	2.5440331e+00
2.0429876e+01	2.4947217e+00
2.0451685e+01	2.4521418e+00
2.0473494e+01	2.3896398e+00
2.0495302e+01	2.7350812e+00
2.0517111e+01	2.9657513e+00
2.0538920e+01	2.8128656e+00
2.0560729e+01	2.5548575e+00
2.0582538e+01	2.3626623e+00
2.0604347e+01	1.8589937e+00
2.0626156e+01	1.1320738e+00
2.0647965e+01	7.3182321e-01
2.0669774e+01	4.4124629e-01
2.0691583e+01	1.8167538e-01
2.0713392e+01	-7.2745896e-02
2.0735201e+01	-1.8073986e-01
2.0757010e+01	9.0749492e-02
2.0778819e+01	-4.6582228e-02
2.0800628e+01	-5.2444519e-02
2.0822437e+01	3.4783190e-02
2.0844245e+01	-2.7762032e-02
2.0866054e+01	-5.4985288e-02
2.0887863e+01	-4.7053937e-02
2.0909672e+01	-1.3791214e-01
2.0931481e+01	8.4689741e-02
2.0953290e+01	1.1236322e-01
2.0975099e+01	9.6937049e-02
2.0996908e+01	4.5696492e-01
2.1018717e+01	1.2008023e+00
2.1040526e+01	1.8708595e+00
2.1062335e+01	2.4930447e+00
2.1084144e+01	2.8662732e+00
2.1105953e+01	2.7622461e+00
2.1127762e+01	3.4463037e+00
2.1149571e+01	3.7935933e+00
2.1171380e+01	4.1427101e+00
2.1193188e+01	4.8564684e+00
2.1214997e+01	5.8573273e+00
2.1236806e+01	6.7073571e+00
2.1258615e+01	7.5165630e+00
2.1280424e+01	7.9092324e+00
2.1302233e+01	7.9278893e+00
2.1324042e+01	7.5246631e+00
2.1345851e+01	6.9822980e+00
2.1367660e+01	6.3715442e+00
2.1389469e+01	5.5813619e+00
2.1411278e+01	4.7830125e+00
2.1433087e+01	3.8021071e+00
2.1454896e+01	3.1667140e+00
2.1476705e+01	3.3394593e+00
2.1498514e+01	3.8872125e+00
2.1520323e+01	4.5228536e+00
2.1542132e+01	5.3186999e+00
2.1563940e+01	5.8609896e+00
2.1585749e+01	6.1750801e+00
2.1607558e+01	5.7035435e+00
2.1629367e+01	5.0133850e+00
2.1651176e+01	3.8002810e+00
2.1672985e+01	2.4664686e+00
2.1694794e+01	1.3759580e+00
2.1716603e+01	6.7303960e-01
2.1738412e+01	1.9268852e-01
2.1760221e+01	1.2899470e-01
2.1782030e+01	-7.9750439e-03
2.1803839e+01	-1.2053483e-01
2.1825648e+01	-2.1685524e-01
2.1847457e+01	1.9683688e-02
2.1869266e+01	-1.4946758e-01
2.1891075e+01	4.7775908e-02
2.1912883e+01	1.0404922e-01
2.1934692e+01	-1.4784875e-02
2.1956501e+01	-2.5450520e-02
2.1978310e+01	1.3192347e-01
2.2000119e+01	-4.3055995e-02
2.2021928e+01	-4.2532143e-02
2.2043737e+01	4.8895331e-02
2.2065546e+01	-1.1496622e-01
2.2087355e+01	1.3706385e-02
2.2109164e+01	3.1272739e-03
2.2130973e+01	1.3643965e-01
2.2152782e+01	1.2940665e-01
2.2174591e+01	-3.0183775e-02
2.2196400e+01	-4.6197696e-02
2.2218209e+01	-2.6871727e-02
2.2240018e+01	-8.2051237e-02
2.2261826e+01	-6.5725259e-03
2.2283635e+01	2.5940680e-02
2.2305444e+01	1.1862466e-02
2.2327253e+01	2.8130752e-02
2.2349062e+01	-1.4815016e-01
2.2370871e+01	-8.1138751e-02
2.2392680e+01	6.6958673e-02
2.2414489e+01	6.7609968e-02
2.2436298e+01	1.6789008e-01
2.2458107e+01	1.4584984e-01
2.2479916e+01	-1.1877291e-01
2.2501725e+01	-1.4476554e-01
2.2523534e+01	-1.3093541e-02
2.2545343e+01	-9.0520757e-03
2.2567152e+01	5.5185700e-02
2.2588961e+01	6.1110134e-03
2.2610769e+01	-3.1057885e-02
2.2632578e+01	-1.8892089e-02
2.2654387e+01	7.7341889e-02
2.2676196e+01	8.3966711e-02
2.2698005e+01	-3.3312196e-02
2.2719814e+01	-1.2086811e-01
2.2741623e+01	-1.7202603e-02
2.2763432e+01	6.4967461e-02
2.2785241e+01	8.6870088e-02
2.2807050e+01	-4.0918749e-02
2.2828859e+01	-1.5092627e-01
2.2850668e+01	2.5272554e-02
2.2872477e+01	7.5764518e-02
2.2894286e+01	8.6252393e-02
2.2916095e+01	8.5970585e-02
2.2937904e+01	-4.3029063e-02
2.2959712e+01	-1.1569330e-01
2.2981521e+01	-1.0893325e-01
2.3003330e+01	2.3899124e-02
2.3025139e+01	7.2891660e-02
2.3046948e+01	-7.7453230e-02
2.3068757e+01	4.8921344e-02
2.3090566e+01	1.7447154e-01
2.3112375e+01	5.1551747e-04
2.3134184e+01	-8.8857633e-02
2.3155993e+01	-2.9217959e-02
2.3177802e+01	7.1119825e-03
2.3199611e+01	1.1449190e-01
2.3221420e+01	6.6134852e-02
2.3243229e+01	-7.1084232e-02
2.3265038e+01	-1.0210951e-01
2.3286847e+01	-1.8829920e-01
2.3308655e+01	-1.4001421e-01
2.3330464e+01	2.6474101e-02
2.3352273e+01	1.7527637e-01
2.3374082e+01	2.9694536e-01
2.3395891e+01	1.4810268e-01
2.3417700e+01	5.7361000e-02
2.3439509e+01	-1.4205669e-01
2.3461318e+01	-7.2971733e-02
2.3483127e+01	8.0990590e-02
2.3504936e+01	3.6081985e-01
2.3526745e+01	6.3156814e-01
2.3548554e+01	1.0214990e+00
2.3570363e+01	1.2916570e+00
2.3592172e+01	1.6960268e+00
2.3613981e+01	2.5071451e+00
2.3635790e+01	3.3362794e+00
2.3657599e+01	4.0851925e+00
2.3679407e+01	5.1062280e+00
2.3701216e+01	5.6671726e+00
2.3723025e+01	6.0460428e+00
2.3744834e+01	6.6105412e+00
2.3766643e+01	7.1534247e+00
2.3788452e+01	8.4607257e+00
2.3810261e+01	9.6440909e+00
2.3832070e+01	1.0188369e+01
2.3853879e+01	1.0426629e+01
2.3875688e+01	1.0246807e+01
2.3897497e+01	9.1472109e+00
2.3919306e+01	7.6665199e+00
2.3941115e+01	6.1102379e+00
2.3962924e+01	4.6726836e+00
2.3984733e+01	3.0759847e+00
2.4006542e+01	1.5168928e+00
2.4028350e+01	5.3011449e-01
2.4050159e+01	6.6252457e-02
2.4071968e+01	4.0665745e-02
2.4093777e+01	1.0087487e-02
2.4115586e+01	4.4052120e-02
2.4137395e+01	-2.4748523e-02
2.4159204e+01	-1.7127119e-02
2.4181013e+01	-1.2669703e-01
2.4202822e+01	-4.5472269e-02
2.4224631e+01	5.2477190e-02
2.4246440e+01	-1.4904659e-01
2.4268249e+01	-8.2281528e-02
2.4290058e+01	1.2745501e-02
2.4311867e+01	2.0313893e-02
2.4333676e+01	5.0256065e-02
2.4355485e+01	1.1562801e-01
2.4377293e+01	-7.1548229e-02
2.4399102e+01	-8.2362208e-02
2.4420911e+01	-8.6020725e-03
2.4442720e+01	4.4907968e-02
2.4464529e+01	1.2714110e-01
2.4486338e+01	6.5505771e-02
2.4508147e+01	4.9203675e-02
2.4529956e+01	7.0462925e-02
2.4551765e+01	4.7609032e-01
2.4573574e+01	4.6583982e-01
2.4595383e+01	4.1459006e-01
2.4617192e+01	6.4454731e-01
2.4639001e+01	7.7297993e-01
2.4660810e+01	2.3574163e-01
2.4682619e+01	2.0348117e-02
2.4704428e+01	1.3894642e-03
2.4726236e+01	-2.2095082e-01
2.4748045e+01	-1.9072647e-01
2.4769854e+01	-7.0618218e-02
2.4791663e+01	6.1055674e-02
2.4813472e+01	-1.7326650e-02
2.4835281e+01	-3.5968343e-02
2.4857090e+01	7.3033454e-02
2.4878899e+01	5.4134852e-02
2.4900708e+01	9.2177861e-02
2.4922517e+01	1.9928015e-02
2.4944326e+01	-8.0839257e-02
2.4966135e+01	-1.0752514e-01
2.4987944e+01	-1.2488648e-02
2.5009753e+01	8.2982056e-02
2.5031562e+01	-8.9453431e-03
2.5053371e+01	-1.0111741e-01
2.5075179e+01	-4.6269897e-02
2.5096988e+01	9.0836700e-02
2.5118797e+01	2.6909521e-02
2.5140606e+01	8.0027873e-02
2.5162415e+01	-1.8423738e-04
2.5184224e+01	-1.5270641e-01
2.5206033e+01	1.2739892e-02
2.5227842e+01	1.7047027e-01
2.5249651e+01	1.5839356e-01
2.5271460e+01	4.9271286e-02
2.5293269e+01	4.3564080e-02
2.5315078e+01	-5.2588964e-02
2.5336887e+01	4.7746835e-02
2.5358696e+01	-5.6534526e-02
2.5380505e+01	-2.5038839e-01
2.5402314e+01	1.7871770e-02
2.5424123e+01	-4.7046284e-02
2.5445931e+01	3.0864914e-02
2.5467740e+01	-5.8756445e-03
2.5489549e+01	1.1897624e-02
2.5511358e+01	2.9163909e-02
2.5533167e+01	9.4850611e-02
2.5554976e+01	7.6952095e-02
2.5576785e+01	-9.2959306e-02
2.5598594e+01	-1.5523926e-02
2.5620403e+01	4.3670142e-02
2.5642212e+01	9.8663763e-02
2.5664021e+01	-1.9218711e-01
2.5685830e+01	-2.3004842e-01
2.5707639e+01	3.0952037e-02
2.5729448e+01	1.0524875e-01
2.5751257e+01	7.5690890e-02
2.5773066e+01	9.7545073e-02
2.5794874e+01	-4.2385089e-02
2.5816683e+01	5.1568774e-03
2.5838492e+01	5.3455597e-02
2.5860301e+01	5.1456089e-02
2.5882110e+01	-1.5785879e-01
2.5903919e+01	-9.2171611e-02
2.5925728e+01	-1.0005512e-01
2.5947537e+01	-1.9212063e-02
2.5969346e+01	3.5370611e-02
2.5991155e+01	-7.3855207e-02
2.6012964e+01	1.9694276e-01
2.6034773e+01	1.4894210e-01
2.6056582e+01	4.9326089e-02
2.6078391e+01	4.4462800e-03
2.6100200e+01	2.6864893e-02
2.6122009e+01	3.5582180e-02
2.6143817e+01	2.0763057e-01
2.6165626e+01	2.3551789e-01
2.6187435e+01	-7.8531467e-02
2.6209244e+01	1.6409706e-04
2.6231053e+01	-6.7139601e-02
2.6252862e+01	-1.6315520e-01
2.6274671e+01	-1.1228994e-01
2.6296480e+01	-1.5354963e-01
2.6318289e+01	-2.3462240e-01
2.6340098e+01	1.8898382e-01
2.6361907e+01	5.6099181e-01
2.6383716e+01	8.4224164e-01
2.6405525e+01	6.4223837e-01
2.6427334e+01	8.5009003e-01
2.6449143e+01	5.7441102e-01
2.6470952e+01	2.4062771e-01
2.6492760e+01	1.5097485e-01
2.6514569e+01	-3.7408899e-02
2.6536378e+01	8.8418306e-03
2.6558187e+01	2.9337697e-02
2.6579996e+01	3.3829118e-01
2.6601805e+01	6.5987194e-01
2.6623614e+01	1.0190934e+00
2.6645423e+01	1.3340685e+00
2.6667232e+01	1.2172343e+00
2.6689041e+01	1.1409217e+00
2.6710850e+01	7.2599065e-01
2.6732659e+01	4.1782518e-01
2.6754468e+01	5.9396168e-02
2.6776277e+01	-5.5115472e-03
2.6798086e+01	-1.4634811e-01
2.6819895e+01	-3.9562191e-02
2.6841703e+01	6.6677665e-02
2.6863512e+01	4.9602796e-01
2.6885321e+01	6.9620943e-01
2.6907130e+01	8.4226956e-01
2.6928939e+01	1.1460557e+00
2.6950748e+01	1.2184530e+00
2.6972557e+01	1.0201040e+00
2.6994366e+01	5.3169683e-01
2.7016175e+01	5.4142384e-01
2.7037984e+01	4.0400914e-01
2.7059793e+01	1.3259480e-01
2.7081602e+01	8.4707227e-02
2.7103411e+01	-1.3365245e-02
2.7125220e+01	-1.6891263e-01
2.7147029e+01	-3.7864888e-02
2.7168838e+01	2.7099328e-02
2.7190646e+01	-8.6632151e-02
2.7212455e+01	-2.0895091e-02
2.7234264e+01	1.8320457e-03
2.7256073e+01	5.0587013e-03
2.7277882e+01	6.6042346e-02
2.7299691e+01	9.8996112e-02
2.7321500e+01	2.1018064e-02
2.7343309e+01	1.7159204e-01
2.7365118e+01	-7.2859925e-02
2.7386927e+01	-3.0765267e-01
2.7408736e+01	-1.7233089e-01
2.7430545e+01	-5.8643211e-02
2.7452354e+01	4.7200235e-03
2.7474163e+01	1.9075562e-01
2.7495972e+01	4.3260232e-01
2.7517781e+01	4.1471998e-01
2.7539590e+01	1.1399605e-01
2.7561398e+01	1.9673884e-02
2.7583207e+01	-6.3746779e-03
2.7605016e+01	-5.8422966e-02
2.7626825e+01	5.9276913e-02
2.7648634e+01	1.5875767e-01
2.7670443e+01	6.0343690e-01
2.7692252e+01	6.5524030e-01
2.7714061e+01	1.0852808e+00
2.7735870e+01	1.3840339e+00
2.7757679e+01	1.6615629e+00
2.7779488e+01	1.8840314e+00
2.7801297e+01	1.7584317e+00
2.7823106e+01	1.2977784e+00
2.7844915e+01	1.1379078e+00
2.7866724e+01	9.9186846e-01
2.7888533e+01	4.0628474e-01
2.7910341e+01	7.4052107e-02
2.7932150e+01	-2.0907304e-02
2.7953959e+01	8.3115682e-03
2.7975768e+01	-2.5246894e-02
2.7997577e+01	1.5976015e-01
2.8019386e+01	-5.7106545e-02
2.8041195e+01	-8.9157226e-02
2.8063004e+01	-7.0209226e-02
2.8084813e+01	-3.0184439e-01
2.8106622e+01	-7.4630799e-02
2.8128431e+01	1.1245093e-01
2.8150240e+01	-4.8646625e-02
2.8172049e+01	1.7130455e-02
2.8193858e+01	-1.7245001e-01
2.8215667e+01	1.2130118e-02
2.8237476e+01	9.7205195e-02
2.8259284e+01	1.4929308e-01
2.8281093e+01	1.3144209e-01
2.8302902e+01	1.0145923e-01
2.8324711e+01	1.4621339e-01
2.8346520e+01	-3.7690898e-02
2.8368329e+01	-1.2634576e-01
2.8390138e+01	-1.4111167e-01
2.8411947e+01	2.5302149e-03
2.8433756e+01	1.1962729e-01
2.8455565e+01	3.1868573e-01
2.8477374e+01	9.1658173e-01
2.8499183e+01	1.3658756e+00
2.8520992e+01	1.9120925e+00
2.8542801e+01	2.1952758e+00
2.8564610e+01	2.0915197e+00
2.8586419e+01	2.0370874e+00
2.8608227e+01	1.7457764e+00
2.8630036e+01	1.3018117e+00
2.8651845e+01	8.3287169e-01
2.8673654e+01	5.4552462e-01
2.8695463e+01	2.4103276e-01
2.8717272e+01	9.5661962e-02
2.8739081e+01	-2.1332508e-02
2.8760890e+01	-4.5021326e-02
2.8782699e+01	-1.0392668e-01
2.8804508e+01	-1.2146671e-01
2.8826317e+01	-1.2767692e-02
2.8848126e+01	-3.9765237e-02
2.8869935e+01	-3.1351825e-02
2.8891744e+01	4.7817884e-02
2.8913553e+01	-2.3929389e-02
2.8935362e+01	-5.7201593e-02
2.8957170e+01	5.1126339e-02
2.8978979e+01	-1.0531943e-01
2.9000788e+01	-7.1153338e-02
2.9022597e+01	9.1101521e-02
2.9044406e+01	1.6777127e-01
2.9066215e+01	1.3941085e-01
2.9088024e+01	-4.4369750e-03
2.9109833e+01	-3.1912557e-02
2.9131642e+01	-7.6405535e-02
2.9153451e+01	1.7254520e-02
2.9175260e+01	-5.9068619e-02
2.9197069e+01	-5.3905991e-02
2.9218878e+01	7.8566702e-02
2.9240687e+01	9.4196978e-02
2.9262496e+01	-5.2033296e-02
2.9284305e+01	8.3259196e-02
2.9306113e+01	-4.1408440e-02
2.9327922e+01	-2.1132208e-02
2.9349731e+01	-7.2720523e-02
2.9371540e+01	-1.0120987e-02
2.9393349e+01	-1.6897718e-02
2.9415158e+01	-3.2069851e-02
2.9436967e+01	1.0880121e-01
2.9458776e+01	7.7344351e-02
2.9480585e+01	3.0410198e-02
2.9502394e+01	2.7371045e-02
2.9524203e+01	-1.0304615e-01
2.9546012e+01	-9.0116041e-02
2.9567821e+01	-4.3887347e-03
2.9589630e+01	2.7245103e-02
2.9611439e+01	-1.5288090e-02
2.9633248e+01	-2.5733305e-02
2.9655057e+01	-6.5251433e-02
2.9676865e+01	-6.6023382e-04
2.9698674e+01	4.4459001e-02
2.9720483e+01	4.6438957e-02
2.9742292e+01	-1.6906662e-01
2.9764101e+01	8.0023780e-02
2.9785910e+01	-1.3418689e-03
2.9807719e+01	-1.3004072e-02
2.9829528e+01	8.4515331e-02
2.9851337e+01	-5.8002486e-02
2.9873146e+01	-1.1514572e-02
2.9894955e+01	1.6692882e-01
2.9916764e+01	3.5466823e-02
2.9938573e+01	3.4806495e-03
2.9960382e+01	6.1265370e-01
2.9982191e+01	1.1310166e+00
3.0004000e+01	1.5794704e+00
3.0025808e+01	2.0732384e+00
3.0047617e+01	2.5125037e+00
3.0069426e+01	2.7459115e+00
3.0091235e+01	2.9875080e+00
3.0113044e+01	3.2344823e+00
3.0134853e+01	2.9819046e+00
3.0156662e+01	2.3180471e+00
3.0178471e+01	1.8374190e+00
3.0200280e+01	1.3072265e+00
3.0222089e+01	8.5364560e-01
3.0243898e+01	6.0190463e-01
3.0265707e+01	1.0295172e-01
3.0287516e+01	2.3806209e-02
3.0309325e+01	2.0524164e-02
3.0331134e+01	-1.0390371e-01
3.0352943e+01	-2.2694109e-01
3.0374751e+01	-7.4108573e-02
3.0396560e+01	1.9812961e-02
3.0418369e+01	8.2544374e-02
3.0440178e+01	1.1432474e-01
3.0461987e+01	3.6601895e-02
3.0483796e+01	-8.2225520e-03
3.0505605e+01	1.7046676e-02
3.0527414e+01	-4.0346390e-02
3.0549223e+01	-1.2056663e-01
3.0571032e+01	1.0120327e-01
3.0592841e+01	-6.2268739e-02
3.0614650e+01	-2.3019820e-01
3.0636459e+01	-6.6146094e-03
3.0658268e+01	-7.8078243e-02
3.0680077e+01	1.3476085e-01
3.0701886e+01	6.3162739e-02
3.0723694e+01	1.1951206e-01
3.0745503e+01	1.6498296e-02
3.0767312e+01	2.5504181e-02
3.0789121e+01	1.2112175e-01
3.0810930e+01	1.3796339e-02
3.0832739e+01	1.4729824e-01
3.0854548e+01	1.0498383e-01
3.0876357e+01	4.9467544e-02
3.0898166e+01	-1.0834567e-01
3.0919975e+01	-1.9666187e-01
3.0941784e+01	2.6100101e-02
3.0963593e+01	-1.2712326e-01
3.0985402e+01	1.4041008e-01
3.1007211e+01	9.8617390e-02
3.1029020e+01	-2.1839206e-02
3.1050829e+01	-1.6928906e-01
3.1072637e+01	-1.3489017e-01
3.1094446e+01	-1.1350634e-02
3.1116255e+01	-1.6832543e-01
3.1138064e+01	8.4686419e-02
3.1159873e+01	-3.3593714e-03
3.1181682e+01	-6.5901759e-02
3.1203491e+01	9.4941123e-02
3.1225300e+01	1.2096429e-01
3.1247109e+01	8.0430909e-02
3.1268918e+01	9.2732574e-02
3.1290727e+01	6.2686354e-02
3.1312536e+01	7.3674744e-02
3.1334345e+01	4.8148649e-02
3.1356154e+01	-7.2828883e-02
3.1377963e+01	-8.2873377e-02
3.1399772e+01	4.5491743e-02
3.1421580e+01	-2.4860597e-01
3.1443389e+01	-1.0049595e-01
3.1465198e+01	-7.6238803e-02
3.1487007e+01	-8.6031611e-02
3.1508816e+01	3.3551326e-02
3.1530625e+01	1.2918899e-01
3.1552434e+01	5.7160964e-02
3.1574243e+01	3.0778055e-03
3.1596052e+01	3.0336298e-02
3.1617861e+01	6.9260795e-02
3.1639670e+01	2.2988076e-01
3.1661479e+01	1.7100850e-02
3.1683288e+01	5.6226786e-02
3.1705097e+01	-1.5347144e-01
3.1726906e+01	-1.5766600e-01
3.1748715e+01	2.3980250e-01
3.1770524e+01	6.6081789e-01
3.1792332e+01	9.8874288e-01
3.1814141e+01	1.3531088e+00
3.1835950e+01	1.8413909e+00
3.1857759e+01	2.3986835e+00
3.1879568e+01	2.7087598e+00
3.1901377e+01	2.6879293e+00
3.1923186e+01	2.7867332e+00
3.1944995e+01	2.8913717e+00
3.1966804e+01	2.5134942e+00
3.1988613e+01	2.0792530e+00
3.2010422e+01	1.7386833e+00
3.2032231e+01	1.3811505e+00
3.2054040e+01	1.1186499e+00
3.2075849e+01	8.1789673e-01
3.2097658e+01	4.4970432e-01
3.2119467e+01	8.7473941e-02
3.2141275e+01	3.2550682e-02
3.2163084e+01	-1.5691782e-01
3.2184893e+01	-2.8566174e-02
3.2206702e+01	1.9027247e-01
3.2228511e+01	4.1507495e-02
3.2250320e+01	-2.1265091e-02
3.2272129e+01	-8.6493804e-02
3.2293938e+01	-1.4376092e-01
3.2315747e+01	3.9607965e-02
3.2337556e+01	4.2786139e-02
3.2359365e+01	-6.7389873e-02
3.2381174e+01	-1.4752727e-01
3.2402983e+01	1.5427651e-01
3.2424792e+01	-4.2081543e-02
3.2446601e+01	1.6941808e-02
3.2468410e+01	8.3076833e-02
3.2490218e+01	2.6851378e-02
3.2512027e+01	4.0551003e-02
3.2533836e+01	2.7867902e-02
3.2555645e+01	3.0053530e-03
3.2577454e+01	5.1375604e-03
3.2599263e+01	-8.5131291e-02
3.2621072e+01	-8.6979978e-02
3.2642881e+01	1.6594982e-02
3.2664690e+01	2.0598397e-01
3.2686499e+01	8.4984468e-02
3.2708308e+01	8.2651184e-02
3.2730117e+01	-1.1844336e-01
3.2751926e+01	-1.1369332e-01
3.2773735e+01	-1.2176015e-02
3.2795544e+01	-7.2503244e-02
3.2817353e+01	6.1959605e-02
3.2839161e+01	-3.7825605e-02
3.2860970e+01	-8.3476859e-02
3.2882779e+01	4.3418019e-02
3.2904588e+01	1.7009031e-01
3.2926397e+01	-4.3295295e-02
3.2948206e+01	2.9190123e-02
3.2970015e+01	-5.6148027e-02
3.2991824e+01	-1.1152247e-02
3.3013633e+01	5.0748930e-02
3.3035442e+01	3.5833029e-03
3.3057251e+01	3.5011495e-02
3.3079060e+01	4.7416882e-02
3.3100869e+01	-3.5159887e-02
3.3122678e+01	2.8218372e-02
3.3144487e+01	-5.9742847e-02
3.3166296e+01	-8.1597747e-02
3.3188104e+01	-9.0328717e-02
3.3209913e+01	6.2527308e-02
3.3231722e+01	-8.0912064e-02
3.3253531e+01	8.7403376e-02
3.3275340e+01	2.4249434e-02
3.3297149e+01	1.5491476e-01
3.3318958e+01	2.0026495e-01
3.3340767e+01	-4.1915548e-02
3.3362576e+01	-1.1891987e-01
3.3384385e+01	-7.7608659e-02
3.3406194e+01	-2.3463812e-02
3.3428003e+01	9.6592242e-03
3.3449812e+01	-2.5262849e-01
3.3471621e+01	-1.6140126e-01
3.3493430e+01	2.5205549e-02
3.3515239e+01	5.9662494e-02
3.3537047e+01	1.5267835e-01
3.3558856e+01	1.3682819e-01
3.3580665e+01	-4.1187987e-04
3.3602474e+01	3.2027989e-02
3.3624283e+01	6.6607364e-02
3.3646092e+01	1.9773986e-01
3.3667901e+01	8.5082637e-02
3.3689710e+01	5.6587496e-02
3.3711519e+01	-3.0396064e-02
3.3733328e+01	-2.5137752e-01
3.3755137e+01	-1.0507682e-01
3.3776946e+01	7.9330332e-02
3.3798755e+01	-8.7374557e-02
3.3820564e+01	-1.0163517e-01
3.3842373e+01	1.0306587e-01
3.3864182e+01	6.4249417e-02
3.3885991e+01	1.0414554e-01
3.3907799e+01	6.5284696e-02
3.3929608e+01	3.1842476e-02
3.3951417e+01	-6.5519909e-02
3.3973226e+01	-7.9916041e-02
3.3995035e+01	-2.7122086e-02
3.4016844e+01	-1.5362182e-01
3.4038653e+01	-1.2556262e-01
3.4060462e+01	1.6738751e-02
3.4082271e+01	7.8213710e-02
3.4104080e+01	5.9279989e-03
3.4125889e+01	1.0303206e-01
3.4147698e+01	1.8480407e-01
3.4169507e+01	-1.4712557e-02
3.4191316e+01	-4.9805456e-02
3.4213125e+01	7.2544648e-02
3.4234934e+01	4.3896554e-02
3.4256742e+01	-1.2949523e-01
3.4278551e+01	-3.8151558e-02
3.4300360e+01	-3.0815016e-02
3.4322169e+01	4.3726858e-02
3.4343978e+01	-6.4797991e-02
3.4365787e+01	7.7397604e-02
3.4387596e+01	1.2166716e-01
3.4409405e+01	-4.0557831e-02
3.4431214e+01	-1.8734353e-01
3.4453023e+01	-3.3962867e-02
3.4474832e+01	6.6366953e-02
3.4496641e+01	-8.3784870e-02
3.4518450e+01	-6.6167728e-03
3.4540259e+01	1.3582418e-01
3.4562068e+01	8.3133202e-02
3.4583877e+01	8.5765313e-02
3.4605685e+01	5.0188439e-02
3.4627494e+01	-3.3762552e-02
3.4649303e+01	-1.6323452e-01
3.4671112e+01	-1.5789561e-01
3.4692921e+01	1.4752111e-01
3.4714730e+01	6.8533593e-02
3.4736539e+01	-7.9645254e-02
3.4758348e+01	-1.3905368e-01
3.4780157e+01	2.7285422e-02
3.4801966e+01	1.5367311e-01
3.4823775e+01	1.5959069e-01
3.4845584e+01	-5.7815692e-02
3.4867393e+01	1.8362288e-02
3.4889202e+01	-1.1809949e-01
3.4911011e+01	2.9668233e-02
3.4932820e+01	-1.6874878e-02
3.4954628e+01	-6.3012928e-02
3.4976437e+01	1.9594452e-04
3.4998246e+01	3.3817438e-02
3.5020055e+01	7.8052730e-02
3.5041864e+01	2.2817794e-02
3.5063673e+01	3.0944492e-02
3.5085482e+01	-3.8309865e-02
3.5107291e+01	-2.3808010e-02
3.5129100e+01	-5.0358373e-02
3.5150909e+01	-5.1033414e-02
3.5172718e+01	-9.7351638e-02
3.5194527e+01	1.3139390e-01
3.5216336e+01	-8.3932162e-02
3.5238145e+01	8.1156874e-02
3.5259954e+01	-3.2783000e-02
3.5281763e+01	-1.7808636e-02
3.5303571e+01	1.9089820e-01
3.5325380e+01	2.4200680e-01
3.5347189e+01	-1.0831247e-01
3.5368998e+01	1.0473143e-02
3.5390807e+01	8.3777481e-02
3.5412616e+01	-2.2060022e-02
3.5434425e+01	-1.6808963e-01
3.5456234e+01	-5.1582874e-02
3.5478043e+01	-1.3017641e-01
3.5499852e+01	-1.0143611e-01
3.5521661e+01	5.8090150e-02
3.5543470e+01	8.4287355e-02
3.5565279e+01	2.1796262e-02
3.5587088e+01	-8.6460321e-02
3.5608897e+01	1.3239477e-01
3.5630706e+01	5.2056280e-02
3.5652514e+01	1.3285116e-01
3.5674323e+01	1.6043218e-01
3.5696132e+01	2.8549518e-01
3.5717941e+01	4.2588368e-02
3.5739750e+01	-3.1973422e-02
3.5761559e+01	-1.4155657e-01
3.5783368e+01	-9.4711354e-02
3.5805177e+01	-3.8126666e-02
3.5826986e+01	-3.9102743e-02
3.5848795e+01	-5.4723629e-02
3.5870604e+01	1.6294537e-01
3.5892413e+01	1.0673341e-01
3.5914222e+01	-4.7812132e-02
3.5936031e+01	-5.3037352e-02
3.5957840e+01	-9.9266274e-02
3.5979649e+01	-1.1087266e-01
3.6001458e+01	5.7499526e-01
3.6023266e+01	7.4317669e-01
3.6045075e+01	9.0672621e-01
3.6066884e+01	1.1950693e+00
3.6088693e+01	1.1265095e+00
3.6110502e+01	8.8298023e-01
3.6132311e+01	9.3587704e-01
3.6154120e+01	7.5199641e-01
3.6175929e+01	5.9517184e-01
3.6197738e+01	4.7327278e-01
3.6219547e+01	4.5507923e-01
3.6241356e+01	1.1849613e-01
3.6263165e+01	-1.9042452e-02
3.6284974e+01	-2.0419125e-02
3.6306783e+01	-2.0127306e-02
3.6328592e+01	9.2894664e-02
3.6350401e+01	-7.7621747e-04
3.6372209e+01	-2.0844394e-01
3.6394018e+01	-7.0689666e-02
3.6415827e+01	-2.9150454e-02
3.6437636e+01	1.4869539e-01
3.6459445e+01	2.7455356e-01
3.6481254e+01	1.6155486e-01
3.6503063e+01	1.6476346e-01
3.6524872e+01	3.9107725e-02
3.6546681e+01	1.9802601e-02
3.6568490e+01	-2.6693205e-01
3.6590299e+01	2.3825208e-02
3.6612108e+01	-9.7934509e-03
3.6633917e+01	-1.5943283e-01
3.6655726e+01	-7.9005660e-02
3.6677535e+01	5.8142644e-02
3.6699344e+01	1.0535670e-01
3.6721152e+01	3.0722149e-02
3.6742961e+01	-9.7751334e-02
3.6764770e+01	-1.3473776e-02
3.6786579e+01	1.1882810e-02
3.6808388e+01	-8.9020928e-02
3.6830197e+01	4.1790360e-02
3.6852006e+01	1.3758397e-01
3.6873815e+01	1.2406834e-01
3.6895624e+01	1.1703253e-02
3.6917433e+01	-2.4160338e-02
3.6939242e+01	-3.2886800e-02
3.6961051e+01	5.6646211e-02
3.6982860e+01	-5.1717416e-02
3.7004669e+01	2.9543143e-03
3.7026478e+01	3.3979866e-01
3.7048287e+01	5.2002255e-01
3.7070095e+01	4.9812694e-01
3.7091904e+01	1.3614422e-01
3.7113713e+01	-6.1634262e-02
3.7135522e+01	-1.1599570e-01
3.7157331e+01	-1.1660541e-01
3.7179140e+01	-7.8372442e-02
3.7200949e+01	1.0039170e-01
3.7222758e+01	1.8742647e-01
3.7244567e+01	2.4998851e-02
3.7266376e+01	1.4541578e-02
3.7288185e+01	-2.0228754e-01
3.7309994e+01	-7.0233479e-03
3.7331803e+01	7.1974154e-02
3.7353612e+01	-1.7208020e-01
3.7375421e+01	-1.7871837e-01
3.7397230e+01	4.9142591e-02
3.7419038e+01	8.4369816e-02
3.7440847e+01	9.7498152e-02
3.7462656e+01	5.8492387e-01
3.7484465e+01	1.0924016e+00
3.7506274e+01	8.9538312e-01
3.7528083e+01	5.1647634e-01
3.7549892e+01	2.1104808e-01
3.7571701e+01	-3.5845775e-03
3.7593510e+01	5.2738464e-02
3.7615319e+01	1.2891062e-01
3.7637128e+01	-3.1241273e-02
3.7658937e+01	-1.2692080e-01
3.7680746e+01	-1.4290484e-01
3.7702555e+01	-3.7375807e-02
3.7724364e+01	1.7444023e-01
3.7746173e+01	5.7853635e-01
3.7767981e+01	6.2543055e-01
3.7789790e+01	9.4298455e-01
3.7811599e+01	1.2391061e+00
3.7833408e+01	1.3885178e+00
3.7855217e+01	1.5722785e+00
3.7877026e+01	1.5287409e+00
3.7898835e+01	1.6012707e+00
3.7920644e+01	1.6196655e+00
3.7942453e+01	1.4287202e+00
3.7964262e+01	1.1867653e+00
3.7986071e+01	9.1845476e-01
3.8007880e+01	6.1702112e-01
3.8029689e+01	1.6257916e-01
3.8051498e+01	8.3095315e-02
3.8073307e+01	-2.5975817e-02
3.8095116e+01	-1.6954253e-01
3.8116925e+01	-1.4248291e-01
3.8138733e+01	-2.7274718e-02
3.8160542e+01	-2.8579345e-01
3.8182351e+01	2.9937902e-02
3.8204160e+01	9.0565775e-02
3.8225969e+01	-2.3217079e-02
3.8247778e+01	-5.2669214e-02
3.8269587e+01	3.0214096e-02
3.8291396e+01	1.3334057e-01
3.8313205e+01	1.8997007e-01
3.8335014e+01	2.8719704e-01
3.8356823e+01	2.0501662e-01
3.8378632e+01	-8.4237527e-02
3.8400441e+01	3.7230914e-02
3.8422250e+01	3.5520717e-02
3.8444059e+01	2.4652485e-02
3.8465868e+01	1.2769924e-01
3.8487676e+01	-3.0558432e-02
3.8509485e+01	-8.3412157e-02
3.8531294e+01	-8.5129623e-02
3.8553103e+01	-1.3003657e-01
3.8574912e+01	2.1801457e-02
3.8596721e+01	1.3494427e-01
3.8618530e+01	-2.2729914e-01
3.8640339e+01	-1.2756799e-01
3.8662148e+01	8.4375088e-02
3.8683957e+01	1.9159554e-01
3.8705766e+01	-1.0754196e-01
3.8727575e+01	3.7410752e-02
3.8749384e+01	-1.1763772e-01
3.8771193e+01	-6.5964894e-02
3.8793002e+01	1.0376271e-01
3.8814811e+01	1.3775482e-01
3.8836619e+01	4.5203006e-02
3.8858428e+01	-7.2071798e-03
3.8880237e+01	-6.3517683e-02
3.8902046e+01	-1.0218950e-01
3.8923855e+01	4.8399050e-02
3.8945664e+01	1.3099960e-01
3.8967473e+01	4.0916980e-02
3.8989282e+01	3.6746756e-02
3.9011091e+01	-1.0844151e-01
3.9032900e+01	-6.4807383e-02
3.9054709e+01	1.8891952e-02
3.9076518e+01	2.2143990e-02
3.9098327e+01	5.8262023e-02
3.9120136e+01	1.0809616e-01
3.9141945e+01	-1.8203836e-01
3.9163754e+01	-1.1949527e-01
3.9185562e+01	3.2165246e-03
3.9207371e+01	-1.3200994e-01
3.9229180e+01	1.0695833e-01
3.9250989e+01	1.7633944e-01
3.9272798e+01	-3.5283075e-02
3.9294607e+01	2.0549137e-02
3.9316416e+01	2.3489486e-01
3.9338225e+01	1.1397462e-01
3.9360034e+01	5.2207740e-02
3.9381843e+01	-7.1075403e-02
3.9403652e+01	-2.5274258e-01
3.9425461e+01	-1.3284892e-01
3.9447270e+01	-2.6983815e-02
3.9469079e+01	2.1389243e-01
3.9490888e+01	5.2878325e-02
3.9512697e+01	1.4493972e-03
3.9534505e+01	4.0581977e-02
3.9556314e+01	-6.1481844e-02
3.9578123e+01	-2.1334291e-01
3.9599932e+01	4.7494725e-02
3.9621741e+01	1.7163940e-01
3.9643550e+01	-1.7484657e-01
3.9665359e+01	6.4300602e-02
3.9687168e+01	6.6492851e-02
3.9708977e+01	-6.1695184e-02
3.9730786e+01	1.4695239e-01
3.9752595e+01	-8.3043628e-02
3.9774404e+01	1.7388945e-01
3.9796213e+01	2.9218098e-01
3.9818022e+01	8.9351856e-02
3.9839831e+01	-1.4479185e-01
3.9861640e+01	1.6833098e-01
3.9883449e+01	4.3676989e-03
3.9905257e+01	-2.3217638e-01
3.9927066e+01	-5.8450289e-02
3.9948875e+01	1.1323412e-01
3.9970684e+01	9.7836727e-02
3.9992493e+01	-3.3015519e-02
4.0014302e+01	-1.9303888e-01
4.0036111e+01	1.1985021e-01
4.0057920e+01	6.3168898e-02
4.0079729e+01	-9.1461930e-03
4.0101538e+01	-7.7387779e-02
4.0123347e+01	8.6398941e-02
4.0145156e+01	-2.0843141e-02
4.0166965e+01	-2.3163435e-01
4.0188774e+01	-1.3869984e-01
4.0210583e+01	1.0065636e-01
4.0232392e+01	-5.6365638e-02
4.0254200e+01	7.2008684e-02
4.0276009e+01	1.4595005e-01
4.0297818e+01	7.4953273e-02
4.0319627e+01	-6.9145351e-02
4.0341436e+01	1.3437530e-01
4.0363245e+01	-1.3212377e-02
4.0385054e+01	1.9350746e-02
4.0406863e+01	6.8908732e-02
4.0428672e+01	-1.3601787e-02
4.0450481e+01	-1.5005251e-01
4.0472290e+01	-1.3033223e-01
4.0494099e+01	2.5702904e-02
4.0515908e+01	1.0687791e-01
4.0537717e+01	-1.9069471e-02
4.0559526e+01	4.4989407e-02
4.0581335e+01	3.5128725e-01
4.0603143e+01	-7.8781657e-02
4.0624952e+01	-3.1328865e-02
4.0646761e+01	-5.4088353e-02
4.0668570e+01	-5.2486483e-02
4.0690379e+01	1.5545668e-01
4.0712188e+01	2.0905798e-01
4.0733997e+01	-5.3253102e-02
4.0755806e+01	-2.7212516e-02
4.0777615e+01	1.4816225e-01
4.0799424e+01	-1.5431187e-01
4.0821233e+01	-4.3878788e-02
4.0843042e+01	-2.8218425e-03
4.0864851e+01	1.0545849e-03
4.0886660e+01	5.2704043e-02
4.0908469e+01	-1.7993302e-01
4.0930278e+01	-1.0974562e-01
4.0952086e+01	-4.0898083e-02
4.0973895e+01	7.3024148e-02
4.0995704e+01	6.4509213e-02
4.1017513e+01	6.2655434e-02
4.1039322e+01	1.5577503e-01
4.1061131e+01	1.7881364e-01
4.1082940e+01	2.6366876e-01
4.1104749e+01	-7.2021771e-02
4.1126558e+01	-2.9139153e-01
4.1148367e+01	-1.5969909e-02
4.1170176e+01	9.8456755e-02
4.1191985e+01	-7.5127067e-02
4.1213794e+01	3.7228584e-02
4.1235603e+01	6.5051390e-02
4.1257412e+01	-3.3126048e-02
4.1279221e+01	-2.8933905e-02
4.1301029e+01	1.3645716e-01
4.1322838e+01	2.2704130e-01
4.1344647e+01	-3.7266080e-02
4.1366456e+01	-2.1351791e-01
4.1388265e+01	-2.0821261e-01
4.1410074e+01	1.5546063e-03
4.1431883e+01	2.4731925e-02
4.1453692e+01	2.6823478e-01
4.1475501e+01	2.4101538e-02
4.1497310e+01	2.3189081e-02
4.1519119e+01	3.0758138e-02
4.1540928e+01	-4.9649434e-02
4.1562737e+01	3.7303351e-02
4.1584546e+01	-1.3924121e-01
4.1606355e+01	2.9820641e-02
4.1628164e+01	2.3471836e-02
4.1649972e+01	1.0596513e-02
4.1671781e+01	-5.0884463e-03
4.1693590e+01	2.0512131e-01
4.1715399e+01	7.3802253e-01
4.1737208e+01	1.0801830e+00
4.1759017e+01	9.9977951e-01
4.1780826e+01	1.2947587e+00
4.1802635e+01	9.8586641e-01
4.1824444e+01	1.2207593e+00
4.1846253e+01	1.2985961e+00
4.1868062e+01	9.9093261e-01
4.1889871e+01	1.1020055e+00
4.1911680e+01	1.1186355e+00
4.1933489e+01	6.0779446e-01
4.1955298e+01	5.0728598e-01
4.1977107e+01	5.0535926e-01
4.1998916e+01	-6.2286010e-02
4.2020724e+01	-5.9878501e-02
4.2042533e+01	-5.7130282e-02
4.2064342e+01	-5.9775081e-02
4.2086151e+01	-1.1531692e-01
4.2107960e+01	1.6427709e-01
4.2129769e+01	1.2539043e-01
4.2151578e+01	6.5010344e-02
4.2173387e+01	9.1473092e-02
4.2195196e+01	6.6649507e-02
4.2217005e+01	-9.8352480e-02
4.2238814e+01	1.5425323e-01
4.2260623e+01	1.9983777e-01
4.2282432e+01	-1.8432073e-01
4.2304241e+01	-2.5216335e-01
4.2326050e+01	7.1680617e-04
4.2347859e+01	-6.7706967e-02
4.2369667e+01	-4.6748212e-02
4.2391476e+01	-3.9792214e-01
4.2413285e+01	7.3019629e-02
4.2435094e+01	3.7909256e-01
4.2456903e+01	2.6497425e-01
4.2478712e+01	1.5451338e-01
4.2500521e+01	1.7225166e-01
4.2522330e+01	3.9579773e-01
4.2544139e+01	-8.5376508e-02
4.2565948e+01	2.1119990e-01
4.2587757e+01	4.6227936e-01
4.2609566e+01	6.9489732e-01
4.2631375e+01	6.9379724e-01
4.2653184e+01	5.8650840e-01
4.2674993e+01	3.6036886e-01
4.2696802e+01	2.0889091e-01
4.2718610e+01	1.5736828e-01
4.2740419e+01	3.1984517e-01
4.2762228e+01	-1.0638785e-01
4.2784037e+01	-1.4544954e-01
4.2805846e+01	-9.2804718e-02
4.2827655e+01	5.2789669e-03
4.2849464e+01	-1.1926605e-01
4.2871273e+01	1.3212601e-01
4.2893082e+01	7.6500197e-02
4.2914891e+01	-3.3994492e-01
4.2936700e+01	8.1097162e-02
4.2958509e+01	2.0928443e-01
4.2980318e+01	2.2732100e-01
4.3002127e+01	1.6775079e-03
4.3023936e+01	-1.0870854e-01
4.3045745e+01	-7.9377476e-02
4.3067553e+01	2.1130969e-01
4.3089362e+01	-1.0879165e-01
4.3111171e+01	-1.5909134e-01
4.3132980e+01	2.3644825e-02
4.3154789e+01	9.8468974e-02
4.3176598e+01	7.8191256e-02
4.3198407e+01	-6.5896059e-02
4.3220216e+01	5.2242372e-01
4.3242025e+01	4.3602626e-01
4.3263834e+01	5.0829742e-01
4.3285643e+01	4.6264643e-01
4.3307452e+01	-1.3250251e-01
4.3329261e+01	7.9129848e-01
4.3351070e+01	6.4570985e-01
4.3372879e+01	6.1259018e-02
4.3394688e+01	5.9269679e-01
4.3416496e+01	9.0137101e-01
4.3438305e+01	5.3496924e-01
4.3460114e+01	3.4776402e-01
4.3481923e+01	4.0812750e-01
4.3503732e+01	1.8326201e-01
4.3525541e+01	-2.1424598e-01
4.3547350e+01	1.3045801e-01
4.3569159e+01	9.3420999e-02
4.3590968e+01	-2.4670087e-01
4.3612777e+01	2.2825529e-01
4.3634586e+01	1.1648370e-01
4.3656395e+01	-1.1268665e-01
4.3678204e+01	9.1529541e-01
4.3700013e+01	8.7032599e-01
4.3721822e+01	9.9957720e-01
4.3743631e+01	1.0647212e+00
4.3765439e+01	1.2830900e+00
4.3787248e+01	1.7724728e+00
4.3809057e+01	2.1042456e+00
4.3830866e+01	2.3005217e+00
4.3852675e+01	1.8802270e+00
4.3874484e+01	1.7401768e+00
4.3896293e+01	1.6188841e+00
4.3918102e+01	1.8939920e+00
4.3939911e+01	1.5499456e+00
4.3961720e+01	1.2646791e+00
4.3983529e+01	1.1440856e+00
4.4005338e+01	6.0408512e-01
4.4027147e+01	8.4056830e-02
4.4048956e+01	-8.0418933e-03
4.4070765e+01	5.7883745e-02
4.4092574e+01	-9.5054716e-02
4.4114383e+01	-1.5702720e-01
4.4136191e+01	-3.0879152e-01
4.4158000e+01	8.8992613e-02
4.4179809e+01	1.9524955e-01
4.4201618e+01	2.1536505e-01
4.4223427e+01	1.3766650e-01
4.4245236e+01	1.0585788e-01
4.4267045e+01	-1.5107084e-01
4.4288854e+01	1.6352312e-01
4.4310663e+01	-1.2827921e-02
4.4332472e+01	5.6567921e-02
4.4354281e+01	2.4177668e-02
4.4376090e+01	-7.2644981e-02
4.4397899e+01	-2.7767600e-01
4.4419708e+01	-3.1193140e-01
4.4441517e+01	1.0206767e-01
4.4463326e+01	-3.4066235e-02
4.4485134e+01	1.4772129e-01
4.4506943e+01	1.9453550e-01
4.4528752e+01	-1.5152057e-01
4.4550561e+01	2.2150999e-01
4.4572370e+01	7.4252619e-02
4.4594179e+01	-4.6979748e-02
4.4615988e+01	4.3124616e-01
4.4637797e+01	5.5404695e-01
4.4659606e+01	3.0690842e-01
4.4681415e+01	1.6635848e-01
4.4703224e+01	3.4735502e-01
4.4725033e+01	-1.8937127e-01
4.4746842e+01	7.7437655e-02
4.4768651e+01	-1.0880287e-01
4.4790460e+01	1.7603708e-01
4.4812269e+01	-1.7553109e-01
4.4834077e+01	1.6732358e-01
4.4855886e+01	-8.2516988e-02
4.4877695e+01	-4.0470240e-02
4.4899504e+01	-2.1366651e-01
4.4921313e+01	-1.0791826e-02
4.4943122e+01	1.0736498e-01
4.4964931e+01	1.1724138e-01
4.4986740e+01	-5.1129990e-03