Image file: \\Gfs05\g45\SAXS\2020_12\HDF5\2020-12.10_Kevin_day2_SN\2020-12-10_Max_Cu123_SN_000017_data_000071.h5
ImageIntegration1d_chi_output; Output_Directory= \\Gfs05\g45\SAXS\2020_12\Processed\2020-12-09_Kevin_day1_SN\Chi-Sample-7
Profile = Radial, StartAzimuth = 0.0, EndAzimuth = 360.0, Sam_Det_distance = 250.818474293, InnerRadius = 15.0, OuterRadius = 2400.0, Lambda = 30, Ratio = 0.001, Itermax = 100
2400
2.0013229e+00	1.4231362e-01
2.0231319e+00	1.1576214e-01
2.0449408e+00	-9.2743947e-02
2.0667497e+00	-1.2153836e-01
2.0885587e+00	2.3537233e-01
2.1103676e+00	-1.8407233e-01
2.1321765e+00	-1.6551699e-01
2.1539855e+00	-8.1078624e-02
2.1757944e+00	1.1026900e-01
2.1976034e+00	2.3792532e-01
2.2194123e+00	1.4834102e-01
2.2412212e+00	-2.7997910e-02
2.2630302e+00	-6.5070504e-02
2.2848391e+00	1.6205383e-01
2.3066480e+00	1.6694622e-01
2.3284570e+00	-1.2656053e-01
2.3502659e+00	3.2399208e-02
2.3720749e+00	2.1309459e-01
2.3938838e+00	4.5883179e-02
2.4156927e+00	-3.3694405e-01
2.4375017e+00	-1.5646934e-01
2.4593106e+00	9.3698530e-02
2.4811196e+00	1.0239433e-01
2.5029285e+00	9.7035984e-03
2.5247374e+00	7.6194911e-03
2.5465464e+00	5.8343374e-02
2.5683553e+00	2.5722123e-02
2.5901642e+00	1.6624771e-01
2.6119732e+00	2.5394055e-01
2.6337821e+00	-1.9687249e-01
2.6555911e+00	-1.6657261e-01
2.6774000e+00	-4.4018683e-02
2.6992089e+00	3.2577822e-02
2.7210179e+00	-1.1117891e-01
2.7428268e+00	1.2161878e-01
2.7646358e+00	1.8823532e-01
2.7864447e+00	1.1659402e-01
2.8082536e+00	7.6557398e-03
2.8300626e+00	-4.7399557e-03
2.8518715e+00	-8.0442205e-02
2.8736804e+00	-4.5021359e-02
2.8954894e+00	6.6297254e-02
2.9172983e+00	-1.0082060e-01
2.9391073e+00	-6.0330828e-02
2.9609162e+00	-8.0191938e-02
2.9827251e+00	1.1918208e-01
3.0045341e+00	2.4564792e-01
3.0263430e+00	-6.0862161e-03
3.0481519e+00	5.3880208e-02
3.0699609e+00	5.1723330e-03
3.0917698e+00	-1.7334042e-02
3.1135788e+00	-2.9545215e-02
3.1353877e+00	2.8977078e-01
3.1571966e+00	1.9621109e-02
3.1790056e+00	-5.6408092e-02
3.2008145e+00	-3.3336915e-02
3.2226235e+00	-8.7427304e-03
3.2444324e+00	-1.3451632e-01
3.2662413e+00	8.0390607e-02
3.2880503e+00	2.4553109e-01
3.3098592e+00	2.6329817e-02
3.3316681e+00	-2.5332923e-02
3.3534771e+00	4.2537478e-02
3.3752860e+00	1.3438343e-01
3.3970950e+00	-1.4580883e-01
3.4189039e+00	-2.1962611e-01
3.4407128e+00	1.0667198e-01
3.4625218e+00	1.9272568e-01
3.4843307e+00	-4.9305834e-02
3.5061396e+00	1.6514491e-02
3.5279486e+00	3.1838466e-01
3.5497575e+00	2.8035857e-01
3.5715665e+00	4.7469324e-02
3.5933754e+00	5.9779668e-02
3.6151843e+00	-1.8653201e-01
3.6369933e+00	-5.0501946e-02
3.6588022e+00	1.1021132e-01
3.6806112e+00	3.9540675e-03
3.7024201e+00	-2.3374045e-01
3.7242290e+00	6.6764457e-02
3.7460380e+00	1.3113281e-01
3.7678469e+00	1.0481789e-01
3.7896558e+00	1.3659935e-01
3.8114648e+00	-2.5908890e-02
3.8332737e+00	-1.5333623e-01
3.8550827e+00	-1.0291905e-01
3.8768916e+00	2.9090738e-01
3.8987005e+00	3.8683818e-01
3.9205095e+00	-2.0914810e-02
3.9423184e+00	-1.5081945e-01
3.9641273e+00	8.4332963e-02
3.9859363e+00	1.1265337e-01
4.0077452e+00	1.4772975e-01
4.0295542e+00	1.2496542e-01
4.0513631e+00	-1.2533159e-01
4.0731720e+00	-1.7054180e-01
4.0949810e+00	2.5776079e-01
4.1167899e+00	-2.5029120e-02
4.1385989e+00	-9.0324371e-02
4.1604078e+00	5.9291891e-02
4.1822167e+00	4.1086008e-02
4.2040257e+00	9.3504560e-02
4.2258346e+00	-1.0813125e-01
4.2476435e+00	5.5573418e-02
4.2694525e+00	4.4706572e-02
4.2912614e+00	8.3395801e-03
4.3130704e+00	3.8590253e-02
4.3348793e+00	-2.1949403e-01
4.3566882e+00	-5.6051998e-02
4.3784972e+00	2.0289408e-01
4.4003061e+00	1.2482478e-01
4.4221151e+00	5.1553260e-02
4.4439240e+00	9.8134529e-02
4.4657329e+00	-1.9215763e-01
4.4875419e+00	-1.0797808e-01
4.5093508e+00	1.8300558e-02
4.5311597e+00	7.4339682e-02
4.5529687e+00	-1.6592469e-01
4.5747776e+00	-7.3737169e-02
4.5965866e+00	1.5055040e-01
4.6183955e+00	7.6427636e-02
4.6402044e+00	7.6147892e-02
4.6620134e+00	-1.7100529e-02
4.6838223e+00	1.4828532e-02
4.7056312e+00	-4.6083284e-02
4.7274402e+00	4.4744569e-02
4.7492491e+00	7.4900138e-02
4.7710581e+00	-1.8668734e-01
4.7928670e+00	3.5083902e-02
4.8146759e+00	1.1561150e-01
4.8364849e+00	1.2932176e-01
4.8582938e+00	-5.3480017e-02
4.8801028e+00	-1.3570671e-01
4.9019117e+00	-1.3666210e-01
4.9237206e+00	-5.8675598e-03
4.9455296e+00	2.8279844e-02
4.9673385e+00	-4.5638637e-02
4.9891474e+00	3.4042959e-02
5.0109564e+00	3.1344276e-02
5.0327653e+00	1.2919400e-01
5.0545743e+00	2.2209609e-01
5.0763832e+00	-2.0067043e-01
5.0981921e+00	7.2190965e-02
5.1200011e+00	2.6792678e-01
5.1418100e+00	2.1341039e-01
5.1636189e+00	-5.0706949e-02
5.1854279e+00	-1.5803069e-01
5.2072368e+00	-7.3991648e-02
5.2290458e+00	9.7999314e-04
5.2508547e+00	2.1980998e-02
5.2726636e+00	7.5538522e-02
5.2944726e+00	-1.1289805e-02
5.3162815e+00	-4.2972147e-02
5.3380905e+00	3.3316243e-02
5.3598994e+00	2.0851689e-01
5.3817083e+00	-5.6067602e-02
5.4035173e+00	-1.0531661e-01
5.4253262e+00	7.6075861e-02
5.4471351e+00	5.9343124e-02
5.4689441e+00	-4.7572376e-02
5.4907530e+00	-6.5624614e-02
5.5125620e+00	5.0385784e-03
5.5343709e+00	9.3266369e-02
5.5561798e+00	-4.9375723e-02
5.5779888e+00	-7.6523133e-03
5.5997977e+00	5.4905248e-02
5.6216066e+00	-7.3970627e-02
5.6434156e+00	2.2040964e-01
5.6652245e+00	2.0487188e-01
5.6870335e+00	-2.6731951e-01
5.7088424e+00	-1.6551496e-01
5.7306513e+00	6.1041781e-02
5.7524603e+00	9.7170413e-03
5.7742692e+00	1.8970052e-01
5.7960782e+00	1.6329768e-01
5.8178871e+00	1.4207100e-01
5.8396960e+00	-1.0147792e-01
5.8615050e+00	-2.8688868e-02
5.8833139e+00	-8.5009297e-02
5.9051228e+00	-6.6408990e-02
5.9269318e+00	-8.1864446e-02
5.9487407e+00	7.0068988e-02
5.9705497e+00	2.7185407e-02
5.9923586e+00	-1.0139014e-01
6.0141675e+00	6.0540369e-02
6.0359765e+00	1.7914349e-02
6.0577854e+00	5.0827898e-02
6.0795944e+00	3.7365383e-03
6.1014033e+00	1.0546332e-01
6.1232122e+00	-5.1461038e-02
6.1450212e+00	-3.6097176e-02
6.1668301e+00	7.5942057e-02
6.1886390e+00	1.4490941e-01
6.2104480e+00	-1.4251898e-01
6.2322569e+00	-2.0677367e-01
6.2540659e+00	3.6380283e-02
6.2758748e+00	-1.3402719e-02
6.2976837e+00	-3.8644514e-03
6.3194927e+00	1.0686561e-01
6.3413016e+00	-3.1053391e-02
6.3631105e+00	-5.7139803e-02
6.3849195e+00	3.5749481e-02
6.4067284e+00	6.8010689e-02
6.4285374e+00	1.4657155e-03
6.4503463e+00	-5.8954393e-03
6.4721552e+00	1.4312345e-01
6.4939642e+00	1.1108685e-01
6.5157731e+00	-1.1854470e-01
6.5375821e+00	-2.3714508e-01
6.5593910e+00	8.1309157e-02
6.5811999e+00	3.1241426e-01
6.6030089e+00	5.0184247e-02
6.6248178e+00	-7.2291412e-02
6.6466267e+00	-7.4078634e-02
6.6684357e+00	1.0282794e-01
6.6902446e+00	5.5782523e-02
6.7120536e+00	4.3223310e-02
6.7338625e+00	3.5447043e-02
6.7556714e+00	-1.2319130e-01
6.7774804e+00	-1.4302408e-01
6.7992893e+00	1.0110055e-01
6.8210982e+00	7.3822794e-02
6.8429072e+00	9.2534382e-03
6.8647161e+00	-1.5781288e-01
6.8865251e+00	-8.9724359e-02
6.9083340e+00	1.2973218e-01
6.9301429e+00	9.4380403e-02
6.9519519e+00	1.5768822e-01
6.9737608e+00	1.4090466e-01
6.9955698e+00	-2.5510842e-01
7.0173787e+00	4.4920142e-02
7.0391876e+00	1.1544414e-01
7.0609966e+00	-1.4498624e-01
7.0828055e+00	-2.4461339e-02
7.1046144e+00	-8.3706716e-02
7.1264234e+00	-6.0861179e-02
7.1482323e+00	2.3620033e-01
7.1700413e+00	6.2673056e-02
7.1918502e+00	3.8211317e-02
7.2136591e+00	3.2421889e-01
7.2354681e+00	1.9996794e-01
7.2572770e+00	-1.8302431e-01
7.2790859e+00	-4.5588575e-02
7.3008949e+00	5.8430184e-02
7.3227038e+00	-1.2639972e-02
7.3445128e+00	2.3036279e-02
7.3663217e+00	-3.2746857e-02
7.3881306e+00	-9.0516695e-02
7.4099396e+00	1.0294937e-01
7.4317485e+00	9.0690836e-02
7.4535575e+00	-6.7598361e-02
7.4753664e+00	-7.1580857e-02
7.4971753e+00	2.2379652e-01
7.5189843e+00	5.6573530e-02
7.5407932e+00	-1.2864184e-01
7.5626021e+00	-1.3806687e-01
7.5844111e+00	-4.7833895e-02
7.6062200e+00	1.0520283e-01
7.6280290e+00	4.6185936e-02
7.6498379e+00	1.1526516e-01
7.6716468e+00	1.2809808e-01
7.6934558e+00	1.3129573e-02
7.7152647e+00	-2.3012191e-02
7.7370737e+00	6.9333198e-03
7.7588826e+00	-1.4792896e-02
7.7806915e+00	-2.8916851e-01
7.8025005e+00	4.5518406e-02
7.8243094e+00	5.9228732e-02
7.8461183e+00	-9.6185907e-02
7.8679273e+00	2.2834140e-01
7.8897362e+00	2.5387485e-02
7.9115452e+00	1.3009202e-02
7.9333541e+00	5.1040947e-02
7.9551630e+00	-6.2275396e-03
7.9769720e+00	2.9608302e-01
7.9987809e+00	4.2137923e-01
8.0205898e+00	3.7010289e-01
8.0423988e+00	3.6998370e-01
8.0642077e+00	-4.0205316e-02
8.0860167e+00	-2.6401425e-01
8.1078256e+00	1.1254437e-01
8.1296345e+00	1.5007846e-01
8.1514435e+00	-6.8142733e-02
8.1732524e+00	1.4915287e-02
8.1950614e+00	2.7746966e-02
8.2168703e+00	5.2597759e-03
8.2386792e+00	6.7045487e-03
8.2604882e+00	-1.4819089e-01
8.2822971e+00	-2.6146784e-02
8.3041060e+00	5.1656236e-02
8.3259150e+00	8.8235467e-02
8.3477239e+00	1.6894161e-01
8.3695329e+00	-5.8546712e-02
8.3913418e+00	8.4897776e-02
8.4131507e+00	2.3304336e-01
8.4349597e+00	-8.0292429e-03
8.4567686e+00	3.9899315e-02
8.4785775e+00	-2.6515231e-01
8.5003865e+00	-1.6559672e-01
8.5221954e+00	7.1841871e-02
8.5440044e+00	3.3798608e-01
8.5658133e+00	6.4856676e-02
8.5876222e+00	-9.2863845e-02
8.6094312e+00	1.3495685e-01
8.6312401e+00	1.3067224e-01
8.6530491e+00	5.8422705e-02
8.6748580e+00	-2.9228559e-01
8.6966669e+00	-3.7766948e-02
8.7184759e+00	4.7359416e-01
8.7402848e+00	1.6751754e-01
8.7620937e+00	-3.6614189e-02
8.7839027e+00	-2.4404396e-02
8.8057116e+00	-1.6708625e-02
8.8275206e+00	7.5055447e-02
8.8493295e+00	3.0232571e-02
8.8711384e+00	2.6346079e-02
8.8929474e+00	1.3868437e-01
8.9147563e+00	-2.1433377e-02
8.9365652e+00	2.0585839e-02
8.9583742e+00	-2.4408109e-02
8.9801831e+00	-1.5293759e-01
9.0019921e+00	2.8126103e-01
9.0238010e+00	2.8085319e-01
9.0456099e+00	-1.8520481e-01
9.0674189e+00	-7.8160250e-02
9.0892278e+00	-6.6119508e-03
9.1110368e+00	7.2652069e-03
9.1328457e+00	1.3633046e-01
9.1546546e+00	2.8329834e-01
9.1764636e+00	6.1416478e-02
9.1982725e+00	2.0415518e-02
9.2200814e+00	9.4001339e-02
9.2418904e+00	9.6273225e-02
9.2636993e+00	-7.3938955e-02
9.2855083e+00	-1.2152727e-01
9.3073172e+00	-5.2846595e-02
9.3291261e+00	-9.8459058e-02
9.3509351e+00	5.0559192e-02
9.3727440e+00	2.4567670e-01
9.3945530e+00	1.5112032e-01
9.4163619e+00	-2.1084581e-01
9.4381708e+00	5.9460326e-03
9.4599798e+00	-7.1122543e-03
9.4817887e+00	1.4499539e-01
9.5035976e+00	-1.2923018e-01
9.5254066e+00	3.4248637e-02
9.5472155e+00	1.0619001e-01
9.5690245e+00	1.5339634e-01
9.5908334e+00	-6.7055179e-02
9.6126423e+00	-9.7313749e-02
9.6344513e+00	-2.5294286e-01
9.6562602e+00	1.0834549e-01
9.6780691e+00	4.4147674e-01
9.6998781e+00	1.4240966e-01
9.7216870e+00	9.9965327e-02
9.7434960e+00	2.3796394e-01
9.7653049e+00	-1.5592941e-01
9.7871138e+00	-8.8559312e-02
9.8089228e+00	4.0092924e-01
9.8307317e+00	2.2360690e-01
9.8525407e+00	-1.0244020e-01
9.8743496e+00	4.1601015e-02
9.8961585e+00	4.1797104e-01
9.9179675e+00	4.3536000e-01
9.9397764e+00	3.9780451e-01
9.9615853e+00	4.4561988e-01
9.9833943e+00	2.7016171e-01
1.0005203e+01	-2.4740046e-02
1.0027012e+01	-1.4919321e-03
1.0048821e+01	1.6190553e-02
1.0070630e+01	-6.8740430e-02
1.0092439e+01	-7.9567058e-02
1.0114248e+01	1.4118538e-01
1.0136057e+01	1.0181943e-01
1.0157866e+01	-4.6666225e-02
1.0179675e+01	-5.7544778e-03
1.0201484e+01	1.7167973e-01
1.0223293e+01	-3.1347984e-02
1.0245102e+01	-5.2883273e-02
1.0266910e+01	9.0195500e-02
1.0288719e+01	1.7627176e-02
1.0310528e+01	-3.0662277e-01
1.0332337e+01	9.7866311e-01
1.0354146e+01	1.7658180e+00
1.0375955e+01	2.1899631e+00
1.0397764e+01	2.7572466e+00
1.0419573e+01	3.1097977e+00
1.0441382e+01	3.5293377e+00
1.0463191e+01	4.6943776e+00
1.0485000e+01	5.4236337e+00
1.0506809e+01	6.2403652e+00
1.0528618e+01	7.5796513e+00
1.0550427e+01	8.2994322e+00
1.0572236e+01	8.4038171e+00
1.0594045e+01	8.3689321e+00
1.0615853e+01	8.9231155e+00
1.0637662e+01	9.2986195e+00
1.0659471e+01	8.2979543e+00
1.0681280e+01	6.7272790e+00
1.0703089e+01	4.8878079e+00
1.0724898e+01	3.4996152e+00
1.0746707e+01	2.3128760e+00
1.0768516e+01	1.7164195e+00
1.0790325e+01	1.2008221e+00
1.0812134e+01	6.2580672e-01
1.0833943e+01	1.5292472e-01
1.0855752e+01	6.6202147e-02
1.0877561e+01	1.3261038e-01
1.0899370e+01	-9.1826796e-02
1.0921179e+01	-2.4142019e-01
1.0942988e+01	-1.4190600e-01
1.0964796e+01	1.7404388e-01
1.0986605e+01	1.4788666e-01
1.1008414e+01	8.4992847e-01
1.1030223e+01	6.3828370e-01
1.1052032e+01	4.2094471e-01
1.1073841e+01	7.2189181e-01
1.1095650e+01	1.0822818e+00
1.1117459e+01	1.1082444e+00
1.1139268e+01	1.3318425e+00
1.1161077e+01	1.8496388e+00
1.1182886e+01	2.1344552e+00
1.1204695e+01	2.0239043e+00
1.1226504e+01	2.2583310e+00
1.1248313e+01	2.0004831e+00
1.1270122e+01	7.4219442e-01
1.1291931e+01	1.1299365e-01
1.1313740e+01	1.0446661e-01
1.1335548e+01	2.1752198e-02
1.1357357e+01	-1.7161521e-01
1.1379166e+01	6.8577820e-02
1.1400975e+01	-5.7990822e-02
1.1422784e+01	-1.1505239e-01
1.1444593e+01	9.8348367e-02
1.1466402e+01	-5.1904415e-03
1.1488211e+01	-1.0693493e-01
1.1510020e+01	-6.0567413e-02
1.1531829e+01	2.6988403e-01
1.1553638e+01	3.2766375e-01
1.1575447e+01	3.8507254e-01
1.1597256e+01	2.9700479e-01
1.1619065e+01	-1.9192049e-02
1.1640874e+01	-9.0765237e-03
1.1662683e+01	-8.8055996e-02
1.1684491e+01	1.7589363e-02
1.1706300e+01	4.2689925e-01
1.1728109e+01	4.8011257e-01
1.1749918e+01	1.5780487e-01
1.1771727e+01	3.1256855e-02
1.1793536e+01	-1.1683906e-01
1.1815345e+01	8.5367694e-02
1.1837154e+01	4.0239516e-01
1.1858963e+01	3.8309723e-01
1.1880772e+01	2.1727790e-02
1.1902581e+01	-5.9997048e-02
1.1924390e+01	-3.5004312e-02
1.1946199e+01	1.1569353e-02
1.1968008e+01	-2.6615329e-03
1.1989817e+01	-3.1758251e-02
1.2011626e+01	-1.1036349e-01
1.2033434e+01	1.8250102e-01
1.2055243e+01	7.6005128e-02
1.2077052e+01	7.4132948e-03
1.2098861e+01	-1.5006637e-02
1.2120670e+01	1.6108542e-02
1.2142479e+01	-6.9872362e-03
1.2164288e+01	9.4632352e-02
1.2186097e+01	-1.7969376e-01
1.2207906e+01	-1.5686113e-01
1.2229715e+01	1.5511443e-01
1.2251524e+01	7.0147094e-03
1.2273333e+01	3.7625072e-02
1.2295142e+01	-9.8580519e-02
1.2316951e+01	7.5938652e-02
1.2338760e+01	1.4555404e-01
1.2360569e+01	6.6769602e-02
1.2382377e+01	-6.1183144e-02
1.2404186e+01	-2.0854591e-02
1.2425995e+01	1.6186786e-02
1.2447804e+01	1.2374408e-01
1.2469613e+01	-2.8738126e-03
1.2491422e+01	-3.7623344e-01
1.2513231e+01	-5.4336663e-02
1.2535040e+01	6.7295739e-02
1.2556849e+01	2.9027867e-01
1.2578658e+01	1.2405113e-01
1.2600467e+01	1.6604299e-01
1.2622276e+01	-2.9454026e-02
1.2644085e+01	-5.5870712e-02
1.2665894e+01	4.0852895e-03
1.2687703e+01	7.8514142e-02
1.2709512e+01	-4.9552927e-02
1.2731320e+01	-1.4009783e-01
1.2753129e+01	-1.0991932e-01
1.2774938e+01	5.0011695e-02
1.2796747e+01	1.8171030e-02
1.2818556e+01	2.0092579e-01
1.2840365e+01	1.0713997e-01
1.2862174e+01	-8.5819560e-02
1.2883983e+01	-1.9947329e-01
1.2905792e+01	3.6050573e-02
1.2927601e+01	-2.6938077e-02
1.2949410e+01	6.8601367e-02
1.2971219e+01	7.0425823e-02
1.2993028e+01	-1.8462698e-02
1.3014837e+01	8.9673307e-02
1.3036646e+01	2.0268021e-01
1.3058455e+01	3.3779099e-01
1.3080264e+01	4.1216081e-01
1.3102072e+01	3.4034758e-01
1.3123881e+01	-1.7842766e-01
1.3145690e+01	-5.8745822e-02
1.3167499e+01	7.0615701e-02
1.3189308e+01	5.9498190e-02
1.3211117e+01	2.5619129e-01
1.3232926e+01	3.6227313e-01
1.3254735e+01	1.9468092e-01
1.3276544e+01	1.1581757e-01
1.3298353e+01	-6.0632024e-02
1.3320162e+01	-2.5595784e-01
1.3341971e+01	-3.4633327e-01
1.3363780e+01	3.2814717e-01
1.3385589e+01	4.7856944e-01
1.3407398e+01	6.2833934e-01
1.3429207e+01	6.7996155e-01
1.3451015e+01	4.3143562e-01
1.3472824e+01	1.3115508e-01
1.3494633e+01	7.4202546e-02
1.3516442e+01	2.9044921e-01
1.3538251e+01	3.3852998e-01
1.3560060e+01	7.9852017e-02
1.3581869e+01	3.0936632e-01
1.3603678e+01	2.8302491e-02
1.3625487e+01	-3.5210798e-02
1.3647296e+01	-1.5944291e-01
1.3669105e+01	3.6484859e-02
1.3690914e+01	-4.3441238e-03
1.3712723e+01	5.6585910e-02
1.3734532e+01	1.4711533e-01
1.3756341e+01	1.1429857e-02
1.3778150e+01	-4.6515321e-02
1.3799958e+01	-7.3198181e-02
1.3821767e+01	-8.2253799e-02
1.3843576e+01	3.5439259e-02
1.3865385e+01	1.8741685e-01
1.3887194e+01	7.7891727e-02
1.3909003e+01	-2.0827743e-01
1.3930812e+01	-1.5625417e-02
1.3952621e+01	7.0163537e-02
1.3974430e+01	1.5835254e-01
1.3996239e+01	-1.0003239e-01
1.4018048e+01	-2.1624063e-01
1.4039857e+01	-1.2963042e-01
1.4061666e+01	6.1856990e-02
1.4083475e+01	1.5222524e-01
1.4105284e+01	1.4922089e-01
1.4127093e+01	-9.5143788e-03
1.4148901e+01	1.8868347e-01
1.4170710e+01	-6.9368761e-02
1.4192519e+01	-1.6697138e-01
1.4214328e+01	4.9652125e-02
1.4236137e+01	1.7282292e-01
1.4257946e+01	-6.3602791e-02
1.4279755e+01	-1.3243840e-01
1.4301564e+01	2.8142429e-01
1.4323373e+01	1.3760296e-01
1.4345182e+01	-1.0615296e-01
1.4366991e+01	8.6997197e-02
1.4388800e+01	7.5927286e-02
1.4410609e+01	-1.2142761e-01
1.4432418e+01	-7.0741563e-02
1.4454227e+01	6.5817847e-03
1.4476036e+01	-1.0246166e-03
1.4497844e+01	9.5125205e-02
1.4519653e+01	-9.2362674e-02
1.4541462e+01	-1.2011542e-02
1.4563271e+01	1.3356576e-01
1.4585080e+01	9.2405339e-02
1.4606889e+01	-1.8360927e-02
1.4628698e+01	-8.1750640e-03
1.4650507e+01	-1.5228562e-01
1.4672316e+01	-8.1642967e-02
1.4694125e+01	1.0303613e-02
1.4715934e+01	1.9460290e-01
1.4737743e+01	-1.0878905e-01
1.4759552e+01	-5.2976095e-02
1.4781361e+01	5.4113992e-02
1.4803170e+01	2.5379774e-01
1.4824979e+01	6.8763362e-01
1.4846787e+01	7.5102469e-01
1.4868596e+01	1.1668750e+00
1.4890405e+01	1.5286247e+00
1.4912214e+01	1.5125717e+00
1.4934023e+01	1.3191031e+00
1.4955832e+01	1.4393899e+00
1.4977641e+01	1.7512033e+00
1.4999450e+01	1.9254683e+00
1.5021259e+01	1.9887209e+00
1.5043068e+01	1.8241321e+00
1.5064877e+01	1.6514661e+00
1.5086686e+01	1.1846989e+00
1.5108495e+01	9.9766051e-01
1.5130304e+01	5.5225599e-01
1.5152113e+01	9.7247409e-02
1.5173922e+01	8.3374890e-02
1.5195731e+01	2.2055316e-02
1.5217539e+01	-1.1980546e-01
1.5239348e+01	-1.8130559e-01
1.5261157e+01	2.2191144e-02
1.5282966e+01	-6.7250596e-02
1.5304775e+01	-1.2946625e-02
1.5326584e+01	1.3189845e-01
1.5348393e+01	1.1845012e-01
1.5370202e+01	-5.1747911e-03
1.5392011e+01	9.6017261e-02
1.5413820e+01	-6.3958997e-03
1.5435629e+01	-3.7394687e-02
1.5457438e+01	-3.5949590e-02
1.5479247e+01	-9.4645249e-02
1.5501056e+01	4.1318375e-02
1.5522865e+01	-4.2206135e-02
1.5544674e+01	-1.2090623e-01
1.5566482e+01	-7.1652125e-02
1.5588291e+01	-2.4217987e-02
1.5610100e+01	9.0297968e-02
1.5631909e+01	2.3167018e-01
1.5653718e+01	1.1573453e-01
1.5675527e+01	1.6786385e-01
1.5697336e+01	8.9049501e-02
1.5719145e+01	2.5106383e-02
1.5740954e+01	-1.4742280e-01
1.5762763e+01	-1.7043250e-01
1.5784572e+01	1.1030840e-02
1.5806381e+01	-4.3901203e-02
1.5828190e+01	1.5133043e-02
1.5849999e+01	-3.5206994e-02
1.5871808e+01	-1.3861410e-01
1.5893617e+01	6.5868880e-02
1.5915425e+01	1.3894843e-01
1.5937234e+01	3.4447174e-02
1.5959043e+01	-5.6953494e-02
1.5980852e+01	4.8056500e-02
1.6002661e+01	-4.6742862e-02
1.6024470e+01	2.0911789e-02
1.6046279e+01	1.1405631e-01
1.6068088e+01	7.2490523e-02
1.6089897e+01	-7.2789755e-02
1.6111706e+01	-1.0196029e-01
1.6133515e+01	-5.9676967e-02
1.6155324e+01	2.4081756e-02
1.6177133e+01	2.5868119e-02
1.6198942e+01	-1.5629822e-02
1.6220751e+01	-1.5676410e-02
1.6242560e+01	8.1193500e-02
1.6264368e+01	2.3497509e-01
1.6286177e+01	-3.0192091e-02
1.6307986e+01	-2.0700051e-01
1.6329795e+01	4.6735132e-02
1.6351604e+01	6.9283112e-02
1.6373413e+01	1.3365549e-01
1.6395222e+01	-8.4719495e-02
1.6417031e+01	-5.0607911e-02
1.6438840e+01	1.1278080e-01
1.6460649e+01	2.3058544e-02
1.6482458e+01	5.6545074e-02
1.6504267e+01	-8.1075114e-02
1.6526076e+01	-2.2266784e-01
1.6547885e+01	-1.7224182e-01
1.6569694e+01	1.0458552e-01
1.6591503e+01	2.1303037e-02
1.6613311e+01	8.9351593e-02
1.6635120e+01	1.1039200e-01
1.6656929e+01	-1.3543378e-02
1.6678738e+01	-2.0710202e-02
1.6700547e+01	-5.1489171e-02
1.6722356e+01	-2.3752233e-03
1.6744165e+01	1.7323543e-01
1.6765974e+01	3.6594765e-01
1.6787783e+01	6.8607114e-01
1.6809592e+01	7.1204508e-01
1.6831401e+01	4.7666460e-01
1.6853210e+01	4.3725281e-01
1.6875019e+01	3.0185234e-01
1.6896828e+01	6.2203653e-02
1.6918637e+01	-2.2752835e-02
1.6940446e+01	-4.7404018e-02
1.6962254e+01	5.5880340e-03
1.6984063e+01	-7.5374217e-02
1.7005872e+01	-6.5118234e-02
1.7027681e+01	-9.3893428e-02
1.7049490e+01	9.6469126e-03
1.7071299e+01	4.2899758e-03
1.7093108e+01	9.6355051e-02
1.7114917e+01	8.5871680e-02
1.7136726e+01	-6.0919755e-03
1.7158535e+01	-4.0841583e-02
1.7180344e+01	4.0034992e-02
1.7202153e+01	-4.4334361e-02
1.7223962e+01	-8.0144939e-03
1.7245771e+01	7.6692936e-02
1.7267580e+01	-1.9966905e-02
1.7289389e+01	-4.5909305e-02
1.7311198e+01	8.9644226e-04
1.7333006e+01	-4.1496259e-02
1.7354815e+01	8.8869164e-02
1.7376624e+01	-6.2768138e-02
1.7398433e+01	3.4835404e-02
1.7420242e+01	5.0998126e-02
1.7442051e+01	-5.2129773e-02
1.7463860e+01	1.0117855e-02
1.7485669e+01	1.5035324e-01
1.7507478e+01	-1.1604093e-01
1.7529287e+01	-2.1463355e-01
1.7551096e+01	-1.7066428e-03
1.7572905e+01	1.1940518e-01
1.7594714e+01	6.3560118e-02
1.7616523e+01	4.3620179e-02
1.7638332e+01	-4.6619870e-02
1.7660141e+01	-6.8230833e-03
1.7681949e+01	1.0487687e-01
1.7703758e+01	1.1145048e-01
1.7725567e+01	-1.3435624e-01
1.7747376e+01	-1.2836974e-01
1.7769185e+01	-7.9148044e-02
1.7790994e+01	1.7231644e-02
1.7812803e+01	6.6910115e-03
1.7834612e+01	1.0494983e-01
1.7856421e+01	8.2923279e-02
1.7878230e+01	8.6958948e-02
1.7900039e+01	-8.1899424e-02
1.7921848e+01	6.6680329e-02
1.7943657e+01	-3.1024017e-02
1.7965466e+01	-1.8368773e-01
1.7987275e+01	8.6979416e-02
1.8009084e+01	-1.0745468e-02
1.8030892e+01	-9.1766474e-02
1.8052701e+01	1.5325087e-02
1.8074510e+01	1.1625047e-01
1.8096319e+01	1.1425634e-01
1.8118128e+01	-9.5647733e-02
1.8139937e+01	-4.9273602e-02
1.8161746e+01	-6.9719152e-02
1.8183555e+01	1.2542594e-02
1.8205364e+01	5.7763126e-02
1.8227173e+01	1.2576079e-01
1.8248982e+01	2.8804917e-02
1.8270791e+01	-6.2474031e-02
1.8292600e+01	-1.0086127e-01
1.8314409e+01	5.7716947e-02
1.8336218e+01	-1.7102786e-01
1.8358027e+01	-3.4220665e-02
1.8379835e+01	5.7941417e-02
1.8401644e+01	6.9537329e-02
1.8423453e+01	-5.3862806e-02
1.8445262e+01	-2.6868358e-03
1.8467071e+01	1.1955725e-01
1.8488880e+01	6.5493900e-02
1.8510689e+01	-4.6523555e-02
1.8532498e+01	9.0403464e-02
1.8554307e+01	-1.6014287e-02
1.8576116e+01	-3.5024798e-02
1.8597925e+01	-1.1105777e-01
1.8619734e+01	-9.0984040e-02
1.8641543e+01	7.8382510e-03
1.8663352e+01	1.8761945e-01
1.8685161e+01	3.3694016e-01
1.8706970e+01	2.2149734e-01
1.8728778e+01	1.0920847e-01
1.8750587e+01	-7.0931071e-03
1.8772396e+01	-8.6310152e-02
1.8794205e+01	-1.4025630e-01
1.8816014e+01	8.7239489e-02
1.8837823e+01	9.5176328e-02
1.8859632e+01	-2.7008993e-01
1.8881441e+01	3.7108639e-02
1.8903250e+01	-1.2484053e-02
1.8925059e+01	1.9430700e-02
1.8946868e+01	-7.0387075e-03
1.8968677e+01	-7.9126785e-02
1.8990486e+01	5.1992855e-03
1.9012295e+01	1.1021749e-01
1.9034104e+01	1.8840681e-01
1.9055913e+01	-1.0099596e-01
1.9077721e+01	-6.2255833e-02
1.9099530e+01	5.7961428e-02
1.9121339e+01	-8.5622388e-03
1.9143148e+01	1.6496463e-01
1.9164957e+01	9.5360560e-02
1.9186766e+01	-8.7483737e-02
1.9208575e+01	-1.3087003e-01
1.9230384e+01	4.3824686e-02
1.9252193e+01	-5.3650369e-02
1.9274002e+01	-1.2424354e-01
1.9295811e+01	-2.1257440e-01
1.9317620e+01	1.0040578e-01
1.9339429e+01	1.0745552e-01
1.9361238e+01	2.0020827e-01
1.9383047e+01	2.1184497e-01
1.9404856e+01	-3.5657756e-03
1.9426665e+01	7.6352205e-02
1.9448473e+01	4.7192801e-02
1.9470282e+01	-4.6735781e-02
1.9492091e+01	-9.7266598e-02
1.9513900e+01	-2.7281457e-02
1.9535709e+01	-6.5002221e-03
1.9557518e+01	-1.1077009e-02
1.9579327e+01	-5.3620533e-02
1.9601136e+01	-3.0717692e-02
1.9622945e+01	3.6855401e-02
1.9644754e+01	-9.5735081e-02
1.9666563e+01	1.8440181e-02
1.9688372e+01	1.4658439e-01
1.9710181e+01	1.6520372e-01
1.9731990e+01	-1.1619180e-01
1.9753799e+01	-1.0918394e-01
1.9775608e+01	1.7950379e-02
1.9797416e+01	-2.8691513e-02
1.9819225e+01	1.5324944e-02
1.9841034e+01	-1.4711994e-01
1.9862843e+01	-3.1001447e-02
1.9884652e+01	1.1078306e-01
1.9906461e+01	1.7438793e-01
1.9928270e+01	5.8018413e-02
1.9950079e+01	1.3638421e-01
1.9971888e+01	2.7574569e-01
1.9993697e+01	2.3062542e-01
2.0015506e+01	-1.2913967e-02
2.0037315e+01	-1.6261386e-01
2.0059124e+01	-1.6673164e-01
2.0080933e+01	-6.8617298e-02
2.0102742e+01	1.3282698e-04
2.0124551e+01	5.2275186e-02
2.0146359e+01	5.2020806e-02
2.0168168e+01	-7.9697144e-02
2.0189977e+01	-1.3013802e-01
2.0211786e+01	-1.4490301e-01
2.0233595e+01	4.5950504e-02
2.0255404e+01	1.5564814e-01
2.0277213e+01	2.0205904e-01
2.0299022e+01	3.1470758e-01
2.0320831e+01	5.1577401e-02
2.0342640e+01	3.7186495e-02
2.0364449e+01	1.1353881e-01
2.0386258e+01	2.5929527e-02
2.0408067e+01	-1.9643216e-01
2.0429876e+01	-2.9707247e-01
2.0451685e+01	3.4940796e-03
2.0473494e+01	1.7244538e-01
2.0495302e+01	4.7727054e-02
2.0517111e+01	9.3364782e-02
2.0538920e+01	1.9324544e-01
2.0560729e+01	1.4639874e-01
2.0582538e+01	2.6585553e-02
2.0604347e+01	4.6768320e-02
2.0626156e+01	-4.5303667e-02
2.0647965e+01	-1.7996144e-01
2.0669774e+01	-5.5343519e-02
2.0691583e+01	8.3672390e-03
2.0713392e+01	5.8882099e-03
2.0735201e+01	-1.8050959e-01
2.0757010e+01	-7.8601036e-02
2.0778819e+01	-7.4350918e-03
2.0800628e+01	1.0039694e-01
2.0822437e+01	3.4404270e-02
2.0844245e+01	8.0475420e-02
2.0866054e+01	6.2866010e-02
2.0887863e+01	2.9576516e-03
2.0909672e+01	3.9291893e-03
2.0931481e+01	-2.4089695e-01
2.0953290e+01	1.4125590e-01
2.0975099e+01	4.2287433e-01
2.0996908e+01	8.0078770e-01
2.1018717e+01	1.3550357e+00
2.1040526e+01	1.8506729e+00
2.1062335e+01	2.2011390e+00
2.1084144e+01	2.3516706e+00
2.1105953e+01	2.6325635e+00
2.1127762e+01	2.6764292e+00
2.1149571e+01	3.0009444e+00
2.1171380e+01	4.1009557e+00
2.1193188e+01	5.5687029e+00
2.1214997e+01	6.9137925e+00
2.1236806e+01	8.0765462e+00
2.1258615e+01	8.5769967e+00
2.1280424e+01	8.5803455e+00
2.1302233e+01	7.6060654e+00
2.1324042e+01	6.2516441e+00
2.1345851e+01	4.6337460e+00
2.1367660e+01	3.2210420e+00
2.1389469e+01	1.8993776e+00
2.1411278e+01	8.9840157e-01
2.1433087e+01	3.6180946e-01
2.1454896e+01	5.2628965e-02
2.1476705e+01	2.8423716e-02
2.1498514e+01	3.5606692e-01
2.1520323e+01	7.9698074e-01
2.1542132e+01	1.0729986e+00
2.1563940e+01	1.4101168e+00
2.1585749e+01	1.2788669e+00
2.1607558e+01	1.1498721e+00
2.1629367e+01	9.4040098e-01
2.1651176e+01	6.7103785e-01
2.1672985e+01	2.9665214e-01
2.1694794e+01	1.4469719e-01
2.1716603e+01	-4.1925816e-02
2.1738412e+01	-7.9720272e-02
2.1760221e+01	-3.2999658e-02
2.1782030e+01	-4.3115501e-02
2.1803839e+01	-1.2725984e-02
2.1825648e+01	-5.5505726e-02
2.1847457e+01	-6.0871601e-02
2.1869266e+01	9.6899155e-02
2.1891075e+01	-1.2597162e-02
2.1912883e+01	-1.2668195e-01
2.1934692e+01	-6.7401556e-03
2.1956501e+01	-8.5533139e-02
2.1978310e+01	9.7371191e-03
2.2000119e+01	1.6901739e-01
2.2021928e+01	1.6922656e-01
2.2043737e+01	5.6078131e-02
2.2065546e+01	1.4475092e-01
2.2087355e+01	-3.6736352e-02
2.2109164e+01	-3.3040139e-02
2.2130973e+01	-1.4485399e-01
2.2152782e+01	-9.3403765e-02
2.2174591e+01	1.6245705e-01
2.2196400e+01	6.4921151e-03
2.2218209e+01	-1.0675310e-01
2.2240018e+01	-1.0331114e-01
2.2261826e+01	1.1031766e-01
2.2283635e+01	1.6936044e-01
2.2305444e+01	1.7003230e-03
2.2327253e+01	-1.7631120e-01
2.2349062e+01	-8.7142314e-03
2.2370871e+01	-7.3858662e-03
2.2392680e+01	1.4804591e-01
2.2414489e+01	1.1586202e-01
2.2436298e+01	-1.3941958e-01
2.2458107e+01	-1.1118364e-01
2.2479916e+01	-1.6364715e-02
2.2501725e+01	1.2985954e-01
2.2523534e+01	9.6619456e-02
2.2545343e+01	-4.7735293e-02
2.2567152e+01	-2.5584347e-02
2.2588961e+01	-7.4215770e-02
2.2610769e+01	1.1961656e-01
2.2632578e+01	2.0206208e-02
2.2654387e+01	-2.1352939e-02
2.2676196e+01	5.5401371e-02
2.2698005e+01	-2.7284433e-02
2.2719814e+01	-1.4397935e-02
2.2741623e+01	-1.3554686e-01
2.2763432e+01	-8.8158508e-02
2.2785241e+01	7.7393950e-02
2.2807050e+01	5.2525608e-02
2.2828859e+01	-9.8692116e-02
2.2850668e+01	6.2926149e-02
2.2872477e+01	6.6638239e-02
2.2894286e+01	-9.3938725e-02
2.2916095e+01	9.6638699e-02
2.2937904e+01	1.2731694e-01
2.2959712e+01	5.9228533e-02
2.2981521e+01	-1.7644213e-02
2.3003330e+01	-5.1103685e-02
2.3025139e+01	-7.7845674e-02
2.3046948e+01	-3.3550952e-03
2.3068757e+01	-1.0209941e-01
2.3090566e+01	-7.4783399e-02
2.3112375e+01	7.3157211e-02
2.3134184e+01	1.2829605e-01
2.3155993e+01	2.2374385e-01
2.3177802e+01	3.0857820e-02
2.3199611e+01	-5.1668921e-02
2.3221420e+01	-1.1986689e-01
2.3243229e+01	-2.2274875e-02
2.3265038e+01	-8.8342293e-02
2.3286847e+01	2.5423489e-03
2.3308655e+01	6.7749949e-02
2.3330464e+01	8.3607804e-02
2.3352273e+01	8.8401708e-02
2.3374082e+01	5.5071776e-03
2.3395891e+01	-5.1086438e-02
2.3417700e+01	1.0576974e-02
2.3439509e+01	-2.2939918e-01
2.3461318e+01	-3.7703293e-02
2.3483127e+01	-1.2447916e-01
2.3504936e+01	-1.0455342e-01
2.3526745e+01	1.1729744e-01
2.3548554e+01	2.5394077e-01
2.3570363e+01	6.2773906e-02
2.3592172e+01	8.0331909e-02
2.3613981e+01	1.5245706e-01
2.3635790e+01	6.9790109e-01
2.3657599e+01	1.2756436e+00
2.3679407e+01	2.2742421e+00
2.3701216e+01	3.2559191e+00
2.3723025e+01	4.7115053e+00
2.3744834e+01	5.6599221e+00
2.3766643e+01	6.4789272e+00
2.3788452e+01	7.7926220e+00
2.3810261e+01	8.2582291e+00
2.3832070e+01	8.0075352e+00
2.3853879e+01	7.2332296e+00
2.3875688e+01	6.2748901e+00
2.3897497e+01	5.1643651e+00
2.3919306e+01	4.0938562e+00
2.3941115e+01	2.9375759e+00
2.3962924e+01	1.7634249e+00
2.3984733e+01	9.5849158e-01
2.4006542e+01	5.3333259e-01
2.4028350e+01	1.0821647e-01
2.4050159e+01	-1.9762794e-02
2.4071968e+01	-6.2513135e-02
2.4093777e+01	-4.9482845e-03
2.4115586e+01	-6.6113713e-02
2.4137395e+01	-1.3070117e-01
2.4159204e+01	5.4799902e-02
2.4181013e+01	7.8670628e-02
2.4202822e+01	-3.8464247e-02
2.4224631e+01	2.5751942e-02
2.4246440e+01	-8.8438634e-02
2.4268249e+01	-9.3185352e-02
2.4290058e+01	-1.3829673e-03
2.4311867e+01	2.0662637e-02
2.4333676e+01	4.6257611e-02
2.4355485e+01	2.9375315e-02
2.4377293e+01	6.1497571e-02
2.4399102e+01	1.6128644e-02
2.4420911e+01	4.0092397e-02
2.4442720e+01	-7.1521584e-02
2.4464529e+01	-1.1769235e-01
2.4486338e+01	1.3749767e-01
2.4508147e+01	1.2471991e-01
2.4529956e+01	3.3756524e-01
2.4551765e+01	4.7073094e-01
2.4573574e+01	6.3462953e-01
2.4595383e+01	6.7894868e-01
2.4617192e+01	8.8066497e-01
2.4639001e+01	9.5239296e-01
2.4660810e+01	3.7002120e-01
2.4682619e+01	1.4139324e-01
2.4704428e+01	7.0767701e-02
2.4726236e+01	-4.0791586e-02
2.4748045e+01	-1.7680726e-01
2.4769854e+01	-2.3442888e-01
2.4791663e+01	-5.9448457e-02
2.4813472e+01	2.9627227e-01
2.4835281e+01	1.2861965e-01
2.4857090e+01	1.3574222e-01
2.4878899e+01	1.9999140e-01
2.4900708e+01	3.3517745e-02
2.4922517e+01	-1.2531686e-01
2.4944326e+01	-1.1524211e-01
2.4966135e+01	-8.2768620e-02
2.4987944e+01	2.9950177e-02
2.5009753e+01	1.0010245e-01
2.5031562e+01	-1.2557821e-01
2.5053371e+01	-1.4991326e-01
2.5075179e+01	1.1546766e-01
2.5096988e+01	3.4607390e-01
2.5118797e+01	7.6868704e-02
2.5140606e+01	4.5208809e-02
2.5162415e+01	5.1709926e-02
2.5184224e+01	-2.2973051e-03
2.5206033e+01	5.0174399e-02
2.5227842e+01	3.8576787e-02
2.5249651e+01	-8.1843453e-02
2.5271460e+01	-2.1002909e-03
2.5293269e+01	-1.2179555e-03
2.5315078e+01	1.0840023e-01
2.5336887e+01	-3.3745513e-02
2.5358696e+01	-1.5164007e-01
2.5380505e+01	1.8419897e-02
2.5402314e+01	2.3120292e-02
2.5424123e+01	6.7523674e-02
2.5445931e+01	-2.9547708e-02
2.5467740e+01	2.3311789e-03
2.5489549e+01	-7.0058347e-02
2.5511358e+01	-4.9202543e-02
2.5533167e+01	5.5642157e-02
2.5554976e+01	1.8207281e-01
2.5576785e+01	1.4462596e-02
2.5598594e+01	-1.0912672e-01
2.5620403e+01	8.9925666e-02
2.5642212e+01	1.0565591e-01
2.5664021e+01	-4.2089160e-03
2.5685830e+01	-1.7992766e-01
2.5707639e+01	-2.1869504e-01
2.5729448e+01	-1.3206425e-01
2.5751257e+01	2.9800345e-02
2.5773066e+01	1.4505938e-01
2.5794874e+01	1.7188988e-01
2.5816683e+01	3.7023548e-02
2.5838492e+01	-3.4614150e-02
2.5860301e+01	9.8078312e-03
2.5882110e+01	3.0635703e-02
2.5903919e+01	-9.4906573e-02
2.5925728e+01	1.7273269e-01
2.5947537e+01	5.8014444e-01
2.5969346e+01	9.3696594e-01
2.5991155e+01	1.4013270e+00
2.6012964e+01	1.5907765e+00
2.6034773e+01	1.8124373e+00
2.6056582e+01	1.9646971e+00
2.6078391e+01	1.7755709e+00
2.6100200e+01	1.6979855e+00
2.6122009e+01	1.5771256e+00
2.6143817e+01	1.0877652e+00
2.6165626e+01	6.2397401e-01
2.6187435e+01	4.7671695e-01
2.6209244e+01	1.5439972e-01
2.6231053e+01	-3.1348497e-02
2.6252862e+01	-3.5893944e-02
2.6274671e+01	-9.5574578e-02
2.6296480e+01	1.4370470e-02
2.6318289e+01	-1.1320940e-01
2.6340098e+01	-7.8980672e-02
2.6361907e+01	8.9229618e-02
2.6383716e+01	3.6024724e-02
2.6405525e+01	-1.1877880e-04
2.6427334e+01	2.9215258e-02
2.6449143e+01	2.8433894e-01
2.6470952e+01	-5.5331890e-02
2.6492760e+01	-2.0329446e-01
2.6514569e+01	1.1786385e-01
2.6536378e+01	3.9991040e-03
2.6558187e+01	-1.3684555e-01
2.6579996e+01	7.9216982e-02
2.6601805e+01	1.1126616e-01
2.6623614e+01	1.0249311e-01
2.6645423e+01	4.1927750e-01
2.6667232e+01	2.1735867e-01
2.6689041e+01	1.4126182e-01
2.6710850e+01	1.0386110e-01
2.6732659e+01	6.7864016e-02
2.6754468e+01	-1.5071007e-01
2.6776277e+01	-1.4753197e-01
2.6798086e+01	-1.7428794e-01
2.6819895e+01	-2.5653558e-01
2.6841703e+01	-1.0209096e-01
2.6863512e+01	1.2983905e-01
2.6885321e+01	2.6674336e-02
2.6907130e+01	1.2629163e-01
2.6928939e+01	9.1677552e-02
2.6950748e+01	2.1026023e-02
2.6972557e+01	8.5124233e-02
2.6994366e+01	1.1161253e-01
2.7016175e+01	6.2245674e-02
2.7037984e+01	-1.0908353e-01
2.7059793e+01	-1.9046945e-02
2.7081602e+01	1.2485547e-01
2.7103411e+01	-5.9516920e-02
2.7125220e+01	-1.3798355e-01
2.7147029e+01	-1.3612249e-01
2.7168838e+01	-1.2030485e-02
2.7190646e+01	1.0227202e-01
2.7212455e+01	-3.4239845e-02
2.7234264e+01	-2.3065735e-02
2.7256073e+01	4.7501379e-02
2.7277882e+01	8.7705783e-02
2.7299691e+01	3.5035372e-02
2.7321500e+01	-7.4585636e-02
2.7343309e+01	-6.3049766e-02
2.7365118e+01	8.6056222e-02
2.7386927e+01	3.5648720e-02
2.7408736e+01	-1.2763244e-01
2.7430545e+01	4.3192562e-02
2.7452354e+01	-5.1719180e-02
2.7474163e+01	-5.0653279e-03
2.7495972e+01	4.8273850e-02
2.7517781e+01	1.4061371e-01
2.7539590e+01	-1.4662150e-02
2.7561398e+01	-8.6974270e-02
2.7583207e+01	-6.1819960e-02
2.7605016e+01	-3.7330723e-02
2.7626825e+01	-1.0261591e-01
2.7648634e+01	-8.9208161e-02
2.7670443e+01	4.6483172e-02
2.7692252e+01	3.6412005e-02
2.7714061e+01	5.5816307e-02
2.7735870e+01	7.1272833e-02
2.7757679e+01	1.0972978e-01
2.7779488e+01	3.5508472e-01
2.7801297e+01	1.2784562e-01
2.7823106e+01	5.1315598e-02
2.7844915e+01	2.2448586e-01
2.7866724e+01	4.3777146e-02
2.7888533e+01	-6.5174686e-02
2.7910341e+01	-8.9109783e-02
2.7932150e+01	-6.2328576e-04
2.7953959e+01	-5.7894341e-02
2.7975768e+01	-1.2812735e-01
2.7997577e+01	2.7240559e-02
2.8019386e+01	-9.6459980e-02
2.8041195e+01	-4.9029202e-02
2.8063004e+01	-2.8246292e-02
2.8084813e+01	-5.4895724e-02
2.8106622e+01	1.4392994e-01
2.8128431e+01	9.9342342e-04
2.8150240e+01	-1.9839549e-02
2.8172049e+01	-3.5375331e-02
2.8193858e+01	-4.7285522e-02
2.8215667e+01	6.8329810e-02
2.8237476e+01	1.9017318e-01
2.8259284e+01	7.3893979e-02
2.8281093e+01	-8.2157528e-02
2.8302902e+01	-2.9943399e-02
2.8324711e+01	-3.4075485e-02
2.8346520e+01	-1.1186916e-01
2.8368329e+01	8.9895392e-02
2.8390138e+01	1.0796877e-01
2.8411947e+01	-1.8255549e-02
2.8433756e+01	-1.1437733e-01
2.8455565e+01	1.2625365e-01
2.8477374e+01	4.7421797e-01
2.8499183e+01	7.8217294e-01
2.8520992e+01	8.0358748e-01
2.8542801e+01	9.6893954e-01
2.8564610e+01	1.0442010e+00
2.8586419e+01	1.1498069e+00
2.8608227e+01	9.1497708e-01
2.8630036e+01	8.0363250e-01
2.8651845e+01	5.6278009e-01
2.8673654e+01	3.6403178e-01
2.8695463e+01	3.6353873e-01
2.8717272e+01	1.8994563e-01
2.8739081e+01	-4.9776267e-03
2.8760890e+01	-1.1648072e-01
2.8782699e+01	-1.9137762e-01
2.8804508e+01	8.8582323e-03
2.8826317e+01	1.2618959e-01
2.8848126e+01	6.5583544e-02
2.8869935e+01	2.3073134e-02
2.8891744e+01	-7.4758264e-02
2.8913553e+01	3.6019987e-02
2.8935362e+01	-4.1795958e-02
2.8957170e+01	-2.5311881e-03
2.8978979e+01	-3.8050220e-02
2.9000788e+01	1.3340678e-02
2.9022597e+01	3.5360941e-02
2.9044406e+01	-5.3431661e-02
2.9066215e+01	-1.6026851e-02
2.9088024e+01	-1.4814865e-02
2.9109833e+01	1.6253773e-02
2.9131642e+01	1.2151787e-01
2.9153451e+01	1.1964818e-02
2.9175260e+01	6.5234730e-03
2.9197069e+01	-3.1006236e-02
2.9218878e+01	-1.7281425e-02
2.9240687e+01	-8.7772309e-02
2.9262496e+01	1.3096408e-02
2.9284305e+01	3.2447429e-02
2.9306113e+01	-2.4238091e-02
2.9327922e+01	1.0039080e-01
2.9349731e+01	-1.5433629e-02
2.9371540e+01	-9.6489619e-02
2.9393349e+01	7.8545307e-03
2.9415158e+01	7.2307555e-02
2.9436967e+01	1.3394288e-01
2.9458776e+01	5.7737197e-02
2.9480585e+01	-1.8028283e-02
2.9502394e+01	-1.1143450e-01
2.9524203e+01	-1.1504199e-01
2.9546012e+01	-2.6341040e-02
2.9567821e+01	4.9851618e-02
2.9589630e+01	4.8728655e-02
2.9611439e+01	2.1960225e-01
2.9633248e+01	-7.8039073e-02
2.9655057e+01	-1.7998209e-02
2.9676865e+01	-4.4035142e-02
2.9698674e+01	-1.1244746e-01
2.9720483e+01	-1.3815754e-01
2.9742292e+01	-3.6288707e-02
2.9764101e+01	3.2365084e-01
2.9785910e+01	2.0594788e-01
2.9807719e+01	9.1957041e-02
2.9829528e+01	-8.9094324e-03
2.9851337e+01	-9.2441600e-02
2.9873146e+01	1.2056211e-01
2.9894955e+01	3.2691330e-02
2.9916764e+01	8.1746615e-02
2.9938573e+01	6.0084323e-01
2.9960382e+01	1.3956665e+00
2.9982191e+01	2.2382164e+00
3.0004000e+01	3.2226170e+00
3.0025808e+01	3.9092004e+00
3.0047617e+01	4.6042217e+00
3.0069426e+01	5.1106268e+00
3.0091235e+01	5.5512638e+00
3.0113044e+01	5.4447709e+00
3.0134853e+01	4.9440969e+00
3.0156662e+01	4.2327390e+00
3.0178471e+01	3.4080423e+00
3.0200280e+01	2.6443328e+00
3.0222089e+01	1.7513104e+00
3.0243898e+01	1.0732334e+00
3.0265707e+01	5.7300268e-01
3.0287516e+01	3.9261535e-01
3.0309325e+01	1.5210594e-01
3.0331134e+01	-3.9379258e-02
3.0352943e+01	-1.7926119e-01
3.0374751e+01	-2.0313787e-02
3.0396560e+01	-1.5092655e-02
3.0418369e+01	9.7777150e-02
3.0440178e+01	2.9313161e-02
3.0461987e+01	2.0870957e-02
3.0483796e+01	-9.0426382e-02
3.0505605e+01	1.0887525e-02
3.0527414e+01	3.7032951e-02
3.0549223e+01	-4.6860969e-02
3.0571032e+01	-1.3866582e-01
3.0592841e+01	5.1712263e-02
3.0614650e+01	-8.6421809e-02
3.0636459e+01	-7.9525536e-02
3.0658268e+01	6.4409564e-03
3.0680077e+01	4.3451006e-02
3.0701886e+01	-1.2018347e-02
3.0723694e+01	7.9746683e-02
3.0745503e+01	1.1085706e-01
3.0767312e+01	1.3055568e-01
3.0789121e+01	7.8703461e-02
3.0810930e+01	5.4313765e-02
3.0832739e+01	8.9017839e-02
3.0854548e+01	-9.3890571e-02
3.0876357e+01	-9.9679886e-02
3.0898166e+01	-1.5734414e-01
3.0919975e+01	8.1770025e-02
3.0941784e+01	1.5487270e-01
3.0963593e+01	-9.9141760e-02
3.0985402e+01	-3.0158715e-02
3.1007211e+01	-4.0948091e-02
3.1029020e+01	-4.5465154e-02
3.1050829e+01	5.7928132e-02
3.1072637e+01	-1.4229302e-02
3.1094446e+01	3.4440943e-03
3.1116255e+01	-1.8835303e-02
3.1138064e+01	-6.0016725e-02
3.1159873e+01	-4.7510114e-02
3.1181682e+01	-6.7757383e-02
3.1203491e+01	9.9938626e-02
3.1225300e+01	1.1481918e-01
3.1247109e+01	-1.7194635e-02
3.1268918e+01	-1.1121367e-02
3.1290727e+01	7.6173040e-02
3.1312536e+01	8.2479947e-02
3.1334345e+01	-3.6425235e-02
3.1356154e+01	6.3900924e-02
3.1377963e+01	6.8107387e-02
3.1399772e+01	-1.7130815e-01
3.1421580e+01	-4.4101989e-02
3.1443389e+01	-6.7452231e-02
3.1465198e+01	2.9344824e-03
3.1487007e+01	-2.8923561e-02
3.1508816e+01	-5.1460720e-02
3.1530625e+01	-2.3817875e-02
3.1552434e+01	-6.6208125e-02
3.1574243e+01	2.9514749e-02
3.1596052e+01	3.0402343e-01
3.1617861e+01	2.1527040e-01
3.1639670e+01	1.0241979e-01
3.1661479e+01	-7.4459193e-02
3.1683288e+01	-7.5925527e-02
3.1705097e+01	2.7992348e-02
3.1726906e+01	9.8813432e-02
3.1748715e+01	3.4901796e-01
3.1770524e+01	9.5706730e-01
3.1792332e+01	1.6998322e+00
3.1814141e+01	2.3575173e+00
3.1835950e+01	3.0063854e+00
3.1857759e+01	3.9229752e+00
3.1879568e+01	4.5795883e+00
3.1901377e+01	4.9873336e+00
3.1923186e+01	5.1412827e+00
3.1944995e+01	4.9827424e+00
3.1966804e+01	4.5902813e+00
3.1988613e+01	3.9884891e+00
3.2010422e+01	3.2039087e+00
3.2032231e+01	2.2513907e+00
3.2054040e+01	1.4008498e+00
3.2075849e+01	7.2007967e-01
3.2097658e+01	3.1818114e-01
3.2119467e+01	1.2605787e-01
3.2141275e+01	-4.5786774e-03
3.2163084e+01	4.1051798e-02
3.2184893e+01	-1.4556799e-01
3.2206702e+01	5.0564045e-03
3.2228511e+01	-1.1142339e-01
3.2250320e+01	2.3678014e-02
3.2272129e+01	4.7369882e-02
3.2293938e+01	-4.2695301e-02
3.2315747e+01	-5.8721130e-02
3.2337556e+01	3.5944356e-02
3.2359365e+01	3.3027953e-02
3.2381174e+01	3.4446912e-03
3.2402983e+01	-7.2710798e-02
3.2424792e+01	1.8924912e-03
3.2446601e+01	1.0034682e-01
3.2468410e+01	5.6725476e-02
3.2490218e+01	-7.5522489e-02
3.2512027e+01	-1.4008522e-01
3.2533836e+01	-1.1472849e-02
3.2555645e+01	1.4176859e-02
3.2577454e+01	1.3125716e-01
3.2599263e+01	1.1649387e-01
3.2621072e+01	5.8054098e-03
3.2642881e+01	-2.5311399e-02
3.2664690e+01	-1.2244883e-02
3.2686499e+01	-3.5884279e-02
3.2708308e+01	-5.5519102e-02
3.2730117e+01	3.7276636e-02
3.2751926e+01	1.3801000e-01
3.2773735e+01	-2.2933684e-02
3.2795544e+01	-1.1416287e-01
3.2817353e+01	-1.1190613e-01
3.2839161e+01	-2.9688378e-03
3.2860970e+01	4.7577657e-02
3.2882779e+01	6.3331808e-02
3.2904588e+01	1.0448118e-01
3.2926397e+01	-7.7848514e-02
3.2948206e+01	1.0877641e-01
3.2970015e+01	-3.3182800e-02
3.2991824e+01	-1.2106364e-01
3.3013633e+01	-7.2498146e-02
3.3035442e+01	4.4135940e-02
3.3057251e+01	6.4900031e-02
3.3079060e+01	-1.3765250e-02
3.3100869e+01	6.7031471e-03
3.3122678e+01	4.1699641e-02
3.3144487e+01	1.1963633e-02
3.3166296e+01	-1.2697070e-02
3.3188104e+01	-5.8506567e-02
3.3209913e+01	9.7655827e-02
3.3231722e+01	4.0823480e-02
3.3253531e+01	-4.6829575e-02
3.3275340e+01	-5.1982035e-02
3.3297149e+01	-3.4886215e-02
3.3318958e+01	5.8271723e-02
3.3340767e+01	-2.6274146e-02
3.3362576e+01	-5.5583105e-03
3.3384385e+01	5.8161923e-02
3.3406194e+01	-4.8237719e-02
3.3428003e+01	4.7445191e-03
3.3449812e+01	-2.9433282e-02
3.3471621e+01	-1.6870791e-01
3.3493430e+01	-7.4090676e-02
3.3515239e+01	-2.2783363e-02
3.3537047e+01	-6.2348205e-04
3.3558856e+01	2.0047299e-02
3.3580665e+01	1.1214907e-01
3.3602474e+01	1.4979851e-01
3.3624283e+01	1.9959221e-01
3.3646092e+01	2.9096670e-01
3.3667901e+01	3.9480187e-01
3.3689710e+01	2.9974290e-01
3.3711519e+01	1.8123914e-01
3.3733328e+01	-1.6764386e-02
3.3755137e+01	-2.3426252e-01
3.3776946e+01	-5.5921824e-02
3.3798755e+01	-7.3380930e-03
3.3820564e+01	-6.1316279e-03
3.3842373e+01	1.2865750e-03
3.3864182e+01	6.9294643e-02
3.3885991e+01	2.8854888e-02
3.3907799e+01	-5.5772533e-02
3.3929608e+01	-1.1195978e-01
3.3951417e+01	8.9108509e-02
3.3973226e+01	3.8588489e-02
3.3995035e+01	-9.2418575e-02
3.4016844e+01	-2.7894492e-03
3.4038653e+01	6.5987407e-02
3.4060462e+01	3.5118383e-02
3.4082271e+01	-1.1332282e-01
3.4104080e+01	-1.3938397e-01
3.4125889e+01	1.1428736e-01
3.4147698e+01	1.3197164e-01
3.4169507e+01	1.1414043e-02
3.4191316e+01	3.7069391e-02
3.4213125e+01	8.7220850e-02
3.4234934e+01	-8.5570321e-02
3.4256742e+01	-1.1201855e-01
3.4278551e+01	-1.1197259e-02
3.4300360e+01	5.9343856e-02
3.4322169e+01	4.7558935e-02
3.4343978e+01	4.5815667e-02
3.4365787e+01	-8.7051536e-02
3.4387596e+01	-4.5617280e-02
3.4409405e+01	-3.0324799e-02
3.4431214e+01	-2.6549359e-02
3.4453023e+01	4.5956961e-02
3.4474832e+01	2.2890432e-02
3.4496641e+01	5.5122667e-02
3.4518450e+01	-2.1214409e-02
3.4540259e+01	-9.9423786e-02
3.4562068e+01	4.8355109e-02
3.4583877e+01	-1.4528296e-02
3.4605685e+01	-2.8935981e-02
3.4627494e+01	1.3422486e-01
3.4649303e+01	1.2213933e-02
3.4671112e+01	-5.7868568e-02
3.4692921e+01	1.0007328e-02
3.4714730e+01	7.2494003e-02
3.4736539e+01	8.4865960e-02
3.4758348e+01	-6.3192013e-02
3.4780157e+01	-5.4677669e-02
3.4801966e+01	-4.9942861e-02
3.4823775e+01	4.1808584e-02
3.4845584e+01	-1.1485699e-01
3.4867393e+01	-2.8601410e-02
3.4889202e+01	-1.4365154e-02
3.4911011e+01	5.7108058e-02
3.4932820e+01	9.6994858e-02
3.4954628e+01	-6.1297794e-02
3.4976437e+01	-8.2023503e-02
3.4998246e+01	1.0831887e-01
3.5020055e+01	7.2582075e-03
3.5041864e+01	6.3106593e-02
3.5063673e+01	7.9524637e-02
3.5085482e+01	3.8833928e-03
3.5107291e+01	-4.3199135e-02
3.5129100e+01	-5.7241163e-02
3.5150909e+01	-5.4990558e-02
3.5172718e+01	-2.0566926e-03
3.5194527e+01	-4.8738479e-02
3.5216336e+01	-5.7959372e-02
3.5238145e+01	-4.1023807e-02
3.5259954e+01	4.5162220e-02
3.5281763e+01	7.0490546e-02
3.5303571e+01	8.3129465e-02
3.5325380e+01	3.7018705e-02
3.5347189e+01	5.1002675e-02
3.5368998e+01	6.1172543e-02
3.5390807e+01	-9.4710720e-02
3.5412616e+01	-3.2889000e-02
3.5434425e+01	-9.2674503e-03
3.5456234e+01	-1.4707757e-01
3.5478043e+01	-1.0410831e-01
3.5499852e+01	1.4964087e-01
3.5521661e+01	-1.3827451e-02
3.5543470e+01	2.7741815e-02
3.5565279e+01	-4.9103792e-02
3.5587088e+01	-3.6860204e-02
3.5608897e+01	6.7527847e-02
3.5630706e+01	1.5019566e-01
3.5652514e+01	9.8351877e-03
3.5674323e+01	-4.6379755e-03
3.5696132e+01	5.6693611e-02
3.5717941e+01	3.8850778e-02
3.5739750e+01	7.9423193e-02
3.5761559e+01	-1.7827171e-02
3.5783368e+01	-1.2751419e-01
3.5805177e+01	2.9787970e-02
3.5826986e+01	1.0077944e-01
3.5848795e+01	-9.3358551e-03
3.5870604e+01	-9.8702959e-02
3.5892413e+01	-6.4995096e-02
3.5914222e+01	5.5589334e-02
3.5936031e+01	-4.5028052e-02
3.5957840e+01	-2.0638279e-01
3.5979649e+01	-2.7356508e-01
3.6001458e+01	-8.2357451e-03
3.6023266e+01	1.3340825e-01
3.6045075e+01	1.6326011e-01
3.6066884e+01	1.2206100e-01
3.6088693e+01	3.1120570e-01
3.6110502e+01	1.0169064e-01
3.6132311e+01	3.6963059e-03
3.6154120e+01	-5.5352608e-02
3.6175929e+01	1.1850860e-01
3.6197738e+01	2.1455172e-02
3.6219547e+01	-2.1672493e-03
3.6241356e+01	-3.3117086e-02
3.6263165e+01	-7.1313626e-02
3.6284974e+01	-1.8540900e-02
3.6306783e+01	-1.4364926e-01
3.6328592e+01	1.1020040e-01
3.6350401e+01	-4.7528592e-02
3.6372209e+01	2.5179104e-02
3.6394018e+01	-2.9838486e-02
3.6415827e+01	-8.0190939e-02
3.6437636e+01	2.6124163e-02
3.6459445e+01	2.0921890e-01
3.6481254e+01	2.2430432e-01
3.6503063e+01	3.8562271e-01
3.6524872e+01	3.0936877e-01
3.6546681e+01	3.2985363e-01
3.6568490e+01	1.0045690e-01
3.6590299e+01	6.0486810e-02
3.6612108e+01	-5.9872150e-02
3.6633917e+01	-2.7990967e-01
3.6655726e+01	-9.5876212e-02
3.6677535e+01	-6.3801927e-02
3.6699344e+01	-1.5622437e-01
3.6721152e+01	5.6416118e-02
3.6742961e+01	1.9166618e-02
3.6764770e+01	-6.2951870e-02
3.6786579e+01	9.5851882e-04
3.6808388e+01	1.9197954e-01
3.6830197e+01	1.8267606e-01
3.6852006e+01	3.3354818e-02
3.6873815e+01	-4.2937955e-04
3.6895624e+01	1.3877805e-01
3.6917433e+01	1.5049100e-01
3.6939242e+01	7.2940449e-02
3.6961051e+01	4.9734883e-02
3.6982860e+01	6.6997802e-02
3.7004669e+01	-1.6794296e-01
3.7026478e+01	-4.6788405e-03
3.7048287e+01	8.9462746e-02
3.7070095e+01	2.0246515e-01
3.7091904e+01	-1.1933918e-01
3.7113713e+01	-1.7179379e-01
3.7135522e+01	-1.5510048e-01
3.7157331e+01	-2.5216604e-02
3.7179140e+01	-1.5000961e-01
3.7200949e+01	5.1409007e-02
3.7222758e+01	1.3165597e-01
3.7244567e+01	-2.8112498e-02
3.7266376e+01	-1.1804549e-01
3.7288185e+01	-2.4241634e-02
3.7309994e+01	2.4771082e-02
3.7331803e+01	2.3885128e-02
3.7353612e+01	3.2758933e-02
3.7375421e+01	2.1452259e-02
3.7397230e+01	3.0170363e-02
3.7419038e+01	-8.6447810e-04
3.7440847e+01	2.5883137e-02
3.7462656e+01	6.1861639e-01
3.7484465e+01	1.0885135e+00
3.7506274e+01	7.3719276e-01
3.7528083e+01	8.2613160e-02
3.7549892e+01	6.5888781e-03
3.7571701e+01	8.5109892e-02
3.7593510e+01	4.1783962e-02
3.7615319e+01	9.5331714e-02
3.7637128e+01	-1.8008360e-01
3.7658937e+01	-1.4459734e-01
3.7680746e+01	-1.5006111e-01
3.7702555e+01	-8.2596722e-02
3.7724364e+01	9.1484972e-02
3.7746173e+01	2.1067697e-01
3.7767981e+01	-9.8796142e-03
3.7789790e+01	1.2832068e-02
3.7811599e+01	4.3028797e-02
3.7833408e+01	1.2591059e-01
3.7855217e+01	5.2254509e-01
3.7877026e+01	5.9503140e-01
3.7898835e+01	6.6846849e-01
3.7920644e+01	6.8847105e-01
3.7942453e+01	5.3041574e-01
3.7964262e+01	3.6181420e-01
3.7986071e+01	3.7718737e-01
3.8007880e+01	3.8415266e-02
3.8029689e+01	-3.4373339e-02
3.8051498e+01	-9.4974993e-02
3.8073307e+01	6.7145891e-02
3.8095116e+01	-1.9880056e-01
3.8116925e+01	-1.1052327e-01
3.8138733e+01	3.8327489e-02
3.8160542e+01	4.1866355e-02
3.8182351e+01	9.0622516e-02
3.8204160e+01	2.8030706e-01
3.8225969e+01	8.1702651e-01
3.8247778e+01	1.2022566e+00
3.8269587e+01	1.3517552e+00
3.8291396e+01	1.5403070e+00
3.8313205e+01	1.4909239e+00
3.8335014e+01	1.6796366e+00
3.8356823e+01	1.5642419e+00
3.8378632e+01	1.5475176e+00
3.8400441e+01	1.4513134e+00
3.8422250e+01	1.3044702e+00
3.8444059e+01	1.0180608e+00
3.8465868e+01	7.5905789e-01
3.8487676e+01	1.7244529e-01
3.8509485e+01	1.5854480e-01
3.8531294e+01	4.4572572e-02
3.8553103e+01	-1.6993368e-02
3.8574912e+01	-1.8408517e-01
3.8596721e+01	-1.5434308e-01
3.8618530e+01	-5.8466202e-02
3.8640339e+01	1.2085505e-01
3.8662148e+01	8.1087606e-02
3.8683957e+01	-3.3610176e-02
3.8705766e+01	-2.0652019e-01
3.8727575e+01	1.0517036e-01
3.8749384e+01	6.4341263e-02
3.8771193e+01	-1.8719619e-02
3.8793002e+01	1.1151079e-02
3.8814811e+01	4.4381149e-02
3.8836619e+01	1.1484483e-02
3.8858428e+01	-1.4173883e-02
3.8880237e+01	-4.4514896e-02
3.8902046e+01	-8.5384522e-02
3.8923855e+01	-3.7733514e-02
3.8945664e+01	7.5145175e-02
3.8967473e+01	1.1186974e-01
3.8989282e+01	-6.0193912e-02
3.9011091e+01	6.7428073e-02
3.9032900e+01	3.8412148e-01
3.9054709e+01	1.5868694e-01
3.9076518e+01	-9.3495137e-02
3.9098327e+01	3.7242246e-02
3.9120136e+01	-1.0097770e-01
3.9141945e+01	-1.4542138e-01
3.9163754e+01	7.0729446e-02
3.9185562e+01	-1.4851469e-01
3.9207371e+01	3.5082520e-02
3.9229180e+01	1.8096876e-01
3.9250989e+01	1.4010142e-01
3.9272798e+01	-2.0775474e-02
3.9294607e+01	-1.1739149e-01
3.9316416e+01	-4.7552290e-02
3.9338225e+01	1.3477436e-01
3.9360034e+01	3.0597013e-01
3.9381843e+01	-2.2071961e-01
3.9403652e+01	1.2725664e-01
3.9425461e+01	1.3289066e-01
3.9447270e+01	-3.5758613e-02
3.9469079e+01	1.5478203e-01
3.9490888e+01	1.1538812e-01
3.9512697e+01	-6.5994584e-02
3.9534505e+01	-1.1998534e-01
3.9556314e+01	-2.4478705e-01
3.9578123e+01	-2.0138730e-01
3.9599932e+01	-2.2505105e-02
3.9621741e+01	5.1764390e-02
3.9643550e+01	5.1758623e-02
3.9665359e+01	9.1178887e-02
3.9687168e+01	1.7218152e-01
3.9708977e+01	3.4870430e-01
3.9730786e+01	6.4560605e-01
3.9752595e+01	7.1976670e-01
3.9774404e+01	5.3794612e-01
3.9796213e+01	6.8696715e-01
3.9818022e+01	6.0754728e-01
3.9839831e+01	3.2048796e-01
3.9861640e+01	1.6111044e-01
3.9883449e+01	9.0587653e-02
3.9905257e+01	1.6384704e-02
3.9927066e+01	9.4825262e-02
3.9948875e+01	-5.5260793e-02
3.9970684e+01	-8.6506931e-02
3.9992493e+01	5.1544846e-02
4.0014302e+01	-7.8420243e-02
4.0036111e+01	-2.5350793e-01
4.0057920e+01	6.2761659e-02
4.0079729e+01	1.7672664e-02
4.0101538e+01	-1.0976616e-01
4.0123347e+01	1.5214386e-02
4.0145156e+01	2.3061685e-03
4.0166965e+01	-1.4511868e-02
4.0188774e+01	-5.5575203e-03
4.0210583e+01	3.1624653e-02
4.0232392e+01	1.3114410e-01
4.0254200e+01	3.1657629e-01
4.0276009e+01	1.3295577e-01
4.0297818e+01	-1.3976234e-01
4.0319627e+01	-1.1243904e-01
4.0341436e+01	1.5545529e-01
4.0363245e+01	3.7557035e-02
4.0385054e+01	-1.6251872e-01
4.0406863e+01	2.6718100e-02
4.0428672e+01	-6.3615202e-02
4.0450481e+01	1.1057111e-01
4.0472290e+01	-6.6872091e-03
4.0494099e+01	1.5657552e-01
4.0515908e+01	-4.3824372e-02
4.0537717e+01	-1.8810683e-01
4.0559526e+01	-8.9232597e-02
4.0581335e+01	1.9216879e-01
4.0603143e+01	1.6140186e-01
4.0624952e+01	-8.5467368e-03
4.0646761e+01	2.3110276e-02
4.0668570e+01	3.7227296e-03
4.0690379e+01	-1.6235235e-03
4.0712188e+01	7.1489495e-02
4.0733997e+01	4.3809280e-01
4.0755806e+01	-8.1890178e-02
4.0777615e+01	-3.5946462e-01
4.0799424e+01	8.0867586e-02
4.0821233e+01	2.0681171e-01
4.0843042e+01	1.3083064e-01
4.0864851e+01	1.2309414e-01
4.0886660e+01	-1.7802791e-01
4.0908469e+01	1.8100890e-03
4.0930278e+01	7.7657931e-02
4.0952086e+01	-1.5360481e-01
4.0973895e+01	8.2683379e-02
4.0995704e+01	-1.5599020e-03
4.1017513e+01	-4.2738424e-02
4.1039322e+01	1.3327696e-01
4.1061131e+01	1.5930395e-02
4.1082940e+01	2.2351277e-01
4.1104749e+01	-2.4610673e-01
4.1126558e+01	-1.1018300e-01
4.1148367e+01	1.3348962e-01
4.1170176e+01	2.0219433e-01
4.1191985e+01	-6.9560699e-02
4.1213794e+01	-6.2925694e-03
4.1235603e+01	5.1204783e-01
4.1257412e+01	1.5571810e-01
4.1279221e+01	4.1650153e-03
4.1301029e+01	-1.1643998e-01
4.1322838e+01	1.4666962e-02
4.1344647e+01	3.3181854e-02
4.1366456e+01	1.1179896e-01
4.1388265e+01	-2.4024693e-01
4.1410074e+01	-6.9204152e-02
4.1431883e+01	1.2466220e-01
4.1453692e+01	1.4240736e-01
4.1475501e+01	-6.8505501e-02
4.1497310e+01	-1.4678535e-01
4.1519119e+01	2.2176886e-02
4.1540928e+01	3.3330315e-03
4.1562737e+01	1.1810289e-01
4.1584546e+01	8.5164350e-02
4.1606355e+01	-2.4220994e-01
4.1628164e+01	6.2007844e-03
4.1649972e+01	2.6770796e-01
4.1671781e+01	2.8187170e-01
4.1693590e+01	6.1040034e-02
4.1715399e+01	8.5145264e-02
4.1737208e+01	-1.2540490e-01
4.1759017e+01	3.7431095e-01
4.1780826e+01	7.2920025e-01
4.1802635e+01	5.0974409e-01
4.1824444e+01	8.3255859e-01
4.1846253e+01	6.7128283e-01
4.1868062e+01	1.1410190e-01
4.1889871e+01	3.9482887e-01
4.1911680e+01	4.2351751e-01
4.1933489e+01	7.3097267e-01
4.1955298e+01	4.2830304e-01
4.1977107e+01	-9.8290722e-02
4.1998916e+01	-3.5394156e-02
4.2020724e+01	1.0445626e-01
4.2042533e+01	3.0092022e-01
4.2064342e+01	-1.3782391e-01
4.2086151e+01	6.6561010e-02
4.2107960e+01	-1.2038183e-01
4.2129769e+01	5.1339546e-02
4.2151578e+01	1.1584966e-01
4.2173387e+01	-9.2820188e-02
4.2195196e+01	1.6117290e-01
4.2217005e+01	1.0628551e-01
4.2238814e+01	-2.6240210e-02
4.2260623e+01	8.8372936e-02
4.2282432e+01	-1.3980682e-01
4.2304241e+01	-2.1067951e-01
4.2326050e+01	-2.3506408e-01
4.2347859e+01	2.9146168e-02
4.2369667e+01	1.3078139e-01
4.2391476e+01	-4.1712241e-02
4.2413285e+01	1.3537878e-01
4.2435094e+01	5.8763275e-01
4.2456903e+01	8.3403388e-01
4.2478712e+01	5.4269508e-01
4.2500521e+01	4.3981624e-01
4.2522330e+01	1.1915030e+00
4.2544139e+01	1.4189605e+00
4.2565948e+01	1.2069297e+00
4.2587757e+01	7.9698472e-01
4.2609566e+01	6.4125756e-01
4.2631375e+01	6.6197828e-01
4.2653184e+01	6.2479686e-01
4.2674993e+01	1.7333223e-01
4.2696802e+01	1.2386619e-01
4.2718610e+01	-4.5416366e-02
4.2740419e+01	1.4597086e-01
4.2762228e+01	2.7968429e-02
4.2784037e+01	1.9228635e-01
4.2805846e+01	-1.3266636e-01
4.2827655e+01	-8.2149755e-02
4.2849464e+01	-1.6525183e-01
4.2871273e+01	-2.5028463e-01
4.2893082e+01	3.0114014e-01
4.2914891e+01	1.1016958e-01
4.2936700e+01	2.0403155e-01
4.2958509e+01	2.9639075e-01
4.2980318e+01	-5.1712026e-02
4.3002127e+01	1.3061865e-01
4.3023936e+01	-1.2590665e-01
4.3045745e+01	-5.8979681e-02
4.3067553e+01	-6.3699453e-02
4.3089362e+01	1.5600947e-01
4.3111171e+01	8.6291335e-02
4.3132980e+01	4.2754105e-01
4.3154789e+01	1.3741864e-01
4.3176598e+01	-1.8776269e-01
4.3198407e+01	-2.5767376e-01
4.3220216e+01	3.1919353e-02
4.3242025e+01	2.2016967e-01
4.3263834e+01	5.1468479e-02
4.3285643e+01	-3.3525761e-02
4.3307452e+01	4.8922094e-01
4.3329261e+01	3.5221047e-01
4.3351070e+01	2.9635437e-01
4.3372879e+01	7.3036310e-02
4.3394688e+01	-4.3510630e-02
4.3416496e+01	4.7859153e-01
4.3438305e+01	5.5493652e-01
4.3460114e+01	3.0064492e-01
4.3481923e+01	3.3645348e-01
4.3503732e+01	-9.6716191e-02
4.3525541e+01	-9.5876611e-03
4.3547350e+01	3.3793079e-02
4.3569159e+01	5.8591256e-02
4.3590968e+01	8.7364043e-03
4.3612777e+01	-1.7642191e-01
4.3634586e+01	1.4253924e-01
4.3656395e+01	3.4379447e-01
4.3678204e+01	8.9367879e-01
4.3700013e+01	1.6353310e+00
4.3721822e+01	1.9970100e+00
4.3743631e+01	2.3979305e+00
4.3765439e+01	2.5910184e+00
4.3787248e+01	2.9995824e+00
4.3809057e+01	3.3959355e+00
4.3830866e+01	3.6044984e+00
4.3852675e+01	3.4181859e+00
4.3874484e+01	3.2429459e+00
4.3896293e+01	3.2845872e+00
4.3918102e+01	3.1567806e+00
4.3939911e+01	2.4034898e+00
4.3961720e+01	2.0659039e+00
4.3983529e+01	1.7205045e+00
4.4005338e+01	9.1538241e-01
4.4027147e+01	4.2956857e-01
4.4048956e+01	1.2841473e-01
4.4070765e+01	-1.9417553e-02
4.4092574e+01	1.6769605e-01
4.4114383e+01	2.7353538e-02
4.4136191e+01	4.6350382e-02
4.4158000e+01	-8.4307577e-02
4.4179809e+01	-2.2483908e-01
4.4201618e+01	-7.3051989e-02
4.4223427e+01	3.7771148e-01
4.4245236e+01	4.2474072e-01
4.4267045e+01	5.6131242e-01
4.4288854e+01	5.7160415e-01
4.4310663e+01	5.0647376e-01
4.4332472e+01	-2.4386433e-02
4.4354281e+01	5.4979579e-02
4.4376090e+01	2.2603908e-01
4.4397899e+01	-2.8731591e-01
4.4419708e+01	6.3698337e-02
4.4441517e+01	1.7066876e-01
4.4463326e+01	1.1060553e-02
4.4485134e+01	4.4951256e-01
4.4506943e+01	1.4903072e-01
4.4528752e+01	-1.9206183e-01
4.4550561e+01	1.9365294e-01
4.4572370e+01	-1.8004904e-02
4.4594179e+01	4.5437224e-01
4.4615988e+01	4.6374959e-01
4.4637797e+01	2.6817517e-02
4.4659606e+01	5.9686268e-01
4.4681415e+01	3.8912789e-01
4.4703224e+01	4.4717766e-01
4.4725033e+01	1.3366700e-01
4.4746842e+01	5.0388702e-01
4.4768651e+01	3.6696624e-01
4.4790460e+01	3.4161364e-01
4.4812269e+01	-1.1672522e-01
4.4834077e+01	-4.1216762e-02
4.4855886e+01	-1.6111777e-01
4.4877695e+01	-1.0229876e-01
4.4899504e+01	1.0465029e-01
4.4921313e+01	-1.4735894e-01
4.4943122e+01	2.4272029e-01
4.4964931e+01	1.4068055e-01
4.4986740e+01	6.3614766e-02