Image file: \\Gfs05\g45\SAXS\2020_12\HDF5\2020-12.10_Kevin_day2_SN\2020-12-10_Max_Cu123_SN_000017_data_000115.h5
ImageIntegration1d_chi_output; Output_Directory= \\Gfs05\g45\SAXS\2020_12\Processed\2020-12-09_Kevin_day1_SN\Chi-Sample-7
Profile = Radial, StartAzimuth = 0.0, EndAzimuth = 360.0, Sam_Det_distance = 250.818474293, InnerRadius = 15.0, OuterRadius = 2400.0, Lambda = 30, Ratio = 0.001, Itermax = 100
2400
2.0013229e+00	-2.2367317e-02
2.0231319e+00	6.7045499e-03
2.0449408e+00	-8.2260493e-02
2.0667497e+00	9.9552849e-02
2.0885587e+00	1.5096725e-01
2.1103676e+00	2.0602275e-01
2.1321765e+00	-7.0117805e-02
2.1539855e+00	1.8972775e-02
2.1757944e+00	-1.4233408e-01
2.1976034e+00	-1.8491879e-01
2.2194123e+00	-6.1392273e-02
2.2412212e+00	2.3508989e-01
2.2630302e+00	1.2847839e-01
2.2848391e+00	-5.8069202e-02
2.3066480e+00	1.0658148e-01
2.3284570e+00	1.0537446e-01
2.3502659e+00	-1.2451177e-01
2.3720749e+00	1.6850548e-02
2.3938838e+00	1.1161053e-01
2.4156927e+00	1.0037194e-01
2.4375017e+00	1.9841222e-02
2.4593106e+00	-2.3672130e-01
2.4811196e+00	3.8075120e-02
2.5029285e+00	1.8726193e-01
2.5247374e+00	-1.1669724e-01
2.5465464e+00	6.6359326e-02
2.5683553e+00	3.1792819e-01
2.5901642e+00	9.3129309e-02
2.6119732e+00	-1.5221358e-01
2.6337821e+00	-2.2972558e-01
2.6555911e+00	3.7133966e-02
2.6774000e+00	1.6425122e-01
2.6992089e+00	1.7674521e-02
2.7210179e+00	7.6216092e-02
2.7428268e+00	-2.6325528e-02
2.7646358e+00	-1.5231072e-02
2.7864447e+00	1.5604674e-01
2.8082536e+00	2.7865347e-01
2.8300626e+00	6.2547050e-02
2.8518715e+00	-8.1982597e-02
2.8736804e+00	1.1590150e-02
2.8954894e+00	-1.1243258e-01
2.9172983e+00	-1.0814820e-01
2.9391073e+00	1.7163050e-01
2.9609162e+00	1.4410856e-01
2.9827251e+00	-6.8407954e-02
3.0045341e+00	-7.3839657e-02
3.0263430e+00	-7.8925217e-02
3.0481519e+00	2.3090737e-02
3.0699609e+00	2.9371816e-01
3.0917698e+00	2.8029364e-01
3.1135788e+00	4.0085113e-02
3.1353877e+00	-2.0479625e-02
3.1571966e+00	1.1348617e-01
3.1790056e+00	-6.8475564e-02
3.2008145e+00	1.0336884e-01
3.2226235e+00	2.3941125e-01
3.2444324e+00	-1.7625474e-01
3.2662413e+00	-7.2083815e-02
3.2880503e+00	6.3770464e-02
3.3098592e+00	2.7687043e-02
3.3316681e+00	-8.5931769e-02
3.3534771e+00	1.9028686e-02
3.3752860e+00	1.1101424e-01
3.3970950e+00	2.7784610e-01
3.4189039e+00	1.8265189e-01
3.4407128e+00	-8.1633889e-02
3.4625218e+00	8.0065457e-02
3.4843307e+00	-1.1553947e-01
3.5061396e+00	-8.2312923e-02
3.5279486e+00	-6.5815964e-02
3.5497575e+00	2.6076288e-01
3.5715665e+00	3.7422262e-01
3.5933754e+00	2.0140905e-01
3.6151843e+00	8.0108252e-02
3.6369933e+00	-1.7443716e-02
3.6588022e+00	-2.5954969e-02
3.6806112e+00	-4.1910618e-02
3.7024201e+00	-4.6875107e-02
3.7242290e+00	-5.0307333e-02
3.7460380e+00	1.8247866e-02
3.7678469e+00	2.5627133e-02
3.7896558e+00	4.3616410e-02
3.8114648e+00	7.9696207e-02
3.8332737e+00	4.5661891e-02
3.8550827e+00	-7.1236009e-03
3.8768916e+00	-6.9251599e-02
3.8987005e+00	-5.5737239e-02
3.9205095e+00	-7.8019582e-02
3.9423184e+00	1.8577383e-01
3.9641273e+00	2.6986829e-02
3.9859363e+00	-4.3130470e-02
4.0077452e+00	-5.7476441e-02
4.0295542e+00	5.5669763e-02
4.0513631e+00	1.0188549e-01
4.0731720e+00	2.6789112e-02
4.0949810e+00	-6.3418842e-02
4.1167899e+00	-1.9004765e-02
4.1385989e+00	1.2636567e-02
4.1604078e+00	-7.8066596e-02
4.1822167e+00	-5.9877326e-02
4.2040257e+00	3.9828262e-02
4.2258346e+00	1.7309599e-02
4.2476435e+00	-2.8937471e-02
4.2694525e+00	1.1083466e-03
4.2912614e+00	9.9898420e-02
4.3130704e+00	1.6575423e-01
4.3348793e+00	-4.0724682e-02
4.3566882e+00	-1.5775128e-01
4.3784972e+00	-4.6047522e-02
4.4003061e+00	1.2240998e-01
4.4221151e+00	5.2514065e-02
4.4439240e+00	-7.6559285e-02
4.4657329e+00	-7.6531408e-02
4.4875419e+00	1.0266407e-01
4.5093508e+00	2.6154831e-01
4.5311597e+00	1.5608322e-02
4.5529687e+00	-3.5081855e-02
4.5747776e+00	-9.3120247e-02
4.5965866e+00	-5.2825981e-02
4.6183955e+00	1.0204464e-01
4.6402044e+00	-1.6927243e-02
4.6620134e+00	1.4259728e-01
4.6838223e+00	2.0077092e-01
4.7056312e+00	-6.0070325e-02
4.7274402e+00	-1.8755624e-01
4.7492491e+00	-3.9736638e-02
4.7710581e+00	5.0694510e-02
4.7928670e+00	1.8790732e-01
4.8146759e+00	6.8757949e-02
4.8364849e+00	-1.5257521e-01
4.8582938e+00	7.8318530e-04
4.8801028e+00	1.5191426e-01
4.9019117e+00	-1.8775913e-02
4.9237206e+00	1.8884057e-02
4.9455296e+00	-6.6102032e-02
4.9673385e+00	-7.0797202e-02
4.9891474e+00	2.5577597e-02
5.0109564e+00	-1.6526198e-01
5.0327653e+00	7.9450922e-02
5.0545743e+00	9.6124880e-02
5.0763832e+00	1.5093261e-01
5.0981921e+00	-1.7017497e-02
5.1200011e+00	2.1243653e-02
5.1418100e+00	-4.0100029e-02
5.1636189e+00	-3.1607517e-03
5.1854279e+00	3.7084661e-03
5.2072368e+00	-1.5169817e-01
5.2290458e+00	9.1255130e-02
5.2508547e+00	-2.1632876e-03
5.2726636e+00	-5.2026963e-02
5.2944726e+00	1.5469581e-02
5.3162815e+00	4.8916636e-02
5.3380905e+00	-1.8762955e-02
5.3598994e+00	6.4489795e-02
5.3817083e+00	1.0330084e-01
5.4035173e+00	-1.4112956e-01
5.4253262e+00	1.9074337e-01
5.4471351e+00	-6.5412302e-02
5.4689441e+00	-2.2456458e-01
5.4907530e+00	4.5741616e-02
5.5125620e+00	9.7191834e-02
5.5343709e+00	-5.8764253e-02
5.5561798e+00	1.2273326e-01
5.5779888e+00	1.1451971e-01
5.5997977e+00	-4.3923096e-02
5.6216066e+00	-1.2087436e-01
5.6434156e+00	6.7839348e-02
5.6652245e+00	8.5465173e-03
5.6870335e+00	-1.2517617e-01
5.7088424e+00	4.9831628e-02
5.7306513e+00	-9.3531739e-04
5.7524603e+00	1.5217402e-01
5.7742692e+00	-3.2217216e-02
5.7960782e+00	-2.5985640e-02
5.8178871e+00	2.2602524e-02
5.8396960e+00	-1.1451426e-01
5.8615050e+00	5.2012296e-02
5.8833139e+00	-5.4330496e-02
5.9051228e+00	-1.5802651e-03
5.9269318e+00	9.4971972e-02
5.9487407e+00	7.7816806e-02
5.9705497e+00	1.0899161e-01
5.9923586e+00	-7.5645395e-02
6.0141675e+00	-8.3659391e-02
6.0359765e+00	-1.6517331e-01
6.0577854e+00	-6.4116840e-03
6.0795944e+00	9.5636722e-02
6.1014033e+00	7.7383613e-02
6.1232122e+00	6.1540363e-02
6.1450212e+00	-7.1933884e-04
6.1668301e+00	-1.1048271e-01
6.1886390e+00	-1.0194001e-01
6.2104480e+00	1.3134211e-01
6.2322569e+00	2.1513487e-01
6.2540659e+00	-2.0929379e-02
6.2758748e+00	-6.7430114e-02
6.2976837e+00	-8.0320634e-02
6.3194927e+00	-4.7443891e-02
6.3413016e+00	7.3871267e-02
6.3631105e+00	3.6134015e-02
6.3849195e+00	1.5753674e-01
6.4067284e+00	5.6167998e-02
6.4285374e+00	-1.6610580e-01
6.4503463e+00	1.8294622e-02
6.4721552e+00	1.7293620e-03
6.4939642e+00	-1.0835773e-01
6.5157731e+00	2.6832624e-02
6.5375821e+00	1.3226251e-01
6.5593910e+00	1.4449465e-01
6.5811999e+00	1.2930140e-01
6.6030089e+00	-1.5536732e-01
6.6248178e+00	-1.9940038e-01
6.6466267e+00	-4.3354794e-02
6.6684357e+00	1.6491020e-03
6.6902446e+00	2.7951661e-02
6.7120536e+00	1.1404935e-01
6.7338625e+00	4.2002215e-02
6.7556714e+00	-5.8748465e-02
6.7774804e+00	1.4371247e-01
6.7992893e+00	-1.3463090e-01
6.8210982e+00	-6.7069054e-02
6.8429072e+00	6.3267172e-02
6.8647161e+00	1.0360825e-01
6.8865251e+00	8.6021809e-03
6.9083340e+00	4.2371237e-02
6.9301429e+00	-7.0521522e-02
6.9519519e+00	-2.5265827e-01
6.9737608e+00	7.5284231e-02
6.9955698e+00	1.2626816e-01
7.0173787e+00	1.6666590e-02
7.0391876e+00	9.5195503e-02
7.0609966e+00	-5.6891305e-02
7.0828055e+00	-1.3613171e-01
7.1046144e+00	2.2244065e-03
7.1264234e+00	1.5890582e-01
7.1482323e+00	4.0804326e-01
7.1700413e+00	2.8392686e-01
7.1918502e+00	3.5616537e-01
7.2136591e+00	2.9420347e-01
7.2354681e+00	5.7338935e-02
7.2572770e+00	-1.0877338e-01
7.2790859e+00	-9.7431752e-02
7.3008949e+00	5.5505189e-02
7.3227038e+00	7.5033374e-02
7.3445128e+00	-1.0953893e-02
7.3663217e+00	-7.9967570e-02
7.3881306e+00	3.0435917e-01
7.4099396e+00	2.6927648e-01
7.4317485e+00	7.4865349e-02
7.4535575e+00	1.6532279e-02
7.4753664e+00	-7.1982365e-03
7.4971753e+00	-1.5791644e-01
7.5189843e+00	2.9798101e-02
7.5407932e+00	7.2625671e-02
7.5626021e+00	3.6265036e-02
7.5844111e+00	-7.5596597e-02
7.6062200e+00	-4.4326180e-02
7.6280290e+00	6.5958950e-02
7.6498379e+00	5.7815338e-03
7.6716468e+00	7.8115511e-03
7.6934558e+00	-1.3254124e-03
7.7152647e+00	7.1242315e-02
7.7370737e+00	-3.8203475e-02
7.7588826e+00	2.8864150e-02
7.7806915e+00	7.5295082e-02
7.8025005e+00	-8.7644399e-02
7.8243094e+00	-3.9761472e-02
7.8461183e+00	9.7399953e-02
7.8679273e+00	-6.1522132e-02
7.8897362e+00	-4.9446398e-02
7.9115452e+00	3.5173863e-02
7.9333541e+00	-1.9751386e-01
7.9551630e+00	1.7110777e-01
7.9769720e+00	2.3198872e-02
7.9987809e+00	-3.5047732e-02
8.0205898e+00	3.2369829e-02
8.0423988e+00	1.3821419e-01
8.0642077e+00	3.7502423e-02
8.0860167e+00	-9.3017180e-02
8.1078256e+00	-9.3261299e-02
8.1296345e+00	-1.1780823e-01
8.1514435e+00	7.4293263e-02
8.1732524e+00	6.8682244e-02
8.1950614e+00	7.4607750e-02
8.2168703e+00	2.5443176e-02
8.2386792e+00	1.0982010e-02
8.2604882e+00	1.3188940e-01
8.2822971e+00	2.0516717e-01
8.3041060e+00	-1.6872550e-01
8.3259150e+00	-2.9301888e-01
8.3477239e+00	-6.8331067e-03
8.3695329e+00	7.7124994e-02
8.3913418e+00	7.8413112e-02
8.4131507e+00	1.9924119e-01
8.4349597e+00	4.1759030e-01
8.4567686e+00	3.0190067e-01
8.4785775e+00	2.1479977e-01
8.5003865e+00	-6.5603039e-02
8.5221954e+00	-1.1243675e-02
8.5440044e+00	-9.1002621e-02
8.5658133e+00	2.6307071e-02
8.5876222e+00	-6.7287423e-02
8.6094312e+00	-9.7086885e-02
8.6312401e+00	2.1557493e-02
8.6530491e+00	1.5879358e-01
8.6748580e+00	1.6775272e-01
8.6966669e+00	6.5867361e-02
8.7184759e+00	-6.8296467e-02
8.7402848e+00	-4.1807573e-02
8.7620937e+00	-2.6780534e-02
8.7839027e+00	-1.4155381e-01
8.8057116e+00	9.7109312e-02
8.8275206e+00	2.7594963e-02
8.8493295e+00	-1.1216014e-01
8.8711384e+00	-7.3056865e-02
8.8929474e+00	7.0911450e-02
8.9147563e+00	1.0632142e-01
8.9365652e+00	-9.5117247e-03
8.9583742e+00	8.9733134e-02
8.9801831e+00	1.2389086e-01
9.0019921e+00	1.1513242e-01
9.0238010e+00	-5.7719118e-04
9.0456099e+00	-3.0001855e-01
9.0674189e+00	-9.4999006e-02
9.0892278e+00	2.7887700e-02
9.1110368e+00	2.4911129e-01
9.1328457e+00	2.0223017e-01
9.1546546e+00	1.0177516e-01
9.1764636e+00	-1.5029392e-01
9.1982725e+00	-5.1468194e-02
9.2200814e+00	1.9525094e-01
9.2418904e+00	1.2990030e-01
9.2636993e+00	-2.5338832e-01
9.2855083e+00	-1.4519235e-01
9.3073172e+00	7.2708037e-02
9.3291261e+00	2.9202357e-02
9.3509351e+00	1.7942397e-01
9.3727440e+00	1.0043941e-01
9.3945530e+00	4.6855932e-02
9.4163619e+00	-4.7683204e-02
9.4381708e+00	-9.2160145e-02
9.4599798e+00	1.2243963e-02
9.4817887e+00	8.3541787e-02
9.5035976e+00	1.2474472e-01
9.5254066e+00	2.1854461e-01
9.5472155e+00	-5.8254630e-02
9.5690245e+00	-1.9366772e-01
9.5908334e+00	-1.4510994e-01
9.6126423e+00	4.2836098e-01
9.6344513e+00	1.7609830e-01
9.6562602e+00	-3.8448263e-02
9.6780691e+00	2.2365189e-02
9.6998781e+00	3.2206540e-03
9.7216870e+00	9.4312822e-02
9.7434960e+00	2.4026619e-01
9.7653049e+00	1.0475070e-02
9.7871138e+00	3.6321474e-02
9.8089228e+00	-3.9582050e-02
9.8307317e+00	-1.1938198e-01
9.8525407e+00	1.8822133e-02
9.8743496e+00	-4.4727973e-02
9.8961585e+00	4.1826681e-02
9.9179675e+00	-9.6435451e-02
9.9397764e+00	1.0455475e-01
9.9615853e+00	-4.3001251e-02
9.9833943e+00	1.0333681e-01
1.0005203e+01	8.5963110e-02
1.0027012e+01	-1.9364858e-01
1.0048821e+01	-1.0308509e-02
1.0070630e+01	1.7831802e-01
1.0092439e+01	1.2576798e-01
1.0114248e+01	1.6401733e-02
1.0136057e+01	-1.0855906e-01
1.0157866e+01	2.7917855e-02
1.0179675e+01	3.7470246e-02
1.0201484e+01	2.2681958e-01
1.0223293e+01	1.3013642e-01
1.0245102e+01	-7.0176400e-02
1.0266910e+01	-2.0307112e-01
1.0288719e+01	-1.4465806e-01
1.0310528e+01	3.7787493e-02
1.0332337e+01	1.0816431e+00
1.0354146e+01	1.7461460e+00
1.0375955e+01	2.2495275e+00
1.0397764e+01	2.5345878e+00
1.0419573e+01	2.8455370e+00
1.0441382e+01	3.3569374e+00
1.0463191e+01	4.0982574e+00
1.0485000e+01	5.5391810e+00
1.0506809e+01	7.3806165e+00
1.0528618e+01	8.6732242e+00
1.0550427e+01	8.2922952e+00
1.0572236e+01	7.6683879e+00
1.0594045e+01	7.6613684e+00
1.0615853e+01	7.9751689e+00
1.0637662e+01	7.9843268e+00
1.0659471e+01	7.3679382e+00
1.0681280e+01	6.1917173e+00
1.0703089e+01	4.5493165e+00
1.0724898e+01	2.8191079e+00
1.0746707e+01	1.6689087e+00
1.0768516e+01	7.9267919e-01
1.0790325e+01	6.5840360e-01
1.0812134e+01	1.5960716e-01
1.0833943e+01	2.5108277e-04
1.0855752e+01	1.5779787e-01
1.0877561e+01	-1.0491532e-01
1.0899370e+01	-1.3649974e-01
1.0921179e+01	-8.1785667e-03
1.0942988e+01	-1.8903064e-02
1.0964796e+01	1.7700784e-01
1.0986605e+01	-1.1693116e-01
1.1008414e+01	8.2225209e-02
1.1030223e+01	1.1047080e-01
1.1052032e+01	4.0018519e-01
1.1073841e+01	4.7030902e-01
1.1095650e+01	8.7764266e-01
1.1117459e+01	9.7930904e-01
1.1139268e+01	1.3212641e+00
1.1161077e+01	1.8572636e+00
1.1182886e+01	1.7543687e+00
1.1204695e+01	2.0871471e+00
1.1226504e+01	2.4140248e+00
1.1248313e+01	2.1374277e+00
1.1270122e+01	7.9051569e-01
1.1291931e+01	5.1550071e-01
1.1313740e+01	6.0572669e-02
1.1335548e+01	-1.4786883e-02
1.1357357e+01	-1.0919408e-01
1.1379166e+01	1.3120541e-01
1.1400975e+01	-6.0036395e-02
1.1422784e+01	-1.5629803e-01
1.1444593e+01	1.0415582e-01
1.1466402e+01	2.7175361e-02
1.1488211e+01	1.1900330e-01
1.1510020e+01	4.3997646e-02
1.1531829e+01	-3.2592059e-01
1.1553638e+01	4.4349380e-03
1.1575447e+01	1.6709603e-02
1.1597256e+01	5.3036180e-02
1.1619065e+01	-5.2683187e-02
1.1640874e+01	-5.0322666e-02
1.1662683e+01	-2.6714734e-02
1.1684491e+01	1.2252013e-01
1.1706300e+01	1.8868844e-01
1.1728109e+01	7.3351493e-02
1.1749918e+01	7.3648327e-02
1.1771727e+01	-2.4130473e-02
1.1793536e+01	-1.4220010e-01
1.1815345e+01	-3.7119880e-02
1.1837154e+01	7.7947794e-02
1.1858963e+01	-1.5227563e-01
1.1880772e+01	-3.7692931e-02
1.1902581e+01	1.7670590e-01
1.1924390e+01	2.3808382e-01
1.1946199e+01	6.8533860e-02
1.1968008e+01	1.1180464e-02
1.1989817e+01	-1.6634785e-01
1.2011626e+01	-7.6758498e-02
1.2033434e+01	1.0736101e-01
1.2055243e+01	3.4406510e-02
1.2077052e+01	-5.9719496e-02
1.2098861e+01	6.1656673e-02
1.2120670e+01	1.2697498e-01
1.2142479e+01	4.5915722e-02
1.2164288e+01	-1.1769701e-01
1.2186097e+01	7.3122856e-03
1.2207906e+01	-1.4496778e-01
1.2229715e+01	-1.1596901e-02
1.2251524e+01	9.6520454e-02
1.2273333e+01	6.7960002e-02
1.2295142e+01	-1.1156016e-01
1.2316951e+01	-1.0659593e-02
1.2338760e+01	7.7900719e-02
1.2360569e+01	6.7475749e-02
1.2382377e+01	-3.1313289e-02
1.2404186e+01	-8.0502385e-02
1.2425995e+01	6.0577742e-02
1.2447804e+01	6.8239539e-02
1.2469613e+01	4.7459588e-02
1.2491422e+01	-1.9700795e-03
1.2513231e+01	-2.1272761e-01
1.2535040e+01	-7.9811561e-02
1.2556849e+01	1.9373741e-01
1.2578658e+01	3.8163980e-01
1.2600467e+01	2.3333286e-01
1.2622276e+01	1.9516211e-02
1.2644085e+01	-4.4742152e-02
1.2665894e+01	-1.4750218e-03
1.2687703e+01	1.2344675e-01
1.2709512e+01	5.5621416e-02
1.2731320e+01	1.2102124e-02
1.2753129e+01	-1.1298381e-02
1.2774938e+01	2.1765086e-02
1.2796747e+01	-2.2969204e-01
1.2818556e+01	-1.5287973e-01
1.2840365e+01	2.7954745e-01
1.2862174e+01	2.3538624e-03
1.2883983e+01	3.3256100e-02
1.2905792e+01	1.4158040e-01
1.2927601e+01	-7.7038188e-03
1.2949410e+01	2.2842491e-02
1.2971219e+01	1.2457591e-01
1.2993028e+01	3.6740187e-01
1.3014837e+01	5.1116628e-01
1.3036646e+01	4.3914133e-01
1.3058455e+01	7.5033980e-01
1.3080264e+01	7.7723258e-01
1.3102072e+01	6.3862254e-01
1.3123881e+01	-3.0827454e-02
1.3145690e+01	1.3116747e-01
1.3167499e+01	-5.9033739e-02
1.3189308e+01	-1.2530339e-03
1.3211117e+01	1.7395506e-01
1.3232926e+01	2.3691373e-01
1.3254735e+01	3.1790211e-01
1.3276544e+01	4.1973098e-02
1.3298353e+01	-1.3137184e-01
1.3320162e+01	-2.1354336e-01
1.3341971e+01	-2.3368317e-01
1.3363780e+01	4.3718917e-01
1.3385589e+01	5.6174850e-01
1.3407398e+01	5.4143751e-01
1.3429207e+01	4.0999377e-01
1.3451015e+01	1.8296771e-01
1.3472824e+01	3.2747392e-01
1.3494633e+01	4.3617224e-01
1.3516442e+01	1.7176674e-01
1.3538251e+01	5.1102166e-02
1.3560060e+01	5.9647872e-02
1.3581869e+01	5.2464899e-02
1.3603678e+01	-6.7407622e-02
1.3625487e+01	-3.9938292e-02
1.3647296e+01	8.4248866e-03
1.3669105e+01	8.3497709e-02
1.3690914e+01	5.2971656e-02
1.3712723e+01	-1.6428595e-01
1.3734532e+01	-1.1715398e-01
1.3756341e+01	1.4188317e-03
1.3778150e+01	1.0691081e-01
1.3799958e+01	-5.6277947e-02
1.3821767e+01	5.4178049e-02
1.3843576e+01	1.9370884e-01
1.3865385e+01	2.4590398e-01
1.3887194e+01	9.3009153e-02
1.3909003e+01	-1.4817399e-01
1.3930812e+01	-2.0961317e-01
1.3952621e+01	-9.2710044e-03
1.3974430e+01	1.5523598e-01
1.3996239e+01	8.3394968e-02
1.4018048e+01	2.2320810e-01
1.4039857e+01	4.8374422e-02
1.4061666e+01	2.7358201e-01
1.4083475e+01	3.1141802e-02
1.4105284e+01	-1.6341254e-01
1.4127093e+01	-1.1056733e-01
1.4148901e+01	-6.8446809e-02
1.4170710e+01	-4.5277758e-03
1.4192519e+01	-1.1881178e-01
1.4214328e+01	1.7375374e-02
1.4236137e+01	1.1960517e-01
1.4257946e+01	9.0949372e-02
1.4279755e+01	8.0120485e-02
1.4301564e+01	1.4638814e-01
1.4323373e+01	1.1142343e-01
1.4345182e+01	8.2694979e-02
1.4366991e+01	-1.9688329e-01
1.4388800e+01	-2.5167414e-01
1.4410609e+01	-5.4832531e-02
1.4432418e+01	5.6039676e-02
1.4454227e+01	8.2969875e-03
1.4476036e+01	5.8290929e-02
1.4497844e+01	1.1368096e-01
1.4519653e+01	6.8503601e-02
1.4541462e+01	-9.6955708e-03
1.4563271e+01	-1.0103691e-01
1.4585080e+01	-3.4532932e-02
1.4606889e+01	7.6849619e-02
1.4628698e+01	-1.7804421e-02
1.4650507e+01	-9.5137253e-02
1.4672316e+01	5.5509535e-03
1.4694125e+01	1.2132092e-02
1.4715934e+01	-2.1600668e-02
1.4737743e+01	-2.7286714e-02
1.4759552e+01	1.7901105e-02
1.4781361e+01	-5.5803005e-02
1.4803170e+01	1.5054997e-01
1.4824979e+01	4.0556874e-01
1.4846787e+01	7.0327730e-01
1.4868596e+01	1.1140014e+00
1.4890405e+01	1.5617998e+00
1.4912214e+01	1.3661892e+00
1.4934023e+01	1.3156044e+00
1.4955832e+01	1.4119711e+00
1.4977641e+01	1.4335542e+00
1.4999450e+01	1.6272963e+00
1.5021259e+01	1.9264933e+00
1.5043068e+01	1.9716858e+00
1.5064877e+01	2.0564576e+00
1.5086686e+01	1.8030366e+00
1.5108495e+01	1.1645723e+00
1.5130304e+01	6.7165066e-01
1.5152113e+01	2.6768234e-01
1.5173922e+01	4.8059123e-02
1.5195731e+01	3.2807675e-02
1.5217539e+01	-8.5651297e-03
1.5239348e+01	-8.7967437e-02
1.5261157e+01	-1.3730119e-01
1.5282966e+01	-4.3310277e-02
1.5304775e+01	1.6024503e-01
1.5326584e+01	1.1785270e-01
1.5348393e+01	-4.8085234e-02
1.5370202e+01	1.1375194e-01
1.5392011e+01	-2.4021662e-02
1.5413820e+01	-9.9644578e-02
1.5435629e+01	1.3888880e-02
1.5457438e+01	2.7350729e-02
1.5479247e+01	1.3909005e-01
1.5501056e+01	-7.0087612e-02
1.5522865e+01	-2.3563747e-01
1.5544674e+01	-1.1816083e-01
1.5566482e+01	6.3388618e-02
1.5588291e+01	2.4779752e-02
1.5610100e+01	1.0018009e-01
1.5631909e+01	9.8054796e-02
1.5653718e+01	1.1465027e-01
1.5675527e+01	7.3471726e-02
1.5697336e+01	5.1625245e-02
1.5719145e+01	-2.3677329e-01
1.5740954e+01	-1.3172133e-01
1.5762763e+01	1.1648412e-01
1.5784572e+01	8.9877694e-02
1.5806381e+01	5.4089971e-02
1.5828190e+01	-6.2848660e-02
1.5849999e+01	-1.4961842e-01
1.5871808e+01	3.7863057e-02
1.5893617e+01	9.9821400e-02
1.5915425e+01	2.8379372e-02
1.5937234e+01	-1.3678503e-01
1.5959043e+01	-1.4194036e-01
1.5980852e+01	6.1124224e-02
1.6002661e+01	8.6369900e-02
1.6024470e+01	4.9314327e-02
1.6046279e+01	1.6734388e-01
1.6068088e+01	2.3431207e-01
1.6089897e+01	-5.5906218e-02
1.6111706e+01	2.6813004e-03
1.6133515e+01	-6.3364949e-02
1.6155324e+01	1.0502122e-01
1.6177133e+01	-4.4593190e-02
1.6198942e+01	-2.2547693e-01
1.6220751e+01	-1.1142479e-01
1.6242560e+01	2.0467236e-01
1.6264368e+01	2.0267468e-01
1.6286177e+01	-2.2163200e-02
1.6307986e+01	-7.2573447e-04
1.6329795e+01	1.8712990e-01
1.6351604e+01	3.9385684e-02
1.6373413e+01	-4.7594328e-03
1.6395222e+01	3.3333475e-02
1.6417031e+01	5.7940797e-02
1.6438840e+01	-4.0364684e-03
1.6460649e+01	-1.2896595e-01
1.6482458e+01	3.6513118e-02
1.6504267e+01	-4.4950723e-02
1.6526076e+01	-3.7232654e-03
1.6547885e+01	-4.3012401e-02
1.6569694e+01	-1.8222707e-01
1.6591503e+01	1.2149079e-02
1.6613311e+01	1.5294960e-01
1.6635120e+01	1.4215993e-01
1.6656929e+01	1.0390842e-01
1.6678738e+01	-7.8839309e-02
1.6700547e+01	-1.5078247e-01
1.6722356e+01	1.0180143e-01
1.6744165e+01	4.1179893e-01
1.6765974e+01	4.6248897e-01
1.6787783e+01	4.3867025e-01
1.6809592e+01	5.6184862e-01
1.6831401e+01	5.5252291e-01
1.6853210e+01	2.1386290e-01
1.6875019e+01	3.3234249e-02
1.6896828e+01	8.4542587e-02
1.6918637e+01	-6.2970580e-02
1.6940446e+01	-1.6880976e-01
1.6962254e+01	-4.9350787e-02
1.6984063e+01	2.7827346e-01
1.7005872e+01	2.2254871e-01
1.7027681e+01	4.5954943e-02
1.7049490e+01	-2.4533711e-02
1.7071299e+01	-1.0147899e-01
1.7093108e+01	-8.4623484e-03
1.7114917e+01	2.5598249e-02
1.7136726e+01	7.5836614e-02
1.7158535e+01	9.8992088e-02
1.7180344e+01	-1.7753398e-02
1.7202153e+01	-2.0450486e-02
1.7223962e+01	9.9965115e-03
1.7245771e+01	-3.0950513e-02
1.7267580e+01	-4.5118234e-02
1.7289389e+01	-2.0302148e-02
1.7311198e+01	-2.1845269e-02
1.7333006e+01	3.3395658e-02
1.7354815e+01	2.6850575e-02
1.7376624e+01	-3.6662014e-02
1.7398433e+01	2.0541439e-02
1.7420242e+01	-4.8029445e-03
1.7442051e+01	-5.6218862e-02
1.7463860e+01	3.5351900e-02
1.7485669e+01	1.1551212e-01
1.7507478e+01	2.5011561e-02
1.7529287e+01	-7.8269473e-02
1.7551096e+01	5.8101297e-02
1.7572905e+01	-3.7549129e-02
1.7594714e+01	-1.1478157e-01
1.7616523e+01	4.8842305e-02
1.7638332e+01	2.3938766e-02
1.7660141e+01	-6.1878339e-02
1.7681949e+01	-4.3570644e-02
1.7703758e+01	1.1998471e-02
1.7725567e+01	5.5307520e-02
1.7747376e+01	9.7869894e-02
1.7769185e+01	7.4408787e-02
1.7790994e+01	-1.7474581e-02
1.7812803e+01	-8.2578650e-02
1.7834612e+01	-6.1594827e-02
1.7856421e+01	2.1517869e-02
1.7878230e+01	1.3537222e-02
1.7900039e+01	2.6799805e-02
1.7921848e+01	-7.2676060e-02
1.7943657e+01	7.3256672e-02
1.7965466e+01	6.7182923e-03
1.7987275e+01	-7.1337348e-02
1.8009084e+01	3.4069046e-02
1.8030892e+01	1.1416838e-01
1.8052701e+01	-3.6667104e-02
1.8074510e+01	-8.6250810e-02
1.8096319e+01	-6.0478380e-02
1.8118128e+01	-8.7675653e-02
1.8139937e+01	9.7718116e-02
1.8161746e+01	6.7935980e-02
1.8183555e+01	1.0172131e-01
1.8205364e+01	1.4395760e-01
1.8227173e+01	-5.6405003e-02
1.8248982e+01	-6.1780788e-02
1.8270791e+01	-3.3878258e-02
1.8292600e+01	-1.1257592e-01
1.8314409e+01	-5.1900491e-02
1.8336218e+01	2.7222703e-02
1.8358027e+01	-6.5651049e-02
1.8379835e+01	-7.5863743e-02
1.8401644e+01	8.3876648e-03
1.8423453e+01	9.2322734e-02
1.8445262e+01	8.1591952e-02
1.8467071e+01	5.5159566e-02
1.8488880e+01	8.7463979e-02
1.8510689e+01	1.2229820e-01
1.8532498e+01	1.2317051e-02
1.8554307e+01	-1.7770318e-01
1.8576116e+01	-8.7973902e-02
1.8597925e+01	-3.0812924e-04
1.8619734e+01	-6.6444604e-02
1.8641543e+01	-5.0178818e-02
1.8663352e+01	1.0626223e-01
1.8685161e+01	1.1651575e-01
1.8706970e+01	1.5769333e-01
1.8728778e+01	1.8947066e-01
1.8750587e+01	-7.0870422e-02
1.8772396e+01	-1.9407509e-01
1.8794205e+01	-9.3596479e-02
1.8816014e+01	-3.1342561e-02
1.8837823e+01	1.1309439e-01
1.8859632e+01	1.2108134e-01
1.8881441e+01	-1.6392499e-02
1.8903250e+01	-1.4051797e-01
1.8925059e+01	-9.7223945e-02
1.8946868e+01	6.7422593e-02
1.8968677e+01	-6.4787174e-03
1.8990486e+01	7.1636251e-02
1.9012295e+01	-5.6839656e-02
1.9034104e+01	1.1118409e-01
1.9055913e+01	8.3359276e-02
1.9077721e+01	-9.1421015e-02
1.9099530e+01	-6.5670654e-02
1.9121339e+01	6.9584667e-02
1.9143148e+01	-1.8490579e-03
1.9164957e+01	-5.7011408e-03
1.9186766e+01	-1.8586339e-02
1.9208575e+01	-7.0841590e-02
1.9230384e+01	3.6882547e-03
1.9252193e+01	1.2958243e-01
1.9274002e+01	1.4324144e-03
1.9295811e+01	-1.1335958e-01
1.9317620e+01	-2.7010317e-03
1.9339429e+01	2.5902413e-01
1.9361238e+01	3.1542089e-01
1.9383047e+01	3.7950431e-01
1.9404856e+01	2.1159051e-01
1.9426665e+01	1.5573211e-01
1.9448473e+01	-1.2403348e-01
1.9470282e+01	1.0442116e-01
1.9492091e+01	1.3752804e-02
1.9513900e+01	-2.6419015e-01
1.9535709e+01	-7.4445721e-02
1.9557518e+01	7.5004016e-03
1.9579327e+01	5.9369777e-02
1.9601136e+01	1.3242440e-01
1.9622945e+01	8.8218399e-02
1.9644754e+01	-7.8471056e-04
1.9666563e+01	9.7304831e-02
1.9688372e+01	-8.8636092e-02
1.9710181e+01	-5.3240511e-02
1.9731990e+01	-4.1189131e-02
1.9753799e+01	-9.2853782e-03
1.9775608e+01	1.7637812e-02
1.9797416e+01	-4.2698294e-02
1.9819225e+01	-8.5894882e-02
1.9841034e+01	-2.9654329e-02
1.9862843e+01	5.9299292e-03
1.9884652e+01	-4.1628568e-02
1.9906461e+01	1.5232839e-01
1.9928270e+01	1.4282315e-01
1.9950079e+01	2.0958965e-01
1.9971888e+01	1.3876899e-01
1.9993697e+01	-5.7074407e-02
2.0015506e+01	-1.0154766e-01
2.0037315e+01	-1.1223180e-01
2.0059124e+01	7.2647894e-02
2.0080933e+01	-2.8975894e-02
2.0102742e+01	-9.6561755e-02
2.0124551e+01	3.8078078e-02
2.0146359e+01	1.9953925e-02
2.0168168e+01	-2.6391829e-02
2.0189977e+01	2.1091879e-02
2.0211786e+01	-7.8105667e-02
2.0233595e+01	-1.3829426e-01
2.0255404e+01	1.1477573e-02
2.0277213e+01	1.0733605e-01
2.0299022e+01	8.5548575e-02
2.0320831e+01	6.8367925e-02
2.0342640e+01	9.8238394e-02
2.0364449e+01	1.0321865e-01
2.0386258e+01	-1.4067502e-01
2.0408067e+01	-9.5305555e-02
2.0429876e+01	-9.8414761e-02
2.0451685e+01	-6.0251787e-02
2.0473494e+01	3.0672550e-02
2.0495302e+01	2.3580646e-01
2.0517111e+01	2.4401771e-01
2.0538920e+01	1.7003506e-01
2.0560729e+01	9.8591109e-02
2.0582538e+01	1.0970745e-02
2.0604347e+01	8.5423287e-02
2.0626156e+01	-1.1866904e-02
2.0647965e+01	-2.5856225e-02
2.0669774e+01	-1.0885988e-01
2.0691583e+01	-1.8776669e-01
2.0713392e+01	-4.4190946e-02
2.0735201e+01	5.0734925e-02
2.0757010e+01	7.0714079e-02
2.0778819e+01	-4.5619598e-02
2.0800628e+01	3.9196643e-02
2.0822437e+01	6.3036754e-02
2.0844245e+01	-1.1213310e-01
2.0866054e+01	-1.1238082e-01
2.0887863e+01	1.4347336e-01
2.0909672e+01	-1.8593901e-02
2.0931481e+01	-6.7887637e-02
2.0953290e+01	1.3156245e-01
2.0975099e+01	3.7218727e-01
2.0996908e+01	1.0758514e+00
2.1018717e+01	1.8875036e+00
2.1040526e+01	2.3576229e+00
2.1062335e+01	2.5984000e+00
2.1084144e+01	2.0228370e+00
2.1105953e+01	1.6171215e+00
2.1127762e+01	1.4143577e+00
2.1149571e+01	1.8915962e+00
2.1171380e+01	2.8249071e+00
2.1193188e+01	4.3662180e+00
2.1214997e+01	6.2531741e+00
2.1236806e+01	7.8779571e+00
2.1258615e+01	8.9795758e+00
2.1280424e+01	9.1343683e+00
2.1302233e+01	8.4273973e+00
2.1324042e+01	6.9048437e+00
2.1345851e+01	5.3907824e+00
2.1367660e+01	3.5690283e+00
2.1389469e+01	1.7868073e+00
2.1411278e+01	7.1684727e-01
2.1433087e+01	1.1205402e-01
2.1454896e+01	-1.5919253e-01
2.1476705e+01	1.0132318e-01
2.1498514e+01	3.6628010e-01
2.1520323e+01	4.8595877e-01
2.1542132e+01	7.4402072e-01
2.1563940e+01	9.0398360e-01
2.1585749e+01	9.5525103e-01
2.1607558e+01	9.3490767e-01
2.1629367e+01	5.9730015e-01
2.1651176e+01	1.5827512e-01
2.1672985e+01	2.9811175e-02
2.1694794e+01	-9.4943894e-02
2.1716603e+01	-2.4576263e-02
2.1738412e+01	1.7268512e-02
2.1760221e+01	9.1305877e-03
2.1782030e+01	-1.2266907e-01
2.1803839e+01	-5.0978269e-02
2.1825648e+01	-7.3991946e-02
2.1847457e+01	-1.3991813e-03
2.1869266e+01	9.3309060e-02
2.1891075e+01	1.1784439e-01
2.1912883e+01	1.5815383e-02
2.1934692e+01	-1.2274849e-01
2.1956501e+01	2.0143234e-03
2.1978310e+01	6.8734874e-02
2.2000119e+01	-8.6555813e-02
2.2021928e+01	-2.4696033e-02
2.2043737e+01	1.2271790e-01
2.2065546e+01	1.8518537e-01
2.2087355e+01	-6.8640502e-02
2.2109164e+01	-5.0045905e-02
2.2130973e+01	2.6957674e-02
2.2152782e+01	-1.9301486e-02
2.2174591e+01	1.4038394e-02
2.2196400e+01	3.3467010e-02
2.2218209e+01	-1.2697185e-01
2.2240018e+01	-1.6813192e-02
2.2261826e+01	1.5026229e-01
2.2283635e+01	-2.4806109e-02
2.2305444e+01	2.8939024e-02
2.2327253e+01	1.0869246e-01
2.2349062e+01	-5.0170111e-02
2.2370871e+01	-1.3572375e-01
2.2392680e+01	1.9283407e-02
2.2414489e+01	-3.5575732e-02
2.2436298e+01	-4.8906323e-02
2.2458107e+01	-2.8349162e-02
2.2479916e+01	9.0759729e-02
2.2501725e+01	2.9800795e-02
2.2523534e+01	-6.6218060e-03
2.2545343e+01	2.9660479e-02
2.2567152e+01	1.7546868e-01
2.2588961e+01	3.9018875e-02
2.2610769e+01	4.5204070e-03
2.2632578e+01	8.1968697e-02
2.2654387e+01	-5.2767273e-02
2.2676196e+01	-7.7521938e-02
2.2698005e+01	-2.8907624e-01
2.2719814e+01	-1.1362430e-01
2.2741623e+01	1.6694560e-01
2.2763432e+01	1.0563557e-01
2.2785241e+01	4.6398733e-02
2.2807050e+01	-3.2473800e-02
2.2828859e+01	-6.3414345e-02
2.2850668e+01	1.4280374e-01
2.2872477e+01	6.3549559e-02
2.2894286e+01	2.2758003e-02
2.2916095e+01	-4.3535798e-03
2.2937904e+01	1.9350820e-02
2.2959712e+01	-2.5790839e-02
2.2981521e+01	4.4929086e-02
2.3003330e+01	-7.7964565e-02
2.3025139e+01	-1.1370218e-01
2.3046948e+01	1.2714339e-01
2.3068757e+01	6.7785287e-02
2.3090566e+01	-8.8495707e-02
2.3112375e+01	1.7930128e-02
2.3134184e+01	-8.5121841e-02
2.3155993e+01	-1.8315405e-02
2.3177802e+01	2.3980822e-02
2.3199611e+01	1.5071528e-01
2.3221420e+01	1.0214523e-02
2.3243229e+01	-9.2548701e-02
2.3265038e+01	3.8518528e-02
2.3286847e+01	4.2275896e-02
2.3308655e+01	-6.0973355e-02
2.3330464e+01	-1.3586708e-01
2.3352273e+01	6.6790930e-02
2.3374082e+01	1.7830875e-01
2.3395891e+01	2.8480083e-02
2.3417700e+01	-1.5156434e-01
2.3439509e+01	-1.2072468e-01
2.3461318e+01	3.8495975e-02
2.3483127e+01	2.6302863e-01
2.3504936e+01	5.1924455e-01
2.3526745e+01	9.5162601e-01
2.3548554e+01	1.0418770e+00
2.3570363e+01	7.5829638e-01
2.3592172e+01	2.2490921e-01
2.3613981e+01	-5.2225882e-03
2.3635790e+01	1.1966585e-01
2.3657599e+01	4.9515725e-01
2.3679407e+01	1.5810314e+00
2.3701216e+01	3.2447055e+00
2.3723025e+01	4.8608057e+00
2.3744834e+01	6.3738340e+00
2.3766643e+01	7.7066186e+00
2.3788452e+01	9.4168126e+00
2.3810261e+01	1.0253410e+01
2.3832070e+01	1.0154350e+01
2.3853879e+01	9.0603817e+00
2.3875688e+01	7.5010738e+00
2.3897497e+01	5.7700630e+00
2.3919306e+01	4.2968454e+00
2.3941115e+01	3.0387091e+00
2.3962924e+01	1.8234204e+00
2.3984733e+01	1.1115242e+00
2.4006542e+01	6.9977185e-01
2.4028350e+01	4.1569634e-01
2.4050159e+01	2.5737284e-01
2.4071968e+01	6.1064296e-02
2.4093777e+01	-1.4271380e-01
2.4115586e+01	-8.7289554e-02
2.4137395e+01	3.8089030e-02
2.4159204e+01	4.1738369e-02
2.4181013e+01	-1.4148141e-01
2.4202822e+01	7.9309382e-02
2.4224631e+01	-2.6425562e-02
2.4246440e+01	1.8062981e-02
2.4268249e+01	1.3327259e-01
2.4290058e+01	3.1181262e-02
2.4311867e+01	-2.6653650e-02
2.4333676e+01	-1.2786071e-02
2.4355485e+01	-7.2137966e-02
2.4377293e+01	-4.7244487e-02
2.4399102e+01	-9.4738475e-02
2.4420911e+01	-4.2570405e-02
2.4442720e+01	3.7472021e-02
2.4464529e+01	1.2634064e-01
2.4486338e+01	5.7238345e-02
2.4508147e+01	1.4346454e-01
2.4529956e+01	4.1456977e-01
2.4551765e+01	6.0616687e-01
2.4573574e+01	7.2439023e-01
2.4595383e+01	9.4489119e-01
2.4617192e+01	9.8847011e-01
2.4639001e+01	1.0121464e+00
2.4660810e+01	3.5429626e-01
2.4682619e+01	6.3571825e-03
2.4704428e+01	-6.3903481e-02
2.4726236e+01	4.3294109e-02
2.4748045e+01	6.6268571e-02
2.4769854e+01	-2.3075038e-02
2.4791663e+01	3.9886798e-03
2.4813472e+01	-1.9957202e-02
2.4835281e+01	-2.7594355e-02
2.4857090e+01	-9.6628682e-02
2.4878899e+01	-1.6109478e-01
2.4900708e+01	8.6073553e-02
2.4922517e+01	3.5244286e-02
2.4944326e+01	-9.2440930e-02
2.4966135e+01	-2.4440927e-02
2.4987944e+01	7.8868639e-02
2.5009753e+01	9.6947309e-02
2.5031562e+01	3.1549818e-02
2.5053371e+01	6.3512103e-02
2.5075179e+01	-7.4921342e-02
2.5096988e+01	-1.3791536e-01
2.5118797e+01	5.1807318e-02
2.5140606e+01	4.6116061e-02
2.5162415e+01	-7.3900116e-03
2.5184224e+01	-4.3428944e-02
2.5206033e+01	-5.8823711e-02
2.5227842e+01	9.6995877e-02
2.5249651e+01	1.9112643e-01
2.5271460e+01	1.6734231e-01
2.5293269e+01	2.5479966e-02
2.5315078e+01	-1.7949057e-02
2.5336887e+01	-5.1655763e-02
2.5358696e+01	-9.1173309e-02
2.5380505e+01	-5.6063415e-02
2.5402314e+01	-1.5293588e-01
2.5424123e+01	-4.5331230e-03
2.5445931e+01	8.0062672e-03
2.5467740e+01	4.9267621e-02
2.5489549e+01	1.4321088e-01
2.5511358e+01	2.7289654e-02
2.5533167e+01	1.4878696e-01
2.5554976e+01	6.7386303e-02
2.5576785e+01	-2.6435320e-02
2.5598594e+01	-9.1195288e-02
2.5620403e+01	-1.2780830e-01
2.5642212e+01	2.5443596e-02
2.5664021e+01	-1.6647457e-02
2.5685830e+01	-1.7610966e-01
2.5707639e+01	-7.0083747e-02
2.5729448e+01	2.9228597e-03
2.5751257e+01	4.2677549e-02
2.5773066e+01	5.9444434e-02
2.5794874e+01	1.4138632e-01
2.5816683e+01	1.8961375e-01
2.5838492e+01	8.6042641e-02
2.5860301e+01	-9.9826760e-02
2.5882110e+01	-1.6347163e-01
2.5903919e+01	2.0563244e-02
2.5925728e+01	1.3549711e-01
2.5947537e+01	5.9159367e-01
2.5969346e+01	9.4270588e-01
2.5991155e+01	1.5395507e+00
2.6012964e+01	1.8922539e+00
2.6034773e+01	2.2709496e+00
2.6056582e+01	2.4924116e+00
2.6078391e+01	2.6915110e+00
2.6100200e+01	2.4636254e+00
2.6122009e+01	2.1290951e+00
2.6143817e+01	1.7946137e+00
2.6165626e+01	1.2956663e+00
2.6187435e+01	9.4296982e-01
2.6209244e+01	6.0318813e-01
2.6231053e+01	3.3164819e-01
2.6252862e+01	1.7636688e-01
2.6274671e+01	4.5707235e-04
2.6296480e+01	-1.1268134e-01
2.6318289e+01	-1.6474867e-01
2.6340098e+01	-1.1259832e-01
2.6361907e+01	4.6182906e-02
2.6383716e+01	2.2090737e-01
2.6405525e+01	1.6914612e-01
2.6427334e+01	1.1245203e-01
2.6449143e+01	7.5726916e-02
2.6470952e+01	-1.6272168e-01
2.6492760e+01	-1.1498406e-01
2.6514569e+01	-3.2873496e-02
2.6536378e+01	3.3769426e-02
2.6558187e+01	-6.4393593e-02
2.6579996e+01	8.0119296e-02
2.6601805e+01	2.8650506e-01
2.6623614e+01	3.2570062e-01
2.6645423e+01	2.4713936e-01
2.6667232e+01	1.9286512e-01
2.6689041e+01	1.5497749e-01
2.6710850e+01	7.7836657e-02
2.6732659e+01	-2.9470955e-02
2.6754468e+01	-1.1488820e-01
2.6776277e+01	-3.9869042e-02
2.6798086e+01	-9.0826972e-02
2.6819895e+01	-8.3591973e-02
2.6841703e+01	-5.2694663e-02
2.6863512e+01	-7.2906492e-02
2.6885321e+01	-5.5001836e-02
2.6907130e+01	1.3995586e-01
2.6928939e+01	2.2318713e-01
2.6950748e+01	1.5210931e-01
2.6972557e+01	8.7633929e-02
2.6994366e+01	1.5226809e-01
2.7016175e+01	-6.6524207e-02
2.7037984e+01	-1.1481942e-01
2.7059793e+01	-4.4598855e-02
2.7081602e+01	-1.0503564e-01
2.7103411e+01	-4.1147129e-03
2.7125220e+01	1.1921603e-01
2.7147029e+01	1.2533267e-01
2.7168838e+01	-8.2535406e-02
2.7190646e+01	2.1535868e-02
2.7212455e+01	-3.9154880e-03
2.7234264e+01	4.4307373e-03
2.7256073e+01	-1.4086889e-01
2.7277882e+01	-4.5265245e-02
2.7299691e+01	7.3663350e-02
2.7321500e+01	6.2749975e-02
2.7343309e+01	-1.9898254e-01
2.7365118e+01	1.0073680e-01
2.7386927e+01	-6.2822693e-03
2.7408736e+01	2.5857787e-02
2.7430545e+01	1.2618669e-01
2.7452354e+01	8.5245076e-02
2.7474163e+01	1.3256169e-02
2.7495972e+01	-5.9092082e-02
2.7517781e+01	-1.0860764e-01
2.7539590e+01	-5.1630098e-02
2.7561398e+01	-2.7057936e-02
2.7583207e+01	-6.2220415e-03
2.7605016e+01	6.5012282e-04
2.7626825e+01	-7.8308736e-02
2.7648634e+01	-9.0425527e-03
2.7670443e+01	5.3811773e-02
2.7692252e+01	1.4521145e-01
2.7714061e+01	2.4510702e-01
2.7735870e+01	4.9553829e-01
2.7757679e+01	5.4005550e-01
2.7779488e+01	4.5514424e-01
2.7801297e+01	4.5578890e-01
2.7823106e+01	4.4960551e-01
2.7844915e+01	2.1713370e-01
2.7866724e+01	-3.8037181e-03
2.7888533e+01	1.3296645e-02
2.7910341e+01	6.0175827e-02
2.7932150e+01	1.3673599e-02
2.7953959e+01	-8.9121248e-02
2.7975768e+01	-9.2927085e-03
2.7997577e+01	-8.4743273e-02
2.8019386e+01	-8.2697990e-02
2.8041195e+01	1.2433164e-01
2.8063004e+01	1.6208490e-02
2.8084813e+01	-1.1889120e-01
2.8106622e+01	8.5738300e-03
2.8128431e+01	-5.9652245e-03
2.8150240e+01	-1.1792843e-01
2.8172049e+01	-5.4763243e-02
2.8193858e+01	1.3466773e-01
2.8215667e+01	1.0815793e-01
2.8237476e+01	5.2204751e-02
2.8259284e+01	-4.1288354e-02
2.8281093e+01	9.2854939e-02
2.8302902e+01	3.8337755e-02
2.8324711e+01	-1.1518467e-01
2.8346520e+01	-2.9441532e-02
2.8368329e+01	2.8855348e-02
2.8390138e+01	-1.7905597e-01
2.8411947e+01	6.9840201e-02
2.8433756e+01	1.3428705e-01
2.8455565e+01	3.2380627e-01
2.8477374e+01	4.0935070e-01
2.8499183e+01	6.4553464e-01
2.8520992e+01	7.7876033e-01
2.8542801e+01	8.6541399e-01
2.8564610e+01	1.0687279e+00
2.8586419e+01	9.4121119e-01
2.8608227e+01	8.9938320e-01
2.8630036e+01	6.7901512e-01
2.8651845e+01	3.1263219e-01
2.8673654e+01	2.5704965e-01
2.8695463e+01	5.5728623e-02
2.8717272e+01	-2.6509957e-02
2.8739081e+01	-7.4504345e-02
2.8760890e+01	1.1424441e-02
2.8782699e+01	-1.9923936e-03
2.8804508e+01	-5.0266723e-02
2.8826317e+01	-1.3346093e-02
2.8848126e+01	-3.6459918e-02
2.8869935e+01	2.6200861e-02
2.8891744e+01	5.5221135e-02
2.8913553e+01	3.8714398e-02
2.8935362e+01	-3.9357043e-02
2.8957170e+01	1.4753290e-02
2.8978979e+01	-4.3477715e-02
2.9000788e+01	-2.9091815e-02
2.9022597e+01	1.1819202e-01
2.9044406e+01	5.8194048e-02
2.9066215e+01	-1.5069225e-01
2.9088024e+01	-5.6383221e-02
2.9109833e+01	-1.0471634e-03
2.9131642e+01	-4.8829338e-02
2.9153451e+01	5.8050858e-02
2.9175260e+01	1.5838223e-01
2.9197069e+01	4.2284406e-02
2.9218878e+01	1.1743550e-02
2.9240687e+01	-1.1549954e-01
2.9262496e+01	-2.9384731e-02
2.9284305e+01	-4.7079889e-03
2.9306113e+01	6.9316691e-02
2.9327922e+01	-3.1474938e-02
2.9349731e+01	3.2266071e-02
2.9371540e+01	1.1455328e-02
2.9393349e+01	3.2368319e-02
2.9415158e+01	1.0881469e-02
2.9436967e+01	-1.9311299e-02
2.9458776e+01	7.1536950e-02
2.9480585e+01	2.4248396e-02
2.9502394e+01	-4.2767963e-02
2.9524203e+01	-7.1025873e-02
2.9546012e+01	1.8300527e-03
2.9567821e+01	1.5261428e-02
2.9589630e+01	8.6789543e-03
2.9611439e+01	-8.9714200e-02
2.9633248e+01	-3.5373627e-02
2.9655057e+01	-1.6147065e-01
2.9676865e+01	-4.4499965e-02
2.9698674e+01	3.5670513e-03
2.9720483e+01	1.3160690e-01
2.9742292e+01	1.5564236e-01
2.9764101e+01	4.4434911e-01
2.9785910e+01	4.0243005e-01
2.9807719e+01	3.0985273e-01
2.9829528e+01	-1.0121668e-02
2.9851337e+01	5.3173352e-02
2.9873146e+01	1.7218336e-02
2.9894955e+01	-4.2819498e-03
2.9916764e+01	4.5063274e-01
2.9938573e+01	7.6201320e-01
2.9960382e+01	1.4049855e+00
2.9982191e+01	2.5266948e+00
3.0004000e+01	3.7520440e+00
3.0025808e+01	4.6191193e+00
3.0047617e+01	5.7868748e+00
3.0069426e+01	6.7702515e+00
3.0091235e+01	7.4355814e+00
3.0113044e+01	7.6565918e+00
3.0134853e+01	7.3437236e+00
3.0156662e+01	6.4386449e+00
3.0178471e+01	5.1545788e+00
3.0200280e+01	3.7722183e+00
3.0222089e+01	2.5288467e+00
3.0243898e+01	1.5768388e+00
3.0265707e+01	9.8768880e-01
3.0287516e+01	4.4948077e-01
3.0309325e+01	6.4606788e-02
3.0331134e+01	-1.9828914e-02
3.0352943e+01	-4.0584553e-02
3.0374751e+01	-4.6279851e-02
3.0396560e+01	5.7025807e-02
3.0418369e+01	-2.1902752e-02
3.0440178e+01	-1.1532267e-01
3.0461987e+01	1.0164510e-02
3.0483796e+01	6.2228236e-02
3.0505605e+01	7.6824794e-02
3.0527414e+01	3.3182416e-02
3.0549223e+01	3.9659073e-02
3.0571032e+01	-9.5072665e-02
3.0592841e+01	-8.5494237e-02
3.0614650e+01	-8.9507175e-02
3.0636459e+01	-7.4942423e-02
3.0658268e+01	5.8594447e-03
3.0680077e+01	1.0423657e-02
3.0701886e+01	7.1235458e-02
3.0723694e+01	3.2071032e-01
3.0745503e+01	2.0028806e-01
3.0767312e+01	1.2584155e-01
3.0789121e+01	7.4498264e-02
3.0810930e+01	2.1305431e-03
3.0832739e+01	-6.6327586e-03
3.0854548e+01	-2.1216699e-02
3.0876357e+01	-1.1050449e-01
3.0898166e+01	-4.1975983e-03
3.0919975e+01	-3.3251346e-03
3.0941784e+01	8.4109544e-02
3.0963593e+01	5.7144782e-02
3.0985402e+01	-2.0156989e-01
3.1007211e+01	-3.4641776e-02
3.1029020e+01	1.0185282e-01
3.1050829e+01	8.3624807e-02
3.1072637e+01	-1.2217843e-02
3.1094446e+01	-8.5582212e-02
3.1116255e+01	2.7457504e-02
3.1138064e+01	-7.1338372e-02
3.1159873e+01	-1.2333657e-01
3.1181682e+01	2.3413383e-01
3.1203491e+01	6.8592878e-02
3.1225300e+01	2.1568663e-02
3.1247109e+01	1.2173448e-01
3.1268918e+01	7.4082728e-02
3.1290727e+01	-1.0167403e-01
3.1312536e+01	2.3215334e-02
3.1334345e+01	2.1293848e-04
3.1356154e+01	-3.0475603e-02
3.1377963e+01	-6.0293764e-02
3.1399772e+01	5.0703305e-03
3.1421580e+01	-7.4232019e-02
3.1443389e+01	3.3211756e-02
3.1465198e+01	-8.8017656e-02
3.1487007e+01	1.2395065e-02
3.1508816e+01	1.0905695e-01
3.1530625e+01	4.3617274e-01
3.1552434e+01	5.1665701e-01
3.1574243e+01	5.2066103e-01
3.1596052e+01	4.5010875e-01
3.1617861e+01	5.1159381e-01
3.1639670e+01	5.0270306e-01
3.1661479e+01	2.2923797e-01
3.1683288e+01	-7.6102514e-02
3.1705097e+01	6.3374652e-02
3.1726906e+01	3.4727401e-01
3.1748715e+01	8.3838813e-01
3.1770524e+01	1.4059833e+00
3.1792332e+01	2.2953560e+00
3.1814141e+01	3.3931153e+00
3.1835950e+01	4.2960047e+00
3.1857759e+01	5.0859454e+00
3.1879568e+01	6.0450918e+00
3.1901377e+01	7.1283922e+00
3.1923186e+01	7.7256430e+00
3.1944995e+01	7.6835223e+00
3.1966804e+01	7.3810177e+00
3.1988613e+01	6.6466002e+00
3.2010422e+01	5.4271524e+00
3.2032231e+01	3.7760125e+00
3.2054040e+01	2.7446198e+00
3.2075849e+01	1.8692287e+00
3.2097658e+01	1.1884524e+00
3.2119467e+01	7.1257226e-01
3.2141275e+01	4.2004165e-01
3.2163084e+01	2.7616986e-01
3.2184893e+01	5.3565060e-02
3.2206702e+01	-7.9612528e-02
3.2228511e+01	-6.5245234e-02
3.2250320e+01	9.3073111e-02
3.2272129e+01	2.1845187e-02
3.2293938e+01	3.1304504e-02
3.2315747e+01	-9.9832492e-02
3.2337556e+01	6.1163310e-02
3.2359365e+01	-3.0843889e-03
3.2381174e+01	-3.1205638e-02
3.2402983e+01	-1.5402980e-01
3.2424792e+01	7.0885437e-02
3.2446601e+01	2.8646688e-02
3.2468410e+01	1.3508990e-02
3.2490218e+01	-4.4096035e-02
3.2512027e+01	-1.1454008e-01
3.2533836e+01	8.0355569e-02
3.2555645e+01	9.3199516e-02
3.2577454e+01	1.6743657e-01
3.2599263e+01	-5.8851324e-02
3.2621072e+01	-6.1313380e-03
3.2642881e+01	8.7180693e-02
3.2664690e+01	-3.7656922e-02
3.2686499e+01	8.9994490e-03
3.2708308e+01	-8.8651825e-02
3.2730117e+01	-3.4937930e-03
3.2751926e+01	7.7803353e-02
3.2773735e+01	-4.8616266e-02
3.2795544e+01	-1.3696627e-01
3.2817353e+01	6.5938398e-03
3.2839161e+01	7.0206020e-02
3.2860970e+01	3.9449829e-02
3.2882779e+01	-6.7361217e-02
3.2904588e+01	3.5392277e-02
3.2926397e+01	3.2779756e-02
3.2948206e+01	9.4239304e-02
3.2970015e+01	1.2991108e-04
3.2991824e+01	-9.4041479e-02
3.3013633e+01	-1.7591247e-02
3.3035442e+01	3.9799761e-02
3.3057251e+01	1.4948622e-02
3.3079060e+01	-5.5980229e-02
3.3100869e+01	-3.4606504e-02
3.3122678e+01	-7.3172993e-03
3.3144487e+01	8.0378342e-02
3.3166296e+01	1.7133020e-02
3.3188104e+01	-4.7404154e-02
3.3209913e+01	-2.1458761e-02
3.3231722e+01	-3.3750686e-02
3.3253531e+01	3.6397997e-02
3.3275340e+01	9.4375733e-02
3.3297149e+01	2.6576426e-02
3.3318958e+01	-1.7901012e-02
3.3340767e+01	-2.4447545e-02
3.3362576e+01	2.5737110e-02
3.3384385e+01	-5.5130342e-02
3.3406194e+01	-9.0632713e-03
3.3428003e+01	-8.2520767e-02
3.3449812e+01	-2.3671178e-03
3.3471621e+01	-1.0358116e-01
3.3493430e+01	4.1850082e-02
3.3515239e+01	1.0290413e-01
3.3537047e+01	3.7065941e-01
3.3558856e+01	4.4300458e-01
3.3580665e+01	4.6663210e-01
3.3602474e+01	6.6091393e-01
3.3624283e+01	8.9136539e-01
3.3646092e+01	8.5794879e-01
3.3667901e+01	7.7137145e-01
3.3689710e+01	7.3364168e-01
3.3711519e+01	5.6355881e-01
3.3733328e+01	4.0049914e-01
3.3755137e+01	1.9052891e-01
3.3776946e+01	9.8683187e-02
3.3798755e+01	2.1767397e-02
3.3820564e+01	-6.5555198e-02
3.3842373e+01	-9.7063827e-02
3.3864182e+01	9.3079125e-02
3.3885991e+01	5.1333558e-02
3.3907799e+01	-1.7381989e-02
3.3929608e+01	-7.2924787e-02
3.3951417e+01	1.5357844e-02
3.3973226e+01	-1.8176087e-01
3.3995035e+01	-1.0763846e-01
3.4016844e+01	5.4800237e-02
3.4038653e+01	8.3509203e-02
3.4060462e+01	1.1991869e-01
3.4082271e+01	-7.5228553e-02
3.4104080e+01	-5.6257844e-02
3.4125889e+01	4.0010859e-02
3.4147698e+01	-6.4853625e-04
3.4169507e+01	6.1434285e-02
3.4191316e+01	9.6111225e-02
3.4213125e+01	2.9049703e-02
3.4234934e+01	-4.1386800e-02
3.4256742e+01	-6.4572556e-02
3.4278551e+01	-8.3647751e-02
3.4300360e+01	1.7634508e-02
3.4322169e+01	2.9739140e-02
3.4343978e+01	5.1077250e-03
3.4365787e+01	4.8824277e-02
3.4387596e+01	-3.1146166e-02
3.4409405e+01	-9.3554402e-02
3.4431214e+01	3.1644746e-03
3.4453023e+01	7.2431663e-02
3.4474832e+01	-1.7610955e-02
3.4496641e+01	4.3860598e-03
3.4518450e+01	4.1976733e-02
3.4540259e+01	2.4841121e-02
3.4562068e+01	-5.9649861e-03
3.4583877e+01	-2.4811857e-03
3.4605685e+01	2.2091532e-02
3.4627494e+01	-1.4215224e-02
3.4649303e+01	-1.0547708e-01
3.4671112e+01	-1.3342522e-01
3.4692921e+01	1.6030591e-01
3.4714730e+01	7.1174334e-02
3.4736539e+01	7.6551602e-02
3.4758348e+01	-5.4994443e-02
3.4780157e+01	4.7003291e-02
3.4801966e+01	-2.7477352e-02
3.4823775e+01	-9.3657615e-03
3.4845584e+01	-2.2707917e-02
3.4867393e+01	-5.0483925e-02
3.4889202e+01	1.5196554e-02
3.4911011e+01	4.8942227e-02
3.4932820e+01	-1.7444577e-02
3.4954628e+01	3.5077997e-04
3.4976437e+01	-2.5383026e-02
3.4998246e+01	-7.5119963e-03
3.5020055e+01	9.7127470e-02
3.5041864e+01	-7.6182895e-02
3.5063673e+01	-4.1525281e-02
3.5085482e+01	1.0347428e-01
3.5107291e+01	6.1900468e-02
3.5129100e+01	-1.1800016e-01
3.5150909e+01	-9.0605498e-03
3.5172718e+01	5.8906004e-03
3.5194527e+01	-1.3041671e-01
3.5216336e+01	1.5623514e-02
3.5238145e+01	7.3995393e-02
3.5259954e+01	9.4322504e-02
3.5281763e+01	3.5265737e-02
3.5303571e+01	-5.6017472e-02
3.5325380e+01	-7.2323875e-02
3.5347189e+01	7.6035634e-02
3.5368998e+01	1.6894663e-02
3.5390807e+01	1.5153319e-01
3.5412616e+01	-6.3325808e-03
3.5434425e+01	-4.5086294e-03
3.5456234e+01	-9.0126083e-02
3.5478043e+01	-1.4811496e-01
3.5499852e+01	-2.4951283e-02
3.5521661e+01	-8.4305943e-02
3.5543470e+01	2.0303704e-03
3.5565279e+01	7.8953941e-02
3.5587088e+01	4.7072476e-02
3.5608897e+01	-1.0607782e-03
3.5630706e+01	1.0269993e-01
3.5652514e+01	1.0037766e-01
3.5674323e+01	7.8919376e-02
3.5696132e+01	-7.9665215e-02
3.5717941e+01	-2.3524784e-02
3.5739750e+01	-5.4068750e-02
3.5761559e+01	-6.9896863e-02
3.5783368e+01	-4.8677989e-02
3.5805177e+01	6.0562597e-02
3.5826986e+01	9.1414783e-02
3.5848795e+01	1.7375009e-01
3.5870604e+01	1.1366532e-02
3.5892413e+01	-4.0490680e-03
3.5914222e+01	2.6900018e-02
3.5936031e+01	-2.7840684e-02
3.5957840e+01	-1.4185624e-01
3.5979649e+01	-1.4226118e-01
3.6001458e+01	5.5513541e-01
3.6023266e+01	9.8451048e-01
3.6045075e+01	9.8504184e-01
3.6066884e+01	1.0532243e+00
3.6088693e+01	1.1721408e+00
3.6110502e+01	1.0525320e+00
3.6132311e+01	1.1169678e+00
3.6154120e+01	9.8832901e-01
3.6175929e+01	7.0913051e-01
3.6197738e+01	6.0751408e-01
3.6219547e+01	4.8085956e-01
3.6241356e+01	3.3055775e-01
3.6263165e+01	2.3851937e-01
3.6284974e+01	4.2862734e-02
3.6306783e+01	-2.2797749e-02
3.6328592e+01	-2.5454179e-02
3.6350401e+01	2.1607782e-02
3.6372209e+01	-9.2117551e-02
3.6394018e+01	6.7899342e-03
3.6415827e+01	2.5043275e-01
3.6437636e+01	1.1607046e-01
3.6459445e+01	-4.9876161e-02
3.6481254e+01	2.4845480e-01
3.6503063e+01	1.4664836e-01
3.6524872e+01	-1.7633010e-03
3.6546681e+01	-5.2013205e-02
3.6568490e+01	-8.0175670e-02
3.6590299e+01	3.0282343e-02
3.6612108e+01	-1.1176586e-01
3.6633917e+01	3.2637510e-02
3.6655726e+01	5.8232633e-02
3.6677535e+01	3.2618830e-01
3.6699344e+01	6.9124924e-01
3.6721152e+01	8.9246149e-01
3.6742961e+01	1.0986311e+00
3.6764770e+01	1.7181852e+00
3.6786579e+01	1.9528218e+00
3.6808388e+01	2.3021320e+00
3.6830197e+01	2.7870447e+00
3.6852006e+01	2.9825012e+00
3.6873815e+01	3.2417894e+00
3.6895624e+01	3.0920114e+00
3.6917433e+01	3.0553923e+00
3.6939242e+01	3.0937541e+00
3.6961051e+01	2.4304969e+00
3.6982860e+01	2.1667467e+00
3.7004669e+01	1.7179027e+00
3.7026478e+01	1.5012568e+00
3.7048287e+01	1.5053931e+00
3.7070095e+01	1.1313567e+00
3.7091904e+01	4.9707968e-01
3.7113713e+01	9.0116050e-02
3.7135522e+01	-1.0846375e-01
3.7157331e+01	-5.0105328e-03
3.7179140e+01	7.1802195e-02
3.7200949e+01	-3.6233239e-02
3.7222758e+01	-1.5364074e-02
3.7244567e+01	2.7924732e-02
3.7266376e+01	2.1293931e-02
3.7288185e+01	-1.8286924e-01
3.7309994e+01	9.8115659e-02
3.7331803e+01	1.3080712e-02
3.7353612e+01	3.7164080e-02
3.7375421e+01	4.1455842e-02
3.7397230e+01	-1.9790273e-01
3.7419038e+01	9.1550495e-02
3.7440847e+01	3.1633040e-01
3.7462656e+01	8.0304027e-01
3.7484465e+01	9.7348899e-01
3.7506274e+01	8.5889944e-01
3.7528083e+01	3.3010050e-01
3.7549892e+01	9.5189064e-02
3.7571701e+01	1.4678389e-01
3.7593510e+01	-9.5222761e-02
3.7615319e+01	1.2052173e-01
3.7637128e+01	1.5166885e-02
3.7658937e+01	-1.3383088e-01
3.7680746e+01	-5.8616533e-02
3.7702555e+01	-9.5882094e-02
3.7724364e+01	-1.9213707e-01
3.7746173e+01	-4.0792065e-02
3.7767981e+01	9.1775859e-02
3.7789790e+01	6.8055906e-02
3.7811599e+01	2.0502705e-01
3.7833408e+01	-3.4340440e-02
3.7855217e+01	2.2089650e-02
3.7877026e+01	7.5226720e-02
3.7898835e+01	1.1991299e-01
3.7920644e+01	2.5746135e-01
3.7942453e+01	3.9937550e-01
3.7964262e+01	2.3274679e-01
3.7986071e+01	2.8869108e-03
3.8007880e+01	-6.0458066e-03
3.8029689e+01	-1.5032813e-01
3.8051498e+01	2.5468477e-02
3.8073307e+01	7.8356441e-02
3.8095116e+01	-1.4927598e-01
3.8116925e+01	-5.4414731e-03
3.8138733e+01	4.5776212e-01
3.8160542e+01	6.9278711e-01
3.8182351e+01	1.0377257e+00
3.8204160e+01	1.2507629e+00
3.8225969e+01	1.5508059e+00
3.8247778e+01	2.2292929e+00
3.8269587e+01	2.2517270e+00
3.8291396e+01	2.5702413e+00
3.8313205e+01	3.2101910e+00
3.8335014e+01	3.6280622e+00
3.8356823e+01	3.6726811e+00
3.8378632e+01	3.8928947e+00
3.8400441e+01	3.8135293e+00
3.8422250e+01	3.3323080e+00
3.8444059e+01	2.9988558e+00
3.8465868e+01	2.4526330e+00
3.8487676e+01	1.9080047e+00
3.8509485e+01	1.1619530e+00
3.8531294e+01	7.3043706e-01
3.8553103e+01	6.5363903e-01
3.8574912e+01	5.6257029e-02
3.8596721e+01	-5.0005796e-02
3.8618530e+01	2.9228650e-02
3.8640339e+01	2.5528890e-01
3.8662148e+01	1.1158080e-01
3.8683957e+01	-3.1869328e-03
3.8705766e+01	-6.9256201e-02
3.8727575e+01	-1.4643682e-01
3.8749384e+01	-5.1063368e-02
3.8771193e+01	8.8174749e-02
3.8793002e+01	2.7879382e-01
3.8814811e+01	1.5652864e-01
3.8836619e+01	1.3579206e-01
3.8858428e+01	-7.6977254e-02
3.8880237e+01	-1.6899614e-01
3.8902046e+01	-6.5579769e-02
3.8923855e+01	7.3658850e-02
3.8945664e+01	-7.2836257e-03
3.8967473e+01	-1.0120864e-01
3.8989282e+01	3.7128829e-03
3.9011091e+01	-1.7105509e-02
3.9032900e+01	1.6388160e-02
3.9054709e+01	1.1059361e-01
3.9076518e+01	1.6626959e-01
3.9098327e+01	9.2341861e-02
3.9120136e+01	-5.4969787e-02
3.9141945e+01	-2.7100373e-02
3.9163754e+01	-5.6105990e-02
3.9185562e+01	-1.1896989e-01
3.9207371e+01	7.6296488e-02
3.9229180e+01	3.5927626e-01
3.9250989e+01	3.7872775e-02
3.9272798e+01	-8.1841788e-02
3.9294607e+01	-1.6225541e-01
3.9316416e+01	1.1059075e-01
3.9338225e+01	2.9062700e-01
3.9360034e+01	8.6274738e-02
3.9381843e+01	1.2013775e-01
3.9403652e+01	-9.3443586e-02
3.9425461e+01	5.0464275e-02
3.9447270e+01	1.5080496e-02
3.9469079e+01	-6.1890194e-02
3.9490888e+01	-6.0481593e-02
3.9512697e+01	1.9171540e-03
3.9534505e+01	-5.2063410e-02
3.9556314e+01	9.6094484e-03
3.9578123e+01	5.7086491e-02
3.9599932e+01	2.7385878e-01
3.9621741e+01	5.0552643e-01
3.9643550e+01	6.0126101e-01
3.9665359e+01	9.0227361e-01
3.9687168e+01	1.3000263e+00
3.9708977e+01	1.6012751e+00
3.9730786e+01	1.8907841e+00
3.9752595e+01	2.1000113e+00
3.9774404e+01	2.1273629e+00
3.9796213e+01	2.2786209e+00
3.9818022e+01	2.4086873e+00
3.9839831e+01	2.2173892e+00
3.9861640e+01	2.1475567e+00
3.9883449e+01	1.9269738e+00
3.9905257e+01	1.8654496e+00
3.9927066e+01	1.4731011e+00
3.9948875e+01	8.5349448e-01
3.9970684e+01	8.1878970e-01
3.9992493e+01	3.0241586e-01
4.0014302e+01	1.2311902e-01
4.0036111e+01	4.7464264e-02
4.0057920e+01	-8.0870762e-02
4.0079729e+01	-3.9438750e-02
4.0101538e+01	7.8927058e-02
4.0123347e+01	-9.3484406e-03
4.0145156e+01	-7.7039971e-02
4.0166965e+01	-8.4857959e-02
4.0188774e+01	2.4397903e-02
4.0210583e+01	-1.3191771e-01
4.0232392e+01	-2.1230802e-02
4.0254200e+01	9.5283780e-02
4.0276009e+01	2.1319419e-02
4.0297818e+01	4.9894306e-02
4.0319627e+01	3.5718000e-02
4.0341436e+01	1.9098252e-02
4.0363245e+01	3.8954370e-01
4.0385054e+01	9.8259052e-02
4.0406863e+01	-6.7136457e-02
4.0428672e+01	5.7274499e-03
4.0450481e+01	-4.9634392e-02
4.0472290e+01	-7.7152742e-02
4.0494099e+01	-7.6703310e-02
4.0515908e+01	-5.5574312e-02
4.0537717e+01	1.2935854e-01
4.0559526e+01	3.3857163e-01
4.0581335e+01	1.1438756e-01
4.0603143e+01	5.9926986e-02
4.0624952e+01	-2.0200434e-01
4.0646761e+01	1.3614050e-01
4.0668570e+01	6.0856868e-02
4.0690379e+01	4.6010085e-02
4.0712188e+01	-1.1845540e-01
4.0733997e+01	1.9879316e-01
4.0755806e+01	-1.8864057e-02
4.0777615e+01	6.1887763e-02
4.0799424e+01	-1.3840123e-01
4.0821233e+01	-1.0172097e-01
4.0843042e+01	6.7330914e-02
4.0864851e+01	-5.3159668e-02
4.0886660e+01	5.1548619e-02
4.0908469e+01	-3.1293166e-03
4.0930278e+01	2.6356612e-02
4.0952086e+01	-1.6835233e-01
4.0973895e+01	1.0308154e-01
4.0995704e+01	9.7586594e-02
4.1017513e+01	-6.4841234e-02
4.1039322e+01	5.0502028e-02
4.1061131e+01	6.5709395e-02
4.1082940e+01	1.9928218e-02
4.1104749e+01	4.6089066e-02
4.1126558e+01	-9.3598959e-02
4.1148367e+01	9.5832967e-02
4.1170176e+01	-8.4439552e-02
4.1191985e+01	-2.1162890e-01
4.1213794e+01	2.0311395e-01
4.1235603e+01	1.6753338e-02
4.1257412e+01	3.9958077e-02
4.1279221e+01	1.8316291e-01
4.1301029e+01	2.7026172e-01
4.1322838e+01	-1.4982603e-01
4.1344647e+01	1.2030338e-01
4.1366456e+01	-6.5865171e-02
4.1388265e+01	-6.5989344e-02
4.1410074e+01	6.9602366e-02
4.1431883e+01	2.7371878e-01
4.1453692e+01	-4.6748182e-02
4.1475501e+01	2.6414125e-01
4.1497310e+01	1.8780668e-01
4.1519119e+01	6.5083466e-02
4.1540928e+01	-2.8026949e-02
4.1562737e+01	1.6246711e-01
4.1584546e+01	-2.2226294e-01
4.1606355e+01	-2.7172622e-01
4.1628164e+01	-4.8535083e-02
4.1649972e+01	8.3315669e-02
4.1671781e+01	1.6309662e-01
4.1693590e+01	-1.9110929e-01
4.1715399e+01	1.7482757e-01
4.1737208e+01	3.0573110e-02
4.1759017e+01	-5.2548376e-03
4.1780826e+01	6.7928396e-02
4.1802635e+01	1.0448144e-01
4.1824444e+01	1.1837628e-01
4.1846253e+01	2.9778458e-01
4.1868062e+01	2.0448386e-01
4.1889871e+01	1.0780003e-01
4.1911680e+01	-1.1922303e-01
4.1933489e+01	-1.9360020e-01
4.1955298e+01	6.3197595e-02
4.1977107e+01	-1.5582121e-01
4.1998916e+01	-1.4936942e-01
4.2020724e+01	9.6998155e-02
4.2042533e+01	1.4117364e-01
4.2064342e+01	-3.9130102e-02
4.2086151e+01	3.1826305e-02
4.2107960e+01	-2.9799929e-02
4.2129769e+01	2.0076824e-02
4.2151578e+01	2.4600102e-01
4.2173387e+01	2.6337671e-01
4.2195196e+01	1.0641008e-01
4.2217005e+01	1.5003204e-01
4.2238814e+01	-5.8301019e-02
4.2260623e+01	-2.1178836e-01
4.2282432e+01	-4.0058238e-02
4.2304241e+01	-1.0775932e-01
4.2326050e+01	-6.5928471e-02
4.2347859e+01	3.1760629e-01
4.2369667e+01	5.0105224e-02
4.2391476e+01	1.1749676e-01
4.2413285e+01	4.3075062e-01
4.2435094e+01	3.3535428e-01
4.2456903e+01	7.4273112e-01
4.2478712e+01	1.1708314e+00
4.2500521e+01	2.0329803e+00
4.2522330e+01	1.7898642e+00
4.2544139e+01	2.0025853e+00
4.2565948e+01	2.2697328e+00
4.2587757e+01	1.9513169e+00
4.2609566e+01	1.7372871e+00
4.2631375e+01	1.6866264e+00
4.2653184e+01	1.3275981e+00
4.2674993e+01	1.1504736e+00
4.2696802e+01	8.9291001e-01
4.2718610e+01	7.3784362e-01
4.2740419e+01	5.8391469e-01
4.2762228e+01	1.1574146e-01
4.2784037e+01	9.1411150e-02
4.2805846e+01	-9.8376852e-02
4.2827655e+01	3.8672359e-02
4.2849464e+01	1.1320175e-01
4.2871273e+01	4.2979765e-02
4.2893082e+01	-8.0068479e-02
4.2914891e+01	-5.1187108e-02
4.2936700e+01	-2.8154554e-01
4.2958509e+01	2.7202609e-02
4.2980318e+01	1.1391659e-01
4.3002127e+01	1.4510003e-01
4.3023936e+01	-3.4199103e-02
4.3045745e+01	2.3417537e-01
4.3067553e+01	-9.8168912e-03
4.3089362e+01	2.6202982e-01
4.3111171e+01	-1.4302089e-01
4.3132980e+01	9.5999966e-02
4.3154789e+01	4.1972267e-01
4.3176598e+01	-1.1372728e-01
4.3198407e+01	-1.6904361e-01
4.3220216e+01	1.6583578e-01
4.3242025e+01	1.1567671e-01
4.3263834e+01	-2.3046855e-01
4.3285643e+01	6.9336923e-02
4.3307452e+01	3.5276431e-01
4.3329261e+01	1.9936417e-04
4.3351070e+01	4.3440720e-01
4.3372879e+01	5.1731932e-01
4.3394688e+01	1.3334666e-01
4.3416496e+01	1.0657828e-02
4.3438305e+01	1.5800459e-01
4.3460114e+01	4.0842214e-01
4.3481923e+01	1.3279251e-01
4.3503732e+01	3.9681043e-01
4.3525541e+01	-8.3796031e-02
4.3547350e+01	-2.1172657e-01
4.3569159e+01	-3.7548923e-02
4.3590968e+01	1.8991974e-01
4.3612777e+01	3.9146739e-01
4.3634586e+01	6.8021390e-01
4.3656395e+01	1.3672937e+00
4.3678204e+01	1.6540293e+00
4.3700013e+01	2.1280520e+00
4.3721822e+01	3.2387793e+00
4.3743631e+01	3.4354776e+00
4.3765439e+01	4.1374933e+00
4.3787248e+01	5.0981369e+00
4.3809057e+01	5.8221819e+00
4.3830866e+01	6.1629905e+00
4.3852675e+01	6.8113444e+00
4.3874484e+01	7.4316028e+00
4.3896293e+01	6.9507452e+00
4.3918102e+01	6.4210641e+00
4.3939911e+01	5.6391139e+00
4.3961720e+01	4.7902459e+00
4.3983529e+01	3.7043118e+00
4.4005338e+01	2.3621867e+00
4.4027147e+01	1.7766893e+00
4.4048956e+01	1.3209569e+00
4.4070765e+01	7.7436792e-01
4.4092574e+01	4.7065284e-01
4.4114383e+01	-1.8559924e-02
4.4136191e+01	2.8117359e-01
4.4158000e+01	3.8147558e-01
4.4179809e+01	-4.9110670e-02
4.4201618e+01	7.2767397e-02
4.4223427e+01	-7.6200780e-03
4.4245236e+01	-1.2579898e-01
4.4267045e+01	7.0071524e-02
4.4288854e+01	5.1362500e-02
4.4310663e+01	1.3144623e-01
4.4332472e+01	2.9521245e-02
4.4354281e+01	7.4786578e-03
4.4376090e+01	1.4827822e-01
4.4397899e+01	-2.2665517e-01
4.4419708e+01	-1.8034153e-02
4.4441517e+01	4.2957765e-03
4.4463326e+01	-2.2457518e-01
4.4485134e+01	7.1332208e-02
4.4506943e+01	7.6525501e-01
4.4528752e+01	6.3283559e-01
4.4550561e+01	-1.6593969e-01
4.4572370e+01	1.5088250e-01
4.4594179e+01	1.2453982e-01
4.4615988e+01	2.9123659e-01
4.4637797e+01	4.1096241e-02
4.4659606e+01	-4.6065912e-02
4.4681415e+01	5.1263120e-02
4.4703224e+01	4.3372407e-02
4.4725033e+01	-7.5555488e-02
4.4746842e+01	6.4380866e-02
4.4768651e+01	3.8460614e-01
4.4790460e+01	-7.7822029e-03
4.4812269e+01	8.2043745e-02
4.4834077e+01	2.2601031e-02
4.4855886e+01	-1.4552801e-01
4.4877695e+01	3.2870884e-01
4.4899504e+01	5.9139065e-01
4.4921313e+01	1.1293485e+00
4.4943122e+01	1.3736443e+00
4.4964931e+01	1.6269221e+00
4.4986740e+01	1.7389959e+00