Image file: \\Gfs05\g45\SAXS\2020_12\HDF5\2020-12.10_Kevin_day2_SN\2020-12-10_Max_Cu123_SN_000017_data_000069.h5
ImageIntegration1d_chi_output; Output_Directory= \\Gfs05\g45\SAXS\2020_12\Processed\2020-12-09_Kevin_day1_SN\Chi-Sample-7
Profile = Radial, StartAzimuth = 0.0, EndAzimuth = 360.0, Sam_Det_distance = 250.818474293, InnerRadius = 15.0, OuterRadius = 2400.0, Lambda = 30, Ratio = 0.001, Itermax = 100
2400
2.0013229e+00	-3.9395111e-02
2.0231319e+00	3.4172398e-01
2.0449408e+00	-9.9524423e-02
2.0667497e+00	5.7423778e-02
2.0885587e+00	1.1780288e-01
2.1103676e+00	6.4017862e-02
2.1321765e+00	1.5131821e-02
2.1539855e+00	-1.4781833e-01
2.1757944e+00	-7.4036795e-02
2.1976034e+00	1.2113404e-02
2.2194123e+00	1.9965569e-01
2.2412212e+00	3.2579638e-02
2.2630302e+00	8.5986220e-03
2.2848391e+00	4.5021620e-02
2.3066480e+00	-7.6466413e-02
2.3284570e+00	-1.0753083e-02
2.3502659e+00	3.6661846e-01
2.3720749e+00	-2.4220929e-02
2.3938838e+00	-2.7585509e-02
2.4156927e+00	4.6474178e-02
2.4375017e+00	-1.3949555e-01
2.4593106e+00	-1.2721629e-02
2.4811196e+00	-1.6122289e-02
2.5029285e+00	8.8778410e-03
2.5247374e+00	1.6309300e-01
2.5465464e+00	1.0906011e-01
2.5683553e+00	1.3517404e-01
2.5901642e+00	-6.5382708e-02
2.6119732e+00	-6.4016026e-02
2.6337821e+00	-8.3605904e-02
2.6555911e+00	-1.6889098e-01
2.6774000e+00	1.4304587e-02
2.6992089e+00	2.9928029e-01
2.7210179e+00	2.7762296e-01
2.7428268e+00	2.3912264e-02
2.7646358e+00	2.3262035e-01
2.7864447e+00	1.6354879e-02
2.8082536e+00	4.0634728e-02
2.8300626e+00	4.4510024e-02
2.8518715e+00	-2.0572233e-01
2.8736804e+00	-7.5412155e-02
2.8954894e+00	1.8418608e-01
2.9172983e+00	4.5190245e-02
2.9391073e+00	3.0084798e-02
2.9609162e+00	1.3090911e-01
2.9827251e+00	-6.4283338e-02
3.0045341e+00	-2.6797209e-01
3.0263430e+00	-1.1810343e-01
3.0481519e+00	6.1205753e-02
3.0699609e+00	1.3275916e-01
3.0917698e+00	2.2233835e-01
3.1135788e+00	1.0599037e-01
3.1353877e+00	9.0998741e-03
3.1571966e+00	4.9350869e-02
3.1790056e+00	-8.5766343e-02
3.2008145e+00	-1.1722808e-01
3.2226235e+00	-3.2637133e-02
3.2444324e+00	-1.4212291e-01
3.2662413e+00	6.1862439e-02
3.2880503e+00	4.3373063e-02
3.3098592e+00	1.4558692e-02
3.3316681e+00	1.9974169e-01
3.3534771e+00	3.2769233e-01
3.3752860e+00	3.8368906e-02
3.3970950e+00	4.1384383e-02
3.4189039e+00	-9.3979811e-02
3.4407128e+00	1.3397836e-02
3.4625218e+00	-6.9279816e-02
3.4843307e+00	-6.7413430e-02
3.5061396e+00	-8.5943822e-02
3.5279486e+00	-9.0943188e-02
3.5497575e+00	1.1987771e-01
3.5715665e+00	1.9807622e-01
3.5933754e+00	1.6617721e-01
3.6151843e+00	1.7426759e-01
3.6369933e+00	-4.0583899e-02
3.6588022e+00	-1.5562408e-01
3.6806112e+00	-1.7409364e-01
3.7024201e+00	-4.2538881e-03
3.7242290e+00	-5.8453044e-02
3.7460380e+00	1.7623425e-01
3.7678469e+00	2.1012423e-01
3.7896558e+00	-4.8417837e-02
3.8114648e+00	3.2254428e-03
3.8332737e+00	1.4409766e-02
3.8550827e+00	1.4179751e-01
3.8768916e+00	-2.0864310e-01
3.8987005e+00	-9.3101594e-02
3.9205095e+00	3.3895213e-02
3.9423184e+00	-3.1744411e-02
3.9641273e+00	1.9967929e-02
3.9859363e+00	6.6765107e-02
4.0077452e+00	2.3433134e-01
4.0295542e+00	1.4084306e-01
4.0513631e+00	-1.7575374e-01
4.0731720e+00	-1.4813173e-01
4.0949810e+00	4.5434874e-02
4.1167899e+00	1.5062744e-01
4.1385989e+00	6.5500225e-02
4.1604078e+00	-4.2492610e-02
4.1822167e+00	-4.7098916e-02
4.2040257e+00	1.0302723e-01
4.2258346e+00	-1.0001931e-02
4.2476435e+00	-7.5203654e-02
4.2694525e+00	2.0504787e-02
4.2912614e+00	8.3448476e-02
4.3130704e+00	-6.4873973e-02
4.3348793e+00	-2.2592823e-01
4.3566882e+00	1.6506999e-01
4.3784972e+00	4.4258089e-01
4.4003061e+00	3.4191399e-01
4.4221151e+00	1.2458641e-01
4.4439240e+00	-5.5304754e-02
4.4657329e+00	-1.6725228e-01
4.4875419e+00	-5.3741021e-02
4.5093508e+00	2.2670318e-01
4.5311597e+00	2.9303426e-01
4.5529687e+00	1.1119155e-01
4.5747776e+00	-1.1985296e-02
4.5965866e+00	-2.4136041e-02
4.6183955e+00	-1.5638392e-02
4.6402044e+00	-7.7279158e-02
4.6620134e+00	1.0631560e-01
4.6838223e+00	8.0882376e-02
4.7056312e+00	-9.9263272e-02
4.7274402e+00	-1.0749078e-01
4.7492491e+00	8.9160896e-02
4.7710581e+00	3.6760601e-02
4.7928670e+00	-3.2300863e-02
4.8146759e+00	5.6208819e-02
4.8364849e+00	6.8315988e-02
4.8582938e+00	-8.3379749e-02
4.8801028e+00	-1.5281543e-01
4.9019117e+00	1.2248683e-01
4.9237206e+00	1.9064972e-01
4.9455296e+00	8.7275668e-03
4.9673385e+00	-6.7359182e-02
4.9891474e+00	4.0555604e-02
5.0109564e+00	-3.1582135e-02
5.0327653e+00	-1.1105207e-01
5.0545743e+00	-1.6591082e-01
5.0763832e+00	1.0115754e-01
5.0981921e+00	3.1805120e-01
5.1200011e+00	1.9761428e-01
5.1418100e+00	1.0091844e-01
5.1636189e+00	-1.7359286e-01
5.1854279e+00	-5.9333241e-02
5.2072368e+00	-2.8433944e-02
5.2290458e+00	4.8197007e-02
5.2508547e+00	1.5547073e-01
5.2726636e+00	6.8960536e-02
5.2944726e+00	-8.1847239e-02
5.3162815e+00	-1.1660061e-01
5.3380905e+00	9.8642625e-03
5.3598994e+00	1.3069770e-01
5.3817083e+00	2.5503937e-02
5.4035173e+00	2.4671876e-02
5.4253262e+00	-6.8061789e-02
5.4471351e+00	-2.4556002e-02
5.4689441e+00	-6.2629474e-02
5.4907530e+00	1.4476981e-02
5.5125620e+00	2.3596690e-03
5.5343709e+00	1.3496053e-01
5.5561798e+00	-3.4471032e-02
5.5779888e+00	-4.8644604e-02
5.5997977e+00	-7.2300424e-02
5.6216066e+00	-6.8904861e-02
5.6434156e+00	1.4752127e-01
5.6652245e+00	2.0469551e-01
5.6870335e+00	1.1325954e-02
5.7088424e+00	-2.1324564e-01
5.7306513e+00	-3.8577190e-02
5.7524603e+00	3.5865558e-02
5.7742692e+00	2.3476097e-02
5.7960782e+00	1.4127397e-01
5.8178871e+00	4.9657291e-03
5.8396960e+00	3.3652347e-01
5.8615050e+00	3.2035109e-01
5.8833139e+00	6.1573345e-02
5.9051228e+00	-1.0160417e-01
5.9269318e+00	-4.3235924e-02
5.9487407e+00	1.8983143e-02
5.9705497e+00	-7.6542353e-02
5.9923586e+00	-1.4230780e-02
6.0141675e+00	-2.6008517e-02
6.0359765e+00	-8.5839092e-02
6.0577854e+00	8.0854274e-02
6.0795944e+00	3.5927295e-02
6.1014033e+00	-7.1714342e-03
6.1232122e+00	9.7374693e-02
6.1450212e+00	8.7434022e-02
6.1668301e+00	3.6394476e-03
6.1886390e+00	5.3428959e-02
6.2104480e+00	-1.4327055e-01
6.2322569e+00	-1.5961423e-01
6.2540659e+00	4.3081331e-02
6.2758748e+00	2.0879597e-01
6.2976837e+00	6.9652734e-02
6.3194927e+00	-2.6943559e-02
6.3413016e+00	-1.9664664e-01
6.3631105e+00	1.1840322e-01
6.3849195e+00	2.3710761e-01
6.4067284e+00	1.4448621e-02
6.4285374e+00	-1.2201614e-01
6.4503463e+00	-1.3100948e-01
6.4721552e+00	8.9758827e-02
6.4939642e+00	1.5227582e-01
6.5157731e+00	1.6037021e-01
6.5375821e+00	-4.4617328e-02
6.5593910e+00	-2.6905461e-01
6.5811999e+00	-3.0806852e-02
6.6030089e+00	9.0814231e-02
6.6248178e+00	1.4457014e-01
6.6466267e+00	1.2406175e-01
6.6684357e+00	-1.2902329e-01
6.6902446e+00	-1.7320843e-01
6.7120536e+00	1.2241348e-01
6.7338625e+00	3.9251815e-01
6.7556714e+00	1.9186980e-01
6.7774804e+00	-9.1759201e-03
6.7992893e+00	-1.6934595e-01
6.8210982e+00	-2.6264739e-02
6.8429072e+00	5.3085070e-02
6.8647161e+00	2.7606748e-03
6.8865251e+00	2.1734635e-03
6.9083340e+00	5.3491964e-02
6.9301429e+00	5.0300379e-02
6.9519519e+00	-1.4006187e-02
6.9737608e+00	2.9957644e-02
6.9955698e+00	-5.1024374e-02
7.0173787e+00	3.3967083e-01
7.0391876e+00	4.8729555e-01
7.0609966e+00	2.2948160e-01
7.0828055e+00	-1.4654356e-01
7.1046144e+00	-1.5500690e-01
7.1264234e+00	-6.4909699e-02
7.1482323e+00	3.1786588e-02
7.1700413e+00	5.7563755e-04
7.1918502e+00	1.0328896e-01
7.2136591e+00	8.5297897e-02
7.2354681e+00	8.7016714e-02
7.2572770e+00	9.7468434e-03
7.2790859e+00	-9.8093305e-02
7.3008949e+00	5.1835482e-02
7.3227038e+00	1.7013391e-01
7.3445128e+00	2.1015707e-02
7.3663217e+00	4.6860033e-02
7.3881306e+00	-1.0827539e-01
7.4099396e+00	-2.7275876e-01
7.4317485e+00	-5.2820337e-02
7.4535575e+00	1.1035256e-01
7.4753664e+00	1.5022071e-01
7.4971753e+00	7.6475596e-02
7.5189843e+00	-5.0774989e-02
7.5407932e+00	-9.9792291e-02
7.5626021e+00	-1.2997266e-01
7.5844111e+00	9.2094672e-02
7.6062200e+00	4.4455759e-02
7.6280290e+00	-1.2263796e-01
7.6498379e+00	4.1186975e-02
7.6716468e+00	8.4327806e-02
7.6934558e+00	1.0439634e-01
7.7152647e+00	-5.0199266e-02
7.7370737e+00	8.3131078e-02
7.7588826e+00	8.0455176e-02
7.7806915e+00	-6.1760551e-02
7.8025005e+00	-1.4653528e-01
7.8243094e+00	-5.3737021e-02
7.8461183e+00	-1.2184401e-02
7.8679273e+00	1.6561378e-04
7.8897362e+00	9.7148740e-02
7.9115452e+00	-9.8478145e-03
7.9333541e+00	-7.9170562e-02
7.9551630e+00	9.6448506e-03
7.9769720e+00	-3.4288614e-02
7.9987809e+00	1.0256920e-01
8.0205898e+00	5.2541740e-02
8.0423988e+00	-3.0828788e-02
8.0642077e+00	7.3189775e-02
8.0860167e+00	3.6552954e-01
8.1078256e+00	-3.1665985e-02
8.1296345e+00	-8.8393644e-02
8.1514435e+00	8.9074598e-02
8.1732524e+00	5.1202188e-01
8.1950614e+00	4.8144496e-01
8.2168703e+00	2.8787876e-02
8.2386792e+00	-2.2120068e-01
8.2604882e+00	-7.3929610e-03
8.2822971e+00	4.0415210e-01
8.3041060e+00	2.3895669e-01
8.3259150e+00	1.1230071e-01
8.3477239e+00	-1.7488007e-02
8.3695329e+00	1.4930352e-01
8.3913418e+00	-1.1690336e-01
8.4131507e+00	-2.4287832e-01
8.4349597e+00	2.0160454e-01
8.4567686e+00	1.7621605e-01
8.4785775e+00	-6.7164901e-02
8.5003865e+00	-4.4504427e-02
8.5221954e+00	7.3747681e-02
8.5440044e+00	6.9164709e-03
8.5658133e+00	-1.0650140e-01
8.5876222e+00	-6.3951364e-02
8.6094312e+00	1.2871594e-01
8.6312401e+00	7.6537076e-02
8.6530491e+00	8.3348131e-02
8.6748580e+00	-4.0039793e-02
8.6966669e+00	-7.6349750e-02
8.7184759e+00	5.0312207e-02
8.7402848e+00	-3.2612412e-02
8.7620937e+00	-7.7140209e-02
8.7839027e+00	-8.8759374e-02
8.8057116e+00	-1.5230018e-01
8.8275206e+00	1.0957340e-01
8.8493295e+00	1.3880598e-01
8.8711384e+00	1.6705852e-01
8.8929474e+00	1.2976349e-02
8.9147563e+00	-6.5956755e-02
8.9365652e+00	3.7101453e-02
8.9583742e+00	-7.0626726e-02
8.9801831e+00	-1.4594727e-02
9.0019921e+00	-3.4223146e-04
9.0238010e+00	5.0093906e-01
9.0456099e+00	4.6743284e-01
9.0674189e+00	2.6292510e-01
9.0892278e+00	5.0209511e-02
9.1110368e+00	3.6568382e-02
9.1328457e+00	-1.8330374e-01
9.1546546e+00	-9.5862465e-02
9.1764636e+00	8.5116704e-02
9.1982725e+00	4.0844936e-01
9.2200814e+00	1.3294791e-01
9.2418904e+00	4.6202194e-02
9.2636993e+00	-1.1890347e-01
9.2855083e+00	2.1041877e-02
9.3073172e+00	2.9162748e-01
9.3291261e+00	2.1759727e-01
9.3509351e+00	-2.4255242e-01
9.3727440e+00	-9.2867580e-02
9.3945530e+00	1.0570287e-01
9.4163619e+00	3.2620829e-01
9.4381708e+00	3.8026573e-02
9.4599798e+00	9.1984144e-02
9.4817887e+00	-5.1014830e-02
9.5035976e+00	1.8353657e-01
9.5254066e+00	2.9974515e-01
9.5472155e+00	6.4860714e-02
9.5690245e+00	-2.2478661e-01
9.5908334e+00	-1.4029708e-01
9.6126423e+00	1.0174190e-01
9.6344513e+00	-1.2332609e-02
9.6562602e+00	6.0501300e-02
9.6780691e+00	6.4296154e-02
9.6998781e+00	-1.9620824e-02
9.7216870e+00	1.6872643e-01
9.7434960e+00	-1.3307557e-01
9.7653049e+00	-1.8222637e-01
9.7871138e+00	1.2399227e-02
9.8089228e+00	7.5078566e-02
9.8307317e+00	2.6893765e-01
9.8525407e+00	2.4176579e-01
9.8743496e+00	-2.5151479e-01
9.8961585e+00	8.5300641e-02
9.9179675e+00	3.0778767e-01
9.9397764e+00	1.2093698e-01
9.9615853e+00	1.5821484e-01
9.9833943e+00	2.6206147e-02
1.0005203e+01	-2.4215371e-01
1.0027012e+01	4.5866178e-02
1.0048821e+01	3.4301051e-01
1.0070630e+01	2.5601068e-01
1.0092439e+01	1.3657883e-01
1.0114248e+01	-3.1066058e-01
1.0136057e+01	7.9039095e-02
1.0157866e+01	2.6278981e-01
1.0179675e+01	1.4525852e-01
1.0201484e+01	9.0297375e-02
1.0223293e+01	-4.8032749e-02
1.0245102e+01	1.8599188e-02
1.0266910e+01	-2.2738300e-02
1.0288719e+01	-2.5098694e-01
1.0310528e+01	-1.7084143e-02
1.0332337e+01	1.1151179e+00
1.0354146e+01	1.8416700e+00
1.0375955e+01	2.3091717e+00
1.0397764e+01	2.7668339e+00
1.0419573e+01	3.1959643e+00
1.0441382e+01	3.8601387e+00
1.0463191e+01	4.5585226e+00
1.0485000e+01	5.3342890e+00
1.0506809e+01	6.1166815e+00
1.0528618e+01	7.4127388e+00
1.0550427e+01	8.2914687e+00
1.0572236e+01	8.4129169e+00
1.0594045e+01	8.4108572e+00
1.0615853e+01	9.0941552e+00
1.0637662e+01	9.0583818e+00
1.0659471e+01	7.7653206e+00
1.0681280e+01	6.2703744e+00
1.0703089e+01	5.0457549e+00
1.0724898e+01	3.5638648e+00
1.0746707e+01	2.3051169e+00
1.0768516e+01	1.6398250e+00
1.0790325e+01	9.8948961e-01
1.0812134e+01	4.6240665e-01
1.0833943e+01	3.8380784e-02
1.0855752e+01	-7.1429283e-03
1.0877561e+01	8.3943618e-02
1.0899370e+01	9.1215317e-02
1.0921179e+01	2.6117346e-02
1.0942988e+01	-1.8123797e-01
1.0964796e+01	-9.8912842e-02
1.0986605e+01	1.3050874e-01
1.1008414e+01	6.7861588e-02
1.1030223e+01	3.2691344e-01
1.1052032e+01	5.3598397e-01
1.1073841e+01	7.5384664e-01
1.1095650e+01	9.7189551e-01
1.1117459e+01	1.1755706e+00
1.1139268e+01	1.1859631e+00
1.1161077e+01	1.3976919e+00
1.1182886e+01	1.7478892e+00
1.1204695e+01	2.0942890e+00
1.1226504e+01	2.7673483e+00
1.1248313e+01	2.6775032e+00
1.1270122e+01	1.2663887e+00
1.1291931e+01	5.7445303e-01
1.1313740e+01	3.3520711e-01
1.1335548e+01	1.4760354e-01
1.1357357e+01	-1.3931910e-01
1.1379166e+01	-2.0715187e-01
1.1400975e+01	6.7344014e-02
1.1422784e+01	1.2799437e-01
1.1444593e+01	1.5473063e-01
1.1466402e+01	7.6781418e-02
1.1488211e+01	-1.3008978e-01
1.1510020e+01	-7.7785187e-02
1.1531829e+01	4.5987130e-02
1.1553638e+01	-9.0114627e-03
1.1575447e+01	-1.1733488e-01
1.1597256e+01	-1.5465102e-01
1.1619065e+01	-6.4903817e-02
1.1640874e+01	4.1961735e-02
1.1662683e+01	3.1545760e-01
1.1684491e+01	3.1712081e-01
1.1706300e+01	3.9731037e-02
1.1728109e+01	2.5829227e-01
1.1749918e+01	4.1161802e-01
1.1771727e+01	1.4762816e-01
1.1793536e+01	-2.5528355e-02
1.1815345e+01	2.0466762e-01
1.1837154e+01	2.1797053e-01
1.1858963e+01	3.5788259e-02
1.1880772e+01	-1.7517738e-01
1.1902581e+01	-1.5149597e-01
1.1924390e+01	7.7059092e-02
1.1946199e+01	-1.1958781e-01
1.1968008e+01	-1.7301385e-01
1.1989817e+01	4.7731911e-02
1.2011626e+01	1.2469745e-01
1.2033434e+01	1.5600420e-01
1.2055243e+01	4.1446208e-01
1.2077052e+01	2.6117087e-03
1.2098861e+01	1.0644318e-01
1.2120670e+01	-1.1061533e-01
1.2142479e+01	-1.4451318e-01
1.2164288e+01	-3.4450786e-02
1.2186097e+01	6.0521442e-02
1.2207906e+01	1.0886478e-01
1.2229715e+01	1.1155553e-02
1.2251524e+01	2.9670322e-01
1.2273333e+01	1.0172137e-03
1.2295142e+01	-1.2085720e-01
1.2316951e+01	1.0628390e-02
1.2338760e+01	1.2894577e-01
1.2360569e+01	3.8147025e-01
1.2382377e+01	2.8198375e-02
1.2404186e+01	-1.0939461e-01
1.2425995e+01	4.0600831e-03
1.2447804e+01	1.9131493e-02
1.2469613e+01	-3.2331427e-02
1.2491422e+01	9.9027374e-02
1.2513231e+01	-1.1998801e-01
1.2535040e+01	-1.2331893e-01
1.2556849e+01	-5.9143334e-02
1.2578658e+01	3.4829302e-02
1.2600467e+01	2.1867439e-01
1.2622276e+01	2.1900960e-01
1.2644085e+01	3.2169013e-02
1.2665894e+01	1.2079676e-01
1.2687703e+01	-7.0073835e-02
1.2709512e+01	-1.2480428e-01
1.2731320e+01	1.5114823e-01
1.2753129e+01	1.6510851e-01
1.2774938e+01	-8.6096474e-02
1.2796747e+01	-7.9248598e-02
1.2818556e+01	-2.0596821e-01
1.2840365e+01	-8.2144208e-04
1.2862174e+01	-2.4398568e-03
1.2883983e+01	-7.1059670e-02
1.2905792e+01	-6.9255894e-02
1.2927601e+01	-3.7783351e-02
1.2949410e+01	1.6221819e-01
1.2971219e+01	2.0810372e-01
1.2993028e+01	5.3984106e-02
1.3014837e+01	1.7698116e-02
1.3036646e+01	1.6366237e-01
1.3058455e+01	5.2127915e-01
1.3080264e+01	6.3624814e-01
1.3102072e+01	3.5201695e-01
1.3123881e+01	9.0598064e-02
1.3145690e+01	2.1260591e-02
1.3167499e+01	-1.7235436e-01
1.3189308e+01	-5.4447217e-02
1.3211117e+01	5.0917674e-02
1.3232926e+01	5.2766296e-02
1.3254735e+01	8.3586971e-03
1.3276544e+01	4.2415534e-02
1.3298353e+01	9.6395415e-02
1.3320162e+01	-2.3871592e-01
1.3341971e+01	-5.2460017e-01
1.3363780e+01	1.9805317e-01
1.3385589e+01	2.0710525e-01
1.3407398e+01	4.5887903e-01
1.3429207e+01	6.3283482e-01
1.3451015e+01	3.9417603e-01
1.3472824e+01	2.0372102e-01
1.3494633e+01	9.6439203e-02
1.3516442e+01	-2.6772706e-02
1.3538251e+01	3.9443074e-02
1.3560060e+01	1.5231010e-01
1.3581869e+01	2.4103896e-01
1.3603678e+01	-1.1096703e-01
1.3625487e+01	-1.5963477e-01
1.3647296e+01	5.1741528e-02
1.3669105e+01	2.6698727e-02
1.3690914e+01	-1.4028620e-01
1.3712723e+01	1.9077939e-02
1.3734532e+01	6.0346409e-02
1.3756341e+01	7.2347360e-02
1.3778150e+01	1.4085966e-01
1.3799958e+01	1.1608644e-01
1.3821767e+01	-4.8699102e-02
1.3843576e+01	-2.0265751e-01
1.3865385e+01	-1.5567568e-01
1.3887194e+01	-8.4652520e-03
1.3909003e+01	1.0228022e-01
1.3930812e+01	-4.7122988e-02
1.3952621e+01	5.1754558e-02
1.3974430e+01	6.7106433e-02
1.3996239e+01	9.0649899e-02
1.4018048e+01	-1.3644054e-01
1.4039857e+01	-8.6821003e-02
1.4061666e+01	8.8495305e-02
1.4083475e+01	-3.6501650e-03
1.4105284e+01	7.1777456e-02
1.4127093e+01	-6.0318471e-02
1.4148901e+01	1.3216887e-01
1.4170710e+01	1.1774635e-01
1.4192519e+01	-1.9988486e-01
1.4214328e+01	-1.8116706e-01
1.4236137e+01	-3.0303714e-02
1.4257946e+01	-6.6204608e-03
1.4279755e+01	1.4924553e-01
1.4301564e+01	1.2724949e-01
1.4323373e+01	1.1033230e-01
1.4345182e+01	1.5022938e-01
1.4366991e+01	-1.4311454e-01
1.4388800e+01	-1.3147154e-01
1.4410609e+01	-2.2630359e-02
1.4432418e+01	-7.4452449e-02
1.4454227e+01	2.4339843e-01
1.4476036e+01	4.5178842e-02
1.4497844e+01	-4.9835744e-03
1.4519653e+01	-9.6310894e-02
1.4541462e+01	-3.2723309e-02
1.4563271e+01	1.5149206e-01
1.4585080e+01	-1.2250822e-02
1.4606889e+01	1.9139773e-02
1.4628698e+01	1.3773445e-01
1.4650507e+01	-5.4298349e-02
1.4672316e+01	-7.9243090e-02
1.4694125e+01	-1.3012788e-01
1.4715934e+01	3.5172216e-02
1.4737743e+01	-6.7736439e-02
1.4759552e+01	-5.9316525e-02
1.4781361e+01	-6.5587332e-02
1.4803170e+01	1.5447151e-01
1.4824979e+01	1.6402612e-01
1.4846787e+01	5.6605823e-01
1.4868596e+01	9.1639113e-01
1.4890405e+01	1.1708965e+00
1.4912214e+01	1.1728720e+00
1.4934023e+01	1.1120423e+00
1.4955832e+01	1.2353110e+00
1.4977641e+01	1.1114010e+00
1.4999450e+01	1.3905478e+00
1.5021259e+01	1.6366110e+00
1.5043068e+01	1.6849795e+00
1.5064877e+01	1.3994878e+00
1.5086686e+01	1.0168557e+00
1.5108495e+01	7.3381978e-01
1.5130304e+01	4.4474674e-01
1.5152113e+01	1.3430426e-01
1.5173922e+01	-3.8322326e-02
1.5195731e+01	-5.1910394e-03
1.5217539e+01	7.3508571e-03
1.5239348e+01	-6.4191082e-03
1.5261157e+01	-7.5809943e-02
1.5282966e+01	-1.4355097e-01
1.5304775e+01	-1.0293495e-01
1.5326584e+01	-7.6072131e-04
1.5348393e+01	8.8035789e-02
1.5370202e+01	5.3589960e-02
1.5392011e+01	1.9282173e-01
1.5413820e+01	1.8879873e-01
1.5435629e+01	8.1230473e-02
1.5457438e+01	-1.4172668e-01
1.5479247e+01	-8.5690295e-02
1.5501056e+01	-3.9756824e-02
1.5522865e+01	-2.4837439e-03
1.5544674e+01	-1.3570963e-02
1.5566482e+01	-3.0193722e-02
1.5588291e+01	-1.0743739e-01
1.5610100e+01	-1.5868530e-02
1.5631909e+01	2.2465828e-01
1.5653718e+01	2.6411190e-01
1.5675527e+01	3.3729006e-01
1.5697336e+01	6.8425070e-02
1.5719145e+01	1.4275637e-01
1.5740954e+01	7.9063224e-02
1.5762763e+01	-2.4449630e-02
1.5784572e+01	-1.5609326e-01
1.5806381e+01	-3.1129390e-02
1.5828190e+01	-2.3732971e-01
1.5849999e+01	9.3416073e-02
1.5871808e+01	1.0456622e-01
1.5893617e+01	4.7433328e-02
1.5915425e+01	-8.5230920e-02
1.5937234e+01	4.9957403e-02
1.5959043e+01	3.7056589e-01
1.5980852e+01	1.1106263e-01
1.6002661e+01	-1.5442013e-01
1.6024470e+01	-7.4918098e-02
1.6046279e+01	-4.8285701e-02
1.6068088e+01	9.3133453e-02
1.6089897e+01	1.5772566e-01
1.6111706e+01	1.6765096e-02
1.6133515e+01	-1.2256558e-01
1.6155324e+01	-6.4030562e-03
1.6177133e+01	4.3162309e-02
1.6198942e+01	-1.8059684e-02
1.6220751e+01	-3.6058665e-02
1.6242560e+01	6.3163154e-02
1.6264368e+01	3.7835852e-02
1.6286177e+01	4.4477968e-02
1.6307986e+01	7.0750806e-03
1.6329795e+01	-3.0800928e-02
1.6351604e+01	4.1624613e-03
1.6373413e+01	-5.5723205e-02
1.6395222e+01	-1.0321187e-01
1.6417031e+01	3.4841377e-02
1.6438840e+01	9.7669592e-02
1.6460649e+01	-4.7484303e-02
1.6482458e+01	7.2408395e-02
1.6504267e+01	3.0074574e-02
1.6526076e+01	-5.1873581e-02
1.6547885e+01	-2.0413429e-02
1.6569694e+01	-4.6905814e-02
1.6591503e+01	-2.7968373e-01
1.6613311e+01	1.2568672e-01
1.6635120e+01	1.9906824e-01
1.6656929e+01	2.2697818e-01
1.6678738e+01	-6.3377307e-02
1.6700547e+01	-4.6342257e-02
1.6722356e+01	6.2674364e-02
1.6744165e+01	3.5030969e-01
1.6765974e+01	5.2239515e-01
1.6787783e+01	6.0075712e-01
1.6809592e+01	8.5195591e-01
1.6831401e+01	7.1207362e-01
1.6853210e+01	3.9576334e-01
1.6875019e+01	1.6555617e-01
1.6896828e+01	9.7846590e-02
1.6918637e+01	-1.0501329e-01
1.6940446e+01	-9.5748356e-03
1.6962254e+01	-3.5994223e-02
1.6984063e+01	-2.3794854e-02
1.7005872e+01	-1.9870993e-02
1.7027681e+01	-4.8619374e-02
1.7049490e+01	4.2427038e-02
1.7071299e+01	-8.8299693e-02
1.7093108e+01	-3.5645743e-02
1.7114917e+01	1.6690688e-02
1.7136726e+01	8.1829923e-02
1.7158535e+01	-3.8695599e-02
1.7180344e+01	-4.0741145e-02
1.7202153e+01	-7.2182793e-02
1.7223962e+01	1.5912276e-01
1.7245771e+01	1.2279546e-01
1.7267580e+01	2.1917045e-02
1.7289389e+01	4.9775292e-02
1.7311198e+01	-5.8595340e-02
1.7333006e+01	-9.1792920e-02
1.7354815e+01	-1.4449489e-01
1.7376624e+01	-2.0503267e-02
1.7398433e+01	2.4693234e-01
1.7420242e+01	1.1781814e-01
1.7442051e+01	8.1858240e-02
1.7463860e+01	-2.2906559e-02
1.7485669e+01	-5.1089050e-02
1.7507478e+01	-7.9055099e-02
1.7529287e+01	7.1249790e-02
1.7551096e+01	-4.3450127e-02
1.7572905e+01	-9.9824279e-02
1.7594714e+01	1.5057860e-01
1.7616523e+01	-7.4770038e-02
1.7638332e+01	-1.1688818e-01
1.7660141e+01	7.9417089e-02
1.7681949e+01	8.5015737e-02
1.7703758e+01	-5.3010197e-02
1.7725567e+01	-8.2873867e-04
1.7747376e+01	6.1087501e-02
1.7769185e+01	1.1931449e-01
1.7790994e+01	1.9363488e-01
1.7812803e+01	-7.5533733e-02
1.7834612e+01	-8.0225772e-02
1.7856421e+01	-3.4716287e-02
1.7878230e+01	-1.1211654e-01
1.7900039e+01	-6.6662650e-03
1.7921848e+01	1.1440182e-01
1.7943657e+01	-4.8019085e-02
1.7965466e+01	-5.7850633e-02
1.7987275e+01	-1.0701244e-01
1.8009084e+01	1.2227646e-02
1.8030892e+01	1.0530964e-01
1.8052701e+01	1.1591391e-01
1.8074510e+01	6.7743570e-02
1.8096319e+01	8.1642547e-02
1.8118128e+01	-1.0922496e-02
1.8139937e+01	-1.3045473e-01
1.8161746e+01	-1.1524467e-01
1.8183555e+01	-7.1678496e-02
1.8205364e+01	2.2128916e-02
1.8227173e+01	3.8044960e-03
1.8248982e+01	7.8472839e-02
1.8270791e+01	1.5078695e-01
1.8292600e+01	2.4932662e-02
1.8314409e+01	6.1282599e-02
1.8336218e+01	-1.1553488e-01
1.8358027e+01	-2.2359308e-01
1.8379835e+01	-7.8763318e-02
1.8401644e+01	4.2283153e-02
1.8423453e+01	-4.1548879e-02
1.8445262e+01	4.1418872e-02
1.8467071e+01	1.0401300e-01
1.8488880e+01	9.3797044e-02
1.8510689e+01	1.3613456e-01
1.8532498e+01	2.1649591e-01
1.8554307e+01	-2.0100755e-01
1.8576116e+01	-8.5756887e-02
1.8597925e+01	-3.9765929e-02
1.8619734e+01	5.9635680e-02
1.8641543e+01	1.4210718e-01
1.8663352e+01	2.8634158e-01
1.8685161e+01	4.4801569e-01
1.8706970e+01	3.5415052e-01
1.8728778e+01	3.5758221e-02
1.8750587e+01	-5.1239021e-02
1.8772396e+01	-1.1967143e-01
1.8794205e+01	-1.0197388e-01
1.8816014e+01	-7.7968365e-02
1.8837823e+01	5.9571971e-02
1.8859632e+01	1.9193517e-02
1.8881441e+01	4.9694518e-02
1.8903250e+01	9.9297262e-02
1.8925059e+01	5.2447153e-02
1.8946868e+01	5.3691668e-03
1.8968677e+01	-1.0795768e-01
1.8990486e+01	-2.6427015e-02
1.9012295e+01	1.7061903e-02
1.9034104e+01	-8.9309947e-02
1.9055913e+01	-1.3874790e-02
1.9077721e+01	8.3963804e-02
1.9099530e+01	1.0009526e-01
1.9121339e+01	3.3084669e-02
1.9143148e+01	-3.8381826e-02
1.9164957e+01	6.2617839e-02
1.9186766e+01	-3.6217542e-02
1.9208575e+01	-1.4110507e-01
1.9230384e+01	-4.2470254e-02
1.9252193e+01	-7.5124228e-02
1.9274002e+01	1.0489048e-03
1.9295811e+01	9.2285744e-02
1.9317620e+01	1.3558984e-02
1.9339429e+01	2.4149025e-03
1.9361238e+01	1.3375190e-01
1.9383047e+01	1.5343024e-02
1.9404856e+01	-4.8703393e-02
1.9426665e+01	2.0053685e-01
1.9448473e+01	-2.9105219e-02
1.9470282e+01	-1.1694711e-01
1.9492091e+01	5.1563189e-02
1.9513900e+01	2.1607153e-03
1.9535709e+01	-4.3304539e-02
1.9557518e+01	3.1251672e-04
1.9579327e+01	7.3647810e-02
1.9601136e+01	-4.1317131e-02
1.9622945e+01	-1.5456799e-01
1.9644754e+01	6.8420115e-02
1.9666563e+01	9.0372272e-02
1.9688372e+01	-7.3779441e-02
1.9710181e+01	7.2546932e-02
1.9731990e+01	-7.7537877e-03
1.9753799e+01	9.7441021e-03
1.9775608e+01	-8.9819569e-02
1.9797416e+01	-1.9337708e-01
1.9819225e+01	-7.0848044e-02
1.9841034e+01	1.1207177e-01
1.9862843e+01	1.0574373e-01
1.9884652e+01	6.4999595e-02
1.9906461e+01	1.3076245e-01
1.9928270e+01	9.5761540e-02
1.9950079e+01	9.5905330e-02
1.9971888e+01	9.9242021e-02
1.9993697e+01	-4.3897765e-02
2.0015506e+01	-3.3667821e-01
2.0037315e+01	-5.7627866e-02
2.0059124e+01	-3.8670050e-04
2.0080933e+01	6.4035697e-02
2.0102742e+01	7.0571604e-02
2.0124551e+01	1.1238556e-02
2.0146359e+01	-7.6885897e-02
2.0168168e+01	-7.3244978e-02
2.0189977e+01	-1.0376247e-01
2.0211786e+01	-5.0888125e-02
2.0233595e+01	-3.4182175e-02
2.0255404e+01	-7.1082107e-03
2.0277213e+01	7.3740922e-02
2.0299022e+01	1.6937900e-01
2.0320831e+01	1.0471864e-01
2.0342640e+01	2.1462697e-01
2.0364449e+01	-1.6921161e-02
2.0386258e+01	2.4663072e-02
2.0408067e+01	-1.6033703e-01
2.0429876e+01	-1.8741150e-01
2.0451685e+01	8.5664107e-02
2.0473494e+01	1.2829725e-01
2.0495302e+01	2.3589323e-01
2.0517111e+01	3.7987264e-01
2.0538920e+01	3.7483647e-01
2.0560729e+01	3.8685626e-01
2.0582538e+01	1.1354858e-01
2.0604347e+01	-9.9905345e-02
2.0626156e+01	-9.3405111e-04
2.0647965e+01	8.6808147e-03
2.0669774e+01	-8.4722306e-02
2.0691583e+01	-1.2363273e-01
2.0713392e+01	5.9161940e-02
2.0735201e+01	5.2553007e-02
2.0757010e+01	9.0327964e-02
2.0778819e+01	9.0426879e-02
2.0800628e+01	-4.1986954e-02
2.0822437e+01	-1.6255504e-01
2.0844245e+01	-1.4032496e-01
2.0866054e+01	-1.6536889e-02
2.0887863e+01	7.0756406e-02
2.0909672e+01	-1.6827117e-01
2.0931481e+01	3.1051373e-02
2.0953290e+01	1.3566303e-01
2.0975099e+01	8.4559917e-02
2.0996908e+01	6.3661868e-01
2.1018717e+01	1.3018181e+00
2.1040526e+01	1.5221298e+00
2.1062335e+01	1.7648045e+00
2.1084144e+01	2.0206388e+00
2.1105953e+01	2.0642974e+00
2.1127762e+01	2.0035601e+00
2.1149571e+01	2.5987273e+00
2.1171380e+01	3.3923480e+00
2.1193188e+01	4.7223836e+00
2.1214997e+01	6.1655958e+00
2.1236806e+01	7.4101275e+00
2.1258615e+01	8.3231301e+00
2.1280424e+01	8.2710084e+00
2.1302233e+01	7.5414910e+00
2.1324042e+01	6.2466967e+00
2.1345851e+01	4.6185661e+00
2.1367660e+01	3.1934378e+00
2.1389469e+01	1.7923295e+00
2.1411278e+01	7.2570896e-01
2.1433087e+01	1.4925278e-01
2.1454896e+01	-4.4618364e-02
2.1476705e+01	-1.1005252e-02
2.1498514e+01	3.6799598e-01
2.1520323e+01	7.6175061e-01
2.1542132e+01	1.1733109e+00
2.1563940e+01	1.3624373e+00
2.1585749e+01	1.3764460e+00
2.1607558e+01	1.3829443e+00
2.1629367e+01	9.7805765e-01
2.1651176e+01	6.4348622e-01
2.1672985e+01	4.8021238e-01
2.1694794e+01	2.0908736e-01
2.1716603e+01	-1.1722613e-01
2.1738412e+01	-4.4942649e-02
2.1760221e+01	-8.2295395e-02
2.1782030e+01	-1.1982127e-02
2.1803839e+01	1.7384194e-02
2.1825648e+01	8.4282555e-02
2.1847457e+01	-1.7682896e-01
2.1869266e+01	-7.4285488e-03
2.1891075e+01	5.0598863e-02
2.1912883e+01	1.6947563e-01
2.1934692e+01	4.8871618e-02
2.1956501e+01	2.2227103e-02
2.1978310e+01	2.5741451e-02
2.2000119e+01	-3.8261572e-02
2.2021928e+01	-6.9016279e-02
2.2043737e+01	-1.3083126e-01
2.2065546e+01	-3.1827050e-02
2.2087355e+01	1.3170272e-01
2.2109164e+01	5.2408645e-02
2.2130973e+01	-8.1455216e-02
2.2152782e+01	7.8560492e-02
2.2174591e+01	-3.8083097e-02
2.2196400e+01	7.5756205e-02
2.2218209e+01	-1.4315645e-02
2.2240018e+01	1.1209077e-02
2.2261826e+01	4.6210777e-02
2.2283635e+01	-1.6890993e-01
2.2305444e+01	-2.0577062e-02
2.2327253e+01	-3.7213504e-03
2.2349062e+01	3.5342761e-02
2.2370871e+01	1.9124670e-01
2.2392680e+01	5.0169201e-02
2.2414489e+01	-1.3777413e-01
2.2436298e+01	-2.6112135e-02
2.2458107e+01	-1.1524288e-02
2.2479916e+01	-3.5587322e-02
2.2501725e+01	1.0611573e-01
2.2523534e+01	1.1634429e-02
2.2545343e+01	-1.4488932e-02
2.2567152e+01	9.1532027e-02
2.2588961e+01	-3.1916864e-02
2.2610769e+01	-1.5402759e-03
2.2632578e+01	1.8947348e-02
2.2654387e+01	4.8727828e-02
2.2676196e+01	-1.1007681e-01
2.2698005e+01	-1.8970874e-01
2.2719814e+01	-8.0240139e-02
2.2741623e+01	1.3904406e-02
2.2763432e+01	1.6700257e-01
2.2785241e+01	1.9767570e-01
2.2807050e+01	1.5760378e-01
2.2828859e+01	-1.0354584e-01
2.2850668e+01	-4.1426159e-02
2.2872477e+01	1.0627708e-01
2.2894286e+01	-1.3681364e-01
2.2916095e+01	3.9964323e-02
2.2937904e+01	1.2420295e-01
2.2959712e+01	-2.8045906e-02
2.2981521e+01	-2.2077990e-02
2.3003330e+01	-1.8003820e-02
2.3025139e+01	-8.8086606e-02
2.3046948e+01	-8.2471998e-02
2.3068757e+01	-9.7713778e-02
2.3090566e+01	8.2563956e-02
2.3112375e+01	3.5077294e-01
2.3134184e+01	1.8465223e-01
2.3155993e+01	1.6268845e-01
2.3177802e+01	-7.7743434e-02
2.3199611e+01	1.1602964e-01
2.3221420e+01	3.3358771e-02
2.3243229e+01	-1.6093922e-01
2.3265038e+01	-6.8128657e-02
2.3286847e+01	-7.5496295e-02
2.3308655e+01	-9.5779425e-02
2.3330464e+01	1.4337577e-01
2.3352273e+01	2.8957046e-01
2.3374082e+01	1.5314065e-01
2.3395891e+01	2.3767938e-02
2.3417700e+01	8.6731731e-02
2.3439509e+01	-1.5386524e-01
2.3461318e+01	-2.6656443e-01
2.3483127e+01	-1.8885558e-01
2.3504936e+01	-5.2065917e-02
2.3526745e+01	8.2289467e-02
2.3548554e+01	1.9981641e-01
2.3570363e+01	4.5361619e-02
2.3592172e+01	1.0250810e-01
2.3613981e+01	1.8016809e-01
2.3635790e+01	3.5336692e-01
2.3657599e+01	9.6376923e-01
2.3679407e+01	1.8279979e+00
2.3701216e+01	2.8425550e+00
2.3723025e+01	4.1249912e+00
2.3744834e+01	5.1453365e+00
2.3766643e+01	6.1236639e+00
2.3788452e+01	7.1934913e+00
2.3810261e+01	7.9603055e+00
2.3832070e+01	7.7351225e+00
2.3853879e+01	7.0298122e+00
2.3875688e+01	6.0652184e+00
2.3897497e+01	5.0694642e+00
2.3919306e+01	4.1633884e+00
2.3941115e+01	2.8686300e+00
2.3962924e+01	1.8268408e+00
2.3984733e+01	1.0853857e+00
2.4006542e+01	6.3579770e-01
2.4028350e+01	2.3455269e-01
2.4050159e+01	1.3892348e-01
2.4071968e+01	-1.6541961e-01
2.4093777e+01	-1.1847977e-01
2.4115586e+01	-5.2238245e-02
2.4137395e+01	9.9268292e-03
2.4159204e+01	7.9662008e-02
2.4181013e+01	6.6366665e-02
2.4202822e+01	-1.1856149e-01
2.4224631e+01	6.2743383e-03
2.4246440e+01	-3.6772225e-03
2.4268249e+01	-1.4781826e-01
2.4290058e+01	-1.2514049e-01
2.4311867e+01	1.3897758e-01
2.4333676e+01	4.3505610e-02
2.4355485e+01	-1.1628530e-02
2.4377293e+01	6.0686324e-02
2.4399102e+01	2.1230508e-02
2.4420911e+01	1.1692048e-02
2.4442720e+01	8.2129430e-02
2.4464529e+01	-7.3609705e-02
2.4486338e+01	-1.2542280e-01
2.4508147e+01	2.2685911e-02
2.4529956e+01	1.6315079e-01
2.4551765e+01	5.3641391e-02
2.4573574e+01	1.1367990e-01
2.4595383e+01	3.2717354e-01
2.4617192e+01	5.8370013e-01
2.4639001e+01	7.0360194e-01
2.4660810e+01	1.1983583e-01
2.4682619e+01	-4.7043083e-03
2.4704428e+01	-1.1490905e-01
2.4726236e+01	-4.1080371e-02
2.4748045e+01	-1.8067144e-02
2.4769854e+01	-1.3137156e-01
2.4791663e+01	-6.5459136e-02
2.4813472e+01	-7.4684880e-03
2.4835281e+01	2.5612363e-03
2.4857090e+01	8.5052515e-02
2.4878899e+01	4.4268600e-02
2.4900708e+01	2.9954407e-04
2.4922517e+01	-1.8276412e-02
2.4944326e+01	-3.9075994e-02
2.4966135e+01	1.3442671e-01
2.4987944e+01	3.6210487e-02
2.5009753e+01	-9.6688789e-02
2.5031562e+01	-1.2563958e-01
2.5053371e+01	-1.2702068e-01
2.5075179e+01	-9.1795065e-02
2.5096988e+01	7.7848152e-02
2.5118797e+01	1.3146837e-01
2.5140606e+01	8.5664529e-02
2.5162415e+01	2.2786818e-01
2.5184224e+01	7.5916959e-03
2.5206033e+01	-2.4483296e-02
2.5227842e+01	-6.8049708e-02
2.5249651e+01	1.1002701e-01
2.5271460e+01	1.1722326e-01
2.5293269e+01	7.2907169e-02
2.5315078e+01	-1.6679788e-01
2.5336887e+01	-1.8960612e-01
2.5358696e+01	9.4800968e-03
2.5380505e+01	7.6285683e-03
2.5402314e+01	-1.0856227e-02
2.5424123e+01	5.9292415e-02
2.5445931e+01	2.2732652e-02
2.5467740e+01	3.7235803e-03
2.5489549e+01	1.9947694e-01
2.5511358e+01	5.3123565e-02
2.5533167e+01	-2.5851420e-02
2.5554976e+01	-1.2350397e-01
2.5576785e+01	-1.6399097e-01
2.5598594e+01	7.6331328e-02
2.5620403e+01	7.3286955e-02
2.5642212e+01	2.0637249e-01
2.5664021e+01	-8.8681231e-02
2.5685830e+01	-1.1847660e-01
2.5707639e+01	-2.5292333e-02
2.5729448e+01	-5.2346111e-02
2.5751257e+01	-8.3418186e-04
2.5773066e+01	-2.7720523e-02
2.5794874e+01	1.1136665e-01
2.5816683e+01	1.8841449e-01
2.5838492e+01	-7.0774154e-02
2.5860301e+01	-1.5297384e-01
2.5882110e+01	-1.3591463e-02
2.5903919e+01	1.1572912e-01
2.5925728e+01	1.5163862e-01
2.5947537e+01	4.2647543e-01
2.5969346e+01	7.4177982e-01
2.5991155e+01	1.0613595e+00
2.6012964e+01	1.2227872e+00
2.6034773e+01	1.4479456e+00
2.6056582e+01	1.6470314e+00
2.6078391e+01	1.7947964e+00
2.6100200e+01	1.8254623e+00
2.6122009e+01	1.4633578e+00
2.6143817e+01	1.1272745e+00
2.6165626e+01	8.6846027e-01
2.6187435e+01	6.9410275e-01
2.6209244e+01	5.0945567e-01
2.6231053e+01	1.0261474e-01
2.6252862e+01	-5.1944287e-02
2.6274671e+01	-1.9128018e-01
2.6296480e+01	-7.9712861e-02
2.6318289e+01	5.2737410e-03
2.6340098e+01	-2.5226274e-03
2.6361907e+01	5.4901325e-02
2.6383716e+01	6.4551853e-02
2.6405525e+01	-1.4843894e-02
2.6427334e+01	1.4460983e-01
2.6449143e+01	-4.2798934e-02
2.6470952e+01	2.1756151e-02
2.6492760e+01	-1.0002581e-02
2.6514569e+01	-5.2598774e-02
2.6536378e+01	-1.1373606e-01
2.6558187e+01	-7.3075355e-02
2.6579996e+01	5.6973388e-02
2.6601805e+01	2.2169163e-01
2.6623614e+01	3.6616508e-01
2.6645423e+01	4.3503332e-01
2.6667232e+01	5.5486465e-01
2.6689041e+01	2.2242155e-01
2.6710850e+01	1.7618164e-01
2.6732659e+01	-6.0007697e-02
2.6754468e+01	-2.1975058e-02
2.6776277e+01	8.8985658e-02
2.6798086e+01	-1.0637655e-01
2.6819895e+01	-2.4326954e-01
2.6841703e+01	-4.8761491e-02
2.6863512e+01	2.6475361e-02
2.6885321e+01	2.2478554e-02
2.6907130e+01	1.6954423e-01
2.6928939e+01	3.2626761e-01
2.6950748e+01	4.1861840e-01
2.6972557e+01	4.1075584e-01
2.6994366e+01	3.3122991e-01
2.7016175e+01	1.9543858e-02
2.7037984e+01	-4.1025864e-02
2.7059793e+01	8.7037592e-02
2.7081602e+01	7.6995951e-02
2.7103411e+01	-4.9436719e-02
2.7125220e+01	-8.7030860e-02
2.7147029e+01	3.8266356e-02
2.7168838e+01	-4.3623566e-02
2.7190646e+01	-7.5242881e-03
2.7212455e+01	-6.6767998e-02
2.7234264e+01	-2.5327399e-02
2.7256073e+01	-7.9060909e-03
2.7277882e+01	-1.0210738e-03
2.7299691e+01	-5.3831466e-03
2.7321500e+01	2.2685874e-02
2.7343309e+01	7.3696361e-02
2.7365118e+01	1.0068088e-01
2.7386927e+01	8.2581243e-02
2.7408736e+01	-1.4256988e-01
2.7430545e+01	-2.0940802e-01
2.7452354e+01	7.0002503e-02
2.7474163e+01	5.4189623e-02
2.7495972e+01	3.1466508e-02
2.7517781e+01	6.9267447e-02
2.7539590e+01	1.4529138e-02
2.7561398e+01	-8.2164913e-02
2.7583207e+01	7.1393699e-02
2.7605016e+01	-1.0249918e-01
2.7626825e+01	-2.2005399e-01
2.7648634e+01	4.6768196e-02
2.7670443e+01	8.2837438e-02
2.7692252e+01	1.2614586e-01
2.7714061e+01	2.8989840e-01
2.7735870e+01	5.0138969e-01
2.7757679e+01	4.9330170e-01
2.7779488e+01	6.7512274e-01
2.7801297e+01	5.8987455e-01
2.7823106e+01	4.1069284e-01
2.7844915e+01	3.1237903e-01
2.7866724e+01	1.3401671e-01
2.7888533e+01	1.5750664e-01
2.7910341e+01	-1.3335262e-01
2.7932150e+01	-7.4733895e-02
2.7953959e+01	5.7855967e-02
2.7975768e+01	-9.5872210e-02
2.7997577e+01	-4.0705960e-02
2.8019386e+01	3.6462622e-02
2.8041195e+01	-3.3963505e-03
2.8063004e+01	-1.7664420e-02
2.8084813e+01	-7.2603083e-02
2.8106622e+01	-5.6285857e-03
2.8128431e+01	3.1911474e-02
2.8150240e+01	-1.1829314e-01
2.8172049e+01	-8.9017969e-02
2.8193858e+01	3.1659362e-02
2.8215667e+01	8.5783147e-02
2.8237476e+01	1.2020713e-02
2.8259284e+01	-1.4692477e-02
2.8281093e+01	1.7433127e-01
2.8302902e+01	1.2881088e-01
2.8324711e+01	-6.2401254e-02
2.8346520e+01	4.1200591e-02
2.8368329e+01	1.5289661e-02
2.8390138e+01	-1.3813966e-01
2.8411947e+01	-4.7407362e-02
2.8433756e+01	5.2617115e-02
2.8455565e+01	3.3511094e-01
2.8477374e+01	6.0615675e-01
2.8499183e+01	8.2453941e-01
2.8520992e+01	1.0534075e+00
2.8542801e+01	1.2434688e+00
2.8564610e+01	1.2840398e+00
2.8586419e+01	1.2993502e+00
2.8608227e+01	1.2587006e+00
2.8630036e+01	9.9021775e-01
2.8651845e+01	7.6997518e-01
2.8673654e+01	5.9909958e-01
2.8695463e+01	3.2463258e-01
2.8717272e+01	1.5167157e-01
2.8739081e+01	6.4846745e-03
2.8760890e+01	-5.5270463e-02
2.8782699e+01	1.3409059e-02
2.8804508e+01	-1.3014509e-01
2.8826317e+01	-6.7167120e-02
2.8848126e+01	-1.0131424e-01
2.8869935e+01	1.4584575e-01
2.8891744e+01	1.3904094e-01
2.8913553e+01	-5.0158353e-02
2.8935362e+01	-1.2205792e-01
2.8957170e+01	3.8090783e-02
2.8978979e+01	7.6908724e-02
2.9000788e+01	-7.2957507e-02
2.9022597e+01	3.3741926e-02
2.9044406e+01	1.3554032e-01
2.9066215e+01	-5.0192832e-02
2.9088024e+01	-9.5644995e-02
2.9109833e+01	4.5255850e-02
2.9131642e+01	7.0435585e-02
2.9153451e+01	-1.0109165e-02
2.9175260e+01	-3.8566405e-02
2.9197069e+01	3.1667429e-02
2.9218878e+01	-5.7711216e-02
2.9240687e+01	1.9037875e-02
2.9262496e+01	-6.2878943e-02
2.9284305e+01	-2.0786106e-02
2.9306113e+01	7.0687383e-02
2.9327922e+01	1.3968792e-02
2.9349731e+01	-7.7109308e-02
2.9371540e+01	2.8393169e-02
2.9393349e+01	6.9928193e-02
2.9415158e+01	-6.0075165e-02
2.9436967e+01	6.6686789e-02
2.9458776e+01	1.1296071e-01
2.9480585e+01	-6.8721010e-02
2.9502394e+01	-5.5707841e-02
2.9524203e+01	4.3966952e-02
2.9546012e+01	3.8371461e-02
2.9567821e+01	1.2020088e-01
2.9589630e+01	-4.5373219e-02
2.9611439e+01	-1.9771103e-01
2.9633248e+01	-1.6226925e-02
2.9655057e+01	-1.0087196e-01
2.9676865e+01	-1.0449683e-01
2.9698674e+01	-7.6930835e-03
2.9720483e+01	3.5089674e-02
2.9742292e+01	-1.8904039e-04
2.9764101e+01	4.2831960e-02
2.9785910e+01	1.4870615e-01
2.9807719e+01	-1.6971549e-02
2.9829528e+01	9.3055045e-02
2.9851337e+01	3.6934284e-02
2.9873146e+01	-1.0368422e-01
2.9894955e+01	9.0449918e-02
2.9916764e+01	5.1657697e-01
2.9938573e+01	1.0158707e+00
2.9960382e+01	1.6492075e+00
2.9982191e+01	2.3237567e+00
3.0004000e+01	3.3011277e+00
3.0025808e+01	4.1558639e+00
3.0047617e+01	4.9659116e+00
3.0069426e+01	5.2282653e+00
3.0091235e+01	5.7889692e+00
3.0113044e+01	5.7317817e+00
3.0134853e+01	5.2593993e+00
3.0156662e+01	4.6203463e+00
3.0178471e+01	3.7624130e+00
3.0200280e+01	2.8155508e+00
3.0222089e+01	1.8863102e+00
3.0243898e+01	1.2501604e+00
3.0265707e+01	8.8256888e-01
3.0287516e+01	5.2619395e-01
3.0309325e+01	3.5056001e-01
3.0331134e+01	-4.9324228e-03
3.0352943e+01	-2.0674485e-02
3.0374751e+01	2.7726859e-02
3.0396560e+01	-6.6751806e-02
3.0418369e+01	-5.6587360e-03
3.0440178e+01	3.8219374e-02
3.0461987e+01	-7.4595802e-02
3.0483796e+01	-1.0464021e-01
3.0505605e+01	1.7046930e-01
3.0527414e+01	1.0647862e-01
3.0549223e+01	4.8758175e-02
3.0571032e+01	-1.0739017e-01
3.0592841e+01	-1.5462757e-02
3.0614650e+01	-3.7285485e-02
3.0636459e+01	-1.5321536e-01
3.0658268e+01	-2.5317213e-02
3.0680077e+01	4.6463231e-02
3.0701886e+01	-5.8793499e-02
3.0723694e+01	1.6003216e-02
3.0745503e+01	2.5168822e-01
3.0767312e+01	1.0869431e-01
3.0789121e+01	6.1375642e-02
3.0810930e+01	1.1238227e-01
3.0832739e+01	8.2681627e-02
3.0854548e+01	9.3990993e-02
3.0876357e+01	-7.7675678e-02
3.0898166e+01	-1.5109747e-01
3.0919975e+01	-5.9580680e-02
3.0941784e+01	9.7495857e-02
3.0963593e+01	-5.4920271e-04
3.0985402e+01	-8.1740259e-02
3.1007211e+01	-5.0934435e-02
3.1029020e+01	-9.9927571e-02
3.1050829e+01	3.1429704e-02
3.1072637e+01	1.4783340e-01
3.1094446e+01	-2.0498604e-03
3.1116255e+01	-3.4541513e-02
3.1138064e+01	-6.9317865e-03
3.1159873e+01	-1.5599192e-02
3.1181682e+01	4.0309516e-02
3.1203491e+01	-9.8615973e-02
3.1225300e+01	-3.3728481e-02
3.1247109e+01	-4.1568919e-02
3.1268918e+01	2.0280342e-01
3.1290727e+01	2.7014821e-01
3.1312536e+01	4.8906107e-02
3.1334345e+01	3.1970506e-02
3.1356154e+01	6.6829759e-02
3.1377963e+01	3.0219615e-03
3.1399772e+01	-1.4386640e-02
3.1421580e+01	-2.2883356e-02
3.1443389e+01	-8.7871446e-02
3.1465198e+01	-7.8718019e-02
3.1487007e+01	-1.3122749e-01
3.1508816e+01	-1.4867573e-01
3.1530625e+01	4.0744482e-03
3.1552434e+01	1.4087904e-01
3.1574243e+01	5.0477446e-02
3.1596052e+01	5.9048781e-02
3.1617861e+01	6.1659632e-02
3.1639670e+01	2.6979444e-02
3.1661479e+01	1.3588802e-02
3.1683288e+01	6.8377199e-02
3.1705097e+01	-5.8910738e-02
3.1726906e+01	-2.6818997e-02
3.1748715e+01	4.6372257e-01
3.1770524e+01	9.9598743e-01
3.1792332e+01	1.6631457e+00
3.1814141e+01	2.3103946e+00
3.1835950e+01	2.9613723e+00
3.1857759e+01	3.6610408e+00
3.1879568e+01	4.4079064e+00
3.1901377e+01	4.9388752e+00
3.1923186e+01	5.0434404e+00
3.1944995e+01	4.9635232e+00
3.1966804e+01	4.5753925e+00
3.1988613e+01	3.7107998e+00
3.2010422e+01	2.9965700e+00
3.2032231e+01	2.1156363e+00
3.2054040e+01	1.3068410e+00
3.2075849e+01	7.0034004e-01
3.2097658e+01	3.6447773e-01
3.2119467e+01	1.3329616e-01
3.2141275e+01	9.2643977e-02
3.2163084e+01	-6.1291937e-03
3.2184893e+01	-6.8056017e-02
3.2206702e+01	-2.9060123e-02
3.2228511e+01	-7.4627100e-02
3.2250320e+01	7.0275475e-02
3.2272129e+01	-9.1974846e-02
3.2293938e+01	-1.1574602e-01
3.2315747e+01	-9.3925484e-02
3.2337556e+01	-6.5397001e-03
3.2359365e+01	2.6069422e-02
3.2381174e+01	6.6021667e-02
3.2402983e+01	1.5911187e-01
3.2424792e+01	-2.3099479e-03
3.2446601e+01	-1.6499890e-02
3.2468410e+01	-8.3231163e-02
3.2490218e+01	-2.7519527e-02
3.2512027e+01	1.2810825e-01
3.2533836e+01	-1.2749398e-03
3.2555645e+01	-5.0495657e-02
3.2577454e+01	-1.0057003e-01
3.2599263e+01	1.5054339e-01
3.2621072e+01	1.1555312e-01
3.2642881e+01	-6.6372326e-02
3.2664690e+01	-6.1120399e-03
3.2686499e+01	1.3787791e-02
3.2708308e+01	-3.8802559e-02
3.2730117e+01	-6.2532953e-03
3.2751926e+01	4.7960136e-02
3.2773735e+01	-5.7831549e-02
3.2795544e+01	-1.0528666e-02
3.2817353e+01	-4.9955374e-02
3.2839161e+01	-2.0887291e-02
3.2860970e+01	5.3046531e-02
3.2882779e+01	6.6244675e-02
3.2904588e+01	-4.6726823e-02
3.2926397e+01	1.0811406e-01
3.2948206e+01	6.3790273e-02
3.2970015e+01	-1.4017503e-01
3.2991824e+01	-1.1333850e-01
3.3013633e+01	5.2813593e-02
3.3035442e+01	-6.0422986e-03
3.3057251e+01	1.2618536e-01
3.3079060e+01	-3.3285782e-02
3.3100869e+01	-1.8487357e-02
3.3122678e+01	-8.1236157e-02
3.3144487e+01	-5.9293032e-03
3.3166296e+01	9.6969563e-02
3.3188104e+01	-3.7695826e-02
3.3209913e+01	4.6183885e-02
3.3231722e+01	-7.5336086e-02
3.3253531e+01	8.0446739e-02
3.3275340e+01	3.8643605e-02
3.3297149e+01	-1.3746567e-02
3.3318958e+01	-7.5183464e-02
3.3340767e+01	7.6760955e-02
3.3362576e+01	1.1151041e-01
3.3384385e+01	-1.1117346e-01
3.3406194e+01	-1.1446426e-01
3.3428003e+01	-5.9635028e-02
3.3449812e+01	3.2194622e-03
3.3471621e+01	-4.3542280e-02
3.3493430e+01	-1.9485868e-02
3.3515239e+01	-2.8184154e-02
3.3537047e+01	6.0658950e-02
3.3558856e+01	1.5186335e-01
3.3580665e+01	2.8643152e-01
3.3602474e+01	3.9473413e-01
3.3624283e+01	5.5766140e-01
3.3646092e+01	5.3363011e-01
3.3667901e+01	4.8081429e-01
3.3689710e+01	4.7364848e-01
3.3711519e+01	6.3237742e-02
3.3733328e+01	3.6933307e-03
3.3755137e+01	-8.3644462e-02
3.3776946e+01	-2.3382324e-03
3.3798755e+01	4.7098196e-02
3.3820564e+01	5.3883822e-02
3.3842373e+01	4.6697893e-02
3.3864182e+01	2.0197757e-02
3.3885991e+01	-3.7934850e-02
3.3907799e+01	1.9755523e-02
3.3929608e+01	-9.1240840e-02
3.3951417e+01	-1.0270227e-01
3.3973226e+01	-9.5054051e-02
3.3995035e+01	5.3266655e-02
3.4016844e+01	1.3523863e-02
3.4038653e+01	-6.4399157e-02
3.4060462e+01	-2.1482846e-02
3.4082271e+01	1.7440448e-01
3.4104080e+01	-2.5760082e-03
3.4125889e+01	-3.0130421e-02
3.4147698e+01	2.0258879e-02
3.4169507e+01	6.4186206e-02
3.4191316e+01	1.0239757e-01
3.4213125e+01	7.9610363e-02
3.4234934e+01	-8.9026250e-02
3.4256742e+01	-2.3003715e-01
3.4278551e+01	4.0147998e-02
3.4300360e+01	5.9716399e-02
3.4322169e+01	4.2609083e-02
3.4343978e+01	7.8632244e-02
3.4365787e+01	-1.3250615e-01
3.4387596e+01	-7.1817339e-02
3.4409405e+01	3.3226157e-02
3.4431214e+01	1.0097928e-01
3.4453023e+01	1.0415192e-02
3.4474832e+01	1.9626206e-02
3.4496641e+01	-7.6561790e-02
3.4518450e+01	-4.1942233e-03
3.4540259e+01	2.1473112e-02
3.4562068e+01	-6.0619694e-03
3.4583877e+01	9.6554756e-02
3.4605685e+01	-1.1486670e-01
3.4627494e+01	-5.3447305e-02
3.4649303e+01	-2.5987371e-02
3.4671112e+01	2.1667793e-02
3.4692921e+01	1.3176047e-01
3.4714730e+01	1.8279899e-02
3.4736539e+01	-6.4024908e-03
3.4758348e+01	-3.4761908e-02
3.4780157e+01	-3.7000431e-02
3.4801966e+01	-5.4724077e-02
3.4823775e+01	1.1687782e-01
3.4845584e+01	-5.6098531e-02
3.4867393e+01	5.6822419e-02
3.4889202e+01	1.6613585e-02
3.4911011e+01	-1.3655484e-01
3.4932820e+01	5.8563029e-02
3.4954628e+01	1.0036275e-01
3.4976437e+01	6.6901542e-02
3.4998246e+01	-1.1401317e-01
3.5020055e+01	1.1984857e-02
3.5041864e+01	3.7827117e-02
3.5063673e+01	-1.4495648e-01
3.5085482e+01	-5.0182715e-02
3.5107291e+01	5.2712432e-02
3.5129100e+01	6.9975108e-02
3.5150909e+01	-1.5469165e-02
3.5172718e+01	-1.0019875e-01
3.5194527e+01	7.0737118e-02
3.5216336e+01	5.1660858e-02
3.5238145e+01	2.3648626e-02
3.5259954e+01	-2.1666678e-02
3.5281763e+01	-3.9137879e-02
3.5303571e+01	5.6216808e-02
3.5325380e+01	8.7842099e-02
3.5347189e+01	7.4069719e-02
3.5368998e+01	-1.4910410e-01
3.5390807e+01	-5.2187591e-03
3.5412616e+01	7.0813600e-03
3.5434425e+01	-1.9248393e-02
3.5456234e+01	-6.0375248e-02
3.5478043e+01	1.1458593e-02
3.5499852e+01	-8.5352107e-02
3.5521661e+01	-3.1279676e-02
3.5543470e+01	8.5372654e-03
3.5565279e+01	-6.1258918e-02
3.5587088e+01	1.1586216e-01
3.5608897e+01	-1.7629701e-02
3.5630706e+01	7.8471478e-02
3.5652514e+01	1.0300576e-01
3.5674323e+01	1.4473707e-01
3.5696132e+01	-2.2683574e-02
3.5717941e+01	-9.2852093e-02
3.5739750e+01	-2.3776919e-02
3.5761559e+01	5.4512632e-03
3.5783368e+01	5.7200704e-02
3.5805177e+01	5.8330287e-02
3.5826986e+01	1.6251862e-02
3.5848795e+01	-1.1832510e-02
3.5870604e+01	-5.1010774e-03
3.5892413e+01	-5.8111243e-03
3.5914222e+01	-3.7837134e-02
3.5936031e+01	-2.5553147e-02
3.5957840e+01	-1.1989064e-01
3.5979649e+01	-2.0108194e-01
3.6001458e+01	4.3063176e-01
3.6023266e+01	5.8406200e-01
3.6045075e+01	5.1472975e-01
3.6066884e+01	6.9666860e-01
3.6088693e+01	6.3885161e-01
3.6110502e+01	5.1077882e-01
3.6132311e+01	4.5359420e-01
3.6154120e+01	2.0476088e-01
3.6175929e+01	1.4681826e-01
3.6197738e+01	2.1305878e-01
3.6219547e+01	1.4861721e-02
3.6241356e+01	-2.2060265e-02
3.6263165e+01	-5.7738696e-02
3.6284974e+01	-1.9503360e-02
3.6306783e+01	3.1763015e-02
3.6328592e+01	-1.7542477e-01
3.6350401e+01	-2.8992328e-02
3.6372209e+01	4.1980194e-02
3.6394018e+01	-1.1415621e-02
3.6415827e+01	-3.7003713e-02
3.6437636e+01	6.4410063e-02
3.6459445e+01	1.6898639e-02
3.6481254e+01	3.0356119e-02
3.6503063e+01	2.8266282e-01
3.6524872e+01	6.7995193e-02
3.6546681e+01	2.6443185e-02
3.6568490e+01	1.5671340e-01
3.6590299e+01	-2.7490885e-02
3.6612108e+01	-7.6721619e-02
3.6633917e+01	-6.5782043e-02
3.6655726e+01	-1.8377044e-01
3.6677535e+01	-1.4510485e-01
3.6699344e+01	-6.7867699e-02
3.6721152e+01	-1.6932067e-01
3.6742961e+01	2.8179317e-02
3.6764770e+01	1.1665229e-01
3.6786579e+01	2.3648648e-01
3.6808388e+01	4.2999285e-02
3.6830197e+01	7.9379523e-02
3.6852006e+01	2.0806694e-01
3.6873815e+01	9.2650492e-02
3.6895624e+01	2.0293493e-01
3.6917433e+01	2.1293748e-01
3.6939242e+01	5.3910017e-02
3.6961051e+01	-8.4501808e-02
3.6982860e+01	-5.5866124e-02
3.7004669e+01	4.3279295e-02
3.7026478e+01	2.6027531e-01
3.7048287e+01	4.5083249e-01
3.7070095e+01	4.7103571e-01
3.7091904e+01	-1.0753861e-02
3.7113713e+01	-3.5451447e-01
3.7135522e+01	-2.0651331e-01
3.7157331e+01	-4.2724464e-02
3.7179140e+01	6.5827774e-02
3.7200949e+01	2.0094959e-01
3.7222758e+01	9.4896602e-02
3.7244567e+01	8.6856736e-02
3.7266376e+01	-1.3029839e-01
3.7288185e+01	-9.8852396e-03
3.7309994e+01	-4.5694152e-02
3.7331803e+01	-1.2316351e-02
3.7353612e+01	7.1019441e-02
3.7375421e+01	9.7680583e-02
3.7397230e+01	-4.3555877e-02
3.7419038e+01	-1.7846743e-01
3.7440847e+01	1.4788663e-01
3.7462656e+01	5.9545291e-01
3.7484465e+01	1.0184573e+00
3.7506274e+01	7.2329233e-01
3.7528083e+01	3.5456567e-01
3.7549892e+01	2.3556791e-01
3.7571701e+01	9.5336910e-02
3.7593510e+01	1.5697357e-01
3.7615319e+01	-9.0051700e-02
3.7637128e+01	-1.2265795e-01
3.7658937e+01	4.9070172e-02
3.7680746e+01	-6.6217582e-02
3.7702555e+01	-8.9076869e-02
3.7724364e+01	-1.4188860e-01
3.7746173e+01	-9.3320793e-02
3.7767981e+01	4.3132030e-02
3.7789790e+01	4.7696727e-02
3.7811599e+01	9.4230725e-02
3.7833408e+01	-1.3127394e-01
3.7855217e+01	4.4443501e-02
3.7877026e+01	1.6958648e-01
3.7898835e+01	1.8698287e-01
3.7920644e+01	8.4570061e-02
3.7942453e+01	-1.9605656e-03
3.7964262e+01	8.0140187e-02
3.7986071e+01	2.3411276e-01
3.8007880e+01	-1.5442082e-02
3.8029689e+01	-4.9879037e-02
3.8051498e+01	-2.4123058e-01
3.8073307e+01	-2.5540317e-01
3.8095116e+01	8.1667735e-02
3.8116925e+01	1.1542213e-01
3.8138733e+01	3.5777936e-01
3.8160542e+01	4.1762766e-01
3.8182351e+01	6.5470038e-01
3.8204160e+01	8.8102257e-01
3.8225969e+01	1.0453992e+00
3.8247778e+01	1.3319824e+00
3.8269587e+01	1.6037121e+00
3.8291396e+01	1.9161662e+00
3.8313205e+01	2.1715378e+00
3.8335014e+01	2.1431449e+00
3.8356823e+01	2.0073486e+00
3.8378632e+01	2.1327627e+00
3.8400441e+01	1.9538553e+00
3.8422250e+01	1.8353945e+00
3.8444059e+01	1.3272231e+00
3.8465868e+01	9.7436530e-01
3.8487676e+01	5.8389799e-01
3.8509485e+01	4.0361421e-01
3.8531294e+01	1.5451558e-01
3.8553103e+01	-2.1576324e-02
3.8574912e+01	6.3487151e-02
3.8596721e+01	3.9745268e-02
3.8618530e+01	-9.0067261e-03
3.8640339e+01	-7.7740505e-02
3.8662148e+01	-2.3104989e-01
3.8683957e+01	2.9738239e-02
3.8705766e+01	3.0778634e-02
3.8727575e+01	9.9228641e-02
3.8749384e+01	1.8754762e-02
3.8771193e+01	-6.5857902e-02
3.8793002e+01	4.2397348e-02
3.8814811e+01	9.4949701e-03
3.8836619e+01	-1.9646838e-02
3.8858428e+01	4.4502997e-03
3.8880237e+01	-1.1435494e-01
3.8902046e+01	7.6608061e-02
3.8923855e+01	9.4148525e-02
3.8945664e+01	-1.6269955e-01
3.8967473e+01	1.4841506e-01
3.8989282e+01	4.4365796e-02
3.9011091e+01	-3.2315412e-02
3.9032900e+01	3.8826341e-02
3.9054709e+01	-1.6058952e-01
3.9076518e+01	7.9734786e-02
3.9098327e+01	-3.8162030e-02
3.9120136e+01	5.1436785e-02
3.9141945e+01	1.5112389e-02
3.9163754e+01	-1.5626798e-01
3.9185562e+01	4.3910447e-02
3.9207371e+01	2.2137828e-01
3.9229180e+01	4.6118096e-02
3.9250989e+01	-1.8458185e-02
3.9272798e+01	-4.8733225e-02
3.9294607e+01	-8.1802992e-02
3.9316416e+01	7.8697370e-02
3.9338225e+01	-3.7521909e-02
3.9360034e+01	8.0371138e-02
3.9381843e+01	-4.6464457e-02
3.9403652e+01	6.5120423e-02
3.9425461e+01	1.5981908e-01
3.9447270e+01	7.2319086e-02
3.9469079e+01	-1.0088956e-01
3.9490888e+01	-1.4461062e-01
3.9512697e+01	-1.5570714e-01
3.9534505e+01	-1.7449590e-01
3.9556314e+01	4.0571450e-02
3.9578123e+01	7.4019740e-02
3.9599932e+01	1.1063666e-01
3.9621741e+01	1.1049356e-01
3.9643550e+01	6.0425631e-01
3.9665359e+01	5.2909155e-01
3.9687168e+01	6.1594772e-01
3.9708977e+01	5.7883942e-01
3.9730786e+01	9.4366312e-01
3.9752595e+01	1.2387158e+00
3.9774404e+01	1.2070105e+00
3.9796213e+01	1.2382291e+00
3.9818022e+01	1.2958487e+00
3.9839831e+01	8.4120423e-01
3.9861640e+01	9.6977070e-01
3.9883449e+01	8.5023109e-01
3.9905257e+01	7.6083939e-01
3.9927066e+01	4.8191059e-01
3.9948875e+01	2.1898568e-01
3.9970684e+01	9.7621242e-02
3.9992493e+01	-5.7606101e-02
4.0014302e+01	2.4653892e-02
4.0036111e+01	-3.0298539e-03
4.0057920e+01	-1.9444960e-01
4.0079729e+01	-1.2719575e-01
4.0101538e+01	-2.2691101e-02
4.0123347e+01	7.8210267e-02
4.0145156e+01	6.6961006e-02
4.0166965e+01	1.0652615e-01
4.0188774e+01	7.4134862e-02
4.0210583e+01	-1.4325375e-01
4.0232392e+01	-9.9525090e-02
4.0254200e+01	-3.4574533e-02
4.0276009e+01	2.1555776e-01
4.0297818e+01	4.6438424e-02
4.0319627e+01	-5.1444894e-02
4.0341436e+01	-6.0468652e-02
4.0363245e+01	-4.5107078e-02
4.0385054e+01	-1.1505325e-02
4.0406863e+01	1.1206639e-01
4.0428672e+01	1.3513891e-01
4.0450481e+01	4.6174579e-02
4.0472290e+01	-3.6117050e-02
4.0494099e+01	-2.5864884e-01
4.0515908e+01	-2.9473437e-02
4.0537717e+01	1.6739815e-01
4.0559526e+01	1.9659570e-01
4.0581335e+01	1.5069582e-01
4.0603143e+01	-6.9090644e-02
4.0624952e+01	-2.1219778e-01
4.0646761e+01	-4.4384106e-02
4.0668570e+01	1.9465308e-01
4.0690379e+01	5.5879305e-02
4.0712188e+01	-2.7945595e-02
4.0733997e+01	-5.1336793e-02
4.0755806e+01	1.0485340e-01
4.0777615e+01	-1.9000969e-01
4.0799424e+01	4.7564074e-02
4.0821233e+01	5.9843469e-02
4.0843042e+01	5.0995225e-02
4.0864851e+01	2.9813119e-02
4.0886660e+01	-1.6442155e-01
4.0908469e+01	7.3496419e-03
4.0930278e+01	-7.9491260e-02
4.0952086e+01	7.7903108e-03
4.0973895e+01	1.0298722e-01
4.0995704e+01	-3.1311815e-02
4.1017513e+01	4.2930560e-02
4.1039322e+01	1.8814764e-02
4.1061131e+01	2.3829408e-02
4.1082940e+01	-8.1271288e-02
4.1104749e+01	8.3299176e-02
4.1126558e+01	3.9293595e-01
4.1148367e+01	1.6112256e-01
4.1170176e+01	-4.1282268e-02
4.1191985e+01	-1.8346400e-02
4.1213794e+01	-1.4147029e-01
4.1235603e+01	1.3772960e-01
4.1257412e+01	-2.7710668e-02
4.1279221e+01	-1.6342780e-01
4.1301029e+01	-4.0965472e-02
4.1322838e+01	1.0439614e-01
4.1344647e+01	1.7666275e-01
4.1366456e+01	-2.9002987e-02
4.1388265e+01	3.2922916e-02
4.1410074e+01	2.8876853e-01
4.1431883e+01	4.8100020e-01
4.1453692e+01	3.4266096e-01
4.1475501e+01	1.3851745e-01
4.1497310e+01	-8.2562465e-02
4.1519119e+01	-2.5126796e-01
4.1540928e+01	-4.5483525e-02
4.1562737e+01	8.0893946e-02
4.1584546e+01	-2.0966896e-01
4.1606355e+01	-1.4833036e-02
4.1628164e+01	1.1669489e-01
4.1649972e+01	-1.3469113e-02
4.1671781e+01	6.2844181e-02
4.1693590e+01	-4.5325525e-02
4.1715399e+01	1.2617726e-01
4.1737208e+01	1.0515023e-01
4.1759017e+01	1.8959301e-01
4.1780826e+01	-2.5256543e-01
4.1802635e+01	1.8276067e-02
4.1824444e+01	2.7085049e-01
4.1846253e+01	3.4977032e-01
4.1868062e+01	4.6856843e-01
4.1889871e+01	1.3780452e-01
4.1911680e+01	-7.5871699e-02
4.1933489e+01	1.6699728e-01
4.1955298e+01	4.2117618e-02
4.1977107e+01	4.6282172e-02
4.1998916e+01	9.6175515e-04
4.2020724e+01	-3.0771179e-01
4.2042533e+01	-1.4420662e-01
4.2064342e+01	-4.8398451e-03
4.2086151e+01	8.7292174e-03
4.2107960e+01	6.5351344e-02
4.2129769e+01	9.9812948e-02
4.2151578e+01	2.9902272e-03
4.2173387e+01	8.3129750e-02
4.2195196e+01	7.7752587e-02
4.2217005e+01	2.6294147e-01
4.2238814e+01	-1.0746032e-01
4.2260623e+01	-3.8761322e-02
4.2282432e+01	6.6909683e-02
4.2304241e+01	1.0619930e-01
4.2326050e+01	-1.9686529e-01
4.2347859e+01	-1.0478254e-01
4.2369667e+01	-2.4675474e-01
4.2391476e+01	-1.5435268e-01
4.2413285e+01	4.7786964e-02
4.2435094e+01	1.4177056e-01
4.2456903e+01	-1.0107887e-02
4.2478712e+01	-5.7980684e-02
4.2500521e+01	2.3666040e-01
4.2522330e+01	1.8562072e-01
4.2544139e+01	1.8292951e-01
4.2565948e+01	5.4666500e-01
4.2587757e+01	8.7024632e-02
4.2609566e+01	8.6311792e-02
4.2631375e+01	1.0591661e-01
4.2653184e+01	-1.4030022e-02
4.2674993e+01	-1.6611278e-01
4.2696802e+01	1.5505083e-01
4.2718610e+01	-6.1848680e-02
4.2740419e+01	1.1561959e-01
4.2762228e+01	-1.7334840e-01
4.2784037e+01	1.0355394e-01
4.2805846e+01	5.5144411e-02
4.2827655e+01	-1.5223093e-01
4.2849464e+01	-8.0461075e-02
4.2871273e+01	1.5070327e-01
4.2893082e+01	-3.8871197e-01
4.2914891e+01	-2.9206855e-02
4.2936700e+01	2.4101961e-01
4.2958509e+01	1.5741432e-01
4.2980318e+01	1.7941727e-01
4.3002127e+01	4.1813908e-02
4.3023936e+01	8.9392874e-02
4.3045745e+01	9.1595751e-02
4.3067553e+01	-2.6805102e-01
4.3089362e+01	-2.9072542e-01
4.3111171e+01	5.8956585e-02
4.3132980e+01	1.5206488e-01
4.3154789e+01	1.3446620e-01
4.3176598e+01	1.0036387e-01
4.3198407e+01	-1.3972051e-01
4.3220216e+01	1.1028284e-01
4.3242025e+01	-2.9831205e-01
4.3263834e+01	2.5945551e-01
4.3285643e+01	2.0098896e-01
4.3307452e+01	-2.1963708e-01
4.3329261e+01	6.6658099e-02
4.3351070e+01	1.0027341e-01
4.3372879e+01	4.4333046e-01
4.3394688e+01	1.0413271e-01
4.3416496e+01	5.1681562e-01
4.3438305e+01	2.7280325e-01
4.3460114e+01	-8.2040752e-02
4.3481923e+01	9.6065904e-02
4.3503732e+01	2.6938280e-01
4.3525541e+01	-8.6910840e-02
4.3547350e+01	-1.5649577e-01
4.3569159e+01	-4.1430066e-02
4.3590968e+01	1.7078626e-02
4.3612777e+01	1.4423102e-01
4.3634586e+01	4.2309005e-01
4.3656395e+01	6.2428004e-01
4.3678204e+01	1.0320490e+00
4.3700013e+01	1.5217568e+00
4.3721822e+01	2.1299214e+00
4.3743631e+01	2.4105446e+00
4.3765439e+01	3.0745554e+00
4.3787248e+01	3.5826686e+00
4.3809057e+01	3.7024801e+00
4.3830866e+01	4.0839548e+00
4.3852675e+01	4.4166977e+00
4.3874484e+01	4.3074395e+00
4.3896293e+01	4.2010543e+00
4.3918102e+01	3.2960968e+00
4.3939911e+01	3.0518551e+00
4.3961720e+01	2.8280949e+00
4.3983529e+01	1.8406482e+00
4.4005338e+01	1.0651318e+00
4.4027147e+01	1.0717617e+00
4.4048956e+01	1.0186838e+00
4.4070765e+01	9.7901886e-01
4.4092574e+01	6.5092089e-01
4.4114383e+01	1.0148476e-01
4.4136191e+01	4.1724929e-01
4.4158000e+01	-1.2282328e-02
4.4179809e+01	-7.3115936e-03
4.4201618e+01	-1.1413505e-01
4.4223427e+01	-1.4548846e-02
4.4245236e+01	1.0550173e-02
4.4267045e+01	3.2284761e-01
4.4288854e+01	-6.6286837e-02
4.4310663e+01	6.5312462e-02
4.4332472e+01	-2.5119812e-02
4.4354281e+01	4.4959706e-01
4.4376090e+01	1.4808949e-01
4.4397899e+01	3.4582171e-01
4.4419708e+01	4.3039114e-01
4.4441517e+01	3.1963071e-01
4.4463326e+01	-1.3122629e-01
4.4485134e+01	-1.2859544e-01
4.4506943e+01	3.8965480e-01
4.4528752e+01	5.2378328e-01
4.4550561e+01	1.7484658e-01
4.4572370e+01	-9.6008715e-02
4.4594179e+01	3.8133664e-01
4.4615988e+01	5.8637788e-01
4.4637797e+01	8.3907577e-02
4.4659606e+01	2.8416898e-01
4.4681415e+01	8.8515754e-02
4.4703224e+01	1.0734026e-01
4.4725033e+01	-1.2318736e-01
4.4746842e+01	2.0959712e-01
4.4768651e+01	-2.4301706e-01
4.4790460e+01	-3.5136747e-02
4.4812269e+01	3.3657974e-01
4.4834077e+01	2.1356496e-03
4.4855886e+01	1.2019557e-01
4.4877695e+01	-5.5757969e-02
4.4899504e+01	4.2080940e-02
4.4921313e+01	5.8508231e-02
4.4943122e+01	-8.4716005e-02
4.4964931e+01	7.4403975e-01
4.4986740e+01	7.3737449e-01