Image file: \\Gfs05\g45\SAXS\2020_12\HDF5\2020-12.10_Kevin_day2_SN\2020-12-10_Max_Cu123_SN_000017_data_000003.h5
ImageIntegration1d_chi_output; Output_Directory= \\Gfs05\g45\SAXS\2020_12\Processed\2020-12-09_Kevin_day1_SN\Chi-Sample-7
Profile = Radial, StartAzimuth = 0.0, EndAzimuth = 360.0, Sam_Det_distance = 250.818474293, InnerRadius = 15.0, OuterRadius = 2400.0, Lambda = 30, Ratio = 0.001, Itermax = 100
2400
2.0013229e+00	1.1280091e-01
2.0231319e+00	-8.5684979e-02
2.0449408e+00	-2.9698376e-01
2.0667497e+00	2.1454188e-01
2.0885587e+00	3.3495265e-01
2.1103676e+00	1.7175697e-02
2.1321765e+00	-1.2945116e-01
2.1539855e+00	-1.7454026e-01
2.1757944e+00	3.7240449e-02
2.1976034e+00	8.1302665e-02
2.2194123e+00	1.6384299e-01
2.2412212e+00	4.0550620e-01
2.2630302e+00	3.1520392e-01
2.2848391e+00	1.1072524e-01
2.3066480e+00	-4.8355382e-01
2.3284570e+00	-4.4281385e-01
2.3502659e+00	1.7633502e-01
2.3720749e+00	2.4893110e-01
2.3938838e+00	3.0367430e-02
2.4156927e+00	1.2342878e-02
2.4375017e+00	7.0667093e-02
2.4593106e+00	1.3439218e-01
2.4811196e+00	-6.9104211e-02
2.5029285e+00	-1.9655562e-01
2.5247374e+00	6.8651843e-02
2.5465464e+00	1.4221863e-01
2.5683553e+00	4.2739945e-02
2.5901642e+00	-3.0766399e-01
2.6119732e+00	-1.8362397e-03
2.6337821e+00	2.2602558e-01
2.6555911e+00	1.5292593e-01
2.6774000e+00	-9.6295053e-03
2.6992089e+00	1.0883787e-01
2.7210179e+00	-6.7525380e-01
2.7428268e+00	1.2430229e-01
2.7646358e+00	2.9585544e-01
2.7864447e+00	1.1648109e-01
2.8082536e+00	2.4319694e-01
2.8300626e+00	-6.0536216e-02
2.8518715e+00	-2.9365958e-01
2.8736804e+00	-1.2275579e-02
2.8954894e+00	2.5214696e-01
2.9172983e+00	-1.9594016e-01
2.9391073e+00	-2.7138030e-02
2.9609162e+00	-3.5286834e-03
2.9827251e+00	-3.8908462e-02
3.0045341e+00	1.2519573e-01
3.0263430e+00	7.3012865e-02
3.0481519e+00	6.7150025e-02
3.0699609e+00	5.2796184e-01
3.0917698e+00	1.9972805e-01
3.1135788e+00	-1.1533030e-01
3.1353877e+00	-2.2061385e-01
3.1571966e+00	-9.2806636e-02
3.1790056e+00	4.3429904e-02
3.2008145e+00	5.2791298e-01
3.2226235e+00	2.1866672e-01
3.2444324e+00	-3.5909178e-01
3.2662413e+00	1.0529245e-01
3.2880503e+00	5.3096054e-02
3.3098592e+00	-1.9738923e-02
3.3316681e+00	1.9578285e-01
3.3534771e+00	3.5145091e-01
3.3752860e+00	-6.8419566e-02
3.3970950e+00	-1.3052439e-01
3.4189039e+00	-2.6709176e-01
3.4407128e+00	7.1914283e-02
3.4625218e+00	4.7236685e-02
3.4843307e+00	1.0385999e-01
3.5061396e+00	9.8133698e-02
3.5279486e+00	7.9817694e-02
3.5497575e+00	-7.8466110e-02
3.5715665e+00	-1.1183412e-01
3.5933754e+00	-1.3449220e-01
3.6151843e+00	5.2375803e-02
3.6369933e+00	1.9575854e-01
3.6588022e+00	-5.1453254e-02
3.6806112e+00	-1.0174194e-01
3.7024201e+00	1.2401216e-01
3.7242290e+00	2.2441925e-01
3.7460380e+00	-1.1218720e-01
3.7678469e+00	-2.3924662e-01
3.7896558e+00	1.0245938e-01
3.8114648e+00	-5.3078078e-02
3.8332737e+00	-1.6234538e-01
3.8550827e+00	9.2138231e-02
3.8768916e+00	-1.3462037e-01
3.8987005e+00	1.4199888e-01
3.9205095e+00	2.3564581e-01
3.9423184e+00	7.6044961e-02
3.9641273e+00	-7.2274049e-02
3.9859363e+00	6.4883580e-02
4.0077452e+00	-1.7539826e-01
4.0295542e+00	1.4545399e-01
4.0513631e+00	1.7160713e-01
4.0731720e+00	-2.7671194e-01
4.0949810e+00	-4.9914623e-02
4.1167899e+00	4.8156735e-01
4.1385989e+00	-1.0056048e-02
4.1604078e+00	-1.2538693e-02
4.1822167e+00	9.8308266e-02
4.2040257e+00	-1.7925792e-01
4.2258346e+00	-2.2442631e-02
4.2476435e+00	1.7012769e-01
4.2694525e+00	-1.4802614e-01
4.2912614e+00	-1.0252062e-01
4.3130704e+00	1.4328543e-01
4.3348793e+00	9.6882756e-02
4.3566882e+00	3.1236776e-01
4.3784972e+00	2.2607346e-02
4.4003061e+00	-3.3721304e-01
4.4221151e+00	3.8147441e-01
4.4439240e+00	6.0804393e-01
4.4657329e+00	-1.1054053e-01
4.4875419e+00	2.2802955e-02
4.5093508e+00	3.6000233e-02
4.5311597e+00	2.3681602e-01
4.5529687e+00	2.4668305e-01
4.5747776e+00	-3.4485484e-01
4.5965866e+00	2.5177271e-02
4.6183955e+00	7.8076460e-02
4.6402044e+00	-2.7478316e-01
4.6620134e+00	4.4550317e-01
4.6838223e+00	1.0799159e-01
4.7056312e+00	-1.2138381e-01
4.7274402e+00	-2.7037119e-02
4.7492491e+00	4.5498803e-01
4.7710581e+00	4.7944429e-01
4.7928670e+00	1.4218682e-01
4.8146759e+00	-1.7755810e-01
4.8364849e+00	4.9492596e-01
4.8582938e+00	2.8683770e-01
4.8801028e+00	5.7933141e-02
4.9019117e+00	-5.9788931e-02
4.9237206e+00	-6.6934088e-02
4.9455296e+00	-2.1300303e-01
4.9673385e+00	1.3459962e-01
4.9891474e+00	1.8309613e-01
5.0109564e+00	-1.5995847e-02
5.0327653e+00	-3.2404619e-01
5.0545743e+00	-7.5075277e-02
5.0763832e+00	1.3236102e-01
5.0981921e+00	5.3808033e-01
5.1200011e+00	1.9729790e-01
5.1418100e+00	4.2532080e-02
5.1636189e+00	1.6644985e-01
5.1854279e+00	-8.1477180e-02
5.2072368e+00	-1.8202701e-02
5.2290458e+00	-7.3389478e-02
5.2508547e+00	-1.4603251e-02
5.2726636e+00	-1.8360248e-01
5.2944726e+00	-2.6250847e-01
5.3162815e+00	2.3895022e-01
5.3380905e+00	4.2879235e-02
5.3598994e+00	1.4801358e-03
5.3817083e+00	1.2560863e-01
5.4035173e+00	5.3717710e-04
5.4253262e+00	4.2812541e-01
5.4471351e+00	5.1904810e-01
5.4689441e+00	-1.1281661e-01
5.4907530e+00	1.2179964e-01
5.5125620e+00	-4.1113964e-02
5.5343709e+00	4.3111603e-02
5.5561798e+00	-4.5339213e-02
5.5779888e+00	4.3474655e-03
5.5997977e+00	3.4440737e-02
5.6216066e+00	-3.4053295e-01
5.6434156e+00	1.3604156e-01
5.6652245e+00	1.4335547e-01
5.6870335e+00	-9.5078011e-02
5.7088424e+00	-2.8175176e-02
5.7306513e+00	3.0162408e-01
5.7524603e+00	1.1708809e-01
5.7742692e+00	1.3095000e-01
5.7960782e+00	2.1506762e-02
5.8178871e+00	-3.2626619e-01
5.8396960e+00	-4.2098250e-01
5.8615050e+00	2.6990689e-02
5.8833139e+00	1.1710799e-01
5.9051228e+00	-1.1401151e-02
5.9269318e+00	2.3601089e-01
5.9487407e+00	7.3425247e-02
5.9705497e+00	-2.3284221e-03
5.9923586e+00	3.4535668e-03
6.0141675e+00	5.5829389e-02
6.0359765e+00	8.6243104e-03
6.0577854e+00	1.2996165e-01
6.0795944e+00	-2.0655817e-01
6.1014033e+00	-5.6282545e-02
6.1232122e+00	2.8732117e-01
6.1450212e+00	1.8866060e-01
6.1668301e+00	-1.5810113e-01
6.1886390e+00	-2.6866481e-02
6.2104480e+00	-1.6627433e-01
6.2322569e+00	-1.2555791e-01
6.2540659e+00	-3.1243377e-02
6.2758748e+00	1.8598270e-01
6.2976837e+00	-1.7512176e-01
6.3194927e+00	-1.2566179e-01
6.3413016e+00	2.1779163e-01
6.3631105e+00	1.6896157e-01
6.3849195e+00	-3.2864716e-01
6.4067284e+00	1.0534345e-01
6.4285374e+00	2.4886530e-01
6.4503463e+00	-5.5999993e-02
6.4721552e+00	-1.4382539e-02
6.4939642e+00	-2.2686988e-01
6.5157731e+00	2.1436925e-01
6.5375821e+00	2.9431726e-01
6.5593910e+00	1.2977030e-01
6.5811999e+00	-1.9587302e-01
6.6030089e+00	-1.6548291e-01
6.6248178e+00	1.5502926e-01
6.6466267e+00	4.1490381e-01
6.6684357e+00	3.2151084e-02
6.6902446e+00	-2.2730949e-01
6.7120536e+00	-1.1302985e-01
6.7338625e+00	-8.6646135e-02
6.7556714e+00	3.2568544e-01
6.7774804e+00	9.0450491e-01
6.7992893e+00	2.0517859e-01
6.8210982e+00	5.3790148e-02
6.8429072e+00	1.2333307e-01
6.8647161e+00	8.0893210e-02
6.8865251e+00	-1.8357398e-01
6.9083340e+00	-1.7983553e-01
6.9301429e+00	-1.5584163e-01
6.9519519e+00	8.8223686e-02
6.9737608e+00	2.0706392e-03
6.9955698e+00	-1.3971908e-01
7.0173787e+00	3.3625833e-01
7.0391876e+00	-8.2284609e-02
7.0609966e+00	1.3005321e-01
7.0828055e+00	1.6558767e+00
7.1046144e+00	4.2428193e+00
7.1264234e+00	5.8384523e+00
7.1482323e+00	5.2688999e+00
7.1700413e+00	5.5860167e+00
7.1918502e+00	5.6296668e+00
7.2136591e+00	3.3310446e+00
7.2354681e+00	8.9986446e-01
7.2572770e+00	1.0420724e-02
7.2790859e+00	-1.8092300e-01
7.3008949e+00	-2.7469734e-02
7.3227038e+00	-5.3342073e-02
7.3445128e+00	2.6840213e-01
7.3663217e+00	1.0848198e-01
7.3881306e+00	1.1207311e-01
7.4099396e+00	-1.8120779e-01
7.4317485e+00	1.4671230e-01
7.4535575e+00	-2.1337369e-01
7.4753664e+00	-1.2523360e-01
7.4971753e+00	3.7576939e-02
7.5189843e+00	2.3057612e-01
7.5407932e+00	4.7447385e-01
7.5626021e+00	1.0948684e-01
7.5844111e+00	-1.5195533e-01
7.6062200e+00	5.1099587e-01
7.6280290e+00	3.1806367e-01
7.6498379e+00	-7.7481984e-02
7.6716468e+00	-1.4473089e-01
7.6934558e+00	-2.4669112e-01
7.7152647e+00	-1.4716691e-01
7.7370737e+00	3.3917041e-01
7.7588826e+00	6.4585455e-01
7.7806915e+00	3.3747098e-01
7.8025005e+00	1.8178261e-01
7.8243094e+00	3.6581367e-02
7.8461183e+00	1.0653404e-01
7.8679273e+00	-3.2516786e-01
7.8897362e+00	-2.6245927e-01
7.9115452e+00	3.4435375e-01
7.9333541e+00	2.2943368e-01
7.9551630e+00	-3.6283314e-03
7.9769720e+00	-3.2153756e-01
7.9987809e+00	1.4508150e-01
8.0205898e+00	4.1465220e-01
8.0423988e+00	-1.3393367e-01
8.0642077e+00	9.1013243e-03
8.0860167e+00	2.3655846e-01
8.1078256e+00	1.9215624e-01
8.1296345e+00	6.2870489e-02
8.1514435e+00	1.5978970e-02
8.1732524e+00	-3.2065460e-01
8.1950614e+00	-3.9877936e-02
8.2168703e+00	3.8773972e-01
8.2386792e+00	5.4481731e-01
8.2604882e+00	-2.1053440e-01
8.2822971e+00	6.9945611e-03
8.3041060e+00	5.0633177e-01
8.3259150e+00	2.8543211e-01
8.3477239e+00	-7.8031007e-02
8.3695329e+00	5.1379767e-02
8.3913418e+00	-1.9177819e-01
8.4131507e+00	-5.2672498e-02
8.4349597e+00	2.2538152e-01
8.4567686e+00	5.6131322e-01
8.4785775e+00	5.6104765e-01
8.5003865e+00	7.6345376e-01
8.5221954e+00	-3.0868642e-03
8.5440044e+00	-1.4771066e-01
8.5658133e+00	1.6999867e-01
8.5876222e+00	-5.8493952e-03
8.6094312e+00	-2.4349212e-01
8.6312401e+00	-6.0582060e-02
8.6530491e+00	1.6237448e-01
8.6748580e+00	1.1070950e-01
8.6966669e+00	4.8185371e-01
8.7184759e+00	6.0376492e-03
8.7402848e+00	-4.6336423e-02
8.7620937e+00	2.4455288e-01
8.7839027e+00	-2.0086959e-01
8.8057116e+00	-3.7097673e-01
8.8275206e+00	4.1033985e-02
8.8493295e+00	2.5440093e-01
8.8711384e+00	2.3176971e-01
8.8929474e+00	-5.9229311e-02
8.9147563e+00	1.9723975e-02
8.9365652e+00	2.3405290e-01
8.9583742e+00	5.1484955e-02
8.9801831e+00	6.5286348e-02
9.0019921e+00	-5.5415189e-02
9.0238010e+00	-3.6928551e-01
9.0456099e+00	-1.1417441e-01
9.0674189e+00	1.4074785e-01
9.0892278e+00	-1.9243961e-02
9.1110368e+00	-2.3725531e-01
9.1328457e+00	7.9839054e-02
9.1546546e+00	7.0983273e-01
9.1764636e+00	6.7939828e-01
9.1982725e+00	4.2994771e-01
9.2200814e+00	3.0164795e-01
9.2418904e+00	-5.1532805e-02
9.2636993e+00	-7.1693570e-03
9.2855083e+00	3.2800017e-01
9.3073172e+00	7.2507628e-01
9.3291261e+00	6.5861167e-01
9.3509351e+00	4.8418327e-01
9.3727440e+00	4.3887750e-02
9.3945530e+00	-3.5357246e-01
9.4163619e+00	-6.8492194e-02
9.4381708e+00	1.2612944e-01
9.4599798e+00	-9.1604668e-02
9.4817887e+00	6.7520207e-02
9.5035976e+00	1.3249134e-01
9.5254066e+00	5.8733897e-01
9.5472155e+00	6.1029692e-01
9.5690245e+00	1.0533782e-01
9.5908334e+00	-6.8431321e-02
9.6126423e+00	-1.4031159e-01
9.6344513e+00	9.8959123e-03
9.6562602e+00	-1.4370342e-01
9.6780691e+00	2.3661201e-04
9.6998781e+00	1.4066179e-01
9.7216870e+00	2.1061003e-01
9.7434960e+00	3.6939169e-01
9.7653049e+00	-1.5616620e-01
9.7871138e+00	-1.7703389e-01
9.8089228e+00	3.6752347e-01
9.8307317e+00	1.0522152e-01
9.8525407e+00	-4.4347795e-01
9.8743496e+00	9.1452563e-02
9.8961585e+00	3.9016314e-01
9.9179675e+00	-7.1756020e-03
9.9397764e+00	7.2094823e-02
9.9615853e+00	4.1771739e-02
9.9833943e+00	2.5644517e-01
1.0005203e+01	2.8983793e-01
1.0027012e+01	-1.6465091e-01
1.0048821e+01	-3.1307381e-01
1.0070630e+01	-1.1184529e-01
1.0092439e+01	5.1959036e-03
1.0114248e+01	4.4226841e-01
1.0136057e+01	3.4262801e-01
1.0157866e+01	8.3696822e-01
1.0179675e+01	6.3955455e-01
1.0201484e+01	6.9140031e-01
1.0223293e+01	7.1043880e-01
1.0245102e+01	1.6482489e-01
1.0266910e+01	2.4090304e-01
1.0288719e+01	-9.8703811e-02
1.0310528e+01	-9.9077619e-01
1.0332337e+01	-4.4105342e-02
1.0354146e+01	1.7652335e-01
1.0375955e+01	2.2123359e-01
1.0397764e+01	5.9210381e-01
1.0419573e+01	3.0836803e-01
1.0441382e+01	1.3253264e-01
1.0463191e+01	4.9274863e-01
1.0485000e+01	8.5068948e-01
1.0506809e+01	1.6774464e+00
1.0528618e+01	2.4488888e+00
1.0550427e+01	2.8759561e+00
1.0572236e+01	3.1863279e+00
1.0594045e+01	3.5541835e+00
1.0615853e+01	3.7691925e+00
1.0637662e+01	3.4457544e+00
1.0659471e+01	2.3346485e+00
1.0681280e+01	1.7452543e+00
1.0703089e+01	1.7588614e+00
1.0724898e+01	8.7318907e-01
1.0746707e+01	1.8876913e-02
1.0768516e+01	-3.1036808e-02
1.0790325e+01	2.0844851e-01
1.0812134e+01	1.5583707e-01
1.0833943e+01	-4.2936142e-02
1.0855752e+01	-3.2238790e-01
1.0877561e+01	-2.2481486e-01
1.0899370e+01	-1.3867460e-02
1.0921179e+01	1.7566750e-01
1.0942988e+01	-1.7687511e-01
1.0964796e+01	4.3980733e-01
1.0986605e+01	5.4389293e-01
1.1008414e+01	-5.8211126e-02
1.1030223e+01	-1.4174077e-02
1.1052032e+01	-1.4597587e-01
1.1073841e+01	2.5786539e-01
1.1095650e+01	3.3476965e-02
1.1117459e+01	1.4855757e-01
1.1139268e+01	6.8484358e-01
1.1161077e+01	3.2134531e-01
1.1182886e+01	5.4689127e-01
1.1204695e+01	9.4412675e-01
1.1226504e+01	6.7000801e-01
1.1248313e+01	2.5214099e-01
1.1270122e+01	-1.1419950e-01
1.1291931e+01	-1.8336238e-01
1.1313740e+01	-3.3011067e-01
1.1335548e+01	4.7684398e-02
1.1357357e+01	1.9214521e-01
1.1379166e+01	7.8591325e-02
1.1400975e+01	1.3074439e-01
1.1422784e+01	2.9798587e-01
1.1444593e+01	-1.0103490e-01
1.1466402e+01	-6.4587498e-02
1.1488211e+01	-2.7536454e-01
1.1510020e+01	-1.3231678e-01
1.1531829e+01	5.8811375e-01
1.1553638e+01	7.5820496e-01
1.1575447e+01	8.0400592e-01
1.1597256e+01	5.4197691e-01
1.1619065e+01	3.2245427e-01
1.1640874e+01	1.4173651e-01
1.1662683e+01	-2.0701596e-01
1.1684491e+01	-1.1766297e-01
1.1706300e+01	6.3282600e-01
1.1728109e+01	9.2363281e-01
1.1749918e+01	7.0434098e-01
1.1771727e+01	9.4054355e-01
1.1793536e+01	7.2163094e-01
1.1815345e+01	3.3305325e-01
1.1837154e+01	1.3091386e-01
1.1858963e+01	1.0036816e-01
1.1880772e+01	9.1441511e-03
1.1902581e+01	-2.8629823e-01
1.1924390e+01	-2.8861327e-01
1.1946199e+01	7.3387963e-02
1.1968008e+01	2.7662478e-01
1.1989817e+01	2.0383674e-01
1.2011626e+01	1.9172660e-01
1.2033434e+01	6.3067182e-02
1.2055243e+01	-4.7545634e-01
1.2077052e+01	-3.4809333e-02
1.2098861e+01	-9.5585993e-03
1.2120670e+01	-1.3158167e-01
1.2142479e+01	-2.4427890e-02
1.2164288e+01	9.7058815e-02
1.2186097e+01	1.1816792e-01
1.2207906e+01	-8.3223136e-03
1.2229715e+01	-4.4991081e-02
1.2251524e+01	1.9605945e-01
1.2273333e+01	8.2125729e-02
1.2295142e+01	-4.3858043e-02
1.2316951e+01	-1.1514340e-01
1.2338760e+01	1.8158899e-01
1.2360569e+01	2.9385802e-02
1.2382377e+01	-9.1366467e-02
1.2404186e+01	-4.8307983e-02
1.2425995e+01	-3.8006427e-01
1.2447804e+01	1.3808831e-01
1.2469613e+01	4.4206220e-01
1.2491422e+01	4.8956100e-01
1.2513231e+01	2.4352637e-01
1.2535040e+01	1.4626432e-01
1.2556849e+01	3.5743244e-02
1.2578658e+01	-1.3035699e-02
1.2600467e+01	-3.4816882e-01
1.2622276e+01	-1.0479848e-01
1.2644085e+01	3.5882854e-01
1.2665894e+01	-7.6722037e-02
1.2687703e+01	-1.8733859e-01
1.2709512e+01	2.1349689e-01
1.2731320e+01	8.8667544e-03
1.2753129e+01	1.3947197e-01
1.2774938e+01	-1.1414143e-01
1.2796747e+01	1.4031327e-02
1.2818556e+01	2.4458899e-01
1.2840365e+01	-7.7876361e-02
1.2862174e+01	2.3061908e-01
1.2883983e+01	-1.2178602e-01
1.2905792e+01	-1.9726719e-01
1.2927601e+01	-2.3436114e-01
1.2949410e+01	9.7407382e-03
1.2971219e+01	1.7832893e-01
1.2993028e+01	-1.3340110e-02
1.3014837e+01	4.2436169e-02
1.3036646e+01	2.2571440e-01
1.3058455e+01	1.2620820e+00
1.3080264e+01	3.2195368e+00
1.3102072e+01	4.8052964e+00
1.3123881e+01	4.4507787e+00
1.3145690e+01	3.9643714e+00
1.3167499e+01	4.2477022e+00
1.3189308e+01	4.4653188e+00
1.3211117e+01	4.0411791e+00
1.3232926e+01	4.1003108e+00
1.3254735e+01	3.8208916e+00
1.3276544e+01	2.3734393e+00
1.3298353e+01	5.3976162e-01
1.3320162e+01	3.4966295e-02
1.3341971e+01	-3.7257092e-01
1.3363780e+01	-1.4736022e-02
1.3385589e+01	2.8274013e-02
1.3407398e+01	-4.4177221e-02
1.3429207e+01	-3.0575878e-02
1.3451015e+01	-1.4845662e-01
1.3472824e+01	1.4234413e-01
1.3494633e+01	6.1431797e-01
1.3516442e+01	1.8735772e-01
1.3538251e+01	1.7107832e-01
1.3560060e+01	5.7395819e-02
1.3581869e+01	1.6100962e-01
1.3603678e+01	2.0417551e-01
1.3625487e+01	-1.7812861e-02
1.3647296e+01	-3.7185932e-01
1.3669105e+01	-2.5434673e-02
1.3690914e+01	-1.3542442e-01
1.3712723e+01	-8.6887127e-02
1.3734532e+01	3.2761218e-01
1.3756341e+01	1.0099378e-01
1.3778150e+01	-1.6153662e-01
1.3799958e+01	-2.0620160e-01
1.3821767e+01	-6.3299607e-02
1.3843576e+01	9.5434053e-02
1.3865385e+01	1.1203299e-01
1.3887194e+01	6.1422169e-02
1.3909003e+01	3.0115418e-01
1.3930812e+01	-4.3174747e-02
1.3952621e+01	7.8233970e-02
1.3974430e+01	1.6922700e-01
1.3996239e+01	-1.1687748e-01
1.4018048e+01	-1.6047649e-01
1.4039857e+01	-7.7771857e-02
1.4061666e+01	-9.5606637e-02
1.4083475e+01	-2.3286249e-01
1.4105284e+01	5.5744924e-02
1.4127093e+01	2.1054186e-01
1.4148901e+01	4.0000543e-01
1.4170710e+01	6.7996020e-01
1.4192519e+01	2.1392334e+00
1.4214328e+01	3.5946477e+00
1.4236137e+01	3.9290656e+00
1.4257946e+01	4.1445597e+00
1.4279755e+01	3.5556927e+00
1.4301564e+01	3.3189972e+00
1.4323373e+01	3.7804457e+00
1.4345182e+01	4.0702409e+00
1.4366991e+01	4.0932453e+00
1.4388800e+01	3.6330217e+00
1.4410609e+01	2.2918925e+00
1.4432418e+01	9.6481033e-01
1.4454227e+01	1.9044889e-01
1.4476036e+01	1.5787951e-01
1.4497844e+01	-1.6139268e-01
1.4519653e+01	-1.7657599e-01
1.4541462e+01	3.7855694e-04
1.4563271e+01	-2.2395251e-01
1.4585080e+01	-2.6044290e-02
1.4606889e+01	1.8853604e-01
1.4628698e+01	1.6997453e-01
1.4650507e+01	-1.0413632e-01
1.4672316e+01	7.0026193e-01
1.4694125e+01	1.3766831e+00
1.4715934e+01	2.6137138e+00
1.4737743e+01	5.0767314e+00
1.4759552e+01	7.1716306e+00
1.4781361e+01	8.3208659e+00
1.4803170e+01	8.7811077e+00
1.4824979e+01	8.4467266e+00
1.4846787e+01	8.1458432e+00
1.4868596e+01	8.3694780e+00
1.4890405e+01	9.0227315e+00
1.4912214e+01	8.9583443e+00
1.4934023e+01	7.8484068e+00
1.4955832e+01	5.9864156e+00
1.4977641e+01	3.9673582e+00
1.4999450e+01	1.8085192e+00
1.5021259e+01	9.8641515e-01
1.5043068e+01	7.7652449e-01
1.5064877e+01	2.0501063e-01
1.5086686e+01	-1.9364543e-01
1.5108495e+01	-1.0980742e-01
1.5130304e+01	-2.8067520e-02
1.5152113e+01	1.6043355e-01
1.5173922e+01	1.3586037e+00
1.5195731e+01	3.5000945e+00
1.5217539e+01	6.0111811e+00
1.5239348e+01	6.8060022e+00
1.5261157e+01	6.5739781e+00
1.5282966e+01	5.9121142e+00
1.5304775e+01	6.0597659e+00
1.5326584e+01	6.4811267e+00
1.5348393e+01	6.5857410e+00
1.5370202e+01	6.7895082e+00
1.5392011e+01	6.2538187e+00
1.5413820e+01	4.5074790e+00
1.5435629e+01	2.3915054e+00
1.5457438e+01	1.8879844e+00
1.5479247e+01	2.4779915e+00
1.5501056e+01	3.3641240e+00
1.5522865e+01	4.2158593e+00
1.5544674e+01	3.7586069e+00
1.5566482e+01	3.1966032e+00
1.5588291e+01	3.1795197e+00
1.5610100e+01	3.5440327e+00
1.5631909e+01	4.0065256e+00
1.5653718e+01	3.9768169e+00
1.5675527e+01	3.7180570e+00
1.5697336e+01	2.8262384e+00
1.5719145e+01	1.0084744e+00
1.5740954e+01	1.6278046e-01
1.5762763e+01	1.2939591e-01
1.5784572e+01	-1.7828293e-01
1.5806381e+01	-1.7653398e-01
1.5828190e+01	6.2072287e-02
1.5849999e+01	-8.9515027e-03
1.5871808e+01	1.6932050e-01
1.5893617e+01	-1.3401490e-01
1.5915425e+01	-1.4556170e-01
1.5937234e+01	6.0424659e-02
1.5959043e+01	3.3857528e-01
1.5980852e+01	-5.9152260e-03
1.6002661e+01	-3.7789870e-01
1.6024470e+01	5.9031907e-02
1.6046279e+01	4.8741123e-01
1.6068088e+01	2.3929235e-01
1.6089897e+01	9.5324405e-02
1.6111706e+01	1.3533097e-01
1.6133515e+01	-2.5594465e-02
1.6155324e+01	-1.6012950e-01
1.6177133e+01	-8.7024515e-02
1.6198942e+01	3.8280352e-02
1.6220751e+01	-1.2899418e-01
1.6242560e+01	8.2020322e-03
1.6264368e+01	7.1298331e-02
1.6286177e+01	1.1986018e-01
1.6307986e+01	-2.3284136e-02
1.6329795e+01	-2.5450282e-02
1.6351604e+01	-6.9338640e-02
1.6373413e+01	2.4953863e-02
1.6395222e+01	1.0284054e-01
1.6417031e+01	-7.8709857e-02
1.6438840e+01	3.8845648e-02
1.6460649e+01	1.1726367e-01
1.6482458e+01	-5.3735459e-02
1.6504267e+01	-2.9593518e-01
1.6526076e+01	-1.2995586e-01
1.6547885e+01	1.7500658e-01
1.6569694e+01	1.5914148e-01
1.6591503e+01	1.3284537e+00
1.6613311e+01	4.3379731e+00
1.6635120e+01	7.8744894e+00
1.6656929e+01	1.0222920e+01
1.6678738e+01	1.1165036e+01
1.6700547e+01	1.0554442e+01
1.6722356e+01	9.9076559e+00
1.6744165e+01	9.8101478e+00
1.6765974e+01	1.0451800e+01
1.6787783e+01	1.0820487e+01
1.6809592e+01	1.0867992e+01
1.6831401e+01	1.0394805e+01
1.6853210e+01	9.0677715e+00
1.6875019e+01	5.1279664e+00
1.6896828e+01	1.9236178e+00
1.6918637e+01	5.5732339e-01
1.6940446e+01	1.8850429e-03
1.6962254e+01	1.7287286e-01
1.6984063e+01	-3.6300747e-02
1.7005872e+01	7.7088496e-02
1.7027681e+01	5.3451867e-02
1.7049490e+01	-7.9679371e-02
1.7071299e+01	-7.6784410e-02
1.7093108e+01	-6.5509461e-02
1.7114917e+01	-1.0265327e-01
1.7136726e+01	6.5029986e-02
1.7158535e+01	7.1230084e-02
1.7180344e+01	-1.3113361e-02
1.7202153e+01	-1.1926567e-01
1.7223962e+01	-2.7985627e-02
1.7245771e+01	-6.7554206e-02
1.7267580e+01	-1.1414453e-02
1.7289389e+01	-8.5231674e-02
1.7311198e+01	-2.9610214e-02
1.7333006e+01	1.2803968e-01
1.7354815e+01	1.9928781e-01
1.7376624e+01	2.5394207e-01
1.7398433e+01	1.1466286e-01
1.7420242e+01	-1.6300083e-01
1.7442051e+01	-1.7929313e-01
1.7463860e+01	-5.8632260e-02
1.7485669e+01	9.5236801e-03
1.7507478e+01	-1.3757211e-01
1.7529287e+01	3.4365376e-01
1.7551096e+01	8.7150835e-02
1.7572905e+01	-1.6731419e-01
1.7594714e+01	2.8009777e-02
1.7616523e+01	-8.5534521e-03
1.7638332e+01	1.0927498e-01
1.7660141e+01	6.1341619e-02
1.7681949e+01	1.5470172e-01
1.7703758e+01	-8.8030166e-02
1.7725567e+01	-3.4660397e-01
1.7747376e+01	-1.2367123e-01
1.7769185e+01	2.2589198e-01
1.7790994e+01	1.3921726e-01
1.7812803e+01	1.5474351e-01
1.7834612e+01	-7.8505863e-02
1.7856421e+01	-2.5958136e-02
1.7878230e+01	1.1551427e-01
1.7900039e+01	-1.1686870e-01
1.7921848e+01	-8.7665334e-02
1.7943657e+01	-1.5412040e-02
1.7965466e+01	-1.1129098e-01
1.7987275e+01	-7.4192414e-03
1.8009084e+01	2.7025031e-02
1.8030892e+01	2.4078063e-01
1.8052701e+01	1.7458906e-01
1.8074510e+01	-2.9335434e-01
1.8096319e+01	4.7277737e-02
1.8118128e+01	1.0602902e-01
1.8139937e+01	-1.2538117e-01
1.8161746e+01	-2.6159836e-02
1.8183555e+01	2.7594771e-02
1.8205364e+01	-3.0093529e-02
1.8227173e+01	3.4500885e-02
1.8248982e+01	7.2548779e-01
1.8270791e+01	1.7850537e+00
1.8292600e+01	3.5569674e+00
1.8314409e+01	6.0733318e+00
1.8336218e+01	7.7600307e+00
1.8358027e+01	8.1506329e+00
1.8379835e+01	7.1003414e+00
1.8401644e+01	6.5173690e+00
1.8423453e+01	6.4375425e+00
1.8445262e+01	6.9748398e+00
1.8467071e+01	7.7896076e+00
1.8488880e+01	7.9007920e+00
1.8510689e+01	8.0636046e+00
1.8532498e+01	7.3967055e+00
1.8554307e+01	5.8002733e+00
1.8576116e+01	3.4783040e+00
1.8597925e+01	1.4559064e+00
1.8619734e+01	4.2777638e-01
1.8641543e+01	1.0629377e-01
1.8663352e+01	2.6451142e-01
1.8685161e+01	-1.3630556e-01
1.8706970e+01	-9.4368395e-02
1.8728778e+01	-1.3079736e-01
1.8750587e+01	-2.6598502e-01
1.8772396e+01	6.6990349e-02
1.8794205e+01	2.2073854e-01
1.8816014e+01	9.3122722e-02
1.8837823e+01	-2.4743630e-01
1.8859632e+01	2.9010573e-02
1.8881441e+01	2.0193917e-01
1.8903250e+01	-7.3524844e-02
1.8925059e+01	1.0101025e-01
1.8946868e+01	-7.6450012e-02
1.8968677e+01	-4.2864947e-02
1.8990486e+01	6.6155453e-02
1.9012295e+01	1.9200195e-01
1.9034104e+01	-6.0030881e-02
1.9055913e+01	-2.6643297e-01
1.9077721e+01	-5.8911294e-02
1.9099530e+01	-9.5947858e-02
1.9121339e+01	9.9045971e-02
1.9143148e+01	-2.7418034e-03
1.9164957e+01	2.4713138e-01
1.9186766e+01	8.0981233e-01
1.9208575e+01	1.6359854e+00
1.9230384e+01	2.8111104e+00
1.9252193e+01	3.3981671e+00
1.9274002e+01	3.7930003e+00
1.9295811e+01	3.9106329e+00
1.9317620e+01	3.5398325e+00
1.9339429e+01	3.5042512e+00
1.9361238e+01	3.8379495e+00
1.9383047e+01	4.3482985e+00
1.9404856e+01	4.6209957e+00
1.9426665e+01	4.4710771e+00
1.9448473e+01	4.2136345e+00
1.9470282e+01	3.5866627e+00
1.9492091e+01	2.4997204e+00
1.9513900e+01	1.0652455e+00
1.9535709e+01	2.8228174e-01
1.9557518e+01	-1.8402104e-01
1.9579327e+01	-1.6092887e-01
1.9601136e+01	-2.1343902e-01
1.9622945e+01	-3.3914884e-02
1.9644754e+01	2.7300053e-01
1.9666563e+01	1.9062273e-01
1.9688372e+01	4.7575843e-02
1.9710181e+01	-1.5406044e-01
1.9731990e+01	1.6833286e-02
1.9753799e+01	-8.0777674e-02
1.9775608e+01	-1.1252483e-01
1.9797416e+01	1.9544889e-01
1.9819225e+01	-7.0967343e-02
1.9841034e+01	1.7282896e-01
1.9862843e+01	1.6051482e-01
1.9884652e+01	2.4506536e-01
1.9906461e+01	8.5470867e-02
1.9928270e+01	-8.6276900e-02
1.9950079e+01	-4.3737207e-01
1.9971888e+01	-1.3317184e-01
1.9993697e+01	4.2511664e-02
2.0015506e+01	6.3267809e-03
2.0037315e+01	1.4371329e-03
2.0059124e+01	1.0451386e-01
2.0080933e+01	7.6133427e-01
2.0102742e+01	1.9306381e+00
2.0124551e+01	3.5534126e+00
2.0146359e+01	4.6965732e+00
2.0168168e+01	5.2655972e+00
2.0189977e+01	5.3397331e+00
2.0211786e+01	5.5254601e+00
2.0233595e+01	6.0936926e+00
2.0255404e+01	7.1791739e+00
2.0277213e+01	8.4736765e+00
2.0299022e+01	1.0148337e+01
2.0320831e+01	1.1889633e+01
2.0342640e+01	1.2998243e+01
2.0364449e+01	1.3738686e+01
2.0386258e+01	1.3585360e+01
2.0408067e+01	1.2063273e+01
2.0429876e+01	1.0162945e+01
2.0451685e+01	9.1377516e+00
2.0473494e+01	9.0842632e+00
2.0495302e+01	8.6158575e+00
2.0517111e+01	8.5778429e+00
2.0538920e+01	7.9431778e+00
2.0560729e+01	6.7403405e+00
2.0582538e+01	5.3670794e+00
2.0604347e+01	4.5546009e+00
2.0626156e+01	2.6337543e+00
2.0647965e+01	1.2840899e+00
2.0669774e+01	2.2221512e-01
2.0691583e+01	-2.3384683e-02
2.0713392e+01	1.3883025e-02
2.0735201e+01	-1.3218574e-02
2.0757010e+01	-2.3853604e-01
2.0778819e+01	-1.1111913e-02
2.0800628e+01	2.3036735e-01
2.0822437e+01	1.7259015e-01
2.0844245e+01	-1.3945876e-01
2.0866054e+01	-4.7186015e-02
2.0887863e+01	1.3579683e-01
2.0909672e+01	5.2803974e-02
2.0931481e+01	-1.1924187e-01
2.0953290e+01	-1.5934062e-02
2.0975099e+01	-2.6416934e-02
2.0996908e+01	-3.0051935e-01
2.1018717e+01	-2.4449952e-01
2.1040526e+01	-2.1268840e-01
2.1062335e+01	1.2878916e-02
2.1084144e+01	6.6108719e-02
2.1105953e+01	1.4783893e-01
2.1127762e+01	1.1195284e-01
2.1149571e+01	1.4761008e-01
2.1171380e+01	2.0150742e-01
2.1193188e+01	-5.8721190e-03
2.1214997e+01	1.8289246e-02
2.1236806e+01	-2.8493244e-02
2.1258615e+01	1.0006346e-01
2.1280424e+01	8.6995126e-01
2.1302233e+01	1.6880337e+00
2.1324042e+01	3.0133033e+00
2.1345851e+01	5.9307622e+00
2.1367660e+01	9.3514029e+00
2.1389469e+01	1.1671968e+01
2.1411278e+01	1.2485399e+01
2.1433087e+01	1.2344510e+01
2.1454896e+01	1.1668791e+01
2.1476705e+01	1.1430096e+01
2.1498514e+01	1.1940118e+01
2.1520323e+01	1.2530097e+01
2.1542132e+01	1.3617918e+01
2.1563940e+01	1.4261621e+01
2.1585749e+01	1.3670500e+01
2.1607558e+01	1.3212687e+01
2.1629367e+01	1.2313544e+01
2.1651176e+01	9.5329440e+00
2.1672985e+01	5.5438587e+00
2.1694794e+01	2.4026918e+00
2.1716603e+01	1.1421926e+00
2.1738412e+01	6.2766341e-01
2.1760221e+01	4.1125713e-02
2.1782030e+01	-3.8027792e-01
2.1803839e+01	-5.7227692e-02
2.1825648e+01	1.7274512e-01
2.1847457e+01	2.5338714e-02
2.1869266e+01	-1.8896351e-02
2.1891075e+01	-2.1561849e-02
2.1912883e+01	4.2405833e-03
2.1934692e+01	-2.6812772e-02
2.1956501e+01	2.6442717e-03
2.1978310e+01	1.2812475e-01
2.2000119e+01	2.5724371e-01
2.2021928e+01	1.0715642e-02
2.2043737e+01	4.0077934e-02
2.2065546e+01	-1.0246447e-01
2.2087355e+01	-4.6657749e-02
2.2109164e+01	-5.6380415e-02
2.2130973e+01	-1.0229483e-01
2.2152782e+01	-3.0247708e-01
2.2174591e+01	1.2763669e-01
2.2196400e+01	2.4925591e-01
2.2218209e+01	1.2154669e-01
2.2240018e+01	3.6025310e-01
2.2261826e+01	-4.4863872e-02
2.2283635e+01	-9.1004717e-02
2.2305444e+01	4.6359472e-02
2.2327253e+01	-2.0580483e-01
2.2349062e+01	-3.9168199e-02
2.2370871e+01	-1.0544326e-01
2.2392680e+01	4.0472883e-02
2.2414489e+01	1.2707412e-01
2.2436298e+01	1.6554712e-01
2.2458107e+01	1.3114082e-01
2.2479916e+01	-2.1380638e-02
2.2501725e+01	-1.1471461e-01
2.2523534e+01	-8.7595641e-03
2.2545343e+01	-1.4150590e-01
2.2567152e+01	-2.6797446e-01
2.2588961e+01	1.8572526e-01
2.2610769e+01	2.0796512e-01
2.2632578e+01	8.6449642e-02
2.2654387e+01	-4.0681695e-02
2.2676196e+01	-1.9807818e-01
2.2698005e+01	-1.7099132e-02
2.2719814e+01	1.7549150e-01
2.2741623e+01	-5.7453987e-02
2.2763432e+01	1.0055214e-01
2.2785241e+01	2.0255565e-01
2.2807050e+01	-1.0707175e-01
2.2828859e+01	-1.1139209e-01
2.2850668e+01	-2.3543612e-01
2.2872477e+01	2.0520692e-02
2.2894286e+01	1.5967561e-01
2.2916095e+01	2.2683577e-02
2.2937904e+01	1.5239107e-03
2.2959712e+01	4.4707778e-02
2.2981521e+01	1.3181964e-01
2.3003330e+01	9.1738550e-02
2.3025139e+01	7.3600141e-03
2.3046948e+01	-1.1195029e-01
2.3068757e+01	-2.3523053e-01
2.3090566e+01	-5.9682959e-02
2.3112375e+01	-1.6241698e-01
2.3134184e+01	-5.6504653e-02
2.3155993e+01	2.6484645e-01
2.3177802e+01	6.6305514e-01
2.3199611e+01	8.0570552e-01
2.3221420e+01	9.9758627e-01
2.3243229e+01	6.9667627e-01
2.3265038e+01	2.4263325e-01
2.3286847e+01	-1.5830790e-01
2.3308655e+01	-6.4082886e-02
2.3330464e+01	-1.7837492e-01
2.3352273e+01	6.8606779e-02
2.3374082e+01	2.5100551e-01
2.3395891e+01	-1.4022302e-03
2.3417700e+01	1.3242701e-01
2.3439509e+01	1.8658933e-01
2.3461318e+01	2.3166046e-01
2.3483127e+01	1.3864683e-01
2.3504936e+01	-1.4651108e-01
2.3526745e+01	-4.9231378e-01
2.3548554e+01	-1.8791260e-01
2.3570363e+01	2.1731959e-01
2.3592172e+01	6.8124437e-01
2.3613981e+01	2.3016379e+00
2.3635790e+01	5.1548404e+00
2.3657599e+01	7.7587462e+00
2.3679407e+01	9.5915557e+00
2.3701216e+01	1.0531800e+01
2.3723025e+01	1.0762452e+01
2.3744834e+01	1.0076197e+01
2.3766643e+01	9.6958550e+00
2.3788452e+01	1.0441127e+01
2.3810261e+01	1.1368520e+01
2.3832070e+01	1.2346354e+01
2.3853879e+01	1.3449240e+01
2.3875688e+01	1.3852226e+01
2.3897497e+01	1.2790272e+01
2.3919306e+01	1.1652092e+01
2.3941115e+01	1.0494381e+01
2.3962924e+01	8.0798861e+00
2.3984733e+01	4.4446941e+00
2.4006542e+01	1.4154840e+00
2.4028350e+01	2.3983502e-01
2.4050159e+01	1.6045258e-01
2.4071968e+01	-2.9565775e-02
2.4093777e+01	-6.2219465e-02
2.4115586e+01	-1.3105033e-01
2.4137395e+01	-3.9736131e-01
2.4159204e+01	-1.7244364e-01
2.4181013e+01	1.4048484e-01
2.4202822e+01	1.7544802e-01
2.4224631e+01	5.4541563e-02
2.4246440e+01	-2.6529267e-02
2.4268249e+01	1.0958834e-01
2.4290058e+01	-7.1110399e-02
2.4311867e+01	7.0576399e-02
2.4333676e+01	-1.2297408e-01
2.4355485e+01	-8.2421126e-02
2.4377293e+01	2.7601243e-01
2.4399102e+01	1.3476615e-01
2.4420911e+01	3.1744662e-02
2.4442720e+01	9.9812874e-02
2.4464529e+01	-7.8794179e-02
2.4486338e+01	-4.5295673e-02
2.4508147e+01	-2.2411832e-01
2.4529956e+01	3.8257955e-02
2.4551765e+01	-8.6067373e-02
2.4573574e+01	1.5337737e-01
2.4595383e+01	3.7870782e-01
2.4617192e+01	4.4194913e-01
2.4639001e+01	4.3309790e-01
2.4660810e+01	1.1333797e-01
2.4682619e+01	-4.2007066e-02
2.4704428e+01	1.1351937e-01
2.4726236e+01	-2.1927199e-01
2.4748045e+01	-2.1150921e-01
2.4769854e+01	-1.0910348e-01
2.4791663e+01	-8.1603897e-02
2.4813472e+01	1.3194943e-01
2.4835281e+01	9.6878550e-02
2.4857090e+01	-1.0981310e-01
2.4878899e+01	-8.4474801e-03
2.4900708e+01	-1.1714884e-02
2.4922517e+01	-2.0862435e-02
2.4944326e+01	9.7867076e-03
2.4966135e+01	-1.9711399e-01
2.4987944e+01	-8.8848629e-02
2.5009753e+01	1.3328290e-01
2.5031562e+01	-2.8655620e-02
2.5053371e+01	1.2723702e-02
2.5075179e+01	2.0120400e-01
2.5096988e+01	2.4359119e-01
2.5118797e+01	-8.1433061e-02
2.5140606e+01	5.7813858e-02
2.5162415e+01	1.2003013e-02
2.5184224e+01	-8.0869437e-03
2.5206033e+01	-1.2553961e-01
2.5227842e+01	4.1299560e-01
2.5249651e+01	3.2405525e-01
2.5271460e+01	1.2075033e-02
2.5293269e+01	1.6618357e-01
2.5315078e+01	3.5845832e-02
2.5336887e+01	-2.9090851e-02
2.5358696e+01	-2.6746001e-01
2.5380505e+01	-1.4902745e-01
2.5402314e+01	-9.7239724e-02
2.5424123e+01	1.7850470e-01
2.5445931e+01	-1.3565521e-01
2.5467740e+01	-9.5350146e-02
2.5489549e+01	1.3587146e-01
2.5511358e+01	1.1208163e-01
2.5533167e+01	-4.8384478e-03
2.5554976e+01	-1.5088555e-01
2.5576785e+01	-1.4223741e-01
2.5598594e+01	4.9116254e-02
2.5620403e+01	9.5741419e-02
2.5642212e+01	3.8417873e-02
2.5664021e+01	1.6349082e-01
2.5685830e+01	2.9161434e-01
2.5707639e+01	-4.8332614e-02
2.5729448e+01	-7.9377825e-02
2.5751257e+01	-3.2949083e-02
2.5773066e+01	-4.9313251e-02
2.5794874e+01	-2.0245889e-01
2.5816683e+01	-1.6175288e-01
2.5838492e+01	-1.5873971e-01
2.5860301e+01	1.0200844e-01
2.5882110e+01	3.5234629e-01
2.5903919e+01	5.5916537e-01
2.5925728e+01	5.5768118e-01
2.5947537e+01	4.9616638e-01
2.5969346e+01	3.2248769e-01
2.5991155e+01	9.6610000e-02
2.6012964e+01	-7.8839128e-03
2.6034773e+01	-8.6817143e-02
2.6056582e+01	-1.1990837e-01
2.6078391e+01	8.0499692e-02
2.6100200e+01	4.4258560e-02
2.6122009e+01	1.2868415e-01
2.6143817e+01	4.7026687e-01
2.6165626e+01	8.2034423e-01
2.6187435e+01	1.0917125e+00
2.6209244e+01	1.3512179e+00
2.6231053e+01	1.2419169e+00
2.6252862e+01	5.5180760e-01
2.6274671e+01	-4.5610564e-02
2.6296480e+01	-4.7278726e-01
2.6318289e+01	-8.3902843e-02
2.6340098e+01	7.7521897e-02
2.6361907e+01	9.6809797e-01
2.6383716e+01	1.7350341e+00
2.6405525e+01	2.4697040e+00
2.6427334e+01	2.9279432e+00
2.6449143e+01	2.8097621e+00
2.6470952e+01	2.2387005e+00
2.6492760e+01	1.7896099e+00
2.6514569e+01	1.3350008e+00
2.6536378e+01	4.0860093e-01
2.6558187e+01	1.4767571e-01
2.6579996e+01	2.4423925e-01
2.6601805e+01	7.7558916e-01
2.6623614e+01	1.5137591e+00
2.6645423e+01	1.7144614e+00
2.6667232e+01	2.3171330e+00
2.6689041e+01	2.8828851e+00
2.6710850e+01	2.8532461e+00
2.6732659e+01	1.9181999e+00
2.6754468e+01	8.6936677e-01
2.6776277e+01	2.8940896e-02
2.6798086e+01	-7.1569801e-02
2.6819895e+01	-1.5638827e-01
2.6841703e+01	1.9953717e-01
2.6863512e+01	7.1353868e-01
2.6885321e+01	1.1244001e+00
2.6907130e+01	1.8277062e+00
2.6928939e+01	1.9965916e+00
2.6950748e+01	1.9170838e+00
2.6972557e+01	2.0774875e+00
2.6994366e+01	1.7653853e+00
2.7016175e+01	1.2820649e+00
2.7037984e+01	6.6195095e-01
2.7059793e+01	1.0590900e-01
2.7081602e+01	-8.5566541e-03
2.7103411e+01	-7.6268172e-02
2.7125220e+01	-1.0934591e-01
2.7147029e+01	-1.4827097e-01
2.7168838e+01	-9.8146372e-02
2.7190646e+01	2.2371722e-02
2.7212455e+01	1.2501383e-01
2.7234264e+01	1.0995667e-01
2.7256073e+01	-2.0577926e-01
2.7277882e+01	-1.7513359e-01
2.7299691e+01	-1.1011486e-01
2.7321500e+01	1.8174779e-01
2.7343309e+01	1.9692897e-01
2.7365118e+01	2.3633893e-02
2.7386927e+01	-1.2074193e-01
2.7408736e+01	3.4261316e-02
2.7430545e+01	1.7470147e-01
2.7452354e+01	5.0483104e-01
2.7474163e+01	1.4739325e+00
2.7495972e+01	2.4086226e+00
2.7517781e+01	3.3081430e+00
2.7539590e+01	4.2796802e+00
2.7561398e+01	4.6479089e+00
2.7583207e+01	4.5831328e+00
2.7605016e+01	4.7994305e+00
2.7626825e+01	4.7413987e+00
2.7648634e+01	4.2295761e+00
2.7670443e+01	4.3163561e+00
2.7692252e+01	4.6840076e+00
2.7714061e+01	4.8740472e+00
2.7735870e+01	5.2174464e+00
2.7757679e+01	5.0973660e+00
2.7779488e+01	5.0258166e+00
2.7801297e+01	4.8080169e+00
2.7823106e+01	4.5189044e+00
2.7844915e+01	4.1632059e+00
2.7866724e+01	3.1165960e+00
2.7888533e+01	1.5598933e+00
2.7910341e+01	7.4704749e-01
2.7932150e+01	2.0172620e-01
2.7953959e+01	1.1467339e-01
2.7975768e+01	8.7295945e-02
2.7997577e+01	-1.7000173e-01
2.8019386e+01	-3.1891758e-01
2.8041195e+01	-2.9542824e-01
2.8063004e+01	-1.7289676e-01
2.8084813e+01	9.4535330e-02
2.8106622e+01	1.3120435e-01
2.8128431e+01	-6.2130884e-02
2.8150240e+01	7.3514947e-02
2.8172049e+01	1.2014013e-01
2.8193858e+01	2.4756504e-01
2.8215667e+01	5.7108030e-01
2.8237476e+01	1.3649969e+00
2.8259284e+01	2.7198364e+00
2.8281093e+01	4.0557163e+00
2.8302902e+01	4.8496660e+00
2.8324711e+01	5.6370972e+00
2.8346520e+01	6.3890112e+00
2.8368329e+01	6.3830096e+00
2.8390138e+01	6.1673480e+00
2.8411947e+01	5.9902537e+00
2.8433756e+01	6.2781264e+00
2.8455565e+01	6.4692335e+00
2.8477374e+01	6.3588566e+00
2.8499183e+01	6.2546791e+00
2.8520992e+01	6.5605775e+00
2.8542801e+01	6.4610824e+00
2.8564610e+01	5.8643203e+00
2.8586419e+01	5.5156116e+00
2.8608227e+01	5.3285170e+00
2.8630036e+01	4.6632398e+00
2.8651845e+01	3.2633396e+00
2.8673654e+01	1.7494369e+00
2.8695463e+01	6.0545620e-01
2.8717272e+01	1.9180703e-01
2.8739081e+01	2.9397316e-02
2.8760890e+01	-1.8968860e-01
2.8782699e+01	-7.7141416e-02
2.8804508e+01	6.9480854e-02
2.8826317e+01	-1.6913146e-01
2.8848126e+01	-5.1946499e-02
2.8869935e+01	1.4813590e-01
2.8891744e+01	-7.0650643e-02
2.8913553e+01	-3.4213060e-02
2.8935362e+01	4.2941682e-02
2.8957170e+01	5.0077038e-02
2.8978979e+01	9.1034529e-02
2.9000788e+01	-9.6782905e-03
2.9022597e+01	8.4212193e-02
2.9044406e+01	-8.5051255e-02
2.9066215e+01	6.6075290e-02
2.9088024e+01	-6.9619168e-02
2.9109833e+01	-1.0626417e-01
2.9131642e+01	-7.8110670e-02
2.9153451e+01	-1.6197292e-02
2.9175260e+01	-6.6897714e-04
2.9197069e+01	7.3200570e-02
2.9218878e+01	6.8550905e-02
2.9240687e+01	1.0173999e-01
2.9262496e+01	1.3546785e-01
2.9284305e+01	2.3554138e-02
2.9306113e+01	-7.3058850e-02
2.9327922e+01	6.0301044e-03
2.9349731e+01	-7.7626520e-02
2.9371540e+01	-1.5518987e-01
2.9393349e+01	-7.1571536e-02
2.9415158e+01	4.3423396e-02
2.9436967e+01	2.6786530e-02
2.9458776e+01	-1.1381742e-01
2.9480585e+01	1.1303887e-02
2.9502394e+01	-6.1953046e-02
2.9524203e+01	1.2838228e-01
2.9546012e+01	4.6577383e-02
2.9567821e+01	1.2127216e-01
2.9589630e+01	3.6605258e-02
2.9611439e+01	-1.4390220e-01
2.9633248e+01	8.7401861e-02
2.9655057e+01	2.1399371e-01
2.9676865e+01	-7.9861177e-02
2.9698674e+01	-1.3433860e-01
2.9720483e+01	-1.2614432e-01
2.9742292e+01	-1.4281575e-01
2.9764101e+01	2.5755985e-01
2.9785910e+01	5.7934821e-01
2.9807719e+01	9.0151688e-01
2.9829528e+01	1.1112534e+00
2.9851337e+01	8.0483768e-01
2.9873146e+01	7.1416755e-01
2.9894955e+01	8.3437699e-01
2.9916764e+01	5.0849297e-01
2.9938573e+01	1.8551615e-01
2.9960382e+01	-1.3886965e-01
2.9982191e+01	-9.1026439e-02
3.0004000e+01	-1.5447378e-01
3.0025808e+01	-1.0968594e-01
3.0047617e+01	-2.9672559e-02
3.0069426e+01	2.0303317e-01
3.0091235e+01	7.7813157e-02
3.0113044e+01	2.1162600e-01
3.0134853e+01	3.8744956e-01
3.0156662e+01	3.2271833e-01
3.0178471e+01	3.8855946e-01
3.0200280e+01	1.6487071e-01
3.0222089e+01	8.7135407e-03
3.0243898e+01	-4.0511249e-04
3.0265707e+01	-2.5596221e-01
3.0287516e+01	-2.9032221e-01
3.0309325e+01	-1.6484764e-01
3.0331134e+01	-3.4912667e-02
3.0352943e+01	-5.0932955e-02
3.0374751e+01	-3.0358243e-01
3.0396560e+01	-2.2262636e-01
3.0418369e+01	-1.9797637e-02
3.0440178e+01	1.8034352e-01
3.0461987e+01	9.8585057e-02
3.0483796e+01	1.8839158e-01
3.0505605e+01	3.5302014e-01
3.0527414e+01	3.5064111e-01
3.0549223e+01	5.4823026e-02
3.0571032e+01	-5.6320693e-02
3.0592841e+01	-8.4354348e-02
3.0614650e+01	-7.1820979e-02
3.0636459e+01	-1.6832378e-01
3.0658268e+01	8.7935025e-02
3.0680077e+01	-7.4793617e-03
3.0701886e+01	1.5350609e-01
3.0723694e+01	1.5345037e-01
3.0745503e+01	9.3720196e-02
3.0767312e+01	5.7317683e-02
3.0789121e+01	-1.4328916e-01
3.0810930e+01	1.4530062e-01
3.0832739e+01	1.6591175e-01
3.0854548e+01	-8.4101372e-02
3.0876357e+01	-2.0343743e-01
3.0898166e+01	-1.3869071e-01
3.0919975e+01	-1.5274349e-01
3.0941784e+01	2.2087387e-02
3.0963593e+01	1.8324607e-01
3.0985402e+01	1.8497735e-01
3.1007211e+01	3.6424531e-02
3.1029020e+01	-2.5483270e-02
3.1050829e+01	-1.8402400e-01
3.1072637e+01	-1.8886506e-01
3.1094446e+01	-2.9115027e-02
3.1116255e+01	-4.0636281e-02
3.1138064e+01	-3.7136516e-03
3.1159873e+01	-9.7294879e-03
3.1181682e+01	-8.0577548e-02
3.1203491e+01	-4.4941729e-02
3.1225300e+01	1.6604700e-01
3.1247109e+01	8.9818627e-02
3.1268918e+01	3.5110227e-02
3.1290727e+01	1.1219743e-01
3.1312536e+01	4.3005379e-02
3.1334345e+01	7.1421547e-02
3.1356154e+01	1.0486837e-01
3.1377963e+01	2.1215905e-01
3.1399772e+01	2.6770796e-02
3.1421580e+01	-2.0905032e-01
3.1443389e+01	-2.6506605e-01
3.1465198e+01	-3.9683406e-01
3.1487007e+01	-3.4214555e-02
3.1508816e+01	2.3790903e-01
3.1530625e+01	-7.2872474e-03
3.1552434e+01	-8.8000577e-02
3.1574243e+01	1.9911041e-01
3.1596052e+01	1.6707350e-01
3.1617861e+01	9.8445979e-02
3.1639670e+01	7.4251274e-02
3.1661479e+01	4.5173746e-02
3.1683288e+01	-1.0316730e-01
3.1705097e+01	-5.0439350e-02
3.1726906e+01	-5.7354838e-02
3.1748715e+01	-1.7444797e-01
3.1770524e+01	5.8964794e-02
3.1792332e+01	1.8251753e-01
3.1814141e+01	4.5329768e-03
3.1835950e+01	-2.2157969e-01
3.1857759e+01	-9.4242104e-02
3.1879568e+01	8.2912903e-02
3.1901377e+01	-8.9403999e-02
3.1923186e+01	7.0124423e-02
3.1944995e+01	1.8248960e-01
3.1966804e+01	3.5071341e-02
3.1988613e+01	4.3713639e-02
3.2010422e+01	2.5806288e-02
3.2032231e+01	-4.8374083e-03
3.2054040e+01	1.0056501e-01
3.2075849e+01	1.1547602e-01
3.2097658e+01	-1.7586411e-02
3.2119467e+01	-6.6857334e-02
3.2141275e+01	-1.3698530e-01
3.2163084e+01	-2.2129736e-01
3.2184893e+01	-1.9339195e-01
3.2206702e+01	-7.0757136e-02
3.2228511e+01	-1.2604861e-02
3.2250320e+01	1.2596046e-01
3.2272129e+01	1.3284499e-01
3.2293938e+01	-9.1839626e-03
3.2315747e+01	6.1965529e-02
3.2337556e+01	1.9444110e-01
3.2359365e+01	1.5564414e-01
3.2381174e+01	1.2819540e-01
3.2402983e+01	-5.7126508e-02
3.2424792e+01	-3.1567373e-01
3.2446601e+01	-2.0507432e-01
3.2468410e+01	-1.7752989e-01
3.2490218e+01	-4.4205013e-03
3.2512027e+01	1.4722510e-01
3.2533836e+01	1.2587729e-01
3.2555645e+01	9.0950214e-02
3.2577454e+01	-9.3792507e-03
3.2599263e+01	-8.7924437e-02
3.2621072e+01	1.9838753e-01
3.2642881e+01	2.3966638e-01
3.2664690e+01	3.1573331e-01
3.2686499e+01	3.5691917e-02
3.2708308e+01	-1.3626651e-01
3.2730117e+01	-2.4230945e-01
3.2751926e+01	-1.4782076e-01
3.2773735e+01	-7.1130430e-02
3.2795544e+01	-3.7578631e-02
3.2817353e+01	-9.1771550e-02
3.2839161e+01	7.3882195e-02
3.2860970e+01	8.3201282e-03
3.2882779e+01	8.8589820e-02
3.2904588e+01	4.5570054e-02
3.2926397e+01	2.1050147e-02
3.2948206e+01	3.3590495e-02
3.2970015e+01	9.7545885e-03
3.2991824e+01	5.6359812e-02
3.3013633e+01	3.7594057e-02
3.3035442e+01	-2.8317230e-02
3.3057251e+01	-1.8750427e-02
3.3079060e+01	-8.4266938e-02
3.3100869e+01	-7.2227896e-02
3.3122678e+01	-1.0832506e-02
3.3144487e+01	1.5929258e-01
3.3166296e+01	3.5408310e-02
3.3188104e+01	-2.3000593e-01
3.3209913e+01	-1.7226210e-01
3.3231722e+01	-9.3382483e-02
3.3253531e+01	1.0759933e-01
3.3275340e+01	6.2060620e-02
3.3297149e+01	3.5020982e-02
3.3318958e+01	9.4842638e-02
3.3340767e+01	1.5895527e-01
3.3362576e+01	2.6429608e-01
3.3384385e+01	8.5554564e-02
3.3406194e+01	-5.5922108e-02
3.3428003e+01	-1.2524739e-01
3.3449812e+01	-2.8847575e-01
3.3471621e+01	-1.7260442e-01
3.3493430e+01	-1.2511084e-01
3.3515239e+01	-4.4695337e-02
3.3537047e+01	6.5194458e-02
3.3558856e+01	2.5312067e-01
3.3580665e+01	2.7440187e-01
3.3602474e+01	1.1383468e-01
3.3624283e+01	8.9995678e-02
3.3646092e+01	1.9558665e-01
3.3667901e+01	4.4116196e-02
3.3689710e+01	-2.8377963e-02
3.3711519e+01	-1.3185793e-01
3.3733328e+01	-2.3455580e-01
3.3755137e+01	-2.6159504e-01
3.3776946e+01	-1.8560472e-01
3.3798755e+01	3.6108784e-02
3.3820564e+01	-3.5997360e-02
3.3842373e+01	2.2904641e-01
3.3864182e+01	3.5825252e-01
3.3885991e+01	6.4764638e-02
3.3907799e+01	1.7127809e-02
3.3929608e+01	7.1704690e-02
3.3951417e+01	-6.7032658e-02
3.3973226e+01	-7.8368094e-04
3.3995035e+01	-8.2546881e-04
3.4016844e+01	-8.7076034e-02
3.4038653e+01	5.1240082e-02
3.4060462e+01	-4.7207077e-02
3.4082271e+01	-1.2443865e-02
3.4104080e+01	7.3587843e-02
3.4125889e+01	-3.2101590e-02
3.4147698e+01	-5.4065096e-02
3.4169507e+01	2.8939546e-01
3.4191316e+01	1.4772328e-01
3.4213125e+01	-1.7428482e-01
3.4234934e+01	-5.1751379e-03
3.4256742e+01	-1.1227386e-01
3.4278551e+01	-2.0724594e-01
3.4300360e+01	-1.0179059e-01
3.4322169e+01	2.2171890e-01
3.4343978e+01	1.0667644e-01
3.4365787e+01	4.4950532e-02
3.4387596e+01	-1.1794140e-01
3.4409405e+01	1.9123653e-02
3.4431214e+01	1.6282737e-01
3.4453023e+01	-1.1037249e-01
3.4474832e+01	-6.6556501e-02
3.4496641e+01	8.8181079e-02
3.4518450e+01	1.1726462e-02
3.4540259e+01	4.1077703e-02
3.4562068e+01	-3.9830202e-02
3.4583877e+01	-2.0335478e-02
3.4605685e+01	-7.2243734e-02
3.4627494e+01	-1.4458652e-01
3.4649303e+01	8.0471769e-04
3.4671112e+01	2.1569652e-01
3.4692921e+01	1.7663968e-01
3.4714730e+01	1.0389289e-01
3.4736539e+01	-1.3005977e-01
3.4758348e+01	-1.2845486e-01
3.4780157e+01	-1.2474225e-01
3.4801966e+01	-2.7833610e-02
3.4823775e+01	1.0160078e-01
3.4845584e+01	1.5018851e-01
3.4867393e+01	1.3908828e-01
3.4889202e+01	-8.0933044e-02
3.4911011e+01	-2.3146418e-01
3.4932820e+01	-1.0186105e-01
3.4954628e+01	-1.7303728e-01
3.4976437e+01	6.1966048e-02
3.4998246e+01	1.9856039e-01
3.5020055e+01	1.3085690e-01
3.5041864e+01	1.6813995e-01
3.5063673e+01	-6.3535784e-02
3.5085482e+01	6.1284540e-02
3.5107291e+01	6.4519547e-02
3.5129100e+01	6.1394030e-02
3.5150909e+01	-7.8447570e-02
3.5172718e+01	-1.1825925e-01
3.5194527e+01	-2.2365110e-01
3.5216336e+01	-2.3895293e-01
3.5238145e+01	-3.8198722e-02
3.5259954e+01	-1.2720649e-01
3.5281763e+01	5.5273980e-02
3.5303571e+01	1.1537348e-01
3.5325380e+01	2.4461720e-01
3.5347189e+01	2.3359257e-01
3.5368998e+01	2.1165100e-01
3.5390807e+01	3.5780616e-01
3.5412616e+01	3.9137326e-02
3.5434425e+01	-3.0111807e-02
3.5456234e+01	-1.0710348e-01
3.5478043e+01	-2.2309017e-01
3.5499852e+01	-2.7639303e-01
3.5521661e+01	-1.2143408e-01
3.5543470e+01	-1.1816312e-02
3.5565279e+01	2.5025404e-02
3.5587088e+01	6.5274529e-02
3.5608897e+01	1.4149261e-01
3.5630706e+01	1.0134007e-02
3.5652514e+01	6.7811172e-02
3.5674323e+01	2.7397846e-01
3.5696132e+01	2.2126560e-01
3.5717941e+01	-5.2356182e-02
3.5739750e+01	4.1166988e-02
3.5761559e+01	2.2276092e-02
3.5783368e+01	-1.6083007e-01
3.5805177e+01	-2.0105230e-01
3.5826986e+01	-1.8834386e-01
3.5848795e+01	4.5711499e-02
3.5870604e+01	9.4212842e-02
3.5892413e+01	2.0696764e-01
3.5914222e+01	1.0702227e-01
3.5936031e+01	-2.0998183e-01
3.5957840e+01	-1.1020941e-01
3.5979649e+01	-1.4936004e-01
3.6001458e+01	3.6200591e-02
3.6023266e+01	-1.3726004e-01
3.6045075e+01	3.9594889e-02
3.6066884e+01	3.4661977e-02
3.6088693e+01	-4.9541301e-02
3.6110502e+01	-5.7109099e-02
3.6132311e+01	1.0278771e-01
3.6154120e+01	1.0942478e-01
3.6175929e+01	2.3569469e-01
3.6197738e+01	5.3413904e-02
3.6219547e+01	1.2287839e-01
3.6241356e+01	1.0604990e-01
3.6263165e+01	-1.2107393e-01
3.6284974e+01	-3.7862642e-01
3.6306783e+01	-1.4647178e-01
3.6328592e+01	-6.6901374e-02
3.6350401e+01	1.3302832e-01
3.6372209e+01	1.0779803e-02
3.6394018e+01	9.8885546e-02
3.6415827e+01	-7.4803557e-02
3.6437636e+01	4.2476115e-02
3.6459445e+01	2.1494361e-01
3.6481254e+01	1.7942845e-01
3.6503063e+01	-1.5635540e-02
3.6524872e+01	-6.9719714e-02
3.6546681e+01	5.5760086e-02
3.6568490e+01	4.8605959e-02
3.6590299e+01	-3.0093465e-01
3.6612108e+01	6.3122353e-02
3.6633917e+01	-5.8028105e-03
3.6655726e+01	7.0751698e-02
3.6677535e+01	-8.4633142e-02
3.6699344e+01	-1.1212058e-01
3.6721152e+01	2.3732614e-03
3.6742961e+01	9.2298870e-02
3.6764770e+01	5.3641753e-02
3.6786579e+01	2.1541243e-01
3.6808388e+01	5.0176733e-03
3.6830197e+01	-3.3061439e-02
3.6852006e+01	-2.7355790e-02
3.6873815e+01	-2.7775521e-01
3.6895624e+01	-1.8399560e-01
3.6917433e+01	-5.7992412e-02
3.6939242e+01	1.0040274e-01
3.6961051e+01	6.1496237e-02
3.6982860e+01	6.1615229e-02
3.7004669e+01	1.0052106e-01
3.7026478e+01	2.3671434e-01
3.7048287e+01	2.7759667e-01
3.7070095e+01	1.3459789e-01
3.7091904e+01	-1.6187418e-01
3.7113713e+01	-4.1240220e-01
3.7135522e+01	-1.4471545e-01
3.7157331e+01	2.4982502e-02
3.7179140e+01	8.0816426e-02
3.7200949e+01	7.8058590e-02
3.7222758e+01	2.2506305e-02
3.7244567e+01	4.8755114e-02
3.7266376e+01	1.2616129e-01
3.7288185e+01	8.7955856e-02
3.7309994e+01	-8.9502377e-02
3.7331803e+01	-2.2430542e-01
3.7353612e+01	-2.5992380e-01
3.7375421e+01	-7.3569376e-02
3.7397230e+01	1.3405699e-01
3.7419038e+01	2.1081074e-01
3.7440847e+01	3.6015480e-02
3.7462656e+01	7.9160692e-01
3.7484465e+01	1.6229733e+00
3.7506274e+01	1.9265149e+00
3.7528083e+01	1.5315290e+00
3.7549892e+01	1.2870170e+00
3.7571701e+01	1.2718083e+00
3.7593510e+01	1.4256941e+00
3.7615319e+01	1.2206778e+00
3.7637128e+01	7.3601665e-01
3.7658937e+01	2.2213203e-01
3.7680746e+01	1.1290257e-02
3.7702555e+01	-7.5708791e-02
3.7724364e+01	-1.8880779e-01
3.7746173e+01	-2.1820080e-01
3.7767981e+01	-1.6051260e-01
3.7789790e+01	-1.3203581e-01
3.7811599e+01	2.0791895e-01
3.7833408e+01	2.8510161e-01
3.7855217e+01	2.4337433e-01
3.7877026e+01	8.2147806e-02
3.7898835e+01	1.3039717e-01
3.7920644e+01	2.1621812e-01
3.7942453e+01	1.2909204e-01
3.7964262e+01	2.7950369e-01
3.7986071e+01	-3.4351884e-02
3.8007880e+01	-1.9484796e-01
3.8029689e+01	-3.0988381e-01
3.8051498e+01	-4.4391301e-01
3.8073307e+01	9.3324280e-04
3.8095116e+01	6.8607864e-02
3.8116925e+01	-3.2833293e-02
3.8138733e+01	7.9294818e-02
3.8160542e+01	-1.6170831e-01
3.8182351e+01	-4.9339404e-02
3.8204160e+01	4.8718667e-02
3.8225969e+01	-1.8116424e-02
3.8247778e+01	-1.2444062e-02
3.8269587e+01	1.9772152e-01
3.8291396e+01	1.7086835e-01
3.8313205e+01	1.8518415e-01
3.8335014e+01	-1.3858722e-01
3.8356823e+01	-1.2381736e-01
3.8378632e+01	5.0054098e-02
3.8400441e+01	9.9429116e-02
3.8422250e+01	1.1744644e-01
3.8444059e+01	-1.0014990e-02
3.8465868e+01	-9.2413824e-02
3.8487676e+01	-1.1656133e-01
3.8509485e+01	-1.7839623e-01
3.8531294e+01	2.1615441e-01
3.8553103e+01	2.4226702e-02
3.8574912e+01	-3.6062026e-02
3.8596721e+01	-4.6180856e-02
3.8618530e+01	4.3970172e-02
3.8640339e+01	-1.2314713e-02
3.8662148e+01	-6.8641259e-02
3.8683957e+01	8.0730722e-02
3.8705766e+01	3.0678403e-02
3.8727575e+01	9.9819793e-02
3.8749384e+01	-1.5286262e-01
3.8771193e+01	-8.9430784e-02
3.8793002e+01	-5.2180712e-02
3.8814811e+01	-2.7385318e-02
3.8836619e+01	5.5153740e-02
3.8858428e+01	-1.3916273e-02
3.8880237e+01	1.6053526e-01
3.8902046e+01	2.1459824e-01
3.8923855e+01	-7.3611905e-02
3.8945664e+01	-8.1695780e-02
3.8967473e+01	1.5847695e-02
3.8989282e+01	-7.3916192e-02
3.9011091e+01	-1.1738520e-01
3.9032900e+01	1.1314975e-01
3.9054709e+01	1.2947085e-01
3.9076518e+01	-7.1247697e-02
3.9098327e+01	5.2788752e-02
3.9120136e+01	2.8938573e-01
3.9141945e+01	4.0586228e-02
3.9163754e+01	-4.5708633e-01
3.9185562e+01	-2.3016944e-01
3.9207371e+01	2.2689595e-02
3.9229180e+01	8.0387627e-02
3.9250989e+01	-2.8653848e-02
3.9272798e+01	-4.8992277e-02
3.9294607e+01	1.8024508e-01
3.9316416e+01	2.3068394e-01
3.9338225e+01	8.0039215e-02
3.9360034e+01	-5.6177428e-02
3.9381843e+01	1.6864914e-01
3.9403652e+01	-5.0474823e-03
3.9425461e+01	4.9412224e-02
3.9447270e+01	-5.7245243e-02
3.9469079e+01	-1.8502437e-01
3.9490888e+01	-2.3087356e-01
3.9512697e+01	-5.9080615e-03
3.9534505e+01	-1.2693850e-01
3.9556314e+01	1.0086139e-02
3.9578123e+01	3.0304150e-01
3.9599932e+01	4.1094704e-02
3.9621741e+01	1.4583626e-01
3.9643550e+01	-8.7376126e-02
3.9665359e+01	3.1184856e-02
3.9687168e+01	-2.1961901e-02
3.9708977e+01	9.3714175e-02
3.9730786e+01	1.2210190e-01
3.9752595e+01	9.6791179e-02
3.9774404e+01	4.4822367e-03
3.9796213e+01	-2.0030428e-01
3.9818022e+01	-1.0006485e-01
3.9839831e+01	-2.0627402e-02
3.9861640e+01	8.5716771e-02
3.9883449e+01	-5.8205824e-02
3.9905257e+01	-4.6549587e-02
3.9927066e+01	-6.7652817e-02
3.9948875e+01	-5.4459252e-02
3.9970684e+01	1.2708401e-02
3.9992493e+01	1.1523664e-01
4.0014302e+01	-1.2683873e-01
4.0036111e+01	2.0619867e-01
4.0057920e+01	8.7732514e-02
4.0079729e+01	-3.9160027e-02
4.0101538e+01	3.9335656e-02
4.0123347e+01	-2.2789655e-01
4.0145156e+01	5.6191728e-02
4.0166965e+01	2.0163823e-01
4.0188774e+01	-8.5637208e-02
4.0210583e+01	-3.6406891e-02
4.0232392e+01	-2.9819952e-01
4.0254200e+01	8.1817304e-03
4.0276009e+01	2.1651662e-01
4.0297818e+01	5.8890709e-02
4.0319627e+01	7.4496952e-02
4.0341436e+01	1.5569367e-02
4.0363245e+01	-5.6678132e-02
4.0385054e+01	1.6998657e-01
4.0406863e+01	9.3293772e-02
4.0428672e+01	3.2544343e-02
4.0450481e+01	-3.7268111e-01
4.0472290e+01	-1.1775541e-01
4.0494099e+01	8.4579321e-02
4.0515908e+01	-1.2208458e-01
4.0537717e+01	2.2520841e-01
4.0559526e+01	4.2755163e-01
4.0581335e+01	2.2317616e-01
4.0603143e+01	-2.8050376e-01
4.0624952e+01	-8.7308620e-02
4.0646761e+01	-2.8020877e-02
4.0668570e+01	1.6007035e-01
4.0690379e+01	6.9863058e-02
4.0712188e+01	-5.1469773e-02
4.0733997e+01	2.1595881e-01
4.0755806e+01	-3.3749670e-02
4.0777615e+01	-1.4429182e-01
4.0799424e+01	8.3454772e-02
4.0821233e+01	-1.7702932e-01
4.0843042e+01	5.6624361e-02
4.0864851e+01	-2.6176109e-01
4.0886660e+01	-1.9400377e-01
4.0908469e+01	1.3979849e-01
4.0930278e+01	1.0290138e-01
4.0952086e+01	1.8162434e-01
4.0973895e+01	-3.6213946e-02
4.0995704e+01	2.0206313e-01
4.1017513e+01	5.7733227e-01
4.1039322e+01	1.5358568e-01
4.1061131e+01	2.9083966e-01
4.1082940e+01	-3.4223395e-01
4.1104749e+01	-1.0201299e-01
4.1126558e+01	-9.1563496e-02
4.1148367e+01	-2.5014916e-02
4.1170176e+01	1.0827350e-01
4.1191985e+01	6.3501445e-02
4.1213794e+01	7.1281375e-02
4.1235603e+01	-1.1564810e-01
4.1257412e+01	-1.2457200e-01
4.1279221e+01	3.1258778e-03
4.1301029e+01	5.5414534e-03
4.1322838e+01	2.8472364e-01
4.1344647e+01	1.8671900e-01
4.1366456e+01	-1.3018219e-01
4.1388265e+01	-1.3104220e-01
4.1410074e+01	-2.1890853e-01
4.1431883e+01	-9.8243236e-02
4.1453692e+01	1.4544039e-01
4.1475501e+01	-1.1629047e-02
4.1497310e+01	9.0962547e-02
4.1519119e+01	1.8493337e-01
4.1540928e+01	3.5460002e-03
4.1562737e+01	2.1063939e-02
4.1584546e+01	-1.1109432e-01
4.1606355e+01	8.3012377e-02
4.1628164e+01	-7.3075466e-02
4.1649972e+01	-3.1048102e-01
4.1671781e+01	2.0714367e-02
4.1693590e+01	-8.2105359e-02
4.1715399e+01	4.3912015e-02
4.1737208e+01	2.3716356e-01
4.1759017e+01	4.1210030e-01
4.1780826e+01	7.7410583e-02
4.1802635e+01	-1.6221356e-01
4.1824444e+01	5.1967351e-02
4.1846253e+01	1.0727650e-01
4.1868062e+01	2.6521266e-01
4.1889871e+01	4.6317235e-01
4.1911680e+01	2.5835585e-02
4.1933489e+01	-1.5951063e-02
4.1955298e+01	-5.4698839e-02
4.1977107e+01	-1.4955795e-01
4.1998916e+01	1.4642060e-01
4.2020724e+01	3.0867857e-01
4.2042533e+01	-2.5272883e-01
4.2064342e+01	-1.9228375e-01
4.2086151e+01	-1.5185517e-01
4.2107960e+01	4.4435079e-02
4.2129769e+01	4.8439558e-02
4.2151578e+01	-1.0422059e-01
4.2173387e+01	-1.0363909e-01
4.2195196e+01	-1.7386344e-01
4.2217005e+01	1.7586764e-01
4.2238814e+01	1.0001650e-01
4.2260623e+01	8.5252578e-03
4.2282432e+01	6.2709527e-01
4.2304241e+01	4.8946838e-01
4.2326050e+01	4.0834527e-01
4.2347859e+01	5.8968660e-01
4.2369667e+01	-1.7305318e-02
4.2391476e+01	-1.2488089e-01
4.2413285e+01	5.0336541e-02
4.2435094e+01	5.6453586e-02
4.2456903e+01	-1.9920203e-02
4.2478712e+01	7.9668431e-02
4.2500521e+01	2.0034988e-02
4.2522330e+01	8.0808294e-02
4.2544139e+01	7.4504080e-01
4.2565948e+01	1.3958147e+00
4.2587757e+01	1.2398025e+00
4.2609566e+01	8.7913402e-01
4.2631375e+01	9.8983586e-01
4.2653184e+01	1.2086870e+00
4.2674993e+01	1.2764653e+00
4.2696802e+01	1.5390166e+00
4.2718610e+01	1.3749735e+00
4.2740419e+01	8.6821989e-01
4.2762228e+01	6.6354657e-01
4.2784037e+01	1.2590443e-01
4.2805846e+01	6.3072479e-02
4.2827655e+01	-2.0302690e-01
4.2849464e+01	-2.3790887e-01
4.2871273e+01	2.2890972e-01
4.2893082e+01	5.2745204e-02
4.2914891e+01	1.1957486e-01
4.2936700e+01	-1.1747417e-01
4.2958509e+01	-9.2301100e-02
4.2980318e+01	-1.5042806e-01
4.3002127e+01	7.0178608e-02
4.3023936e+01	4.7596306e-02
4.3045745e+01	-4.4199783e-02
4.3067553e+01	2.8058628e-02
4.3089362e+01	-5.2934934e-02
4.3111171e+01	1.3528747e-01
4.3132980e+01	1.9126517e-01
4.3154789e+01	-1.1498428e-01
4.3176598e+01	-1.7610583e-01
4.3198407e+01	4.0698587e-02
4.3220216e+01	-5.5039077e-02
4.3242025e+01	-3.3319562e-02
4.3263834e+01	1.7083994e-01
4.3285643e+01	-1.2365413e-01
4.3307452e+01	-1.1566150e-01
4.3329261e+01	9.3487237e-02
4.3351070e+01	1.2838912e-01
4.3372879e+01	-2.4495356e-02
4.3394688e+01	1.4001047e-01
4.3416496e+01	-4.7011081e-02
4.3438305e+01	-5.3827444e-02
4.3460114e+01	1.2844491e-01
4.3481923e+01	1.6845964e-01
4.3503732e+01	-4.3856129e-02
4.3525541e+01	-3.0571910e-01
4.3547350e+01	-1.1217419e-01
4.3569159e+01	1.0631928e-01
4.3590968e+01	-2.7234621e-02
4.3612777e+01	5.6515410e-03
4.3634586e+01	6.3745118e-02
4.3656395e+01	1.6960443e-01
4.3678204e+01	-2.0373608e-01
4.3700013e+01	5.7825279e-02
4.3721822e+01	1.0002212e-01
4.3743631e+01	-2.9254270e-01
4.3765439e+01	1.1721677e-02
4.3787248e+01	1.4189949e-01
4.3809057e+01	2.2737907e-01
4.3830866e+01	-5.1104517e-02
4.3852675e+01	-1.4315028e-01
4.3874484e+01	-1.8685381e-01
4.3896293e+01	3.6700409e-02
4.3918102e+01	8.1225057e-02
4.3939911e+01	1.8205861e-01
4.3961720e+01	2.2825724e-01
4.3983529e+01	5.4299683e-02
4.4005338e+01	2.8256446e-01
4.4027147e+01	-2.8723334e-01
4.4048956e+01	-2.3689343e-01
4.4070765e+01	-4.2676107e-02
4.4092574e+01	-1.8096541e-01
4.4114383e+01	1.1861511e-01
4.4136191e+01	-1.7865327e-01
4.4158000e+01	-1.9895782e-01
4.4179809e+01	3.2861196e-01
4.4201618e+01	2.2816023e-01
4.4223427e+01	5.8628057e-01
4.4245236e+01	4.5280530e-01
4.4267045e+01	-8.1034450e-02
4.4288854e+01	1.3054402e-01
4.4310663e+01	5.9133356e-01
4.4332472e+01	3.3928216e-01
4.4354281e+01	9.8167020e-02
4.4376090e+01	4.6098225e-02
4.4397899e+01	-1.5682716e-01
4.4419708e+01	-3.2920485e-02
4.4441517e+01	-1.8809695e-01
4.4463326e+01	-2.8549944e-01
4.4485134e+01	3.9332478e-01
4.4506943e+01	3.8512301e-01
4.4528752e+01	2.3352047e-02
4.4550561e+01	8.6371235e-02
4.4572370e+01	7.8263567e-02
4.4594179e+01	5.9671684e-01
4.4615988e+01	5.5293839e-01
4.4637797e+01	4.4648774e-02
4.4659606e+01	1.9226121e-01
4.4681415e+01	6.1780647e-01
4.4703224e+01	2.2460670e-01
4.4725033e+01	-1.4148558e-01
4.4746842e+01	-6.0387163e-01
4.4768651e+01	3.8061896e-02
4.4790460e+01	1.3817441e-01
4.4812269e+01	-1.6484008e-02
4.4834077e+01	3.2845170e-02
4.4855886e+01	-9.5048749e-02
4.4877695e+01	-1.1604850e-02
4.4899504e+01	-8.6373816e-02
4.4921313e+01	1.9508597e-01
4.4943122e+01	7.0942309e-02
4.4964931e+01	3.2310411e-01
4.4986740e+01	-1.8360716e-01