Image file: \\Gfs05\g45\SAXS\2020_12\HDF5\2020-12.10_Kevin_day2_SN\2020-12-10_Max_Cu123_SN_000017_data_000108.h5
ImageIntegration1d_chi_output; Output_Directory= \\Gfs05\g45\SAXS\2020_12\Processed\2020-12-09_Kevin_day1_SN\Chi-Sample-7
Profile = Radial, StartAzimuth = 0.0, EndAzimuth = 360.0, Sam_Det_distance = 250.818474293, InnerRadius = 15.0, OuterRadius = 2400.0, Lambda = 30, Ratio = 0.001, Itermax = 100
2400
2.0013229e+00	-1.3058028e-01
2.0231319e+00	1.0823681e-01
2.0449408e+00	7.6188481e-02
2.0667497e+00	3.4360255e-02
2.0885587e+00	2.3067603e-01
2.1103676e+00	-1.0207377e-03
2.1321765e+00	-8.2469096e-02
2.1539855e+00	-1.4307790e-01
2.1757944e+00	-4.0862810e-02
2.1976034e+00	1.1158933e-01
2.2194123e+00	1.7153857e-01
2.2412212e+00	-1.9809980e-01
2.2630302e+00	-8.0179018e-02
2.2848391e+00	-4.2555817e-02
2.3066480e+00	8.2967843e-02
2.3284570e+00	1.6354293e-01
2.3502659e+00	5.7778618e-02
2.3720749e+00	6.6636109e-02
2.3938838e+00	4.4526255e-02
2.4156927e+00	8.2583736e-02
2.4375017e+00	-1.0454115e-01
2.4593106e+00	-2.5828635e-01
2.4811196e+00	-1.0674646e-02
2.5029285e+00	8.4293302e-02
2.5247374e+00	-3.0789084e-02
2.5465464e+00	2.1046271e-01
2.5683553e+00	-3.2546035e-02
2.5901642e+00	-6.8070214e-02
2.6119732e+00	1.2975061e-01
2.6337821e+00	9.7567558e-02
2.6555911e+00	2.5646831e-01
2.6774000e+00	-4.6295353e-02
2.6992089e+00	-2.3869573e-01
2.7210179e+00	7.6745582e-02
2.7428268e+00	2.2388497e-02
2.7646358e+00	-5.5827146e-02
2.7864447e+00	1.2016436e-01
2.8082536e+00	2.1098212e-02
2.8300626e+00	-2.1687811e-02
2.8518715e+00	-6.5944253e-02
2.8736804e+00	-1.0605323e-01
2.8954894e+00	1.2222939e-02
2.9172983e+00	1.7883587e-01
2.9391073e+00	7.7355613e-02
2.9609162e+00	1.8768713e-02
2.9827251e+00	2.9124509e-02
3.0045341e+00	-5.6332678e-02
3.0263430e+00	-2.9961846e-02
3.0481519e+00	-7.5187654e-02
3.0699609e+00	-6.7792554e-02
3.0917698e+00	9.0543955e-02
3.1135788e+00	1.5907578e-01
3.1353877e+00	-4.7361916e-03
3.1571966e+00	7.2604225e-02
3.1790056e+00	-1.7200009e-01
3.2008145e+00	-9.7251691e-02
3.2226235e+00	2.7199173e-02
3.2444324e+00	9.5788400e-05
3.2662413e+00	-1.1659313e-01
3.2880503e+00	1.1431494e-01
3.3098592e+00	-5.4071513e-03
3.3316681e+00	1.4712848e-01
3.3534771e+00	1.9115977e-01
3.3752860e+00	-1.0039907e-01
3.3970950e+00	2.6991318e-02
3.4189039e+00	4.7590727e-02
3.4407128e+00	-6.9677274e-03
3.4625218e+00	-1.0710488e-01
3.4843307e+00	1.1451644e-01
3.5061396e+00	-8.7339586e-02
3.5279486e+00	-1.3395860e-01
3.5497575e+00	-5.4346150e-02
3.5715665e+00	3.3344418e-02
3.5933754e+00	1.0274887e-01
3.6151843e+00	-5.3975905e-02
3.6369933e+00	9.6642105e-02
3.6588022e+00	8.1352689e-02
3.6806112e+00	6.4570712e-02
3.7024201e+00	3.6444288e-02
3.7242290e+00	-2.3911632e-01
3.7460380e+00	-2.1502084e-02
3.7678469e+00	-3.8709464e-02
3.7896558e+00	1.9320338e-02
3.8114648e+00	2.7985924e-02
3.8332737e+00	-6.3314289e-03
3.8550827e+00	5.9906930e-02
3.8768916e+00	-6.8689539e-02
3.8987005e+00	6.8333280e-02
3.9205095e+00	2.5983817e-02
3.9423184e+00	6.0075002e-02
3.9641273e+00	1.8229346e-01
3.9859363e+00	3.7945000e-02
4.0077452e+00	-1.6373245e-01
4.0295542e+00	-1.5713876e-01
4.0513631e+00	9.8609927e-02
4.0731720e+00	9.0300391e-02
4.0949810e+00	-1.9966936e-01
4.1167899e+00	-1.2135705e-01
4.1385989e+00	1.1239223e-01
4.1604078e+00	1.2143150e-01
4.1822167e+00	1.3198760e-01
4.2040257e+00	-1.0793968e-02
4.2258346e+00	-1.2687278e-01
4.2476435e+00	-3.3368980e-02
4.2694525e+00	4.2725313e-02
4.2912614e+00	1.2367414e-03
4.3130704e+00	8.6102761e-02
4.3348793e+00	-2.5876336e-02
4.3566882e+00	-4.7204045e-02
4.3784972e+00	8.5444168e-02
4.4003061e+00	3.2351833e-02
4.4221151e+00	-8.7719198e-02
4.4439240e+00	-8.6219153e-02
4.4657329e+00	-4.9565192e-03
4.4875419e+00	4.8374951e-02
4.5093508e+00	4.2737524e-02
4.5311597e+00	-1.4194717e-01
4.5529687e+00	-4.5589070e-02
4.5747776e+00	7.8270362e-02
4.5965866e+00	1.3924484e-01
4.6183955e+00	-6.1967415e-03
4.6402044e+00	-1.1780501e-01
4.6620134e+00	9.2754752e-02
4.6838223e+00	1.1247496e-01
4.7056312e+00	-2.6113843e-02
4.7274402e+00	2.4953582e-02
4.7492491e+00	-6.0147584e-02
4.7710581e+00	-9.2298326e-02
4.7928670e+00	-7.1871063e-03
4.8146759e+00	9.8506018e-02
4.8364849e+00	7.1937293e-02
4.8582938e+00	-1.1287877e-01
4.8801028e+00	4.6910663e-03
4.9019117e+00	5.8178531e-02
4.9237206e+00	-3.9968761e-02
4.9455296e+00	-3.8700518e-02
4.9673385e+00	3.1609341e-02
4.9891474e+00	-6.1835961e-03
5.0109564e+00	-2.2832268e-02
5.0327653e+00	-1.2513873e-01
5.0545743e+00	8.9794542e-02
5.0763832e+00	-4.0750745e-02
5.0981921e+00	-2.5607434e-02
5.1200011e+00	1.4983493e-02
5.1418100e+00	5.7401115e-02
5.1636189e+00	1.9791020e-01
5.1854279e+00	5.4262400e-02
5.2072368e+00	-9.6943130e-03
5.2290458e+00	-8.6778980e-02
5.2508547e+00	4.1597174e-02
5.2726636e+00	2.3233237e-03
5.2944726e+00	2.9297562e-02
5.3162815e+00	6.4165595e-04
5.3380905e+00	-1.2044567e-01
5.3598994e+00	1.6359331e-03
5.3817083e+00	-9.8829414e-02
5.4035173e+00	-2.1610574e-03
5.4253262e+00	1.7192179e-01
5.4471351e+00	2.0690864e-02
5.4689441e+00	-5.7663142e-02
5.4907530e+00	2.8886655e-03
5.5125620e+00	1.4047874e-02
5.5343709e+00	7.8192930e-02
5.5561798e+00	9.9410506e-03
5.5779888e+00	-6.3395115e-04
5.5997977e+00	8.4780009e-02
5.6216066e+00	1.1883512e-01
5.6434156e+00	-8.6771821e-02
5.6652245e+00	-3.5939157e-01
5.6870335e+00	-8.7216735e-02
5.7088424e+00	2.2204580e-01
5.7306513e+00	7.3907128e-02
5.7524603e+00	7.6552132e-02
5.7742692e+00	4.3405972e-02
5.7960782e+00	4.0738784e-02
5.8178871e+00	6.7205133e-02
5.8396960e+00	1.0175876e-01
5.8615050e+00	-1.0303101e-01
5.8833139e+00	-7.5828995e-02
5.9051228e+00	7.1391172e-02
5.9269318e+00	-1.1972480e-01
5.9487407e+00	-4.6697142e-02
5.9705497e+00	7.7551644e-02
5.9923586e+00	-2.5542856e-02
6.0141675e+00	-3.4411378e-02
6.0359765e+00	5.6332256e-02
6.0577854e+00	6.0260748e-02
6.0795944e+00	-1.0023656e-01
6.1014033e+00	6.3536884e-02
6.1232122e+00	2.2134673e-02
6.1450212e+00	-7.6544168e-02
6.1668301e+00	6.7655681e-02
6.1886390e+00	4.2883723e-02
6.2104480e+00	-1.4674361e-02
6.2322569e+00	2.6566715e-02
6.2540659e+00	-7.3117042e-02
6.2758748e+00	-5.7643245e-02
6.2976837e+00	-4.8387586e-02
6.3194927e+00	1.7253828e-01
6.3413016e+00	2.8716915e-01
6.3631105e+00	6.0975281e-02
6.3849195e+00	-7.5039605e-02
6.4067284e+00	-9.6877713e-02
6.4285374e+00	9.5686769e-02
6.4503463e+00	-8.4621276e-02
6.4721552e+00	-2.8592128e-02
6.4939642e+00	-2.1049603e-02
6.5157731e+00	-1.6092970e-02
6.5375821e+00	8.8083664e-02
6.5593910e+00	1.6965518e-01
6.5811999e+00	-9.5315516e-02
6.6030089e+00	4.2883548e-03
6.6248178e+00	7.4121568e-02
6.6466267e+00	-1.0436820e-02
6.6684357e+00	6.8811806e-02
6.6902446e+00	1.0671611e-02
6.7120536e+00	-5.4650015e-02
6.7338625e+00	-2.1482700e-02
6.7556714e+00	-4.3951831e-02
6.7774804e+00	-6.9883198e-02
6.7992893e+00	1.0155982e-02
6.8210982e+00	1.0489860e-01
6.8429072e+00	-1.2074733e-01
6.8647161e+00	-7.2480209e-02
6.8865251e+00	1.0535935e-01
6.9083340e+00	2.3196142e-01
6.9301429e+00	-4.6502071e-02
6.9519519e+00	-2.3938592e-02
6.9737608e+00	8.8543000e-02
6.9955698e+00	1.6258129e-01
7.0173787e+00	-1.2249907e-01
7.0391876e+00	-7.4787880e-02
7.0609966e+00	3.7834125e-01
7.0828055e+00	1.4304356e-02
7.1046144e+00	-6.8099973e-02
7.1264234e+00	-1.7668893e-02
7.1482323e+00	1.6785410e-01
7.1700413e+00	5.6080001e-02
7.1918502e+00	6.8599250e-03
7.2136591e+00	-1.3308819e-01
7.2354681e+00	-1.2035672e-02
7.2572770e+00	1.1441435e-01
7.2790859e+00	6.9652554e-02
7.3008949e+00	2.8760364e-02
7.3227038e+00	6.1054601e-02
7.3445128e+00	-1.7840818e-01
7.3663217e+00	-1.5721888e-01
7.3881306e+00	-6.1961509e-02
7.4099396e+00	-2.6791471e-02
7.4317485e+00	1.4670783e-01
7.4535575e+00	1.0876051e-01
7.4753664e+00	3.6633419e-02
7.4971753e+00	-1.7648198e-02
7.5189843e+00	9.4369396e-02
7.5407932e+00	2.3332754e-02
7.5626021e+00	4.4513889e-02
7.5844111e+00	-9.6838626e-02
7.6062200e+00	-2.9039020e-01
7.6280290e+00	-9.0280458e-02
7.6498379e+00	1.6292262e-01
7.6716468e+00	1.1734520e-01
7.6934558e+00	1.4172111e-01
7.7152647e+00	-9.8474972e-02
7.7370737e+00	4.4765644e-02
7.7588826e+00	5.4177973e-02
7.7806915e+00	5.5264784e-02
7.8025005e+00	3.1782559e-01
7.8243094e+00	5.3665281e-02
7.8461183e+00	-1.2865191e-02
7.8679273e+00	-8.7599397e-02
7.8897362e+00	-2.8769746e-01
7.9115452e+00	-8.4693775e-02
7.9333541e+00	1.7929321e-01
7.9551630e+00	1.7529989e-01
7.9769720e+00	6.9889867e-02
7.9987809e+00	4.7089078e-02
8.0205898e+00	2.5500263e-02
8.0423988e+00	-7.8775344e-02
8.0642077e+00	-9.3787797e-02
8.0860167e+00	1.6331412e-02
8.1078256e+00	1.4388523e-03
8.1296345e+00	2.9652001e-02
8.1514435e+00	-3.6946553e-02
8.1732524e+00	1.0544100e-01
8.1950614e+00	4.2117551e-01
8.2168703e+00	3.7641863e-01
8.2386792e+00	-3.1521539e-02
8.2604882e+00	6.3874082e-03
8.2822971e+00	6.3870083e-02
8.3041060e+00	3.4675467e-03
8.3259150e+00	3.7716558e-02
8.3477239e+00	-5.9888526e-02
8.3695329e+00	3.8055424e-02
8.3913418e+00	-1.3794957e-01
8.4131507e+00	-1.5394089e-01
8.4349597e+00	4.1170323e-02
8.4567686e+00	8.5111266e-02
8.4785775e+00	1.4229093e-02
8.5003865e+00	2.9755462e-02
8.5221954e+00	-4.3485217e-02
8.5440044e+00	2.4289263e-02
8.5658133e+00	2.2501130e-02
8.5876222e+00	1.3604604e-03
8.6094312e+00	8.6107473e-02
8.6312401e+00	1.1693610e-01
8.6530491e+00	-4.9150647e-02
8.6748580e+00	3.7901005e-02
8.6966669e+00	-1.0985026e-01
8.7184759e+00	-1.4464707e-01
8.7402848e+00	4.0257479e-02
8.7620937e+00	2.0684180e-01
8.7839027e+00	4.0032331e-01
8.8057116e+00	6.6835269e-02
8.8275206e+00	-1.3252098e-01
8.8493295e+00	-1.5482567e-01
8.8711384e+00	-6.8813767e-02
8.8929474e+00	1.9678558e-01
8.9147563e+00	9.7414688e-02
8.9365652e+00	-2.4926878e-02
8.9583742e+00	1.7043117e-02
8.9801831e+00	-2.0648713e-02
9.0019921e+00	1.1735352e-01
9.0238010e+00	1.3494152e-01
9.0456099e+00	1.1869815e-01
9.0674189e+00	-6.3489520e-02
9.0892278e+00	-2.0056529e-01
9.1110368e+00	-2.9816029e-02
9.1328457e+00	-1.7051045e-03
9.1546546e+00	-7.0769538e-02
9.1764636e+00	1.7543441e-01
9.1982725e+00	3.7794815e-01
9.2200814e+00	2.7527946e-01
9.2418904e+00	3.4749491e-01
9.2636993e+00	4.4432051e-02
9.2855083e+00	-1.6196869e-01
9.3073172e+00	2.5714295e-02
9.3291261e+00	3.1413554e-01
9.3509351e+00	3.0752495e-01
9.3727440e+00	2.5086586e-01
9.3945530e+00	3.7027082e-01
9.4163619e+00	-1.9978477e-01
9.4381708e+00	5.8773039e-02
9.4599798e+00	2.9505766e-01
9.4817887e+00	1.2231564e-01
9.5035976e+00	5.1652847e-02
9.5254066e+00	9.0692866e-03
9.5472155e+00	9.8450832e-02
9.5690245e+00	-4.4510400e-02
9.5908334e+00	-1.3235195e-01
9.6126423e+00	1.9158347e-03
9.6344513e+00	4.8549259e-02
9.6562602e+00	-7.6691139e-02
9.6780691e+00	-4.9151125e-02
9.6998781e+00	8.9626145e-03
9.7216870e+00	4.2967304e-02
9.7434960e+00	3.1138997e-01
9.7653049e+00	2.2383950e-01
9.7871138e+00	2.9465299e-01
9.8089228e+00	4.8481143e-02
9.8307317e+00	2.7088967e-02
9.8525407e+00	-7.7723652e-02
9.8743496e+00	-8.6442760e-02
9.8961585e+00	-1.0040990e-01
9.9179675e+00	8.9036586e-02
9.9397764e+00	2.0377615e-01
9.9615853e+00	3.1562371e-02
9.9833943e+00	-1.3018504e-01
1.0005203e+01	-1.1687532e-01
1.0027012e+01	1.3615066e-01
1.0048821e+01	1.9233479e-01
1.0070630e+01	-3.7865017e-02
1.0092439e+01	1.8471093e-01
1.0114248e+01	2.6177201e-01
1.0136057e+01	1.1261852e-02
1.0157866e+01	-1.7838868e-01
1.0179675e+01	1.2066162e-01
1.0201484e+01	7.5128219e-02
1.0223293e+01	-3.2032020e-02
1.0245102e+01	-2.0147528e-02
1.0266910e+01	-9.7566517e-02
1.0288719e+01	-6.6610071e-04
1.0310528e+01	-1.4399636e-01
1.0332337e+01	8.4669179e-01
1.0354146e+01	1.6934183e+00
1.0375955e+01	2.0687130e+00
1.0397764e+01	2.0317688e+00
1.0419573e+01	2.3269957e+00
1.0441382e+01	3.0049655e+00
1.0463191e+01	3.7422742e+00
1.0485000e+01	4.9486067e+00
1.0506809e+01	6.6593868e+00
1.0528618e+01	8.0027715e+00
1.0550427e+01	7.8699857e+00
1.0572236e+01	7.0329503e+00
1.0594045e+01	6.9841892e+00
1.0615853e+01	7.6696884e+00
1.0637662e+01	7.5922876e+00
1.0659471e+01	6.8272599e+00
1.0681280e+01	5.7422121e+00
1.0703089e+01	4.1694422e+00
1.0724898e+01	2.6189570e+00
1.0746707e+01	1.2475725e+00
1.0768516e+01	6.3225455e-01
1.0790325e+01	1.5756908e-01
1.0812134e+01	-1.9565023e-02
1.0833943e+01	-4.4325773e-02
1.0855752e+01	1.3063849e-01
1.0877561e+01	9.4940484e-02
1.0899370e+01	-9.0884464e-02
1.0921179e+01	6.4196623e-03
1.0942988e+01	-1.0877586e-01
1.0964796e+01	-7.1589358e-02
1.0986605e+01	5.1141531e-02
1.1008414e+01	2.1014718e-01
1.1030223e+01	6.0491970e-01
1.1052032e+01	1.0505577e+00
1.1073841e+01	1.0268309e+00
1.1095650e+01	1.4473078e+00
1.1117459e+01	1.5716711e+00
1.1139268e+01	1.5855204e+00
1.1161077e+01	1.9080982e+00
1.1182886e+01	2.3067082e+00
1.1204695e+01	2.3894860e+00
1.1226504e+01	2.7620523e+00
1.1248313e+01	2.7798835e+00
1.1270122e+01	1.4810155e+00
1.1291931e+01	1.0115246e+00
1.1313740e+01	6.0879964e-01
1.1335548e+01	-2.2599857e-02
1.1357357e+01	5.1414699e-02
1.1379166e+01	3.5007972e-01
1.1400975e+01	2.0875248e-01
1.1422784e+01	2.4649673e-03
1.1444593e+01	-1.8306293e-01
1.1466402e+01	6.8112652e-02
1.1488211e+01	-1.6208935e-01
1.1510020e+01	-3.6010446e-02
1.1531829e+01	9.9657777e-02
1.1553638e+01	1.0814858e-01
1.1575447e+01	8.3285501e-02
1.1597256e+01	-2.5609725e-01
1.1619065e+01	-1.9571696e-01
1.1640874e+01	8.1616674e-02
1.1662683e+01	1.9852982e-01
1.1684491e+01	1.2286466e-01
1.1706300e+01	1.1716469e-01
1.1728109e+01	-1.9337192e-02
1.1749918e+01	-5.0357046e-02
1.1771727e+01	-3.0484848e-02
1.1793536e+01	1.0854549e-02
1.1815345e+01	1.0066393e-01
1.1837154e+01	2.0274798e-01
1.1858963e+01	-6.3395035e-02
1.1880772e+01	-9.7733832e-02
1.1902581e+01	-1.5578734e-01
1.1924390e+01	-2.5860879e-02
1.1946199e+01	-5.5896898e-02
1.1968008e+01	6.0906620e-03
1.1989817e+01	1.0352067e-01
1.2011626e+01	1.0677733e-01
1.2033434e+01	1.2372495e-02
1.2055243e+01	1.2932505e-02
1.2077052e+01	4.2341612e-03
1.2098861e+01	1.1820109e-01
1.2120670e+01	-7.7202989e-02
1.2142479e+01	-1.3404681e-01
1.2164288e+01	8.2376029e-02
1.2186097e+01	-1.1633690e-01
1.2207906e+01	5.5006553e-02
1.2229715e+01	-5.0089683e-02
1.2251524e+01	3.5391089e-02
1.2273333e+01	7.8683772e-02
1.2295142e+01	1.0703878e-01
1.2316951e+01	-6.7774244e-02
1.2338760e+01	-1.3214127e-01
1.2360569e+01	1.8744550e-01
1.2382377e+01	-6.3226479e-02
1.2404186e+01	-4.5424836e-02
1.2425995e+01	1.5542300e-01
1.2447804e+01	-7.1682740e-02
1.2469613e+01	1.3719403e-01
1.2491422e+01	1.0000462e-02
1.2513231e+01	-2.4742646e-01
1.2535040e+01	6.6842523e-02
1.2556849e+01	6.4310223e-02
1.2578658e+01	-1.6879735e-01
1.2600467e+01	1.6935231e-01
1.2622276e+01	-2.2861733e-02
1.2644085e+01	-1.3979454e-02
1.2665894e+01	2.0682972e-01
1.2687703e+01	1.4264694e-01
1.2709512e+01	-1.4381591e-01
1.2731320e+01	-7.0415818e-02
1.2753129e+01	5.9388045e-02
1.2774938e+01	8.9056369e-02
1.2796747e+01	-1.7951708e-02
1.2818556e+01	2.2755831e-03
1.2840365e+01	-1.4832806e-01
1.2862174e+01	1.6026309e-02
1.2883983e+01	3.0151487e-01
1.2905792e+01	5.4801837e-02
1.2927601e+01	3.8858194e-01
1.2949410e+01	5.3645633e-01
1.2971219e+01	6.3524892e-01
1.2993028e+01	8.3204930e-01
1.3014837e+01	5.4072104e-01
1.3036646e+01	6.7106871e-01
1.3058455e+01	7.7289662e-01
1.3080264e+01	8.9516307e-01
1.3102072e+01	5.6670835e-01
1.3123881e+01	2.3362762e-02
1.3145690e+01	-3.9085181e-03
1.3167499e+01	9.0689250e-02
1.3189308e+01	1.5946593e-01
1.3211117e+01	1.1685800e-01
1.3232926e+01	-1.1587324e-01
1.3254735e+01	1.8703132e-02
1.3276544e+01	1.1626538e-01
1.3298353e+01	-1.2625606e-01
1.3320162e+01	-2.3123877e-01
1.3341971e+01	-2.5198984e-01
1.3363780e+01	3.8252757e-01
1.3385589e+01	4.9836894e-01
1.3407398e+01	7.0668684e-01
1.3429207e+01	7.4115082e-01
1.3451015e+01	5.3160643e-01
1.3472824e+01	2.8411121e-01
1.3494633e+01	1.1260236e-01
1.3516442e+01	1.3527880e-01
1.3538251e+01	2.6383819e-01
1.3560060e+01	4.4214658e-02
1.3581869e+01	2.0943491e-02
1.3603678e+01	7.8060814e-02
1.3625487e+01	-1.1442044e-01
1.3647296e+01	-3.7925654e-02
1.3669105e+01	-2.4255326e-02
1.3690914e+01	6.0612725e-02
1.3712723e+01	1.1107068e-01
1.3734532e+01	-1.9323449e-02
1.3756341e+01	-1.8877481e-01
1.3778150e+01	-2.9252913e-02
1.3799958e+01	-1.2726779e-02
1.3821767e+01	1.3207314e-01
1.3843576e+01	-1.8632788e-02
1.3865385e+01	-1.4144729e-02
1.3887194e+01	7.9312756e-02
1.3909003e+01	-3.6384813e-02
1.3930812e+01	3.4206726e-02
1.3952621e+01	3.3904846e-02
1.3974430e+01	-2.0767836e-01
1.3996239e+01	-1.7714184e-02
1.4018048e+01	6.6133656e-02
1.4039857e+01	7.8733471e-02
1.4061666e+01	9.1967523e-02
1.4083475e+01	4.0648807e-02
1.4105284e+01	-8.9683149e-02
1.4127093e+01	4.2711328e-02
1.4148901e+01	3.7863130e-02
1.4170710e+01	-1.3869558e-01
1.4192519e+01	-1.8152171e-01
1.4214328e+01	-3.0190028e-02
1.4236137e+01	4.0614369e-02
1.4257946e+01	1.2296322e-01
1.4279755e+01	2.0038848e-01
1.4301564e+01	4.2517276e-01
1.4323373e+01	4.1590458e-01
1.4345182e+01	2.0116104e-01
1.4366991e+01	7.4975707e-02
1.4388800e+01	-1.2390255e-02
1.4410609e+01	-1.4565134e-01
1.4432418e+01	-1.3531540e-01
1.4454227e+01	-6.6580329e-02
1.4476036e+01	9.4395439e-02
1.4497844e+01	4.8755456e-02
1.4519653e+01	-1.4627606e-01
1.4541462e+01	8.1545006e-02
1.4563271e+01	1.7197759e-01
1.4585080e+01	1.0040293e-01
1.4606889e+01	-1.4475918e-01
1.4628698e+01	1.3882227e-02
1.4650507e+01	9.6213692e-03
1.4672316e+01	-2.3060263e-02
1.4694125e+01	-8.1057278e-02
1.4715934e+01	9.9154884e-02
1.4737743e+01	-8.3044572e-02
1.4759552e+01	6.6544149e-02
1.4781361e+01	5.5747074e-01
1.4803170e+01	5.0761857e-01
1.4824979e+01	6.6229386e-01
1.4846787e+01	1.1685471e+00
1.4868596e+01	1.6080716e+00
1.4890405e+01	1.7316100e+00
1.4912214e+01	1.8172296e+00
1.4934023e+01	1.5523009e+00
1.4955832e+01	1.4997744e+00
1.4977641e+01	1.7972584e+00
1.4999450e+01	2.1328815e+00
1.5021259e+01	2.2760080e+00
1.5043068e+01	2.2534565e+00
1.5064877e+01	1.8219494e+00
1.5086686e+01	1.5494281e+00
1.5108495e+01	1.2699630e+00
1.5130304e+01	7.8834263e-01
1.5152113e+01	4.7582043e-01
1.5173922e+01	2.2460083e-01
1.5195731e+01	-5.0985787e-02
1.5217539e+01	3.5307770e-02
1.5239348e+01	-7.5226215e-02
1.5261157e+01	-1.1397527e-01
1.5282966e+01	-5.4548695e-02
1.5304775e+01	5.0651287e-02
1.5326584e+01	1.4002430e-01
1.5348393e+01	1.2980483e-01
1.5370202e+01	2.8027978e-01
1.5392011e+01	2.5227685e-02
1.5413820e+01	5.2530609e-02
1.5435629e+01	-1.0628063e-01
1.5457438e+01	-7.5574724e-02
1.5479247e+01	-5.2697825e-02
1.5501056e+01	-5.5996228e-02
1.5522865e+01	2.5653930e-02
1.5544674e+01	-1.1838368e-02
1.5566482e+01	-7.6851516e-02
1.5588291e+01	7.3661330e-02
1.5610100e+01	1.8501444e-01
1.5631909e+01	-3.2206846e-02
1.5653718e+01	-4.2750408e-02
1.5675527e+01	3.0568914e-02
1.5697336e+01	1.7954681e-01
1.5719145e+01	-1.8880171e-02
1.5740954e+01	-6.8129054e-02
1.5762763e+01	-1.7466014e-02
1.5784572e+01	-7.4083597e-02
1.5806381e+01	6.5857394e-02
1.5828190e+01	1.1877430e-01
1.5849999e+01	-8.3637716e-02
1.5871808e+01	-1.0438454e-01
1.5893617e+01	1.3236362e-01
1.5915425e+01	4.2797898e-02
1.5937234e+01	-2.5926476e-02
1.5959043e+01	-1.7701183e-01
1.5980852e+01	-9.1349812e-02
1.6002661e+01	1.6122932e-01
1.6024470e+01	2.0536608e-01
1.6046279e+01	1.9736420e-02
1.6068088e+01	4.9588157e-02
1.6089897e+01	4.2612962e-02
1.6111706e+01	-3.1283862e-02
1.6133515e+01	-7.0486516e-02
1.6155324e+01	-4.8024927e-02
1.6177133e+01	-8.0774800e-02
1.6198942e+01	3.1375527e-02
1.6220751e+01	9.1449940e-02
1.6242560e+01	-7.9548471e-02
1.6264368e+01	-5.3142693e-02
1.6286177e+01	1.1822563e-01
1.6307986e+01	1.1416083e-01
1.6329795e+01	-3.2019789e-02
1.6351604e+01	-1.5566822e-02
1.6373413e+01	2.4952928e-02
1.6395222e+01	7.3131229e-03
1.6417031e+01	-1.5961773e-01
1.6438840e+01	-2.3071444e-02
1.6460649e+01	5.7446692e-02
1.6482458e+01	1.5168495e-01
1.6504267e+01	1.0473302e-01
1.6526076e+01	-1.5041009e-01
1.6547885e+01	-1.6119422e-01
1.6569694e+01	4.5616439e-02
1.6591503e+01	-6.8832342e-03
1.6613311e+01	1.1746947e-01
1.6635120e+01	8.8534464e-02
1.6656929e+01	-4.3433379e-02
1.6678738e+01	-2.4186675e-01
1.6700547e+01	-7.2624070e-02
1.6722356e+01	4.4643486e-02
1.6744165e+01	6.7255213e-02
1.6765974e+01	8.8941173e-02
1.6787783e+01	3.2636239e-01
1.6809592e+01	2.1255891e-01
1.6831401e+01	4.8725734e-02
1.6853210e+01	8.6816596e-02
1.6875019e+01	1.4250086e-02
1.6896828e+01	6.7411759e-03
1.6918637e+01	5.5588863e-03
1.6940446e+01	-3.4951077e-02
1.6962254e+01	-1.0185600e-01
1.6984063e+01	-1.4068064e-01
1.7005872e+01	-4.1367728e-02
1.7027681e+01	6.9615280e-02
1.7049490e+01	1.2933237e-01
1.7071299e+01	-1.2339789e-01
1.7093108e+01	-9.2633758e-02
1.7114917e+01	-3.7780329e-02
1.7136726e+01	6.1764885e-02
1.7158535e+01	1.8691620e-01
1.7180344e+01	1.1027452e-01
1.7202153e+01	-5.5851583e-02
1.7223962e+01	-6.1793074e-02
1.7245771e+01	6.5403366e-02
1.7267580e+01	7.0381444e-02
1.7289389e+01	-1.0907975e-01
1.7311198e+01	-9.3779602e-03
1.7333006e+01	1.2839912e-02
1.7354815e+01	1.7576246e-02
1.7376624e+01	2.5130433e-01
1.7398433e+01	-5.1389969e-02
1.7420242e+01	-4.7808973e-02
1.7442051e+01	2.4272256e-01
1.7463860e+01	1.6257045e-02
1.7485669e+01	-7.1232234e-02
1.7507478e+01	-3.0184604e-02
1.7529287e+01	-6.8618309e-02
1.7551096e+01	4.8826036e-02
1.7572905e+01	1.8169876e-01
1.7594714e+01	9.9078765e-02
1.7616523e+01	-8.6927092e-02
1.7638332e+01	-2.5858199e-02
1.7660141e+01	-1.1119961e-01
1.7681949e+01	-9.4589607e-03
1.7703758e+01	7.2024640e-02
1.7725567e+01	1.4643605e-01
1.7747376e+01	-1.0307591e-01
1.7769185e+01	4.5914723e-02
1.7790994e+01	7.7173642e-02
1.7812803e+01	1.8777555e-02
1.7834612e+01	-1.0611132e-01
1.7856421e+01	-1.0019005e-01
1.7878230e+01	8.2667144e-02
1.7900039e+01	-2.6024426e-02
1.7921848e+01	5.6413110e-02
1.7943657e+01	2.5449559e-01
1.7965466e+01	-8.3743149e-02
1.7987275e+01	-5.6543056e-02
1.8009084e+01	1.8588112e-02
1.8030892e+01	8.6267947e-02
1.8052701e+01	-1.1350976e-02
1.8074510e+01	-2.2610926e-02
1.8096319e+01	-2.0383170e-02
1.8118128e+01	-1.5879780e-02
1.8139937e+01	-1.6190876e-02
1.8161746e+01	-3.5000691e-02
1.8183555e+01	1.0611079e-01
1.8205364e+01	1.1612377e-01
1.8227173e+01	-5.8629004e-02
1.8248982e+01	1.9355817e-02
1.8270791e+01	6.5347995e-04
1.8292600e+01	3.2797260e-03
1.8314409e+01	-8.3146454e-02
1.8336218e+01	-1.0159722e-01
1.8358027e+01	-3.6064452e-02
1.8379835e+01	-1.4014609e-02
1.8401644e+01	1.7241472e-02
1.8423453e+01	4.4164698e-02
1.8445262e+01	1.3108266e-01
1.8467071e+01	2.4514043e-01
1.8488880e+01	4.1332315e-01
1.8510689e+01	2.7274254e-01
1.8532498e+01	-5.7533149e-02
1.8554307e+01	-4.3763744e-02
1.8576116e+01	-1.5305873e-01
1.8597925e+01	-3.3991268e-02
1.8619734e+01	1.4145737e-01
1.8641543e+01	3.3966645e-01
1.8663352e+01	2.2100666e-01
1.8685161e+01	1.5093001e-01
1.8706970e+01	9.2435620e-02
1.8728778e+01	-3.7184664e-02
1.8750587e+01	2.0678337e-02
1.8772396e+01	-2.0555222e-01
1.8794205e+01	-1.2983759e-01
1.8816014e+01	9.3197390e-03
1.8837823e+01	3.1899074e-02
1.8859632e+01	4.5676669e-02
1.8881441e+01	1.5226667e-02
1.8903250e+01	-1.5347943e-02
1.8925059e+01	7.1707437e-02
1.8946868e+01	2.5443569e-02
1.8968677e+01	1.5603242e-02
1.8990486e+01	7.0728397e-03
1.9012295e+01	-5.5342158e-02
1.9034104e+01	-8.3272616e-02
1.9055913e+01	-9.6635085e-02
1.9077721e+01	3.6563835e-03
1.9099530e+01	1.4959872e-01
1.9121339e+01	2.9521599e-03
1.9143148e+01	4.5132006e-02
1.9164957e+01	1.8747330e-01
1.9186766e+01	-2.3061192e-02
1.9208575e+01	-8.4539836e-02
1.9230384e+01	-1.0708788e-02
1.9252193e+01	-1.7614446e-01
1.9274002e+01	-1.0866065e-01
1.9295811e+01	1.4795030e-01
1.9317620e+01	1.6878913e-02
1.9339429e+01	2.6507578e-02
1.9361238e+01	1.9749241e-01
1.9383047e+01	1.0173086e-01
1.9404856e+01	-2.8928894e-02
1.9426665e+01	2.6791815e-02
1.9448473e+01	-9.0654574e-02
1.9470282e+01	1.3288629e-01
1.9492091e+01	-8.8828624e-02
1.9513900e+01	-2.7892668e-02
1.9535709e+01	1.8735355e-01
1.9557518e+01	1.7086371e-03
1.9579327e+01	-1.7932791e-01
1.9601136e+01	1.6968536e-02
1.9622945e+01	2.8274115e-01
1.9644754e+01	3.0481888e-01
1.9666563e+01	-2.1753161e-04
1.9688372e+01	-4.5090683e-02
1.9710181e+01	-5.1371931e-02
1.9731990e+01	-7.8008087e-02
1.9753799e+01	1.1614399e-01
1.9775608e+01	7.6642414e-02
1.9797416e+01	5.1402351e-02
1.9819225e+01	-1.2724887e-01
1.9841034e+01	-1.4283559e-01
1.9862843e+01	5.3161390e-02
1.9884652e+01	9.9737389e-02
1.9906461e+01	2.7773630e-02
1.9928270e+01	3.9453374e-02
1.9950079e+01	1.2705229e-01
1.9971888e+01	1.2133457e-01
1.9993697e+01	1.0177956e-01
2.0015506e+01	-1.1704246e-01
2.0037315e+01	-1.6406999e-01
2.0059124e+01	-4.3227214e-02
2.0080933e+01	-1.5077036e-01
2.0102742e+01	5.1367756e-02
2.0124551e+01	9.3508962e-02
2.0146359e+01	-9.4176465e-02
2.0168168e+01	3.2998589e-02
2.0189977e+01	2.4905254e-02
2.0211786e+01	-3.7786799e-02
2.0233595e+01	-9.6157466e-02
2.0255404e+01	-5.4099597e-02
2.0277213e+01	1.1919302e-01
2.0299022e+01	1.2982248e-01
2.0320831e+01	2.2005221e-01
2.0342640e+01	1.8609997e-01
2.0364449e+01	-2.1132123e-01
2.0386258e+01	-7.0875135e-02
2.0408067e+01	-4.9524804e-03
2.0429876e+01	-8.5002804e-02
2.0451685e+01	3.5967239e-02
2.0473494e+01	1.0423617e-01
2.0495302e+01	1.8426400e-01
2.0517111e+01	2.7704698e-01
2.0538920e+01	3.4678973e-01
2.0560729e+01	3.1884926e-01
2.0582538e+01	6.7596968e-02
2.0604347e+01	8.1805205e-02
2.0626156e+01	-1.1470769e-01
2.0647965e+01	-1.7298426e-01
2.0669774e+01	-1.3499573e-02
2.0691583e+01	2.7133399e-02
2.0713392e+01	4.9739276e-02
2.0735201e+01	-2.0080714e-02
2.0757010e+01	2.4660360e-02
2.0778819e+01	2.2815303e-02
2.0800628e+01	3.9712467e-02
2.0822437e+01	-1.2190407e-01
2.0844245e+01	-1.0558426e-01
2.0866054e+01	5.4822336e-02
2.0887863e+01	-1.4030955e-01
2.0909672e+01	2.9420590e-02
2.0931481e+01	1.0134519e-01
2.0953290e+01	6.2526554e-02
2.0975099e+01	3.8934155e-01
2.0996908e+01	9.0368208e-01
2.1018717e+01	1.4961234e+00
2.1040526e+01	2.2534940e+00
2.1062335e+01	2.4055900e+00
2.1084144e+01	2.0473569e+00
2.1105953e+01	1.4294499e+00
2.1127762e+01	1.3370873e+00
2.1149571e+01	1.8507126e+00
2.1171380e+01	3.0423700e+00
2.1193188e+01	4.6954618e+00
2.1214997e+01	6.5983413e+00
2.1236806e+01	8.3929370e+00
2.1258615e+01	9.3405020e+00
2.1280424e+01	9.3371398e+00
2.1302233e+01	8.3806976e+00
2.1324042e+01	6.7657729e+00
2.1345851e+01	4.8086858e+00
2.1367660e+01	3.0587377e+00
2.1389469e+01	1.6230850e+00
2.1411278e+01	4.6283398e-01
2.1433087e+01	7.7507945e-02
2.1454896e+01	1.0772240e-02
2.1476705e+01	-8.4095054e-02
2.1498514e+01	2.1125977e-01
2.1520323e+01	5.6126734e-01
2.1542132e+01	7.8234717e-01
2.1563940e+01	1.1379846e+00
2.1585749e+01	1.1749110e+00
2.1607558e+01	1.0598018e+00
2.1629367e+01	6.4523126e-01
2.1651176e+01	5.2508977e-01
2.1672985e+01	2.5362868e-01
2.1694794e+01	1.1523590e-01
2.1716603e+01	-1.2053718e-01
2.1738412e+01	-2.0626352e-01
2.1760221e+01	-8.4729299e-02
2.1782030e+01	1.0626755e-02
2.1803839e+01	2.9623973e-02
2.1825648e+01	8.0311159e-02
2.1847457e+01	-4.5473352e-04
2.1869266e+01	1.7146083e-01
2.1891075e+01	1.5588551e-01
2.1912883e+01	-9.3637285e-02
2.1934692e+01	3.1467912e-02
2.1956501e+01	-2.6578840e-01
2.1978310e+01	-4.2380583e-02
2.2000119e+01	6.7131633e-02
2.2021928e+01	3.9990698e-02
2.2043737e+01	3.8310225e-03
2.2065546e+01	2.4257835e-02
2.2087355e+01	1.1592987e-01
2.2109164e+01	8.6569739e-02
2.2130973e+01	1.0170366e-02
2.2152782e+01	-2.2822352e-02
2.2174591e+01	-1.3967387e-01
2.2196400e+01	-3.4930397e-02
2.2218209e+01	1.9494579e-02
2.2240018e+01	-2.6912598e-02
2.2261826e+01	9.1564307e-02
2.2283635e+01	5.6117097e-02
2.2305444e+01	-6.7332915e-02
2.2327253e+01	3.9544221e-02
2.2349062e+01	3.9385537e-02
2.2370871e+01	-1.6148241e-01
2.2392680e+01	-1.2533630e-01
2.2414489e+01	-5.8399130e-02
2.2436298e+01	9.8892915e-02
2.2458107e+01	1.9163887e-01
2.2479916e+01	1.2919880e-01
2.2501725e+01	6.7703394e-02
2.2523534e+01	-8.0212691e-03
2.2545343e+01	2.7521518e-02
2.2567152e+01	2.9747551e-02
2.2588961e+01	-1.3784862e-01
2.2610769e+01	-1.5251239e-01
2.2632578e+01	-5.6770255e-02
2.2654387e+01	7.8787963e-02
2.2676196e+01	8.3631387e-02
2.2698005e+01	-7.0099851e-02
2.2719814e+01	-5.5130723e-02
2.2741623e+01	3.5010133e-02
2.2763432e+01	1.4359234e-01
2.2785241e+01	1.2334363e-01
2.2807050e+01	-1.2094788e-02
2.2828859e+01	-1.9604645e-01
2.2850668e+01	-6.7151123e-03
2.2872477e+01	8.4150319e-02
2.2894286e+01	-7.5227462e-02
2.2916095e+01	7.7034180e-02
2.2937904e+01	3.9886167e-02
2.2959712e+01	-4.1213692e-02
2.2981521e+01	-1.1245932e-01
2.3003330e+01	5.9012631e-02
2.3025139e+01	6.4368048e-02
2.3046948e+01	7.8790431e-02
2.3068757e+01	-4.4960430e-03
2.3090566e+01	-9.8833258e-02
2.3112375e+01	7.2175898e-03
2.3134184e+01	-5.5484435e-02
2.3155993e+01	7.8523569e-02
2.3177802e+01	1.6049856e-01
2.3199611e+01	-9.0593235e-02
2.3221420e+01	-1.0412840e-02
2.3243229e+01	-9.0924703e-02
2.3265038e+01	-1.4949526e-02
2.3286847e+01	-5.3129405e-02
2.3308655e+01	1.7936046e-01
2.3330464e+01	1.9110540e-01
2.3352273e+01	6.2232653e-02
2.3374082e+01	-9.0071508e-02
2.3395891e+01	-2.1143536e-01
2.3417700e+01	-1.1054701e-01
2.3439509e+01	3.9622618e-03
2.3461318e+01	4.3256935e-02
2.3483127e+01	4.1431629e-02
2.3504936e+01	5.3759029e-01
2.3526745e+01	9.1036721e-01
2.3548554e+01	7.6491742e-01
2.3570363e+01	5.3998391e-01
2.3592172e+01	1.6624768e-01
2.3613981e+01	-7.4516526e-02
2.3635790e+01	1.6318129e-01
2.3657599e+01	6.7764871e-01
2.3679407e+01	1.5800799e+00
2.3701216e+01	3.2326152e+00
2.3723025e+01	4.9498177e+00
2.3744834e+01	6.4142196e+00
2.3766643e+01	7.7645531e+00
2.3788452e+01	9.3824934e+00
2.3810261e+01	1.0026609e+01
2.3832070e+01	9.4576333e+00
2.3853879e+01	8.5152464e+00
2.3875688e+01	6.9615300e+00
2.3897497e+01	5.3087975e+00
2.3919306e+01	3.8829070e+00
2.3941115e+01	2.5029897e+00
2.3962924e+01	1.5624209e+00
2.3984733e+01	7.1997370e-01
2.4006542e+01	3.7972936e-01
2.4028350e+01	7.7314049e-02
2.4050159e+01	-1.2276689e-01
2.4071968e+01	-6.2441036e-02
2.4093777e+01	8.5281152e-02
2.4115586e+01	2.8002213e-02
2.4137395e+01	-7.1805019e-02
2.4159204e+01	5.3954126e-02
2.4181013e+01	-9.9912501e-02
2.4202822e+01	-1.8455995e-02
2.4224631e+01	1.5481279e-01
2.4246440e+01	4.0528716e-02
2.4268249e+01	-7.8326500e-02
2.4290058e+01	-1.7257606e-01
2.4311867e+01	-1.0934756e-01
2.4333676e+01	1.2719091e-01
2.4355485e+01	4.1013030e-02
2.4377293e+01	9.1877021e-02
2.4399102e+01	1.1958247e-02
2.4420911e+01	-7.4337143e-03
2.4442720e+01	-1.0993907e-01
2.4464529e+01	1.2607487e-02
2.4486338e+01	1.6830767e-02
2.4508147e+01	9.4942060e-03
2.4529956e+01	2.3667256e-01
2.4551765e+01	9.2688728e-02
2.4573574e+01	1.6500105e-01
2.4595383e+01	4.3432012e-01
2.4617192e+01	5.9537582e-01
2.4639001e+01	8.5484686e-01
2.4660810e+01	2.1447188e-01
2.4682619e+01	-5.7378464e-02
2.4704428e+01	1.4893149e-02
2.4726236e+01	3.3555245e-02
2.4748045e+01	-1.3229397e-01
2.4769854e+01	-1.4654815e-01
2.4791663e+01	-1.1462225e-01
2.4813472e+01	4.9698674e-02
2.4835281e+01	4.8461758e-03
2.4857090e+01	-5.9900158e-02
2.4878899e+01	2.7705986e-02
2.4900708e+01	9.7799199e-02
2.4922517e+01	5.7408716e-02
2.4944326e+01	-9.2258452e-04
2.4966135e+01	9.4799839e-02
2.4987944e+01	7.4102413e-03
2.5009753e+01	-1.9803628e-01
2.5031562e+01	-7.8276183e-02
2.5053371e+01	2.6660250e-02
2.5075179e+01	-6.4104328e-02
2.5096988e+01	7.9119015e-02
2.5118797e+01	3.5751655e-02
2.5140606e+01	5.0316649e-02
2.5162415e+01	1.1784966e-01
2.5184224e+01	4.3166166e-02
2.5206033e+01	-1.9700949e-01
2.5227842e+01	-9.6318658e-02
2.5249651e+01	1.2623829e-01
2.5271460e+01	1.5848940e-01
2.5293269e+01	6.4082439e-02
2.5315078e+01	4.0025679e-02
2.5336887e+01	-6.5740753e-02
2.5358696e+01	-1.3876707e-01
2.5380505e+01	1.5952906e-04
2.5402314e+01	-1.0453673e-02
2.5424123e+01	-1.8597691e-02
2.5445931e+01	-2.8054433e-02
2.5467740e+01	5.2869643e-02
2.5489549e+01	3.8482710e-02
2.5511358e+01	1.2054936e-01
2.5533167e+01	-3.2322313e-02
2.5554976e+01	-3.0346375e-02
2.5576785e+01	2.1701985e-02
2.5598594e+01	1.9703601e-02
2.5620403e+01	-1.4718045e-02
2.5642212e+01	-1.7226352e-01
2.5664021e+01	1.9029805e-02
2.5685830e+01	-6.8534379e-02
2.5707639e+01	-5.2793047e-02
2.5729448e+01	1.6518962e-02
2.5751257e+01	1.8461414e-01
2.5773066e+01	3.1393666e-01
2.5794874e+01	2.9042586e-01
2.5816683e+01	4.2404019e-01
2.5838492e+01	3.5665912e-02
2.5860301e+01	-1.0104943e-01
2.5882110e+01	1.5117133e-02
2.5903919e+01	9.4265701e-02
2.5925728e+01	3.1755663e-01
2.5947537e+01	5.9042668e-01
2.5969346e+01	1.0759048e+00
2.5991155e+01	1.4885691e+00
2.6012964e+01	2.0420922e+00
2.6034773e+01	2.3280733e+00
2.6056582e+01	2.3556532e+00
2.6078391e+01	2.6245929e+00
2.6100200e+01	2.2639092e+00
2.6122009e+01	1.8438922e+00
2.6143817e+01	1.3546327e+00
2.6165626e+01	1.1509576e+00
2.6187435e+01	8.1021595e-01
2.6209244e+01	3.4503561e-01
2.6231053e+01	8.6610509e-02
2.6252862e+01	1.1928214e-01
2.6274671e+01	-5.9708281e-02
2.6296480e+01	-7.2121479e-02
2.6318289e+01	-5.1352282e-02
2.6340098e+01	-8.0971792e-02
2.6361907e+01	-2.5286814e-02
2.6383716e+01	-2.7305359e-02
2.6405525e+01	-1.2569306e-01
2.6427334e+01	7.7545097e-02
2.6449143e+01	4.5931818e-02
2.6470952e+01	8.9164696e-02
2.6492760e+01	2.4886790e-02
2.6514569e+01	-6.5951689e-02
2.6536378e+01	-1.9230150e-01
2.6558187e+01	6.3227622e-02
2.6579996e+01	1.9017300e-01
2.6601805e+01	1.8289873e-01
2.6623614e+01	2.8935046e-01
2.6645423e+01	3.3738164e-01
2.6667232e+01	3.7822859e-01
2.6689041e+01	1.6207344e-01
2.6710850e+01	5.6658541e-02
2.6732659e+01	-2.6948018e-02
2.6754468e+01	-9.5225433e-02
2.6776277e+01	-1.0784414e-01
2.6798086e+01	-1.8565760e-01
2.6819895e+01	2.1694409e-02
2.6841703e+01	5.7426645e-02
2.6863512e+01	2.3909783e-02
2.6885321e+01	4.6716159e-01
2.6907130e+01	5.3272126e-01
2.6928939e+01	3.9427739e-01
2.6950748e+01	3.9295522e-01
2.6972557e+01	2.3511516e-01
2.6994366e+01	1.4921882e-01
2.7016175e+01	5.5605312e-02
2.7037984e+01	-1.0310845e-01
2.7059793e+01	-3.7757304e-02
2.7081602e+01	3.5299708e-02
2.7103411e+01	-5.8803400e-02
2.7125220e+01	-1.1990809e-01
2.7147029e+01	2.2142900e-02
2.7168838e+01	7.3057641e-02
2.7190646e+01	-1.2940763e-02
2.7212455e+01	-3.7618998e-02
2.7234264e+01	1.2551214e-02
2.7256073e+01	7.1135608e-02
2.7277882e+01	9.1113422e-02
2.7299691e+01	-3.6549916e-02
2.7321500e+01	-8.2529017e-02
2.7343309e+01	1.1634032e-01
2.7365118e+01	3.7274021e-02
2.7386927e+01	-4.8360770e-02
2.7408736e+01	-1.4575252e-01
2.7430545e+01	-1.1501315e-01
2.7452354e+01	2.6905179e-01
2.7474163e+01	9.9764408e-02
2.7495972e+01	1.3624042e-02
2.7517781e+01	2.4151256e-02
2.7539590e+01	-6.4660537e-02
2.7561398e+01	-1.9689501e-02
2.7583207e+01	1.3362219e-01
2.7605016e+01	-1.2477581e-01
2.7626825e+01	-9.2722485e-02
2.7648634e+01	1.0562926e-01
2.7670443e+01	2.7694061e-02
2.7692252e+01	9.9151174e-02
2.7714061e+01	3.0450388e-01
2.7735870e+01	5.2195018e-01
2.7757679e+01	5.3354595e-01
2.7779488e+01	6.4159756e-01
2.7801297e+01	7.4025708e-01
2.7823106e+01	6.2658552e-01
2.7844915e+01	4.4883693e-01
2.7866724e+01	1.1408631e-01
2.7888533e+01	7.4984129e-02
2.7910341e+01	-3.2675276e-02
2.7932150e+01	-3.7874215e-02
2.7953959e+01	-1.7311345e-02
2.7975768e+01	-2.0989736e-01
2.7997577e+01	-4.8049374e-02
2.8019386e+01	8.5980797e-03
2.8041195e+01	1.0035464e-01
2.8063004e+01	-5.1226120e-02
2.8084813e+01	1.2744866e-02
2.8106622e+01	-6.1172392e-03
2.8128431e+01	-2.4736204e-02
2.8150240e+01	-6.0929122e-02
2.8172049e+01	-2.9541060e-02
2.8193858e+01	1.1145950e-01
2.8215667e+01	1.0270825e-01
2.8237476e+01	4.9051675e-02
2.8259284e+01	7.0697522e-02
2.8281093e+01	-2.8834249e-02
2.8302902e+01	-4.6419559e-02
2.8324711e+01	-1.1652670e-01
2.8346520e+01	-9.4964142e-02
2.8368329e+01	6.7888777e-02
2.8390138e+01	4.2940976e-02
2.8411947e+01	-7.9483903e-02
2.8433756e+01	-3.1364995e-03
2.8455565e+01	1.0507974e-01
2.8477374e+01	2.9726577e-01
2.8499183e+01	5.2664096e-01
2.8520992e+01	8.1571002e-01
2.8542801e+01	1.0766012e+00
2.8564610e+01	9.4653282e-01
2.8586419e+01	6.8206512e-01
2.8608227e+01	5.7676340e-01
2.8630036e+01	5.6115292e-01
2.8651845e+01	3.3945787e-01
2.8673654e+01	1.7873730e-01
2.8695463e+01	4.7702824e-02
2.8717272e+01	5.7066258e-02
2.8739081e+01	-2.4298241e-02
2.8760890e+01	-7.5374765e-02
2.8782699e+01	-1.6787098e-01
2.8804508e+01	-2.3885342e-02
2.8826317e+01	-1.2459166e-01
2.8848126e+01	7.5741933e-02
2.8869935e+01	9.8726794e-04
2.8891744e+01	-8.4908344e-02
2.8913553e+01	1.3254855e-01
2.8935362e+01	1.1521743e-01
2.8957170e+01	4.2438832e-02
2.8978979e+01	2.5249090e-02
2.9000788e+01	1.4010788e-02
2.9022597e+01	-1.1539460e-02
2.9044406e+01	-1.6277033e-02
2.9066215e+01	-7.4446035e-02
2.9088024e+01	-1.1794244e-01
2.9109833e+01	8.2356998e-02
2.9131642e+01	-7.9431164e-02
2.9153451e+01	6.9496802e-02
2.9175260e+01	-3.5707943e-02
2.9197069e+01	2.6819127e-02
2.9218878e+01	-1.0652712e-02
2.9240687e+01	-2.6490169e-02
2.9262496e+01	8.9465787e-02
2.9284305e+01	2.7062968e-01
2.9306113e+01	9.2939319e-02
2.9327922e+01	2.6199892e-02
2.9349731e+01	-8.1653824e-02
2.9371540e+01	-9.4996519e-02
2.9393349e+01	-3.5288354e-02
2.9415158e+01	1.6122486e-01
2.9436967e+01	4.4723086e-02
2.9458776e+01	-1.8713068e-01
2.9480585e+01	7.2803731e-02
2.9502394e+01	1.0618114e-01
2.9524203e+01	3.9147634e-02
2.9546012e+01	-4.1702042e-02
2.9567821e+01	-7.5896542e-02
2.9589630e+01	6.6411051e-02
2.9611439e+01	-3.7270756e-02
2.9633248e+01	-1.5025540e-01
2.9655057e+01	-6.5690482e-02
2.9676865e+01	-7.7421126e-02
2.9698674e+01	2.4013859e-02
2.9720483e+01	1.3851209e-01
2.9742292e+01	2.8460614e-01
2.9764101e+01	3.5616164e-01
2.9785910e+01	4.5296795e-01
2.9807719e+01	2.6784443e-01
2.9829528e+01	1.6237336e-01
2.9851337e+01	-6.1438045e-03
2.9873146e+01	-9.9392697e-02
2.9894955e+01	5.7209615e-02
2.9916764e+01	5.1695597e-01
2.9938573e+01	8.4454630e-01
2.9960382e+01	1.7546919e+00
2.9982191e+01	2.9269413e+00
3.0004000e+01	3.8335866e+00
3.0025808e+01	5.0288733e+00
3.0047617e+01	5.9302128e+00
3.0069426e+01	6.5972573e+00
3.0091235e+01	7.1708793e+00
3.0113044e+01	7.2355811e+00
3.0134853e+01	6.7584470e+00
3.0156662e+01	5.8456315e+00
3.0178471e+01	4.4925717e+00
3.0200280e+01	3.3340032e+00
3.0222089e+01	2.0651433e+00
3.0243898e+01	1.2212842e+00
3.0265707e+01	6.8265947e-01
3.0287516e+01	3.1650132e-01
3.0309325e+01	8.4342144e-02
3.0331134e+01	1.2380953e-01
3.0352943e+01	-1.3268628e-03
3.0374751e+01	-2.2253430e-01
3.0396560e+01	-6.0185848e-02
3.0418369e+01	-2.4461802e-02
3.0440178e+01	3.0135366e-02
3.0461987e+01	6.5246059e-02
3.0483796e+01	-4.6580891e-03
3.0505605e+01	1.3018001e-02
3.0527414e+01	1.5670491e-02
3.0549223e+01	4.4987535e-02
3.0571032e+01	-5.1253848e-02
3.0592841e+01	-1.4122917e-01
3.0614650e+01	-1.8148930e-02
3.0636459e+01	-9.5074049e-02
3.0658268e+01	-3.5639535e-03
3.0680077e+01	8.5973869e-02
3.0701886e+01	3.6593058e-01
3.0723694e+01	3.1854047e-01
3.0745503e+01	1.3394714e-01
3.0767312e+01	5.3271966e-02
3.0789121e+01	4.7338045e-02
3.0810930e+01	9.8049767e-02
3.0832739e+01	-1.0236613e-01
3.0854548e+01	-1.2340658e-01
3.0876357e+01	9.3408540e-02
3.0898166e+01	1.5047280e-01
3.0919975e+01	2.5527510e-02
3.0941784e+01	-1.2269906e-01
3.0963593e+01	-7.1986899e-04
3.0985402e+01	6.8933022e-02
3.1007211e+01	-1.1647950e-01
3.1029020e+01	-5.8696201e-02
3.1050829e+01	4.6212701e-02
3.1072637e+01	6.3811156e-03
3.1094446e+01	-6.6668792e-02
3.1116255e+01	-6.6546193e-02
3.1138064e+01	1.4574681e-02
3.1159873e+01	5.9760454e-02
3.1181682e+01	7.7120184e-03
3.1203491e+01	-9.3068335e-02
3.1225300e+01	-2.7332922e-02
3.1247109e+01	1.4790901e-01
3.1268918e+01	1.2192181e-01
3.1290727e+01	4.1344477e-02
3.1312536e+01	-7.8042964e-03
3.1334345e+01	3.0414408e-02
3.1356154e+01	5.4439373e-02
3.1377963e+01	-1.7202662e-01
3.1399772e+01	-7.8206553e-02
3.1421580e+01	1.7534791e-02
3.1443389e+01	-4.5251773e-02
3.1465198e+01	-1.0040048e-01
3.1487007e+01	3.3512356e-02
3.1508816e+01	1.3995914e-02
3.1530625e+01	1.7735094e-01
3.1552434e+01	3.4718869e-01
3.1574243e+01	5.2011809e-01
3.1596052e+01	5.9886087e-01
3.1617861e+01	5.8624221e-01
3.1639670e+01	3.3118526e-01
3.1661479e+01	-2.4628909e-02
3.1683288e+01	-1.2842376e-01
3.1705097e+01	4.6207694e-02
3.1726906e+01	1.6342813e-01
3.1748715e+01	6.2828563e-01
3.1770524e+01	1.3119164e+00
3.1792332e+01	2.1385188e+00
3.1814141e+01	3.3080859e+00
3.1835950e+01	4.0740260e+00
3.1857759e+01	5.1008233e+00
3.1879568e+01	5.9401920e+00
3.1901377e+01	6.6327404e+00
3.1923186e+01	7.0638396e+00
3.1944995e+01	7.1034650e+00
3.1966804e+01	6.4737136e+00
3.1988613e+01	5.5191158e+00
3.2010422e+01	4.2197168e+00
3.2032231e+01	3.1621718e+00
3.2054040e+01	1.9376509e+00
3.2075849e+01	1.0482106e+00
3.2097658e+01	4.6988782e-01
3.2119467e+01	3.1705997e-01
3.2141275e+01	5.4367820e-02
3.2163084e+01	1.1190798e-03
3.2184893e+01	2.0492022e-02
3.2206702e+01	-6.6625329e-02
3.2228511e+01	1.8005840e-02
3.2250320e+01	4.7377836e-02
3.2272129e+01	-5.2969724e-02
3.2293938e+01	-1.3593818e-01
3.2315747e+01	8.9303544e-03
3.2337556e+01	8.4073954e-02
3.2359365e+01	3.5872577e-02
3.2381174e+01	-1.2067518e-02
3.2402983e+01	-1.1181146e-01
3.2424792e+01	-3.5720502e-02
3.2446601e+01	2.7683015e-02
3.2468410e+01	-5.5712084e-02
3.2490218e+01	5.0131433e-02
3.2512027e+01	5.2788446e-02
3.2533836e+01	1.2768671e-01
3.2555645e+01	4.1391047e-02
3.2577454e+01	-8.7858269e-02
3.2599263e+01	-6.8226259e-02
3.2621072e+01	4.4427437e-02
3.2642881e+01	9.4404319e-04
3.2664690e+01	-3.2153349e-02
3.2686499e+01	4.7717927e-02
3.2708308e+01	5.4825795e-02
3.2730117e+01	-6.0997927e-02
3.2751926e+01	2.4885234e-02
3.2773735e+01	9.7647632e-02
3.2795544e+01	-1.0222729e-01
3.2817353e+01	-1.3637111e-01
3.2839161e+01	3.0107989e-02
3.2860970e+01	1.4338945e-01
3.2882779e+01	-9.9134128e-02
3.2904588e+01	6.4602620e-02
3.2926397e+01	4.1552367e-02
3.2948206e+01	-2.9054096e-02
3.2970015e+01	6.3542286e-04
3.2991824e+01	-5.3804939e-02
3.3013633e+01	2.1226805e-02
3.3035442e+01	8.8207711e-02
3.3057251e+01	-5.8087568e-03
3.3079060e+01	-6.1513839e-02
3.3100869e+01	-4.5773373e-02
3.3122678e+01	5.1622880e-02
3.3144487e+01	-2.5555376e-03
3.3166296e+01	-1.4641962e-02
3.3188104e+01	-8.3836532e-03
3.3209913e+01	-1.0145323e-01
3.3231722e+01	-2.9821142e-02
3.3253531e+01	7.8225748e-02
3.3275340e+01	5.0647102e-02
3.3297149e+01	1.2921615e-01
3.3318958e+01	1.1020914e-01
3.3340767e+01	4.1953756e-02
3.3362576e+01	-7.9516083e-02
3.3384385e+01	-3.0038254e-02
3.3406194e+01	-2.4809376e-02
3.3428003e+01	-1.0842932e-01
3.3449812e+01	-5.4408477e-02
3.3471621e+01	-9.7897094e-02
3.3493430e+01	-2.6328022e-01
3.3515239e+01	-6.6620839e-02
3.3537047e+01	9.6886041e-02
3.3558856e+01	7.0427777e-02
3.3580665e+01	2.6824685e-02
3.3602474e+01	1.5881077e-01
3.3624283e+01	1.3560987e-01
3.3646092e+01	8.4251398e-02
3.3667901e+01	1.2374110e-01
3.3689710e+01	1.3552053e-01
3.3711519e+01	4.5153697e-02
3.3733328e+01	6.8114889e-03
3.3755137e+01	5.7151793e-02
3.3776946e+01	-3.2106155e-02
3.3798755e+01	-2.2746612e-01
3.3820564e+01	-1.8324217e-01
3.3842373e+01	-4.0868206e-02
3.3864182e+01	9.0309564e-03
3.3885991e+01	6.0897255e-02
3.3907799e+01	2.3907166e-02
3.3929608e+01	1.2597178e-01
3.3951417e+01	-3.1894288e-02
3.3973226e+01	-1.5952408e-01
3.3995035e+01	-1.1762700e-01
3.4016844e+01	4.3399652e-03
3.4038653e+01	7.3549606e-02
3.4060462e+01	2.3007291e-02
3.4082271e+01	5.1913027e-02
3.4104080e+01	5.3395175e-02
3.4125889e+01	2.0321744e-02
3.4147698e+01	-5.1679981e-02
3.4169507e+01	7.5583726e-02
3.4191316e+01	2.5243814e-02
3.4213125e+01	8.1205692e-02
3.4234934e+01	-5.1727016e-02
3.4256742e+01	-1.1144883e-02
3.4278551e+01	-1.2604170e-01
3.4300360e+01	-2.5546099e-02
3.4322169e+01	2.1723552e-02
3.4343978e+01	-3.5120074e-02
3.4365787e+01	-8.8953775e-03
3.4387596e+01	1.5532391e-02
3.4409405e+01	1.0542219e-01
3.4431214e+01	3.0614415e-02
3.4453023e+01	-6.1548204e-02
3.4474832e+01	-9.2005683e-03
3.4496641e+01	-4.9206354e-02
3.4518450e+01	5.6681339e-03
3.4540259e+01	7.8952341e-02
3.4562068e+01	2.4223094e-02
3.4583877e+01	-6.9618896e-02
3.4605685e+01	-2.0328876e-02
3.4627494e+01	2.7927206e-02
3.4649303e+01	-1.9225456e-02
3.4671112e+01	4.4525651e-02
3.4692921e+01	-8.8625864e-03
3.4714730e+01	-4.5614646e-02
3.4736539e+01	8.4870109e-02
3.4758348e+01	1.5177321e-02
3.4780157e+01	-4.1502481e-02
3.4801966e+01	-2.2879525e-02
3.4823775e+01	2.3668800e-03
3.4845584e+01	-3.5747426e-02
3.4867393e+01	3.7505617e-02
3.4889202e+01	-7.0178638e-03
3.4911011e+01	5.4720987e-02
3.4932820e+01	-1.1239330e-01
3.4954628e+01	-2.4084142e-02
3.4976437e+01	4.9538380e-02
3.4998246e+01	6.8305462e-02
3.5020055e+01	-2.4209417e-02
3.5041864e+01	4.7541625e-02
3.5063673e+01	8.7020941e-02
3.5085482e+01	4.9102556e-02
3.5107291e+01	-1.7535424e-01
3.5129100e+01	-1.4319261e-01
3.5150909e+01	-9.2664613e-02
3.5172718e+01	1.2632473e-01
3.5194527e+01	3.5318995e-02
3.5216336e+01	1.4581978e-01
3.5238145e+01	4.8305410e-03
3.5259954e+01	-1.4227247e-01
3.5281763e+01	3.7862229e-02
3.5303571e+01	5.7576470e-02
3.5325380e+01	8.7652056e-02
3.5347189e+01	6.6065007e-02
3.5368998e+01	3.1513451e-02
3.5390807e+01	-9.3602332e-02
3.5412616e+01	-1.1664642e-01
3.5434425e+01	-1.1275005e-02
3.5456234e+01	-1.0546207e-02
3.5478043e+01	5.5344340e-02
3.5499852e+01	-8.8602809e-02
3.5521661e+01	-5.4212325e-02
3.5543470e+01	-4.1796678e-02
3.5565279e+01	-8.0550692e-02
3.5587088e+01	7.4699539e-02
3.5608897e+01	1.3848567e-01
3.5630706e+01	1.3508367e-01
3.5652514e+01	4.5476589e-02
3.5674323e+01	3.4497467e-02
3.5696132e+01	1.4264763e-02
3.5717941e+01	-8.7675045e-02
3.5739750e+01	5.5569082e-02
3.5761559e+01	2.6142455e-02
3.5783368e+01	1.9619848e-02
3.5805177e+01	-6.8992529e-02
3.5826986e+01	8.7372717e-03
3.5848795e+01	1.1750461e-01
3.5870604e+01	3.8752140e-02
3.5892413e+01	-2.3355164e-02
3.5914222e+01	-3.2633702e-02
3.5936031e+01	-2.3770687e-01
3.5957840e+01	-2.5307581e-01
3.5979649e+01	-2.4561208e-01
3.6001458e+01	1.5483560e-01
3.6023266e+01	1.5272158e-01
3.6045075e+01	4.8694969e-01
3.6066884e+01	2.2039724e-01
3.6088693e+01	1.2753507e-01
3.6110502e+01	2.0517426e-01
3.6132311e+01	7.3452853e-02
3.6154120e+01	6.7997317e-02
3.6175929e+01	7.6054289e-02
3.6197738e+01	-1.3288463e-01
3.6219547e+01	-5.8690475e-02
3.6241356e+01	9.4672141e-02
3.6263165e+01	1.0281544e-02
3.6284974e+01	-7.7952407e-02
3.6306783e+01	-1.1818991e-01
3.6328592e+01	-4.9667013e-02
3.6350401e+01	-3.2517244e-02
3.6372209e+01	8.8958998e-02
3.6394018e+01	-7.3977306e-02
3.6415827e+01	-1.0482455e-01
3.6437636e+01	1.6773349e-01
3.6459445e+01	5.2958999e-02
3.6481254e+01	8.5957339e-02
3.6503063e+01	-6.2626492e-03
3.6524872e+01	4.1620507e-02
3.6546681e+01	-3.1284203e-02
3.6568490e+01	3.4849367e-02
3.6590299e+01	-6.7293538e-03
3.6612108e+01	-1.1757254e-01
3.6633917e+01	-3.4366301e-02
3.6655726e+01	1.0763921e-01
3.6677535e+01	3.9367889e-01
3.6699344e+01	5.9957489e-01
3.6721152e+01	7.7457617e-01
3.6742961e+01	1.3151946e+00
3.6764770e+01	1.5357761e+00
3.6786579e+01	1.6954735e+00
3.6808388e+01	2.0897318e+00
3.6830197e+01	2.2666449e+00
3.6852006e+01	2.6550495e+00
3.6873815e+01	2.8567277e+00
3.6895624e+01	2.8180332e+00
3.6917433e+01	2.6727401e+00
3.6939242e+01	2.5072442e+00
3.6961051e+01	2.2166274e+00
3.6982860e+01	1.9055176e+00
3.7004669e+01	1.3606406e+00
3.7026478e+01	1.2303024e+00
3.7048287e+01	1.1391179e+00
3.7070095e+01	1.0928669e+00
3.7091904e+01	3.7058244e-01
3.7113713e+01	9.2918265e-02
3.7135522e+01	-3.0245111e-02
3.7157331e+01	4.6375033e-02
3.7179140e+01	-3.4113931e-02
3.7200949e+01	-4.0388704e-02
3.7222758e+01	-1.3720375e-02
3.7244567e+01	-9.8294244e-02
3.7266376e+01	1.3042324e-02
3.7288185e+01	4.2702585e-03
3.7309994e+01	-4.0939330e-02
3.7331803e+01	1.1798557e-02
3.7353612e+01	9.0406061e-02
3.7375421e+01	-2.9407156e-02
3.7397230e+01	-2.7339358e-02
3.7419038e+01	3.2692590e-01
3.7440847e+01	4.3371787e-01
3.7462656e+01	6.0048562e-01
3.7484465e+01	1.0170860e+00
3.7506274e+01	9.6983467e-01
3.7528083e+01	5.0613054e-01
3.7549892e+01	1.9785534e-01
3.7571701e+01	-1.3442952e-02
3.7593510e+01	1.2908802e-02
3.7615319e+01	7.0456425e-02
3.7637128e+01	-1.1066410e-03
3.7658937e+01	-3.4855205e-02
3.7680746e+01	-2.8913239e-02
3.7702555e+01	-2.7367391e-02
3.7724364e+01	-2.3199806e-01
3.7746173e+01	-7.1708918e-02
3.7767981e+01	8.9162870e-04
3.7789790e+01	1.8295415e-01
3.7811599e+01	4.2288529e-02
3.7833408e+01	2.1646354e-02
3.7855217e+01	7.6085362e-02
3.7877026e+01	1.7948678e-01
3.7898835e+01	3.7726241e-01
3.7920644e+01	4.8494442e-01
3.7942453e+01	4.4040521e-01
3.7964262e+01	3.5694264e-01
3.7986071e+01	3.2076866e-01
3.8007880e+01	5.0996338e-02
3.8029689e+01	-8.3745857e-02
3.8051498e+01	-7.3494884e-02
3.8073307e+01	-4.2330426e-02
3.8095116e+01	-1.0043064e-01
3.8116925e+01	-6.2550179e-02
3.8138733e+01	1.3160084e-01
3.8160542e+01	4.6907915e-02
3.8182351e+01	3.3250941e-01
3.8204160e+01	7.4097314e-01
3.8225969e+01	1.1479365e+00
3.8247778e+01	1.6010188e+00
3.8269587e+01	1.9441746e+00
3.8291396e+01	2.3674201e+00
3.8313205e+01	2.5562118e+00
3.8335014e+01	2.7706901e+00
3.8356823e+01	3.0591683e+00
3.8378632e+01	2.8905799e+00
3.8400441e+01	2.7755732e+00
3.8422250e+01	2.4477306e+00
3.8444059e+01	1.9631464e+00
3.8465868e+01	1.6393682e+00
3.8487676e+01	1.1253203e+00
3.8509485e+01	6.1444398e-01
3.8531294e+01	3.2916975e-01
3.8553103e+01	2.8353923e-02
3.8574912e+01	6.3781116e-02
3.8596721e+01	-1.4594874e-02
3.8618530e+01	1.1076831e-01
3.8640339e+01	-1.3897391e-01
3.8662148e+01	6.0051572e-02
3.8683957e+01	-6.7054755e-02
3.8705766e+01	-1.4714542e-01
3.8727575e+01	6.0778854e-02
3.8749384e+01	8.4536139e-02
3.8771193e+01	-3.5416046e-02
3.8793002e+01	1.0249393e-01
3.8814811e+01	-1.1708274e-02
3.8836619e+01	-9.8600762e-02
3.8858428e+01	8.1182274e-02
3.8880237e+01	-1.3300385e-01
3.8902046e+01	-5.2897289e-02
3.8923855e+01	9.0219173e-02
3.8945664e+01	1.4545857e-01
3.8967473e+01	2.8971621e-02
3.8989282e+01	-1.3325468e-01
3.9011091e+01	-1.7199596e-02
3.9032900e+01	9.3677331e-02
3.9054709e+01	6.7230439e-02
3.9076518e+01	-4.4318092e-02
3.9098327e+01	-1.0522229e-01
3.9120136e+01	-1.6258389e-02
3.9141945e+01	-2.8271383e-02
3.9163754e+01	-9.6103756e-02
3.9185562e+01	5.8669862e-02
3.9207371e+01	1.3605711e-01
3.9229180e+01	-2.0896643e-02
3.9250989e+01	-1.2147349e-01
3.9272798e+01	-1.5041484e-02
3.9294607e+01	1.4426536e-01
3.9316416e+01	1.2099096e-01
3.9338225e+01	7.6755393e-02
3.9360034e+01	7.0522274e-02
3.9381843e+01	-4.8985162e-02
3.9403652e+01	-1.5826501e-01
3.9425461e+01	2.4228301e-01
3.9447270e+01	2.2036632e-02
3.9469079e+01	3.1495065e-02
3.9490888e+01	-1.3219095e-01
3.9512697e+01	-2.1306743e-01
3.9534505e+01	-7.8839102e-02
3.9556314e+01	4.2620554e-02
3.9578123e+01	7.6872738e-02
3.9599932e+01	1.3170291e-01
3.9621741e+01	8.6029467e-02
3.9643550e+01	4.2152083e-01
3.9665359e+01	7.0199384e-01
3.9687168e+01	8.3754689e-01
3.9708977e+01	1.1632563e+00
3.9730786e+01	1.3909176e+00
3.9752595e+01	1.6015620e+00
3.9774404e+01	1.9471170e+00
3.9796213e+01	2.1685199e+00
3.9818022e+01	2.0751072e+00
3.9839831e+01	2.2180471e+00
3.9861640e+01	2.0929522e+00
3.9883449e+01	1.8349787e+00
3.9905257e+01	1.3954270e+00
3.9927066e+01	1.2215536e+00
3.9948875e+01	8.8364274e-01
3.9970684e+01	3.1318090e-01
3.9992493e+01	1.1227644e-01
4.0014302e+01	5.7738990e-02
4.0036111e+01	-3.4369152e-02
4.0057920e+01	-1.1653376e-01
4.0079729e+01	-2.5911050e-01
4.0101538e+01	6.7023216e-03
4.0123347e+01	1.4630939e-01
4.0145156e+01	1.2338239e-01
4.0166965e+01	6.5321370e-02
4.0188774e+01	1.0522845e-02
4.0210583e+01	-1.0461265e-01
4.0232392e+01	-7.0008652e-02
4.0254200e+01	-5.2607698e-03
4.0276009e+01	2.0944681e-02
4.0297818e+01	-4.1923463e-02
4.0319627e+01	-1.0501597e-02
4.0341436e+01	1.7385484e-01
4.0363245e+01	2.1966011e-01
4.0385054e+01	-6.3884241e-03
4.0406863e+01	-6.3322744e-02
4.0428672e+01	-6.5447123e-02
4.0450481e+01	2.1237555e-01
4.0472290e+01	1.0636162e-01
4.0494099e+01	-7.0757225e-02
4.0515908e+01	-1.7975194e-01
4.0537717e+01	-4.2803252e-02
4.0559526e+01	-8.3735165e-02
4.0581335e+01	4.4628591e-02
4.0603143e+01	1.4959121e-01
4.0624952e+01	1.4791014e-01
4.0646761e+01	8.2072236e-02
4.0668570e+01	4.2697045e-02
4.0690379e+01	-6.7426928e-02
4.0712188e+01	-1.6425144e-01
4.0733997e+01	-1.2380010e-02
4.0755806e+01	-1.4339176e-02
4.0777615e+01	9.3995831e-02
4.0799424e+01	-3.5566675e-02
4.0821233e+01	-2.8054995e-02
4.0843042e+01	1.7566561e-01
4.0864851e+01	2.6633052e-01
4.0886660e+01	-2.0723114e-03
4.0908469e+01	-1.7719421e-01
4.0930278e+01	-6.8868521e-02
4.0952086e+01	1.0520860e-02
4.0973895e+01	8.3393170e-03
4.0995704e+01	4.2603230e-02
4.1017513e+01	1.5679507e-02
4.1039322e+01	9.3458885e-02
4.1061131e+01	4.5658663e-02
4.1082940e+01	1.2255344e-01
4.1104749e+01	-2.4538774e-01
4.1126558e+01	6.7378821e-02
4.1148367e+01	-1.4115586e-03
4.1170176e+01	-6.7628535e-02
4.1191985e+01	-4.0530771e-02
4.1213794e+01	-2.6297987e-02
4.1235603e+01	6.8917616e-02
4.1257412e+01	6.4982923e-02
4.1279221e+01	1.2404766e-01
4.1301029e+01	-1.1581257e-01
4.1322838e+01	1.0723689e-02
4.1344647e+01	1.9112918e-01
4.1366456e+01	-2.8766114e-02
4.1388265e+01	-1.1609848e-01
4.1410074e+01	-5.3816852e-02
4.1431883e+01	1.3691664e-01
4.1453692e+01	-7.0776519e-03
4.1475501e+01	5.5249672e-02
4.1497310e+01	1.4844567e-01
4.1519119e+01	-8.1115741e-02
4.1540928e+01	-1.4854506e-01
4.1562737e+01	9.4778172e-03
4.1584546e+01	-1.8684057e-01
4.1606355e+01	-9.7559986e-02
4.1628164e+01	8.5498774e-02
4.1649972e+01	1.2748275e-01
4.1671781e+01	-2.8650424e-02
4.1693590e+01	-1.0635191e-01
4.1715399e+01	1.3652359e-01
4.1737208e+01	9.2883332e-02
4.1759017e+01	2.3551221e-01
4.1780826e+01	4.7293205e-01
4.1802635e+01	4.6026280e-01
4.1824444e+01	4.3159319e-01
4.1846253e+01	7.4322071e-01
4.1868062e+01	3.9707912e-01
4.1889871e+01	-4.9225829e-02
4.1911680e+01	1.4055966e-01
4.1933489e+01	6.4546804e-02
4.1955298e+01	-2.6447079e-02
4.1977107e+01	-1.2439676e-01
4.1998916e+01	-9.9779943e-02
4.2020724e+01	2.9029098e-02
4.2042533e+01	-2.0555072e-02
4.2064342e+01	-3.0617053e-02
4.2086151e+01	-7.6248763e-02
4.2107960e+01	1.4328992e-01
4.2129769e+01	1.3546446e-01
4.2151578e+01	-1.8921924e-01
4.2173387e+01	1.1991212e-01
4.2195196e+01	2.2832318e-01
4.2217005e+01	2.6478536e-02
4.2238814e+01	5.8571345e-02
4.2260623e+01	5.1004055e-02
4.2282432e+01	-2.9687298e-01
4.2304241e+01	-3.7148065e-02
4.2326050e+01	-6.5559751e-02
4.2347859e+01	1.1972917e-01
4.2369667e+01	-1.8311120e-02
4.2391476e+01	4.6956231e-02
4.2413285e+01	6.5570998e-01
4.2435094e+01	7.0115976e-01
4.2456903e+01	8.8396817e-01
4.2478712e+01	1.2424598e+00
4.2500521e+01	1.6753474e+00
4.2522330e+01	2.4033154e+00
4.2544139e+01	2.1430446e+00
4.2565948e+01	1.7386794e+00
4.2587757e+01	1.8269156e+00
4.2609566e+01	2.1413568e+00
4.2631375e+01	1.9054755e+00
4.2653184e+01	1.4507803e+00
4.2674993e+01	1.4136280e+00
4.2696802e+01	9.8716412e-01
4.2718610e+01	7.6012224e-01
4.2740419e+01	3.7924900e-01
4.2762228e+01	1.1601002e-01
4.2784037e+01	9.5120528e-02
4.2805846e+01	1.8811066e-02
4.2827655e+01	-2.8543402e-02
4.2849464e+01	-1.9377933e-01
4.2871273e+01	2.9899738e-02
4.2893082e+01	-7.6139425e-02
4.2914891e+01	8.2052965e-02
4.2936700e+01	3.5094383e-02
4.2958509e+01	8.1612868e-02
4.2980318e+01	1.4894677e-01
4.3002127e+01	-2.9059391e-02
4.3023936e+01	-1.7546617e-01
4.3045745e+01	1.3955988e-02
4.3067553e+01	4.7443498e-02
4.3089362e+01	-1.4228411e-02
4.3111171e+01	-8.6278619e-02
4.3132980e+01	3.7900386e-01
4.3154789e+01	3.2275973e-01
4.3176598e+01	-1.4128979e-02
4.3198407e+01	-6.3828637e-02
4.3220216e+01	2.8623921e-02
4.3242025e+01	1.5480115e-02
4.3263834e+01	-1.7519038e-01
4.3285643e+01	-1.6615707e-02
4.3307452e+01	3.8685165e-01
4.3329261e+01	4.2396361e-01
4.3351070e+01	1.3393833e-01
4.3372879e+01	4.1413625e-01
4.3394688e+01	3.0159639e-02
4.3416496e+01	1.3523269e-01
4.3438305e+01	1.4410501e-01
4.3460114e+01	1.3344967e-01
4.3481923e+01	3.7455481e-02
4.3503732e+01	-6.8703518e-02
4.3525541e+01	-2.7020892e-01
4.3547350e+01	-2.0311452e-01
4.3569159e+01	4.8038148e-03
4.3590968e+01	1.1087972e-01
4.3612777e+01	1.1818396e-01
4.3634586e+01	5.9794697e-01
4.3656395e+01	9.2424792e-01
4.3678204e+01	1.0791449e+00
4.3700013e+01	1.7314961e+00
4.3721822e+01	2.2359555e+00
4.3743631e+01	3.0242144e+00
4.3765439e+01	3.6138648e+00
4.3787248e+01	4.0977878e+00
4.3809057e+01	4.7628895e+00
4.3830866e+01	5.5860011e+00
4.3852675e+01	6.1311287e+00
4.3874484e+01	6.1931314e+00
4.3896293e+01	6.1677094e+00
4.3918102e+01	5.3830796e+00
4.3939911e+01	4.5351653e+00
4.3961720e+01	3.9005026e+00
4.3983529e+01	3.1794735e+00
4.4005338e+01	1.8699823e+00
4.4027147e+01	1.2551839e+00
4.4048956e+01	4.3447359e-01
4.4070765e+01	4.2410442e-01
4.4092574e+01	1.5523836e-01
4.4114383e+01	-2.5725044e-01
4.4136191e+01	2.1948642e-01
4.4158000e+01	7.9670369e-02
4.4179809e+01	8.7815772e-02
4.4201618e+01	2.3682705e-01
4.4223427e+01	-8.6036788e-02
4.4245236e+01	-1.0078556e-01
4.4267045e+01	-1.5559745e-01
4.4288854e+01	1.3888972e-01
4.4310663e+01	5.7329657e-02
4.4332472e+01	1.0386889e-01
4.4354281e+01	-1.1622384e-01
4.4376090e+01	6.7784128e-02
4.4397899e+01	2.5188347e-01
4.4419708e+01	-2.0598009e-01
4.4441517e+01	-1.8805852e-01
4.4463326e+01	1.3718020e-01
4.4485134e+01	2.8739770e-01
4.4506943e+01	1.0473137e-01
4.4528752e+01	-2.5406582e-02
4.4550561e+01	1.1191716e-01
4.4572370e+01	-2.1270750e-02
4.4594179e+01	1.6358918e-01
4.4615988e+01	-2.4321903e-01
4.4637797e+01	1.0036146e-01
4.4659606e+01	5.3986822e-02
4.4681415e+01	1.4741743e-01
4.4703224e+01	3.4986863e-01
4.4725033e+01	-6.6637987e-03
4.4746842e+01	3.8029241e-02
4.4768651e+01	1.2291771e-01
4.4790460e+01	-2.2243796e-01
4.4812269e+01	-2.1700378e-01
4.4834077e+01	-1.1890619e-01
4.4855886e+01	-1.1593159e-02
4.4877695e+01	1.2111276e-01
4.4899504e+01	1.3722710e-01
4.4921313e+01	1.7959261e-02
4.4943122e+01	9.1218485e-04
4.4964931e+01	3.9480367e-01
4.4986740e+01	7.5652516e-01