Image file: \\Gfs05\g45\SAXS\2020_12\HDF5\2020-12.10_Kevin_day2_SN\2020-12-10_Max_Cu123_SN_000017_data_000020.h5
ImageIntegration1d_chi_output; Output_Directory= \\Gfs05\g45\SAXS\2020_12\Processed\2020-12-09_Kevin_day1_SN\Chi-Sample-7
Profile = Radial, StartAzimuth = 0.0, EndAzimuth = 360.0, Sam_Det_distance = 250.818474293, InnerRadius = 15.0, OuterRadius = 2400.0, Lambda = 30, Ratio = 0.001, Itermax = 100
2400
2.0013229e+00	-4.5523456e-02
2.0231319e+00	4.1158319e-02
2.0449408e+00	-1.8788065e-02
2.0667497e+00	-7.4286435e-03
2.0885587e+00	1.5304832e-01
2.1103676e+00	-2.0585008e-01
2.1321765e+00	-6.9149825e-02
2.1539855e+00	9.2729720e-02
2.1757944e+00	1.3622169e-01
2.1976034e+00	1.7193668e-01
2.2194123e+00	-6.6107206e-02
2.2412212e+00	-1.8851735e-01
2.2630302e+00	1.2188793e-01
2.2848391e+00	2.0521317e-01
2.3066480e+00	-2.8353485e-01
2.3284570e+00	-2.3185405e-01
2.3502659e+00	1.0399284e-01
2.3720749e+00	1.6898550e-01
2.3938838e+00	4.0586502e-02
2.4156927e+00	-3.8066074e-02
2.4375017e+00	-6.7445093e-02
2.4593106e+00	4.4427830e-02
2.4811196e+00	1.2108774e-01
2.5029285e+00	8.9838688e-02
2.5247374e+00	-3.3703371e-02
2.5465464e+00	-1.1541881e-02
2.5683553e+00	-9.4389449e-02
2.5901642e+00	-1.7318632e-01
2.6119732e+00	9.1392233e-03
2.6337821e+00	-6.5795328e-02
2.6555911e+00	1.0636739e-01
2.6774000e+00	1.6804937e-01
2.6992089e+00	2.2820379e-01
2.7210179e+00	-2.7294714e-01
2.7428268e+00	-6.4152751e-02
2.7646358e+00	9.8113855e-02
2.7864447e+00	6.9501466e-02
2.8082536e+00	1.9764290e-01
2.8300626e+00	-7.9161105e-02
2.8518715e+00	-4.5701296e-02
2.8736804e+00	-7.1528174e-02
2.8954894e+00	-6.4164465e-02
2.9172983e+00	4.4782882e-02
2.9391073e+00	-1.9059080e-01
2.9609162e+00	2.3847127e-02
2.9827251e+00	2.0468324e-01
3.0045341e+00	3.6727123e-02
3.0263430e+00	-1.1013958e-02
3.0481519e+00	4.4129073e-02
3.0699609e+00	-1.0042893e-01
3.0917698e+00	3.2465770e-02
3.1135788e+00	2.2398229e-02
3.1353877e+00	1.1584350e-01
3.1571966e+00	-9.1537246e-02
3.1790056e+00	-1.0201937e-01
3.2008145e+00	4.1611166e-01
3.2226235e+00	9.4690681e-02
3.2444324e+00	-5.5206144e-02
3.2662413e+00	6.7911557e-02
3.2880503e+00	9.2653788e-02
3.3098592e+00	-5.4391609e-02
3.3316681e+00	-1.6825090e-01
3.3534771e+00	-6.6690867e-02
3.3752860e+00	1.7227796e-01
3.3970950e+00	3.6160570e-02
3.4189039e+00	-4.6496395e-02
3.4407128e+00	-1.5289972e-01
3.4625218e+00	1.1030806e-01
3.4843307e+00	3.8358898e-01
3.5061396e+00	6.5581792e-02
3.5279486e+00	1.7465940e-01
3.5497575e+00	7.6197969e-01
3.5715665e+00	2.3513048e-01
3.5933754e+00	-2.1277651e-01
3.6151843e+00	-9.4735380e-02
3.6369933e+00	-1.9281570e-01
3.6588022e+00	-1.4711358e-01
3.6806112e+00	-8.3517982e-02
3.7024201e+00	2.0956877e-01
3.7242290e+00	1.8853387e-01
3.7460380e+00	1.4008766e-01
3.7678469e+00	-1.1891128e-01
3.7896558e+00	1.0904045e-01
3.8114648e+00	1.2880574e-01
3.8332737e+00	5.4997149e-02
3.8550827e+00	-4.3072502e-02
3.8768916e+00	2.5985037e-02
3.8987005e+00	3.6654146e-02
3.9205095e+00	-1.6172279e-01
3.9423184e+00	-2.0153917e-01
3.9641273e+00	-1.8120974e-01
3.9859363e+00	8.6103678e-02
4.0077452e+00	-1.1960649e-01
4.0295542e+00	1.4818740e-01
4.0513631e+00	1.5111463e-01
4.0731720e+00	8.3993841e-02
4.0949810e+00	5.2425961e-02
4.1167899e+00	3.3467966e-02
4.1385989e+00	-6.1080917e-03
4.1604078e+00	-8.9893373e-02
4.1822167e+00	-2.6523660e-02
4.2040257e+00	8.3702328e-02
4.2258346e+00	-1.3519959e-01
4.2476435e+00	-5.5175159e-02
4.2694525e+00	1.1322532e-01
4.2912614e+00	1.3479816e-01
4.3130704e+00	9.3666396e-02
4.3348793e+00	1.3325476e-01
4.3566882e+00	-3.6648533e-01
4.3784972e+00	-2.9859485e-01
4.4003061e+00	1.7372436e-01
4.4221151e+00	9.1316644e-02
4.4439240e+00	-8.8030454e-02
4.4657329e+00	6.9012067e-02
4.4875419e+00	3.2862317e-01
4.5093508e+00	2.6456709e-02
4.5311597e+00	6.7218674e-02
4.5529687e+00	8.0690392e-02
4.5747776e+00	-1.7336533e-01
4.5965866e+00	7.3280887e-02
4.6183955e+00	-5.1796846e-02
4.6402044e+00	-2.2473608e-02
4.6620134e+00	2.8235949e-01
4.6838223e+00	1.9800904e-02
4.7056312e+00	3.2683971e-02
4.7274402e+00	-7.3725603e-02
4.7492491e+00	-5.2760330e-02
4.7710581e+00	-5.1174683e-02
4.7928670e+00	-1.4000604e-01
4.8146759e+00	1.3375345e-01
4.8364849e+00	3.8094233e-01
4.8582938e+00	4.7001885e-01
4.8801028e+00	1.1610702e-01
4.9019117e+00	1.3197292e-01
4.9237206e+00	-6.3619810e-02
4.9455296e+00	3.7628942e-02
4.9673385e+00	5.3942918e-04
4.9891474e+00	-2.4461216e-01
5.0109564e+00	-1.5982560e-01
5.0327653e+00	3.5206006e-01
5.0545743e+00	2.1936617e-01
5.0763832e+00	-4.7495564e-02
5.0981921e+00	5.9941258e-02
5.1200011e+00	3.4960608e-02
5.1418100e+00	1.3680935e-01
5.1636189e+00	1.7501867e-01
5.1854279e+00	-8.4047846e-02
5.2072368e+00	-2.3258053e-01
5.2290458e+00	1.4829945e-01
5.2508547e+00	-1.5798741e-01
5.2726636e+00	-1.1458008e-01
5.2944726e+00	3.1433630e-02
5.3162815e+00	-4.1201050e-02
5.3380905e+00	3.8468361e-02
5.3598994e+00	1.1055909e-01
5.3817083e+00	6.7748518e-02
5.4035173e+00	-1.8908918e-02
5.4253262e+00	4.4218396e-02
5.4471351e+00	6.0540866e-02
5.4689441e+00	-5.9279157e-02
5.4907530e+00	3.8885884e-02
5.5125620e+00	1.0848961e-02
5.5343709e+00	1.0873367e-02
5.5561798e+00	-3.7271662e-01
5.5779888e+00	6.1075453e-02
5.5997977e+00	2.1552992e-01
5.6216066e+00	1.9271778e-02
5.6434156e+00	2.1709957e-01
5.6652245e+00	3.3578881e-01
5.6870335e+00	9.6696471e-03
5.7088424e+00	-1.2377101e-01
5.7306513e+00	-1.5090505e-01
5.7524603e+00	-1.6647790e-01
5.7742692e+00	6.8990065e-02
5.7960782e+00	2.0715863e-01
5.8178871e+00	1.0488819e-01
5.8396960e+00	-2.2566435e-02
5.8615050e+00	-1.4794741e-01
5.8833139e+00	-1.6024219e-02
5.9051228e+00	-5.5298928e-02
5.9269318e+00	3.3602510e-01
5.9487407e+00	1.1259421e-01
5.9705497e+00	-1.4472420e-01
5.9923586e+00	1.6296020e-01
6.0141675e+00	1.4064774e-01
6.0359765e+00	3.0321677e-01
6.0577854e+00	-1.4449238e-01
6.0795944e+00	-1.6934023e-01
6.1014033e+00	1.9672897e-01
6.1232122e+00	7.7798535e-02
6.1450212e+00	-2.4104392e-01
6.1668301e+00	-1.3667368e-01
6.1886390e+00	1.5587174e-01
6.2104480e+00	2.7255346e-01
6.2322569e+00	1.9793062e-01
6.2540659e+00	1.6027723e-02
6.2758748e+00	-7.9633179e-02
6.2976837e+00	-1.6953826e-01
6.3194927e+00	-1.8048868e-01
6.3413016e+00	5.9647551e-02
6.3631105e+00	3.8321366e-01
6.3849195e+00	1.5538840e-01
6.4067284e+00	1.2239343e-01
6.4285374e+00	-1.8370746e-01
6.4503463e+00	1.2371589e-01
6.4721552e+00	-2.5147849e-02
6.4939642e+00	-1.6395144e-01
6.5157731e+00	7.5912020e-02
6.5375821e+00	1.6128341e-01
6.5593910e+00	-1.6389013e-01
6.5811999e+00	2.9976762e-02
6.6030089e+00	-2.9547646e-02
6.6248178e+00	1.8001645e-01
6.6466267e+00	3.9766187e-02
6.6684357e+00	4.5228279e-02
6.6902446e+00	-2.7223372e-02
6.7120536e+00	-1.9944229e-01
6.7338625e+00	-1.2699714e-01
6.7556714e+00	6.5079454e-02
6.7774804e+00	1.9799787e-01
6.7992893e+00	1.2229796e-01
6.8210982e+00	1.4442676e-01
6.8429072e+00	-2.0239651e-01
6.8647161e+00	-8.6427850e-03
6.8865251e+00	-7.5458488e-02
6.9083340e+00	-1.5232325e-01
6.9301429e+00	-3.8798903e-02
6.9519519e+00	-1.1078994e-01
6.9737608e+00	8.6245803e-02
6.9955698e+00	-8.9363777e-02
7.0173787e+00	7.6438866e-02
7.0391876e+00	1.3657769e-01
7.0609966e+00	2.0451883e-01
7.0828055e+00	-2.8551829e-02
7.1046144e+00	9.6299131e-02
7.1264234e+00	2.1244261e-02
7.1482323e+00	-7.4615592e-02
7.1700413e+00	2.0084385e-01
7.1918502e+00	-1.0649741e-01
7.2136591e+00	1.4036507e-02
7.2354681e+00	-1.6153989e-01
7.2572770e+00	1.2854887e-02
7.2790859e+00	1.6073188e-01
7.3008949e+00	-1.9246161e-01
7.3227038e+00	-1.7520627e-01
7.3445128e+00	1.5285854e-01
7.3663217e+00	1.8398858e-01
7.3881306e+00	-1.3909695e-01
7.4099396e+00	-1.0584489e-01
7.4317485e+00	8.9443230e-03
7.4535575e+00	1.0347119e-02
7.4753664e+00	3.7980262e-02
7.4971753e+00	-5.8916808e-02
7.5189843e+00	9.8161656e-02
7.5407932e+00	1.2640073e-01
7.5626021e+00	1.2883021e-02
7.5844111e+00	1.6581156e-01
7.6062200e+00	-4.1354283e-02
7.6280290e+00	-1.1852285e-01
7.6498379e+00	-1.6350761e-01
7.6716468e+00	-6.4639550e-02
7.6934558e+00	5.8260525e-02
7.7152647e+00	2.2011918e-02
7.7370737e+00	2.5365026e-02
7.7588826e+00	2.3033217e-01
7.7806915e+00	-5.4413727e-02
7.8025005e+00	-6.6070529e-02
7.8243094e+00	1.0243912e-01
7.8461183e+00	5.4461642e-01
7.8679273e+00	1.4615486e-01
7.8897362e+00	-1.0575704e-01
7.9115452e+00	-2.7656123e-01
7.9333541e+00	-1.8874767e-01
7.9551630e+00	1.1464132e-01
7.9769720e+00	1.5640299e-01
7.9987809e+00	2.7982236e-01
8.0205898e+00	4.4113402e-02
8.0423988e+00	-9.2833278e-02
8.0642077e+00	-6.6569633e-02
8.0860167e+00	2.8834045e-01
8.1078256e+00	2.1036955e-01
8.1296345e+00	-5.3669306e-02
8.1514435e+00	-1.6295176e-01
8.1732524e+00	-1.3851708e-01
8.1950614e+00	1.8026309e-01
8.2168703e+00	2.4833519e-01
8.2386792e+00	2.6871916e-02
8.2604882e+00	-6.2735584e-02
8.2822971e+00	-9.6960589e-02
8.3041060e+00	1.8661262e-02
8.3259150e+00	1.0099501e-01
8.3477239e+00	-1.3226407e-01
8.3695329e+00	9.8492824e-02
8.3913418e+00	-1.0190693e-01
8.4131507e+00	-2.5173284e-01
8.4349597e+00	1.8573114e-01
8.4567686e+00	4.6261616e-01
8.4785775e+00	9.9459686e-02
8.5003865e+00	-9.0845959e-02
8.5221954e+00	1.4690620e-01
8.5440044e+00	1.4831097e-01
8.5658133e+00	-8.8163281e-03
8.5876222e+00	-5.1147122e-02
8.6094312e+00	1.2649175e-01
8.6312401e+00	-1.1219326e-01
8.6530491e+00	-2.2125186e-01
8.6748580e+00	-1.7411284e-02
8.6966669e+00	8.8322285e-02
8.7184759e+00	-8.5763449e-02
8.7402848e+00	9.6800320e-02
8.7620937e+00	-1.7009023e-01
8.7839027e+00	1.9080755e-01
8.8057116e+00	1.6970388e-01
8.8275206e+00	6.4243629e-02
8.8493295e+00	-4.4352989e-02
8.8711384e+00	-1.6124196e-01
8.8929474e+00	-1.4569146e-01
8.9147563e+00	3.5621097e-01
8.9365652e+00	6.7748028e-02
8.9583742e+00	-3.6737224e-02
8.9801831e+00	1.7290247e-01
9.0019921e+00	1.9050031e-01
9.0238010e+00	-1.5654345e-01
9.0456099e+00	-6.5388390e-02
9.0674189e+00	-1.9586072e-02
9.0892278e+00	2.9801702e-01
9.1110368e+00	2.1547677e-01
9.1328457e+00	-2.8929853e-01
9.1546546e+00	-2.3584969e-03
9.1764636e+00	1.7736956e-01
9.1982725e+00	-2.5206163e-02
9.2200814e+00	-1.2015884e-01
9.2418904e+00	-1.0737000e-01
9.2636993e+00	2.4458777e-03
9.2855083e+00	1.6583702e-01
9.3073172e+00	4.6267525e-01
9.3291261e+00	4.6653150e-02
9.3509351e+00	-5.3382727e-02
9.3727440e+00	2.3062266e-01
9.3945530e+00	1.4911821e-01
9.4163619e+00	-2.6356998e-01
9.4381708e+00	-7.9281600e-02
9.4599798e+00	8.0809314e-02
9.4817887e+00	2.2846004e-02
9.5035976e+00	-9.5372578e-02
9.5254066e+00	4.2842750e-02
9.5472155e+00	4.3988790e-01
9.5690245e+00	2.6160196e-02
9.5908334e+00	7.1582877e-02
9.6126423e+00	2.2669436e-01
9.6344513e+00	-2.8128532e-03
9.6562602e+00	-2.5377831e-01
9.6780691e+00	2.0361310e-01
9.6998781e+00	-2.1296524e-01
9.7216870e+00	-3.3762293e-01
9.7434960e+00	1.5806125e-01
9.7653049e+00	2.3099859e-01
9.7871138e+00	2.3003890e-01
9.8089228e+00	2.0050212e-01
9.8307317e+00	-2.8315398e-02
9.8525407e+00	-1.8371165e-01
9.8743496e+00	-1.7780377e-02
9.8961585e+00	3.8061831e-01
9.9179675e+00	3.8346350e-01
9.9397764e+00	4.2031637e-01
9.9615853e+00	6.1552789e-01
9.9833943e+00	1.0545171e-01
1.0005203e+01	4.8110290e-02
1.0027012e+01	-5.6229383e-02
1.0048821e+01	-1.7322491e-01
1.0070630e+01	3.3778585e-01
1.0092439e+01	1.1221611e-01
1.0114248e+01	-8.0036191e-02
1.0136057e+01	-1.1033266e-01
1.0157866e+01	3.1364355e-01
1.0179675e+01	2.0820573e-01
1.0201484e+01	4.4650472e-01
1.0223293e+01	3.8051337e-02
1.0245102e+01	-5.1607612e-02
1.0266910e+01	-7.6544361e-02
1.0288719e+01	-4.5381486e-02
1.0310528e+01	-5.7315543e-02
1.0332337e+01	1.0498930e+00
1.0354146e+01	1.7587797e+00
1.0375955e+01	2.1266980e+00
1.0397764e+01	2.6101124e+00
1.0419573e+01	3.0557075e+00
1.0441382e+01	3.0270096e+00
1.0463191e+01	4.3373224e+00
1.0485000e+01	5.9560854e+00
1.0506809e+01	7.4435879e+00
1.0528618e+01	8.9094206e+00
1.0550427e+01	1.0001514e+01
1.0572236e+01	1.0334078e+01
1.0594045e+01	1.0243915e+01
1.0615853e+01	1.0229273e+01
1.0637662e+01	1.0226584e+01
1.0659471e+01	1.0041398e+01
1.0681280e+01	8.3683154e+00
1.0703089e+01	6.2953672e+00
1.0724898e+01	4.5261637e+00
1.0746707e+01	3.1937653e+00
1.0768516e+01	2.6839826e+00
1.0790325e+01	1.6156461e+00
1.0812134e+01	8.7317515e-01
1.0833943e+01	6.7317640e-01
1.0855752e+01	6.3720631e-01
1.0877561e+01	1.8658683e-01
1.0899370e+01	-1.3956441e-01
1.0921179e+01	7.1897530e-02
1.0942988e+01	-2.8774447e-02
1.0964796e+01	3.2248386e-02
1.0986605e+01	5.1143124e-03
1.1008414e+01	5.6394683e-01
1.1030223e+01	1.1154412e+00
1.1052032e+01	1.0729552e+00
1.1073841e+01	6.4259242e-01
1.1095650e+01	1.2403496e+00
1.1117459e+01	1.4964394e+00
1.1139268e+01	2.0110553e+00
1.1161077e+01	2.3505048e+00
1.1182886e+01	2.3756926e+00
1.1204695e+01	2.4174091e+00
1.1226504e+01	3.0368060e+00
1.1248313e+01	2.9841757e+00
1.1270122e+01	1.2000639e+00
1.1291931e+01	4.9229117e-01
1.1313740e+01	-9.3660258e-03
1.1335548e+01	1.7479845e-01
1.1357357e+01	7.9534604e-02
1.1379166e+01	-1.0016998e-01
1.1400975e+01	-1.2969978e-01
1.1422784e+01	1.0631537e-01
1.1444593e+01	1.1273479e-01
1.1466402e+01	-9.4060466e-02
1.1488211e+01	-2.7521168e-01
1.1510020e+01	-3.5762156e-02
1.1531829e+01	1.1426352e-01
1.1553638e+01	-2.0428879e-01
1.1575447e+01	-6.5593983e-02
1.1597256e+01	1.8925563e-01
1.1619065e+01	9.5203676e-02
1.1640874e+01	2.5836253e-01
1.1662683e+01	-6.8741446e-02
1.1684491e+01	-1.5702384e-01
1.1706300e+01	1.0819367e-01
1.1728109e+01	2.6678938e-01
1.1749918e+01	-1.7335639e-02
1.1771727e+01	1.9226806e-01
1.1793536e+01	6.9861297e-02
1.1815345e+01	-2.9569532e-01
1.1837154e+01	2.4794983e-02
1.1858963e+01	-1.2152149e-01
1.1880772e+01	-2.0488695e-01
1.1902581e+01	1.9995590e-01
1.1924390e+01	2.7078887e-01
1.1946199e+01	1.2280143e-01
1.1968008e+01	1.6990118e-01
1.1989817e+01	5.0365105e-02
1.2011626e+01	-1.7342709e-01
1.2033434e+01	-2.1803166e-01
1.2055243e+01	2.3527934e-02
1.2077052e+01	-2.5610107e-01
1.2098861e+01	1.6150216e-01
1.2120670e+01	4.2029011e-01
1.2142479e+01	3.4970190e-01
1.2164288e+01	1.3774318e-01
1.2186097e+01	9.2185828e-03
1.2207906e+01	4.0679676e-01
1.2229715e+01	1.4461859e-01
1.2251524e+01	7.6219819e-02
1.2273333e+01	3.2680163e-02
1.2295142e+01	-2.0894938e-01
1.2316951e+01	-1.7267091e-01
1.2338760e+01	9.1154422e-02
1.2360569e+01	3.7274306e-01
1.2382377e+01	-1.6286891e-01
1.2404186e+01	1.4807415e-02
1.2425995e+01	2.0977979e-01
1.2447804e+01	7.5097328e-02
1.2469613e+01	1.7579311e-02
1.2491422e+01	2.0445777e-01
1.2513231e+01	-1.5445905e-01
1.2535040e+01	-6.4784404e-02
1.2556849e+01	-1.5228004e-01
1.2578658e+01	-1.1637074e-01
1.2600467e+01	2.3020355e-01
1.2622276e+01	1.3673071e-01
1.2644085e+01	4.4102310e-02
1.2665894e+01	2.7081552e-01
1.2687703e+01	-6.2931710e-02
1.2709512e+01	-3.3445090e-02
1.2731320e+01	-1.1251914e-01
1.2753129e+01	-2.2916914e-01
1.2774938e+01	-5.7782028e-02
1.2796747e+01	9.0927223e-02
1.2818556e+01	1.6697314e-01
1.2840365e+01	2.9816112e-02
1.2862174e+01	-1.1932483e-01
1.2883983e+01	7.1025192e-02
1.2905792e+01	-7.3675663e-02
1.2927601e+01	5.4967989e-02
1.2949410e+01	4.7469914e-02
1.2971219e+01	2.5950246e-02
1.2993028e+01	7.2525661e-02
1.3014837e+01	4.5526991e-02
1.3036646e+01	8.0251844e-01
1.3058455e+01	1.4509219e+00
1.3080264e+01	2.1119413e+00
1.3102072e+01	2.2200014e+00
1.3123881e+01	1.3693833e+00
1.3145690e+01	8.3752062e-01
1.3167499e+01	9.0287641e-01
1.3189308e+01	1.0276825e+00
1.3211117e+01	1.5263378e+00
1.3232926e+01	1.7985970e+00
1.3254735e+01	1.5482542e+00
1.3276544e+01	7.5539420e-01
1.3298353e+01	1.1100282e-01
1.3320162e+01	-1.6548614e-01
1.3341971e+01	-4.6214037e-01
1.3363780e+01	3.2444519e-02
1.3385589e+01	2.7799659e-01
1.3407398e+01	8.2087620e-02
1.3429207e+01	-4.7402469e-02
1.3451015e+01	9.6725686e-02
1.3472824e+01	7.9549930e-02
1.3494633e+01	4.8408926e-02
1.3516442e+01	1.4501476e-01
1.3538251e+01	7.8804054e-02
1.3560060e+01	-1.7604841e-02
1.3581869e+01	4.2300965e-02
1.3603678e+01	-1.7460329e-01
1.3625487e+01	-1.9125003e-01
1.3647296e+01	8.9646348e-02
1.3669105e+01	-9.0796629e-02
1.3690914e+01	8.0569343e-02
1.3712723e+01	2.8139974e-01
1.3734532e+01	1.3311950e-01
1.3756341e+01	-4.0530336e-02
1.3778150e+01	-3.2886379e-02
1.3799958e+01	-6.1158834e-02
1.3821767e+01	-1.2572230e-01
1.3843576e+01	-2.8255311e-02
1.3865385e+01	1.9259915e-01
1.3887194e+01	-2.2095658e-02
1.3909003e+01	-2.1835310e-01
1.3930812e+01	1.0493643e-01
1.3952621e+01	1.8547296e-01
1.3974430e+01	5.4111026e-02
1.3996239e+01	-1.9016169e-01
1.4018048e+01	-1.3597891e-01
1.4039857e+01	1.1843427e-01
1.4061666e+01	1.0193724e-01
1.4083475e+01	-1.6090862e-02
1.4105284e+01	-1.6968391e-01
1.4127093e+01	3.7650146e-02
1.4148901e+01	1.7544138e-01
1.4170710e+01	3.4563411e-01
1.4192519e+01	2.2366704e-01
1.4214328e+01	-1.0253029e-01
1.4236137e+01	-8.0077017e-02
1.4257946e+01	-5.3802954e-02
1.4279755e+01	-5.9751107e-02
1.4301564e+01	4.9028369e-02
1.4323373e+01	1.1919446e-01
1.4345182e+01	9.3658278e-02
1.4366991e+01	-6.9358010e-02
1.4388800e+01	-1.0235425e-01
1.4410609e+01	1.3240138e-02
1.4432418e+01	2.3746923e-01
1.4454227e+01	3.7308543e-02
1.4476036e+01	-1.8254099e-01
1.4497844e+01	5.1577088e-02
1.4519653e+01	1.9853487e-01
1.4541462e+01	1.7664851e-01
1.4563271e+01	4.6956573e-02
1.4585080e+01	-3.4879486e-01
1.4606889e+01	-5.6003205e-02
1.4628698e+01	-3.3025841e-01
1.4650507e+01	-1.7768220e-01
1.4672316e+01	-1.4122671e-01
1.4694125e+01	4.7212608e-02
1.4715934e+01	2.3364168e-01
1.4737743e+01	4.0348749e-01
1.4759552e+01	1.7306715e-01
1.4781361e+01	1.2671134e-01
1.4803170e+01	1.4432495e-01
1.4824979e+01	6.4477340e-02
1.4846787e+01	3.5687940e-01
1.4868596e+01	9.4085517e-01
1.4890405e+01	1.0907278e+00
1.4912214e+01	1.2159733e+00
1.4934023e+01	1.2649219e+00
1.4955832e+01	7.0799560e-01
1.4977641e+01	2.5514561e-01
1.4999450e+01	-5.6258247e-02
1.5021259e+01	5.9663951e-02
1.5043068e+01	4.0198781e-01
1.5064877e+01	2.6948493e-01
1.5086686e+01	-2.8332713e-02
1.5108495e+01	-1.7781401e-01
1.5130304e+01	-2.2851904e-01
1.5152113e+01	-2.7143479e-01
1.5173922e+01	7.5999979e-02
1.5195731e+01	5.1058436e-01
1.5217539e+01	5.6079387e-01
1.5239348e+01	5.9401910e-01
1.5261157e+01	5.4000503e-02
1.5282966e+01	-8.0818168e-02
1.5304775e+01	-4.7440940e-02
1.5326584e+01	1.8816366e-01
1.5348393e+01	1.9836087e-01
1.5370202e+01	1.3442988e-01
1.5392011e+01	2.9730663e-01
1.5413820e+01	2.4469873e-01
1.5435629e+01	-1.7881391e-01
1.5457438e+01	-1.2675564e-01
1.5479247e+01	2.7877755e-01
1.5501056e+01	5.6311867e-01
1.5522865e+01	4.9792854e-02
1.5544674e+01	-1.6168350e-01
1.5566482e+01	-9.7061100e-02
1.5588291e+01	1.2042168e-01
1.5610100e+01	4.6510949e-01
1.5631909e+01	1.0937116e+00
1.5653718e+01	1.4121098e+00
1.5675527e+01	1.4633559e+00
1.5697336e+01	1.2605346e+00
1.5719145e+01	7.3275986e-01
1.5740954e+01	3.9484239e-01
1.5762763e+01	6.3226877e-02
1.5784572e+01	-8.7075987e-02
1.5806381e+01	-2.5431938e-01
1.5828190e+01	-2.1026345e-02
1.5849999e+01	9.4334362e-02
1.5871808e+01	1.9345134e-01
1.5893617e+01	-1.7479286e-02
1.5915425e+01	3.7385315e-02
1.5937234e+01	-1.5255185e-01
1.5959043e+01	-7.3309767e-02
1.5980852e+01	1.4545950e-01
1.6002661e+01	7.5760066e-02
1.6024470e+01	5.4274362e-02
1.6046279e+01	-2.0209297e-01
1.6068088e+01	4.2370927e-02
1.6089897e+01	1.8340277e-02
1.6111706e+01	2.1211633e-01
1.6133515e+01	1.1158227e-01
1.6155324e+01	-1.1189164e-01
1.6177133e+01	-1.4385734e-01
1.6198942e+01	1.0211694e-02
1.6220751e+01	-9.8080951e-02
1.6242560e+01	7.6093507e-02
1.6264368e+01	1.2075087e-01
1.6286177e+01	8.7827351e-02
1.6307986e+01	5.3420992e-02
1.6329795e+01	-2.6790620e-01
1.6351604e+01	-8.2121935e-02
1.6373413e+01	1.6893930e-01
1.6395222e+01	-3.8005049e-02
1.6417031e+01	-2.1703120e-02
1.6438840e+01	1.2811151e-02
1.6460649e+01	1.8355073e-01
1.6482458e+01	-9.9387679e-02
1.6504267e+01	-2.1154521e-01
1.6526076e+01	-1.9352387e-02
1.6547885e+01	2.0463471e-01
1.6569694e+01	3.9524960e-01
1.6591503e+01	1.2816436e+00
1.6613311e+01	2.8826126e+00
1.6635120e+01	3.6499505e+00
1.6656929e+01	3.7995111e+00
1.6678738e+01	3.6398635e+00
1.6700547e+01	2.8444045e+00
1.6722356e+01	2.7744169e+00
1.6744165e+01	3.3281697e+00
1.6765974e+01	3.7148978e+00
1.6787783e+01	4.2850381e+00
1.6809592e+01	4.7408104e+00
1.6831401e+01	4.5580387e+00
1.6853210e+01	3.8072609e+00
1.6875019e+01	2.6909588e+00
1.6896828e+01	1.2685334e+00
1.6918637e+01	1.3800051e-01
1.6940446e+01	-7.5051910e-02
1.6962254e+01	2.0512002e-01
1.6984063e+01	1.8480744e-01
1.7005872e+01	7.2661719e-02
1.7027681e+01	-2.7647524e-01
1.7049490e+01	-1.1402461e-01
1.7071299e+01	-1.1559869e-01
1.7093108e+01	-9.7704272e-02
1.7114917e+01	2.3033692e-01
1.7136726e+01	1.5717362e-01
1.7158535e+01	-1.4935511e-01
1.7180344e+01	-9.9086816e-02
1.7202153e+01	-2.0968695e-02
1.7223962e+01	-1.7876372e-02
1.7245771e+01	8.5986954e-02
1.7267580e+01	-5.8940522e-02
1.7289389e+01	-2.1772641e-02
1.7311198e+01	1.1944588e-01
1.7333006e+01	1.5844855e-01
1.7354815e+01	-1.7443546e-02
1.7376624e+01	6.8655543e-02
1.7398433e+01	-1.7412627e-01
1.7420242e+01	-2.8915537e-02
1.7442051e+01	5.0498327e-02
1.7463860e+01	1.7914516e-01
1.7485669e+01	3.4724417e-02
1.7507478e+01	-2.8632372e-01
1.7529287e+01	-1.1987591e-01
1.7551096e+01	2.1125027e-01
1.7572905e+01	1.6638292e-01
1.7594714e+01	-1.6088093e-02
1.7616523e+01	2.6175214e-02
1.7638332e+01	-1.7412638e-01
1.7660141e+01	-1.0181942e-01
1.7681949e+01	1.0474770e-01
1.7703758e+01	2.6791233e-02
1.7725567e+01	-7.1416178e-02
1.7747376e+01	-2.8626488e-03
1.7769185e+01	1.4206675e-01
1.7790994e+01	1.0029427e-01
1.7812803e+01	-7.9943476e-02
1.7834612e+01	-6.6288408e-02
1.7856421e+01	4.6263900e-02
1.7878230e+01	3.2477965e-02
1.7900039e+01	-3.6396332e-02
1.7921848e+01	-7.5575506e-02
1.7943657e+01	6.6255527e-02
1.7965466e+01	3.9215635e-03
1.7987275e+01	-8.9806263e-03
1.8009084e+01	4.3854194e-02
1.8030892e+01	-1.0142692e-02
1.8052701e+01	-2.3710174e-03
1.8074510e+01	-1.4415764e-02
1.8096319e+01	4.7591025e-02
1.8118128e+01	-2.5505938e-03
1.8139937e+01	2.3977976e-02
1.8161746e+01	-8.0008751e-02
1.8183555e+01	4.4678378e-02
1.8205364e+01	2.5319303e-01
1.8227173e+01	2.1676212e-03
1.8248982e+01	-3.4274151e-01
1.8270791e+01	-7.4453156e-02
1.8292600e+01	-2.0084426e-02
1.8314409e+01	-2.8335109e-02
1.8336218e+01	5.2251962e-02
1.8358027e+01	2.8462687e-01
1.8379835e+01	1.3495353e-01
1.8401644e+01	-7.9945678e-02
1.8423453e+01	-1.3099991e-01
1.8445262e+01	-1.8584794e-01
1.8467071e+01	1.6174595e-01
1.8488880e+01	2.9024933e-01
1.8510689e+01	5.4159424e-01
1.8532498e+01	4.5141920e-01
1.8554307e+01	1.8067583e-01
1.8576116e+01	3.2853790e-02
1.8597925e+01	-2.8374527e-02
1.8619734e+01	1.5111642e-01
1.8641543e+01	1.6228741e-01
1.8663352e+01	-3.9215058e-03
1.8685161e+01	5.8443725e-02
1.8706970e+01	-1.4768268e-02
1.8728778e+01	3.3999209e-02
1.8750587e+01	5.9268693e-02
1.8772396e+01	-4.2729098e-02
1.8794205e+01	-2.4682348e-01
1.8816014e+01	-2.4124806e-01
1.8837823e+01	-5.6131052e-02
1.8859632e+01	-6.4050052e-02
1.8881441e+01	-8.0202211e-02
1.8903250e+01	-1.0413207e-02
1.8925059e+01	4.2401249e-02
1.8946868e+01	1.4009721e-01
1.8968677e+01	6.4189744e-02
1.8990486e+01	-3.4849486e-02
1.9012295e+01	1.1229276e-01
1.9034104e+01	8.5266746e-02
1.9055913e+01	1.4948865e-02
1.9077721e+01	-6.0959406e-02
1.9099530e+01	3.5624061e-02
1.9121339e+01	-1.0717418e-01
1.9143148e+01	-1.7131922e-01
1.9164957e+01	-6.4600999e-02
1.9186766e+01	1.1136512e-01
1.9208575e+01	1.9934604e-02
1.9230384e+01	1.0039232e-01
1.9252193e+01	-1.2844890e-01
1.9274002e+01	-1.0779986e-01
1.9295811e+01	1.4570708e-01
1.9317620e+01	1.8390759e-01
1.9339429e+01	2.8594637e-01
1.9361238e+01	4.9957228e-01
1.9383047e+01	5.0107535e-01
1.9404856e+01	4.2183870e-01
1.9426665e+01	4.1363479e-01
1.9448473e+01	8.8862337e-02
1.9470282e+01	-4.6253692e-02
1.9492091e+01	9.6171484e-02
1.9513900e+01	-1.2384417e-01
1.9535709e+01	-9.4944335e-02
1.9557518e+01	-1.7431980e-01
1.9579327e+01	-7.4417881e-02
1.9601136e+01	1.2888967e-01
1.9622945e+01	-1.1965769e-02
1.9644754e+01	1.7403059e-02
1.9666563e+01	-1.4809310e-01
1.9688372e+01	-3.2870449e-02
1.9710181e+01	1.9561112e-01
1.9731990e+01	3.9843679e-01
1.9753799e+01	3.5372325e-01
1.9775608e+01	4.8506714e-02
1.9797416e+01	-4.8628624e-02
1.9819225e+01	-7.2194233e-02
1.9841034e+01	9.2963772e-02
1.9862843e+01	-1.0249374e-01
1.9884652e+01	-8.5584860e-02
1.9906461e+01	6.0350458e-02
1.9928270e+01	1.8256668e-01
1.9950079e+01	1.7502874e-01
1.9971888e+01	5.2323706e-02
1.9993697e+01	1.1475957e-01
2.0015506e+01	-1.8859723e-01
2.0037315e+01	-2.4679605e-01
2.0059124e+01	-8.0776745e-02
2.0080933e+01	2.0235237e-01
2.0102742e+01	7.7404610e-01
2.0124551e+01	1.4083594e+00
2.0146359e+01	1.4975583e+00
2.0168168e+01	1.5303598e+00
2.0189977e+01	1.6539117e+00
2.0211786e+01	1.8850940e+00
2.0233595e+01	2.2704097e+00
2.0255404e+01	2.9881168e+00
2.0277213e+01	3.7272572e+00
2.0299022e+01	4.5485538e+00
2.0320831e+01	5.4792547e+00
2.0342640e+01	5.9597757e+00
2.0364449e+01	5.9659889e+00
2.0386258e+01	5.4568211e+00
2.0408067e+01	4.7941064e+00
2.0429876e+01	4.2156027e+00
2.0451685e+01	3.9812990e+00
2.0473494e+01	4.1064892e+00
2.0495302e+01	4.3583872e+00
2.0517111e+01	4.3457841e+00
2.0538920e+01	4.4737277e+00
2.0560729e+01	4.2535191e+00
2.0582538e+01	3.4723242e+00
2.0604347e+01	2.5458529e+00
2.0626156e+01	1.6775043e+00
2.0647965e+01	9.0384520e-01
2.0669774e+01	5.7197064e-01
2.0691583e+01	1.7439056e-01
2.0713392e+01	7.8423661e-02
2.0735201e+01	-7.2701322e-03
2.0757010e+01	-7.2929031e-02
2.0778819e+01	-1.4126217e-01
2.0800628e+01	-1.6109620e-01
2.0822437e+01	-4.2523187e-02
2.0844245e+01	5.2931554e-02
2.0866054e+01	4.5077541e-02
2.0887863e+01	4.5789712e-02
2.0909672e+01	2.1131562e-02
2.0931481e+01	-8.8799393e-02
2.0953290e+01	1.1778854e-01
2.0975099e+01	7.4559864e-01
2.0996908e+01	1.0433413e+00
2.1018717e+01	1.9165657e+00
2.1040526e+01	2.3904331e+00
2.1062335e+01	3.2882458e+00
2.1084144e+01	3.7917500e+00
2.1105953e+01	4.0519810e+00
2.1127762e+01	3.8338001e+00
2.1149571e+01	3.9916054e+00
2.1171380e+01	4.2834753e+00
2.1193188e+01	4.8506500e+00
2.1214997e+01	5.9146317e+00
2.1236806e+01	6.8643427e+00
2.1258615e+01	7.6609933e+00
2.1280424e+01	8.0268707e+00
2.1302233e+01	8.1341992e+00
2.1324042e+01	8.4109710e+00
2.1345851e+01	8.5197744e+00
2.1367660e+01	8.1548746e+00
2.1389469e+01	7.3896248e+00
2.1411278e+01	6.4150954e+00
2.1433087e+01	5.2224866e+00
2.1454896e+01	4.3021917e+00
2.1476705e+01	4.1792718e+00
2.1498514e+01	4.6701903e+00
2.1520323e+01	5.5291053e+00
2.1542132e+01	6.3704772e+00
2.1563940e+01	7.3011783e+00
2.1585749e+01	7.5668176e+00
2.1607558e+01	6.9716466e+00
2.1629367e+01	6.0424975e+00
2.1651176e+01	4.6841965e+00
2.1672985e+01	3.1098708e+00
2.1694794e+01	1.6867208e+00
2.1716603e+01	5.6151767e-01
2.1738412e+01	1.2438266e-01
2.1760221e+01	2.1476024e-02
2.1782030e+01	1.2056805e-01
2.1803839e+01	-9.0612299e-03
2.1825648e+01	-2.7843516e-02
2.1847457e+01	-2.5972578e-01
2.1869266e+01	-2.9472464e-02
2.1891075e+01	-2.9261493e-02
2.1912883e+01	3.4705024e-02
2.1934692e+01	4.7418577e-01
2.1956501e+01	2.8698219e-02
2.1978310e+01	-1.3768860e-01
2.2000119e+01	1.5986303e-02
2.2021928e+01	1.9884637e-01
2.2043737e+01	3.5342014e-03
2.2065546e+01	-5.1429131e-02
2.2087355e+01	5.0876811e-02
2.2109164e+01	-1.0177382e-01
2.2130973e+01	-4.4297468e-03
2.2152782e+01	8.6171472e-02
2.2174591e+01	1.5269875e-01
2.2196400e+01	1.2707044e-02
2.2218209e+01	-9.3742454e-02
2.2240018e+01	-7.7046365e-02
2.2261826e+01	6.5024073e-02
2.2283635e+01	-2.6546622e-02
2.2305444e+01	-1.1283467e-01
2.2327253e+01	-1.7271987e-02
2.2349062e+01	-7.4025930e-03
2.2370871e+01	1.3461874e-01
2.2392680e+01	9.5177437e-03
2.2414489e+01	-1.8783200e-02
2.2436298e+01	2.7932457e-01
2.2458107e+01	3.8655631e-01
2.2479916e+01	2.7889641e-01
2.2501725e+01	-7.7593421e-02
2.2523534e+01	-5.1176986e-02
2.2545343e+01	-1.8921107e-01
2.2567152e+01	2.0508827e-02
2.2588961e+01	7.7705205e-02
2.2610769e+01	-3.4868594e-02
2.2632578e+01	-1.7195208e-01
2.2654387e+01	9.8517896e-02
2.2676196e+01	4.2169148e-02
2.2698005e+01	4.3422777e-02
2.2719814e+01	2.0089578e-02
2.2741623e+01	5.0640588e-02
2.2763432e+01	-1.7937366e-02
2.2785241e+01	5.0327474e-02
2.2807050e+01	-8.9216709e-02
2.2828859e+01	5.3623520e-02
2.2850668e+01	-5.6459901e-02
2.2872477e+01	9.2905988e-03
2.2894286e+01	5.0751016e-02
2.2916095e+01	6.5287166e-02
2.2937904e+01	3.0101153e-02
2.2959712e+01	-2.9466267e-02
2.2981521e+01	-3.8731918e-02
2.3003330e+01	-8.8720070e-03
2.3025139e+01	-3.6895294e-02
2.3046948e+01	-1.7343611e-01
2.3068757e+01	1.3143444e-02
2.3090566e+01	8.1702381e-02
2.3112375e+01	-4.5216610e-02
2.3134184e+01	-1.9405956e-02
2.3155993e+01	2.6631952e-01
2.3177802e+01	7.3035367e-02
2.3199611e+01	1.9981997e-01
2.3221420e+01	1.2709522e-02
2.3243229e+01	-1.6680826e-02
2.3265038e+01	-2.7923080e-01
2.3286847e+01	-1.5466656e-01
2.3308655e+01	-1.2306960e-01
2.3330464e+01	1.0135503e-01
2.3352273e+01	2.4855936e-01
2.3374082e+01	1.4852365e-01
2.3395891e+01	1.2910927e-02
2.3417700e+01	-2.1878682e-01
2.3439509e+01	9.0116831e-02
2.3461318e+01	-3.3586870e-02
2.3483127e+01	-1.8389184e-03
2.3504936e+01	1.1527764e-01
2.3526745e+01	4.7549797e-01
2.3548554e+01	1.0799608e+00
2.3570363e+01	1.6299084e+00
2.3592172e+01	2.0725650e+00
2.3613981e+01	3.1232798e+00
2.3635790e+01	4.4701870e+00
2.3657599e+01	5.3270849e+00
2.3679407e+01	5.9308857e+00
2.3701216e+01	6.2749955e+00
2.3723025e+01	6.4503147e+00
2.3744834e+01	6.6618995e+00
2.3766643e+01	7.1753440e+00
2.3788452e+01	8.4726836e+00
2.3810261e+01	9.4673254e+00
2.3832070e+01	1.0050812e+01
2.3853879e+01	1.0551314e+01
2.3875688e+01	1.0773384e+01
2.3897497e+01	1.0376012e+01
2.3919306e+01	9.0977080e+00
2.3941115e+01	7.4811540e+00
2.3962924e+01	5.2708649e+00
2.3984733e+01	3.5786117e+00
2.4006542e+01	2.0408679e+00
2.4028350e+01	1.1980176e+00
2.4050159e+01	6.4494602e-01
2.4071968e+01	3.5852539e-01
2.4093777e+01	9.1011864e-02
2.4115586e+01	1.0368319e-02
2.4137395e+01	-2.4147518e-01
2.4159204e+01	-7.8346061e-03
2.4181013e+01	6.8723236e-02
2.4202822e+01	1.0682141e-01
2.4224631e+01	-9.1927693e-02
2.4246440e+01	-1.5369557e-01
2.4268249e+01	1.7584116e-01
2.4290058e+01	4.0689930e-02
2.4311867e+01	-1.7900782e-01
2.4333676e+01	-2.1070202e-01
2.4355485e+01	1.4559423e-01
2.4377293e+01	1.2067320e-01
2.4399102e+01	9.2564034e-02
2.4420911e+01	-7.9674002e-02
2.4442720e+01	-7.5078836e-03
2.4464529e+01	1.1094077e-01
2.4486338e+01	1.5759334e-02
2.4508147e+01	4.4262574e-02
2.4529956e+01	-2.4410395e-03
2.4551765e+01	7.2749445e-02
2.4573574e+01	2.7956825e-01
2.4595383e+01	5.2541768e-01
2.4617192e+01	7.7975371e-01
2.4639001e+01	5.3672635e-01
2.4660810e+01	-1.3465340e-01
2.4682619e+01	-7.0177041e-02
2.4704428e+01	7.2166213e-02
2.4726236e+01	1.7641487e-01
2.4748045e+01	-8.3673487e-02
2.4769854e+01	-1.4771916e-01
2.4791663e+01	-7.5425755e-02
2.4813472e+01	-1.8628048e-02
2.4835281e+01	-3.5561095e-02
2.4857090e+01	3.0491253e-05
2.4878899e+01	6.9445850e-02
2.4900708e+01	2.4679108e-02
2.4922517e+01	2.2644138e-02
2.4944326e+01	1.1379169e-02
2.4966135e+01	-2.1538964e-01
2.4987944e+01	-1.1934377e-01
2.5009753e+01	1.0675791e-01
2.5031562e+01	1.1500640e-01
2.5053371e+01	1.7639780e-02
2.5075179e+01	-1.2733110e-02
2.5096988e+01	4.1413759e-02
2.5118797e+01	-5.9652540e-02
2.5140606e+01	7.4882743e-02
2.5162415e+01	-1.1127785e-03
2.5184224e+01	2.0473222e-02
2.5206033e+01	-1.6364788e-01
2.5227842e+01	1.4841633e-01
2.5249651e+01	2.5844009e-01
2.5271460e+01	3.4594434e-01
2.5293269e+01	7.2926311e-02
2.5315078e+01	1.0512727e-01
2.5336887e+01	1.1694384e-01
2.5358696e+01	-5.9034766e-02
2.5380505e+01	-2.0100793e-01
2.5402314e+01	-7.4198760e-02
2.5424123e+01	-2.6499815e-01
2.5445931e+01	-9.8150188e-02
2.5467740e+01	1.1287431e-01
2.5489549e+01	3.1743866e-02
2.5511358e+01	2.1226381e-02
2.5533167e+01	1.3497072e-01
2.5554976e+01	9.8795767e-02
2.5576785e+01	9.7197317e-02
2.5598594e+01	-1.3994329e-01
2.5620403e+01	-1.3534277e-01
2.5642212e+01	7.9857756e-02
2.5664021e+01	-1.7912591e-02
2.5685830e+01	1.9845783e-02
2.5707639e+01	-5.2554933e-02
2.5729448e+01	-9.5761656e-02
2.5751257e+01	2.7818938e-02
2.5773066e+01	1.3740788e-01
2.5794874e+01	4.2294233e-01
2.5816683e+01	4.1711856e-01
2.5838492e+01	4.1772241e-01
2.5860301e+01	3.8982555e-02
2.5882110e+01	-1.0605418e-01
2.5903919e+01	-5.6471847e-02
2.5925728e+01	-7.9118678e-02
2.5947537e+01	-1.2364306e-01
2.5969346e+01	-9.1755558e-02
2.5991155e+01	1.0864250e-01
2.6012964e+01	1.6782691e-01
2.6034773e+01	1.6801940e-01
2.6056582e+01	3.1017699e-01
2.6078391e+01	1.5078036e-01
2.6100200e+01	-5.8523954e-02
2.6122009e+01	-1.3746099e-01
2.6143817e+01	3.5604463e-02
2.6165626e+01	6.9981479e-02
2.6187435e+01	2.1894612e-01
2.6209244e+01	7.7522711e-02
2.6231053e+01	-1.5827878e-01
2.6252862e+01	-1.4953335e-03
2.6274671e+01	-1.0854110e-01
2.6296480e+01	-2.2408744e-01
2.6318289e+01	-1.7045697e-01
2.6340098e+01	3.8910925e-01
2.6361907e+01	6.3923596e-01
2.6383716e+01	7.8190919e-01
2.6405525e+01	1.0355197e+00
2.6427334e+01	8.9564222e-01
2.6449143e+01	7.4027449e-01
2.6470952e+01	5.0753023e-01
2.6492760e+01	7.8622074e-02
2.6514569e+01	8.2154711e-02
2.6536378e+01	7.2332277e-02
2.6558187e+01	1.1326320e-01
2.6579996e+01	4.4308656e-01
2.6601805e+01	8.3908504e-01
2.6623614e+01	1.0726813e+00
2.6645423e+01	1.5708841e+00
2.6667232e+01	1.6201219e+00
2.6689041e+01	1.5256486e+00
2.6710850e+01	1.3378026e+00
2.6732659e+01	7.6162384e-01
2.6754468e+01	3.6140082e-01
2.6776277e+01	1.8462171e-02
2.6798086e+01	-5.4553766e-02
2.6819895e+01	-8.2186785e-02
2.6841703e+01	3.4033202e-02
2.6863512e+01	4.8623541e-01
2.6885321e+01	8.2927711e-01
2.6907130e+01	1.0850518e+00
2.6928939e+01	1.1462468e+00
2.6950748e+01	1.2720577e+00
2.6972557e+01	1.1814248e+00
2.6994366e+01	1.1155057e+00
2.7016175e+01	9.0872870e-01
2.7037984e+01	6.5389733e-01
2.7059793e+01	5.4008602e-01
2.7081602e+01	2.2715232e-01
2.7103411e+01	-8.7524569e-02
2.7125220e+01	-1.0590617e-01
2.7147029e+01	-1.5474924e-02
2.7168838e+01	-6.6120359e-02
2.7190646e+01	4.2843761e-03
2.7212455e+01	6.1224624e-02
2.7234264e+01	-8.8848808e-03
2.7256073e+01	8.4900386e-02
2.7277882e+01	4.3601806e-02
2.7299691e+01	-6.7441282e-02
2.7321500e+01	6.6317802e-02
2.7343309e+01	-1.2223732e-02
2.7365118e+01	6.3055292e-02
2.7386927e+01	-2.4735187e-01
2.7408736e+01	-1.4575228e-01
2.7430545e+01	2.0107067e-02
2.7452354e+01	4.1998742e-01
2.7474163e+01	6.6592220e-01
2.7495972e+01	6.9608107e-01
2.7517781e+01	9.1401396e-01
2.7539590e+01	7.7787351e-01
2.7561398e+01	6.4617333e-01
2.7583207e+01	2.9710798e-01
2.7605016e+01	2.4827288e-01
2.7626825e+01	-5.9848426e-03
2.7648634e+01	-5.6914784e-02
2.7670443e+01	2.2474573e-01
2.7692252e+01	5.3048402e-01
2.7714061e+01	1.0194949e+00
2.7735870e+01	1.5001317e+00
2.7757679e+01	1.9329315e+00
2.7779488e+01	2.1404116e+00
2.7801297e+01	2.1967432e+00
2.7823106e+01	1.9515215e+00
2.7844915e+01	1.5251637e+00
2.7866724e+01	1.0347862e+00
2.7888533e+01	4.3810696e-01
2.7910341e+01	1.2425537e-01
2.7932150e+01	7.1162095e-02
2.7953959e+01	-1.3872356e-01
2.7975768e+01	-1.6345952e-01
2.7997577e+01	8.3391228e-02
2.8019386e+01	-1.0148375e-01
2.8041195e+01	-1.0029448e-02
2.8063004e+01	9.3457631e-02
2.8084813e+01	-4.5417051e-02
2.8106622e+01	-6.3136668e-02
2.8128431e+01	-2.0508810e-01
2.8150240e+01	-1.9921521e-01
2.8172049e+01	1.1236835e-01
2.8193858e+01	1.8847442e-01
2.8215667e+01	6.3630361e-01
2.8237476e+01	7.7420625e-01
2.8259284e+01	7.4790137e-01
2.8281093e+01	7.5950792e-01
2.8302902e+01	8.0813378e-01
2.8324711e+01	5.8056775e-01
2.8346520e+01	4.7644862e-01
2.8368329e+01	2.0722708e-01
2.8390138e+01	-5.1102330e-02
2.8411947e+01	1.8310047e-01
2.8433756e+01	4.4632039e-01
2.8455565e+01	8.4185097e-01
2.8477374e+01	1.2689202e+00
2.8499183e+01	1.8833230e+00
2.8520992e+01	2.4329925e+00
2.8542801e+01	2.6319644e+00
2.8564610e+01	2.9201250e+00
2.8586419e+01	2.6579610e+00
2.8608227e+01	2.3740855e+00
2.8630036e+01	1.9650215e+00
2.8651845e+01	1.3425200e+00
2.8673654e+01	7.5419680e-01
2.8695463e+01	4.3016502e-01
2.8717272e+01	5.4693530e-02
2.8739081e+01	2.3063376e-04
2.8760890e+01	-1.9316995e-01
2.8782699e+01	-8.0426172e-02
2.8804508e+01	-3.3403061e-02
2.8826317e+01	4.5037797e-02
2.8848126e+01	8.6003643e-02
2.8869935e+01	1.6830258e-01
2.8891744e+01	-1.1535885e-01
2.8913553e+01	-1.0842885e-01
2.8935362e+01	-3.9854549e-02
2.8957170e+01	2.4429898e-02
2.8978979e+01	6.3661222e-02
2.9000788e+01	7.1783781e-02
2.9022597e+01	-1.5839718e-01
2.9044406e+01	4.3151189e-03
2.9066215e+01	2.5684231e-02
2.9088024e+01	-1.2599911e-02
2.9109833e+01	1.5691761e-01
2.9131642e+01	6.3201325e-02
2.9153451e+01	-2.4852084e-02
2.9175260e+01	5.6591029e-02
2.9197069e+01	-1.5604853e-02
2.9218878e+01	-2.0961128e-01
2.9240687e+01	-1.6977071e-02
2.9262496e+01	1.3083993e-01
2.9284305e+01	-5.8238677e-02
2.9306113e+01	-1.8565886e-01
2.9327922e+01	8.6654151e-02
2.9349731e+01	1.8488167e-01
2.9371540e+01	2.0919156e-01
2.9393349e+01	-1.9655575e-02
2.9415158e+01	-2.0638964e-01
2.9436967e+01	-1.4530840e-02
2.9458776e+01	5.5039199e-02
2.9480585e+01	-3.8441968e-03
2.9502394e+01	2.6764319e-02
2.9524203e+01	1.1659108e-01
2.9546012e+01	4.9468571e-02
2.9567821e+01	9.7616249e-02
2.9589630e+01	-1.3376283e-01
2.9611439e+01	-2.5910691e-01
2.9633248e+01	-1.2701466e-01
2.9655057e+01	3.7495148e-02
2.9676865e+01	2.8113415e-03
2.9698674e+01	-6.3428834e-03
2.9720483e+01	-1.5395691e-01
2.9742292e+01	7.4534076e-02
2.9764101e+01	6.4991658e-02
2.9785910e+01	1.3543046e-01
2.9807719e+01	3.9733435e-02
2.9829528e+01	5.0376752e-02
2.9851337e+01	1.2529486e-01
2.9873146e+01	-3.1881692e-03
2.9894955e+01	-1.3520976e-01
2.9916764e+01	-8.1003178e-02
2.9938573e+01	4.1170962e-03
2.9960382e+01	2.1955227e-01
2.9982191e+01	5.3381751e-01
3.0004000e+01	1.0460810e+00
3.0025808e+01	1.4490825e+00
3.0047617e+01	1.8685838e+00
3.0069426e+01	2.2837604e+00
3.0091235e+01	2.4164212e+00
3.0113044e+01	2.3650038e+00
3.0134853e+01	2.2245529e+00
3.0156662e+01	1.8712223e+00
3.0178471e+01	1.5995377e+00
3.0200280e+01	1.2992977e+00
3.0222089e+01	7.6947414e-01
3.0243898e+01	4.7976167e-01
3.0265707e+01	3.3131796e-01
3.0287516e+01	1.0179103e-01
3.0309325e+01	-3.7596361e-02
3.0331134e+01	1.9608132e-02
3.0352943e+01	-1.6173854e-01
3.0374751e+01	-2.0681665e-01
3.0396560e+01	-1.4466429e-01
3.0418369e+01	1.5141331e-01
3.0440178e+01	3.4318187e-01
3.0461987e+01	8.5959245e-02
3.0483796e+01	4.5002612e-02
3.0505605e+01	1.3999500e-01
3.0527414e+01	5.1831474e-02
3.0549223e+01	-2.2499558e-01
3.0571032e+01	-6.0603112e-02
3.0592841e+01	-3.9674234e-02
3.0614650e+01	-9.6324514e-02
3.0636459e+01	-5.8606628e-03
3.0658268e+01	-6.6106920e-02
3.0680077e+01	-8.3453871e-03
3.0701886e+01	1.1372088e-01
3.0723694e+01	7.7922699e-02
3.0745503e+01	1.0268460e-01
3.0767312e+01	1.1094218e-01
3.0789121e+01	-5.4203122e-03
3.0810930e+01	-5.7932268e-02
3.0832739e+01	1.3866838e-01
3.0854548e+01	1.5298421e-01
3.0876357e+01	1.0206876e-01
3.0898166e+01	5.7042976e-02
3.0919975e+01	-2.4918628e-01
3.0941784e+01	-1.0189204e-01
3.0963593e+01	-5.0811154e-02
3.0985402e+01	2.6124614e-02
3.1007211e+01	6.9294612e-02
3.1029020e+01	-6.1344440e-02
3.1050829e+01	-3.8964144e-02
3.1072637e+01	-1.7014983e-01
3.1094446e+01	-9.5649643e-02
3.1116255e+01	9.8598844e-02
3.1138064e+01	1.1753022e-02
3.1159873e+01	2.0658035e-02
3.1181682e+01	-1.0342206e-01
3.1203491e+01	-1.3349297e-02
3.1225300e+01	2.9472371e-02
3.1247109e+01	3.4196257e-01
3.1268918e+01	2.0853820e-01
3.1290727e+01	2.0252913e-01
3.1312536e+01	1.2948628e-01
3.1334345e+01	-9.4756226e-02
3.1356154e+01	-1.4308837e-01
3.1377963e+01	9.5932028e-02
3.1399772e+01	7.6231625e-02
3.1421580e+01	-1.4532603e-01
3.1443389e+01	-2.2963346e-01
3.1465198e+01	-1.3169916e-01
3.1487007e+01	-3.5791590e-03
3.1508816e+01	4.3607248e-02
3.1530625e+01	-3.4355048e-02
3.1552434e+01	8.3809875e-03
3.1574243e+01	6.9005942e-02
3.1596052e+01	1.8958348e-01
3.1617861e+01	3.2645039e-01
3.1639670e+01	2.0817236e-01
3.1661479e+01	5.9066289e-02
3.1683288e+01	-7.9931204e-02
3.1705097e+01	-1.8730389e-01
3.1726906e+01	-3.7203591e-02
3.1748715e+01	-5.3301753e-02
3.1770524e+01	1.2110669e-01
3.1792332e+01	5.3223696e-01
3.1814141e+01	9.4718358e-01
3.1835950e+01	1.4711900e+00
3.1857759e+01	1.7131685e+00
3.1879568e+01	1.9709347e+00
3.1901377e+01	2.1528279e+00
3.1923186e+01	2.3206316e+00
3.1944995e+01	2.3545181e+00
3.1966804e+01	2.1718950e+00
3.1988613e+01	1.9556085e+00
3.2010422e+01	1.5127272e+00
3.2032231e+01	1.1531224e+00
3.2054040e+01	6.8329063e-01
3.2075849e+01	4.5886723e-01
3.2097658e+01	3.8095222e-02
3.2119467e+01	1.1754581e-01
3.2141275e+01	9.4078707e-02
3.2163084e+01	-1.4918504e-01
3.2184893e+01	-1.1439374e-01
3.2206702e+01	7.9769950e-02
3.2228511e+01	-2.2316872e-01
3.2250320e+01	1.1072784e-02
3.2272129e+01	2.1536192e-01
3.2293938e+01	2.9958686e-02
3.2315747e+01	-7.3200012e-02
3.2337556e+01	-1.7145127e-02
3.2359365e+01	6.5748913e-02
3.2381174e+01	-8.7067294e-02
3.2402983e+01	-1.6149561e-01
3.2424792e+01	1.5743396e-01
3.2446601e+01	3.0743468e-02
3.2468410e+01	-7.5077515e-02
3.2490218e+01	5.0260702e-02
3.2512027e+01	6.0562922e-02
3.2533836e+01	-9.4219595e-02
3.2555645e+01	1.1392289e-01
3.2577454e+01	1.3444641e-01
3.2599263e+01	-9.4974447e-02
3.2621072e+01	-6.3269668e-02
3.2642881e+01	-6.4892784e-02
3.2664690e+01	6.8069128e-02
3.2686499e+01	1.3958455e-01
3.2708308e+01	1.2755568e-01
3.2730117e+01	1.0576981e-02
3.2751926e+01	-1.3708392e-01
3.2773735e+01	-1.5411838e-01
3.2795544e+01	-2.7954468e-02
3.2817353e+01	-1.2481809e-01
3.2839161e+01	4.3260574e-03
3.2860970e+01	6.5906684e-02
3.2882779e+01	2.5383349e-01
3.2904588e+01	1.2315157e-01
3.2926397e+01	1.4937004e-02
3.2948206e+01	-1.4021504e-01
3.2970015e+01	-1.0045334e-01
3.2991824e+01	2.6808987e-02
3.3013633e+01	4.7208942e-02
3.3035442e+01	1.0478418e-01
3.3057251e+01	2.0952517e-02
3.3079060e+01	-2.5899984e-02
3.3100869e+01	-2.8134133e-02
3.3122678e+01	-2.7393984e-02
3.3144487e+01	5.5694630e-02
3.3166296e+01	-3.2160577e-02
3.3188104e+01	-9.0869432e-02
3.3209913e+01	-1.0075835e-01
3.3231722e+01	-9.3046140e-02
3.3253531e+01	-1.5021332e-02
3.3275340e+01	1.3715672e-01
3.3297149e+01	2.2685893e-01
3.3318958e+01	1.6918214e-01
3.3340767e+01	7.2450041e-02
3.3362576e+01	-1.8498676e-01
3.3384385e+01	6.1062141e-02
3.3406194e+01	-5.9920664e-02
3.3428003e+01	-1.7043250e-01
3.3449812e+01	-2.1595389e-01
3.3471621e+01	5.5142638e-02
3.3493430e+01	-4.0230018e-02
3.3515239e+01	1.1092466e-01
3.3537047e+01	1.5098458e-01
3.3558856e+01	-7.9908482e-02
3.3580665e+01	4.1714725e-02
3.3602474e+01	8.4226233e-03
3.3624283e+01	1.1052936e-01
3.3646092e+01	5.0810762e-02
3.3667901e+01	1.1470566e-01
3.3689710e+01	6.6001800e-03
3.3711519e+01	1.4779431e-01
3.3733328e+01	-9.1212633e-02
3.3755137e+01	-3.0330816e-01
3.3776946e+01	-5.5935751e-02
3.3798755e+01	5.2919407e-02
3.3820564e+01	-1.9179401e-03
3.3842373e+01	8.1921783e-02
3.3864182e+01	2.9626005e-02
3.3885991e+01	-1.1492047e-02
3.3907799e+01	4.2414040e-02
3.3929608e+01	1.2783379e-02
3.3951417e+01	-3.1982325e-02
3.3973226e+01	-5.2890714e-02
3.3995035e+01	-1.0643796e-01
3.4016844e+01	9.0998200e-02
3.4038653e+01	2.6862671e-02
3.4060462e+01	-1.8634303e-01
3.4082271e+01	-7.2125237e-03
3.4104080e+01	2.1713995e-01
3.4125889e+01	-3.5694685e-02
3.4147698e+01	-5.6006454e-03
3.4169507e+01	6.5860075e-02
3.4191316e+01	1.0680796e-01
3.4213125e+01	-1.3187607e-02
3.4234934e+01	-7.4166718e-02
3.4256742e+01	-6.8187286e-02
3.4278551e+01	1.5486552e-01
3.4300360e+01	3.5950943e-02
3.4322169e+01	-1.5676455e-01
3.4343978e+01	-9.6029960e-02
3.4365787e+01	-4.2299395e-03
3.4387596e+01	5.2855513e-02
3.4409405e+01	-5.0887657e-03
3.4431214e+01	1.6977899e-01
3.4453023e+01	1.8223971e-02
3.4474832e+01	-1.5872567e-01
3.4496641e+01	1.0784982e-02
3.4518450e+01	3.4801600e-02
3.4540259e+01	-2.0908043e-02
3.4562068e+01	-5.1164580e-02
3.4583877e+01	-7.7559234e-02
3.4605685e+01	3.5125663e-02
3.4627494e+01	1.5292364e-01
3.4649303e+01	1.1763906e-01
3.4671112e+01	-1.0723281e-01
3.4692921e+01	7.6296830e-02
3.4714730e+01	2.0044916e-02
3.4736539e+01	-1.0941482e-01
3.4758348e+01	-7.8126353e-02
3.4780157e+01	1.6425191e-02
3.4801966e+01	3.6849464e-02
3.4823775e+01	-2.6143318e-02
3.4845584e+01	-7.1991190e-02
3.4867393e+01	8.9814684e-02
3.4889202e+01	1.4976136e-01
3.4911011e+01	-6.5847733e-02
3.4932820e+01	-1.0316280e-01
3.4954628e+01	3.1567338e-02
3.4976437e+01	-8.9731679e-02
3.4998246e+01	9.0371578e-02
3.5020055e+01	4.5718212e-02
3.5041864e+01	9.7509927e-02
3.5063673e+01	-1.9061848e-03
3.5085482e+01	3.5389032e-02
3.5107291e+01	-9.1595807e-02
3.5129100e+01	-2.5166196e-01
3.5150909e+01	-4.4299858e-02
3.5172718e+01	1.4617277e-01
3.5194527e+01	-6.0130751e-02
3.5216336e+01	8.9915031e-02
3.5238145e+01	-1.7584863e-01
3.5259954e+01	1.3903569e-01
3.5281763e+01	2.9076998e-01
3.5303571e+01	-5.3007294e-03
3.5325380e+01	1.6958820e-01
3.5347189e+01	2.4307189e-01
3.5368998e+01	-1.6842603e-01
3.5390807e+01	-1.9729716e-02
3.5412616e+01	-2.9921236e-02
3.5434425e+01	-6.4761498e-02
3.5456234e+01	1.3514736e-01
3.5478043e+01	-9.4625604e-02
3.5499852e+01	-4.1284301e-02
3.5521661e+01	-1.2372581e-01
3.5543470e+01	-2.0899968e-01
3.5565279e+01	-1.1814949e-01
3.5587088e+01	2.2639379e-01
3.5608897e+01	9.1047271e-02
3.5630706e+01	1.3816172e-01
3.5652514e+01	1.3651594e-01
3.5674323e+01	1.1332739e-01
3.5696132e+01	9.5589946e-02
3.5717941e+01	1.8457096e-02
3.5739750e+01	2.8160750e-03
3.5761559e+01	1.3058415e-01
3.5783368e+01	5.6866840e-02
3.5805177e+01	-1.6281665e-01
3.5826986e+01	-1.4916521e-01
3.5848795e+01	-3.8816633e-02
3.5870604e+01	-5.2084665e-02
3.5892413e+01	-2.8147827e-03
3.5914222e+01	6.4735103e-02
3.5936031e+01	-1.2061920e-01
3.5957840e+01	-2.4657218e-01
3.5979649e+01	-2.5994290e-01
3.6001458e+01	3.2546288e-03
3.6023266e+01	1.1531413e-01
3.6045075e+01	1.1052501e-01
3.6066884e+01	1.2446111e-01
3.6088693e+01	2.7524221e-03
3.6110502e+01	4.0339684e-02
3.6132311e+01	1.3797503e-01
3.6154120e+01	2.1936779e-01
3.6175929e+01	7.2535006e-02
3.6197738e+01	3.8432511e-03
3.6219547e+01	2.8806177e-02
3.6241356e+01	-6.8346494e-02
3.6263165e+01	-1.0026566e-01
3.6284974e+01	-2.2291451e-01
3.6306783e+01	-5.7385375e-02
3.6328592e+01	1.5510869e-02
3.6350401e+01	-1.0775338e-01
3.6372209e+01	5.8117254e-02
3.6394018e+01	-1.1722039e-01
3.6415827e+01	2.6435346e-02
3.6437636e+01	2.4165521e-01
3.6459445e+01	1.0975500e-01
3.6481254e+01	2.8485639e-01
3.6503063e+01	1.5460178e-01
3.6524872e+01	1.1832913e-01
3.6546681e+01	1.7563854e-02
3.6568490e+01	-7.9851743e-02
3.6590299e+01	-1.8768362e-01
3.6612108e+01	-1.9702472e-02
3.6633917e+01	-6.6184914e-02
3.6655726e+01	-3.1928339e-02
3.6677535e+01	-8.3671493e-02
3.6699344e+01	-5.5261450e-02
3.6721152e+01	-9.9136532e-03
3.6742961e+01	1.0460393e-01
3.6764770e+01	-2.0839556e-02
3.6786579e+01	3.8395907e-02
3.6808388e+01	5.4217452e-02
3.6830197e+01	1.7852476e-01
3.6852006e+01	1.4558083e-04
3.6873815e+01	-1.8573734e-02
3.6895624e+01	-8.2242688e-02
3.6917433e+01	-9.7831152e-02
3.6939242e+01	1.6036998e-02
3.6961051e+01	4.9846578e-02
3.6982860e+01	-8.2671117e-02
3.7004669e+01	1.1912732e-01
3.7026478e+01	2.3960656e-01
3.7048287e+01	5.3688639e-01
3.7070095e+01	5.1076078e-01
3.7091904e+01	-5.9406902e-03
3.7113713e+01	-2.1877727e-01
3.7135522e+01	5.4049608e-02
3.7157331e+01	3.4744057e-02
3.7179140e+01	2.2621787e-02
3.7200949e+01	6.6440050e-03
3.7222758e+01	-6.2715406e-02
3.7244567e+01	1.0202308e-02
3.7266376e+01	-4.1521125e-02
3.7288185e+01	-7.6413484e-02
3.7309994e+01	-9.3173126e-02
3.7331803e+01	4.3428244e-02
3.7353612e+01	4.3813276e-03
3.7375421e+01	1.2384886e-02
3.7397230e+01	2.0430848e-02
3.7419038e+01	1.4107104e-01
3.7440847e+01	5.6838075e-01
3.7462656e+01	1.1071799e+00
3.7484465e+01	1.6830147e+00
3.7506274e+01	1.6623723e+00
3.7528083e+01	1.4373358e+00
3.7549892e+01	1.0135974e+00
3.7571701e+01	7.6589917e-01
3.7593510e+01	5.6797134e-01
3.7615319e+01	5.2925397e-01
3.7637128e+01	1.6280529e-01
3.7658937e+01	2.5260217e-02
3.7680746e+01	-1.2469712e-01
3.7702555e+01	-2.0965954e-01
3.7724364e+01	-1.5205450e-01
3.7746173e+01	-1.6143786e-01
3.7767981e+01	-2.3091117e-02
3.7789790e+01	1.9842638e-01
3.7811599e+01	4.2414045e-01
3.7833408e+01	-8.1913269e-03
3.7855217e+01	1.9376386e-01
3.7877026e+01	1.7431555e-01
3.7898835e+01	2.1595813e-01
3.7920644e+01	8.0658460e-02
3.7942453e+01	1.5169486e-01
3.7964262e+01	4.3591025e-01
3.7986071e+01	2.7841886e-01
3.8007880e+01	1.3809280e-02
3.8029689e+01	-1.5159267e-02
3.8051498e+01	-1.3310603e-01
3.8073307e+01	-5.3168381e-02
3.8095116e+01	-3.2872102e-01
3.8116925e+01	-2.5430796e-01
3.8138733e+01	-1.1162383e-01
3.8160542e+01	-7.5481352e-02
3.8182351e+01	-6.3162731e-02
3.8204160e+01	5.6946408e-02
3.8225969e+01	1.3279328e-02
3.8247778e+01	1.1667858e-01
3.8269587e+01	1.6172586e-01
3.8291396e+01	-2.1176467e-04
3.8313205e+01	2.9243556e-01
3.8335014e+01	2.9302875e-01
3.8356823e+01	1.7329667e-01
3.8378632e+01	1.9544233e-01
3.8400441e+01	2.9679995e-02
3.8422250e+01	-4.7761885e-02
3.8444059e+01	-7.1873484e-02
3.8465868e+01	3.1308492e-02
3.8487676e+01	-1.3483437e-01
3.8509485e+01	-2.8865107e-02
3.8531294e+01	2.5360551e-02
3.8553103e+01	-2.3933755e-01
3.8574912e+01	-4.6988846e-02
3.8596721e+01	8.8712149e-02
3.8618530e+01	2.6869459e-01
3.8640339e+01	1.1619428e-01
3.8662148e+01	-1.4736220e-01
3.8683957e+01	-3.4745342e-02
3.8705766e+01	-1.2231569e-01
3.8727575e+01	-1.1742217e-02
3.8749384e+01	1.8410504e-01
3.8771193e+01	-2.0273290e-01
3.8793002e+01	9.9873591e-02
3.8814811e+01	1.6492687e-01
3.8836619e+01	3.7629554e-03
3.8858428e+01	7.6281743e-02
3.8880237e+01	-8.6567126e-02
3.8902046e+01	-1.1684572e-01
3.8923855e+01	-6.0889366e-03
3.8945664e+01	8.8211928e-02
3.8967473e+01	9.8295322e-02
3.8989282e+01	-4.1273674e-02
3.9011091e+01	-3.4002673e-02
3.9032900e+01	1.0125589e-01
3.9054709e+01	-1.4896562e-01
3.9076518e+01	-5.9781503e-02
3.9098327e+01	1.4103211e-03
3.9120136e+01	4.3921089e-02
3.9141945e+01	5.1020916e-03
3.9163754e+01	-6.6278609e-02
3.9185562e+01	9.5188228e-02
3.9207371e+01	6.4767611e-02
3.9229180e+01	-9.2598003e-02
3.9250989e+01	-2.1346498e-02
3.9272798e+01	8.8064706e-03
3.9294607e+01	-3.6667734e-02
3.9316416e+01	9.4261789e-03
3.9338225e+01	8.8963140e-02
3.9360034e+01	1.1443239e-01
3.9381843e+01	4.0987714e-03
3.9403652e+01	6.8918240e-02
3.9425461e+01	-3.6780673e-02
3.9447270e+01	-1.8193147e-01
3.9469079e+01	-2.9128257e-02
3.9490888e+01	-4.3818814e-02
3.9512697e+01	4.1184418e-02
3.9534505e+01	-7.9273986e-02
3.9556314e+01	-6.7602186e-02
3.9578123e+01	1.5376568e-01
3.9599932e+01	2.5676035e-01
3.9621741e+01	4.2611581e-02
3.9643550e+01	-1.5049583e-01
3.9665359e+01	-8.1992030e-02
3.9687168e+01	-1.3931375e-01
3.9708977e+01	-5.8712100e-02
3.9730786e+01	1.0978244e-01
3.9752595e+01	7.0698887e-02
3.9774404e+01	1.1273616e-01
3.9796213e+01	8.5270033e-02
3.9818022e+01	8.7246899e-02
3.9839831e+01	5.9941140e-02
3.9861640e+01	3.9405680e-02
3.9883449e+01	-8.0126636e-03
3.9905257e+01	1.4073046e-02
3.9927066e+01	1.8799553e-02
3.9948875e+01	-4.5954633e-02
3.9970684e+01	-1.9653935e-01
3.9992493e+01	-1.4093921e-01
4.0014302e+01	9.1863411e-02
4.0036111e+01	8.3909650e-03
4.0057920e+01	-3.4204057e-02
4.0079729e+01	4.5048258e-01
4.0101538e+01	1.0683765e-01
4.0123347e+01	7.1386554e-02
4.0145156e+01	-1.9580270e-01
4.0166965e+01	-9.7326648e-02
4.0188774e+01	1.3338892e-02
4.0210583e+01	-1.0008403e-01
4.0232392e+01	1.6736380e-01
4.0254200e+01	1.1806143e-01
4.0276009e+01	-6.2008026e-02
4.0297818e+01	5.1368479e-02
4.0319627e+01	-4.6917637e-02
4.0341436e+01	1.5534983e-02
4.0363245e+01	4.3629010e-02
4.0385054e+01	2.5096528e-01
4.0406863e+01	9.1338039e-02
4.0428672e+01	1.5829799e-03
4.0450481e+01	-6.3110434e-02
4.0472290e+01	-3.1044943e-01
4.0494099e+01	-1.1783410e-01
4.0515908e+01	-9.5592117e-03
4.0537717e+01	-6.8891988e-02
4.0559526e+01	1.4258367e-01
4.0581335e+01	1.6175762e-02
4.0603143e+01	2.1612308e-01
4.0624952e+01	1.1310828e-01
4.0646761e+01	9.6512886e-02
4.0668570e+01	-5.6497313e-02
4.0690379e+01	-7.2472969e-02
4.0712188e+01	1.1912693e-01
4.0733997e+01	4.1777692e-02
4.0755806e+01	-1.5620431e-01
4.0777615e+01	3.3074971e-02
4.0799424e+01	-2.5778977e-01
4.0821233e+01	1.5254802e-01
4.0843042e+01	-2.1103118e-01
4.0864851e+01	-1.2054501e-01
4.0886660e+01	1.3264120e-01
4.0908469e+01	2.2303804e-01
4.0930278e+01	7.1448846e-02
4.0952086e+01	3.9071587e-02
4.0973895e+01	1.3675663e-02
4.0995704e+01	-3.2973507e-03
4.1017513e+01	-6.9374896e-02
4.1039322e+01	1.6541936e-01
4.1061131e+01	3.0677759e-02
4.1082940e+01	-2.9657533e-01
4.1104749e+01	4.8643775e-02
4.1126558e+01	1.1572459e-01
4.1148367e+01	-7.5273579e-02
4.1170176e+01	-6.0213297e-03
4.1191985e+01	-9.1617616e-02
4.1213794e+01	3.0959310e-01
4.1235603e+01	2.1990589e-01
4.1257412e+01	-4.6460588e-03
4.1279221e+01	-1.8786319e-01
4.1301029e+01	-2.9593256e-02
4.1322838e+01	1.6616504e-01
4.1344647e+01	3.5843684e-01
4.1366456e+01	2.1934686e-02
4.1388265e+01	-2.3902863e-02
4.1410074e+01	4.2590024e-01
4.1431883e+01	3.8193623e-01
4.1453692e+01	6.6448562e-01
4.1475501e+01	1.6962334e-01
4.1497310e+01	-2.0785372e-02
4.1519119e+01	-1.0081942e-01
4.1540928e+01	-1.4584840e-01
4.1562737e+01	-1.8349157e-01
4.1584546e+01	1.2445026e-01
4.1606355e+01	2.2745982e-03
4.1628164e+01	-8.2102940e-02
4.1649972e+01	-7.4189466e-02
4.1671781e+01	-6.2062756e-02
4.1693590e+01	7.4377923e-02
4.1715399e+01	1.3554052e-01
4.1737208e+01	-1.1899490e-01
4.1759017e+01	2.6898295e-01
4.1780826e+01	6.0556358e-01
4.1802635e+01	1.9937843e-01
4.1824444e+01	-1.1601889e-01
4.1846253e+01	1.2868529e-01
4.1868062e+01	1.5807171e-01
4.1889871e+01	1.7260481e-01
4.1911680e+01	2.0647628e-01
4.1933489e+01	-2.1299318e-01
4.1955298e+01	9.5123778e-02
4.1977107e+01	-5.4858769e-02
4.1998916e+01	-2.4440326e-01
4.2020724e+01	-1.7497707e-01
4.2042533e+01	1.6354154e-02
4.2064342e+01	-2.2363672e-01
4.2086151e+01	2.2199908e-01
4.2107960e+01	3.1433788e-01
4.2129769e+01	3.7855016e-01
4.2151578e+01	4.2921017e-02
4.2173387e+01	-1.6168636e-01
4.2195196e+01	4.3530612e-03
4.2217005e+01	1.3850772e-01
4.2238814e+01	7.0655196e-02
4.2260623e+01	9.4514336e-02
4.2282432e+01	9.1030245e-04
4.2304241e+01	-4.0630936e-02
4.2326050e+01	-9.9526714e-02
4.2347859e+01	-9.2579621e-02
4.2369667e+01	1.3986698e-01
4.2391476e+01	-1.3865365e-01
4.2413285e+01	-2.4007853e-01
4.2435094e+01	5.9331970e-02
4.2456903e+01	-1.6619795e-01
4.2478712e+01	1.3003806e-02
4.2500521e+01	2.0124418e-01
4.2522330e+01	7.2413424e-02
4.2544139e+01	8.4665090e-02
4.2565948e+01	-4.2914246e-02
4.2587757e+01	-3.4665571e-02
4.2609566e+01	1.7079799e-01
4.2631375e+01	1.8265322e-01
4.2653184e+01	3.9514151e-01
4.2674993e+01	2.3372238e-01
4.2696802e+01	8.0472958e-02
4.2718610e+01	-9.3232609e-02
4.2740419e+01	-5.1202598e-02
4.2762228e+01	1.4506010e-01
4.2784037e+01	-8.8812230e-02
4.2805846e+01	-1.6502077e-01
4.2827655e+01	-1.8217268e-01
4.2849464e+01	8.2086473e-02
4.2871273e+01	8.4970478e-02
4.2893082e+01	-5.5741398e-02
4.2914891e+01	-1.7775327e-01
4.2936700e+01	-4.1796762e-02
4.2958509e+01	4.7945507e-02
4.2980318e+01	2.1437454e-01
4.3002127e+01	3.4207419e-01
4.3023936e+01	4.1466956e-02
4.3045745e+01	-1.9519595e-01
4.3067553e+01	-7.1375392e-02
4.3089362e+01	1.8711922e-01
4.3111171e+01	2.2271919e-01
4.3132980e+01	1.6118774e-01
4.3154789e+01	-2.2855089e-01
4.3176598e+01	-2.3433716e-01
4.3198407e+01	8.8542765e-02
4.3220216e+01	3.1011960e-02
4.3242025e+01	-6.8509464e-02
4.3263834e+01	-5.7835180e-02
4.3285643e+01	-2.4293572e-01
4.3307452e+01	7.2864662e-02
4.3329261e+01	1.7533254e-01
4.3351070e+01	3.5169839e-02
4.3372879e+01	1.4103043e-01
4.3394688e+01	3.8952259e-01
4.3416496e+01	2.4353831e-01
4.3438305e+01	-5.2145166e-02
4.3460114e+01	-1.7865933e-02
4.3481923e+01	1.1586549e-01
4.3503732e+01	3.7205620e-02
4.3525541e+01	8.0948878e-02
4.3547350e+01	3.8812630e-02
4.3569159e+01	-1.7070351e-01
4.3590968e+01	-3.5370117e-01
4.3612777e+01	-2.3938952e-02
4.3634586e+01	1.6576577e-02
4.3656395e+01	2.9985259e-02
4.3678204e+01	-2.7642353e-01
4.3700013e+01	8.5476867e-02
4.3721822e+01	8.7495194e-02
4.3743631e+01	3.7766225e-01
4.3765439e+01	1.7355180e-01
4.3787248e+01	5.6653940e-02
4.3809057e+01	-8.6353121e-03
4.3830866e+01	4.0776737e-01
4.3852675e+01	4.2870189e-01
4.3874484e+01	3.2306664e-01
4.3896293e+01	3.9508375e-01
4.3918102e+01	7.4714332e-02
4.3939911e+01	4.8509390e-01
4.3961720e+01	1.1256337e-01
4.3983529e+01	6.2058030e-02
4.4005338e+01	-1.3602892e-01
4.4027147e+01	-1.0163128e-01
4.4048956e+01	5.0461287e-02
4.4070765e+01	-1.5968489e-02
4.4092574e+01	-1.5681105e-01
4.4114383e+01	4.9039982e-02
4.4136191e+01	6.8599391e-01
4.4158000e+01	5.5356483e-01
4.4179809e+01	8.9803243e-01
4.4201618e+01	9.1826382e-01
4.4223427e+01	1.2430111e+00
4.4245236e+01	1.0667534e+00
4.4267045e+01	7.7540575e-01
4.4288854e+01	5.0550033e-01
4.4310663e+01	8.9888117e-01
4.4332472e+01	7.8751222e-01
4.4354281e+01	5.4234640e-01
4.4376090e+01	9.4716615e-02
4.4397899e+01	-3.5097585e-01
4.4419708e+01	2.6893779e-02
4.4441517e+01	3.7589346e-01
4.4463326e+01	8.9100130e-04
4.4485134e+01	3.8285726e-01
4.4506943e+01	7.7784243e-01
4.4528752e+01	5.2751613e-01
4.4550561e+01	2.1878292e-01
4.4572370e+01	1.7462834e-01
4.4594179e+01	-3.1059771e-02
4.4615988e+01	3.1818832e-01
4.4637797e+01	3.7710808e-03
4.4659606e+01	2.8116187e-02
4.4681415e+01	1.6865578e-01
4.4703224e+01	-1.6872971e-01
4.4725033e+01	-1.4720921e-01
4.4746842e+01	-7.4136413e-02
4.4768651e+01	2.7362681e-01
4.4790460e+01	-1.2117866e-01
4.4812269e+01	-3.3927970e-02
4.4834077e+01	1.9122775e-02
4.4855886e+01	1.8727581e-01
4.4877695e+01	4.5436327e-01
4.4899504e+01	3.3068473e-01
4.4921313e+01	-3.4257023e-01
4.4943122e+01	2.6769219e-01
4.4964931e+01	6.2451478e-01
4.4986740e+01	9.0278842e-02