Image file: \\Gfs05\g45\SAXS\2020_12\HDF5\2020-12.10_Kevin_day2_SN\2020-12-10_Max_Cu123_SN_000017_data_000036.h5
ImageIntegration1d_chi_output; Output_Directory= \\Gfs05\g45\SAXS\2020_12\Processed\2020-12-09_Kevin_day1_SN\Chi-Sample-7
Profile = Radial, StartAzimuth = 0.0, EndAzimuth = 360.0, Sam_Det_distance = 250.818474293, InnerRadius = 15.0, OuterRadius = 2400.0, Lambda = 30, Ratio = 0.001, Itermax = 100
2400
2.0013229e+00	4.2123978e-02
2.0231319e+00	1.8153377e-01
2.0449408e+00	8.5334183e-02
2.0667497e+00	-9.1537544e-02
2.0885587e+00	-2.7408850e-01
2.1103676e+00	-8.8922850e-02
2.1321765e+00	3.4919518e-02
2.1539855e+00	-1.0055370e-03
2.1757944e+00	1.0071143e-01
2.1976034e+00	-3.9335662e-02
2.2194123e+00	1.4680459e-01
2.2412212e+00	-1.5404583e-01
2.2630302e+00	-6.2658089e-02
2.2848391e+00	-5.7665844e-03
2.3066480e+00	1.5340038e-01
2.3284570e+00	1.9666447e-01
2.3502659e+00	3.3251021e-02
2.3720749e+00	-1.9616767e-02
2.3938838e+00	1.1765411e-01
2.4156927e+00	-9.5376021e-02
2.4375017e+00	-1.0185110e-01
2.4593106e+00	1.8591790e-02
2.4811196e+00	-4.9775644e-02
2.5029285e+00	-1.4903890e-01
2.5247374e+00	9.4247108e-02
2.5465464e+00	2.0546350e-02
2.5683553e+00	5.1488546e-02
2.5901642e+00	1.0594933e-01
2.6119732e+00	1.8772828e-02
2.6337821e+00	-1.6614294e-01
2.6555911e+00	-1.7309414e-01
2.6774000e+00	-4.6031918e-02
2.6992089e+00	6.5975326e-02
2.7210179e+00	1.3734698e-01
2.7428268e+00	1.1312599e-01
2.7646358e+00	1.9886346e-01
2.7864447e+00	5.3197537e-03
2.8082536e+00	1.3095878e-02
2.8300626e+00	-2.2048318e-01
2.8518715e+00	-1.4521503e-01
2.8736804e+00	-9.0728788e-03
2.8954894e+00	8.4067463e-02
2.9172983e+00	2.4125327e-01
2.9391073e+00	1.0835746e-01
2.9609162e+00	1.3628622e-02
2.9827251e+00	8.9506450e-02
3.0045341e+00	-9.3398681e-02
3.0263430e+00	-9.9110558e-02
3.0481519e+00	-7.3530001e-02
3.0699609e+00	1.1948957e-01
3.0917698e+00	-2.6362672e-01
3.1135788e+00	-1.4713672e-01
3.1353877e+00	2.4047429e-01
3.1571966e+00	6.9829453e-02
3.1790056e+00	7.9566221e-02
3.2008145e+00	1.1058086e-01
3.2226235e+00	2.2366804e-01
3.2444324e+00	7.0385839e-02
3.2662413e+00	4.5328814e-02
3.2880503e+00	-5.3966640e-02
3.3098592e+00	-1.8868712e-01
3.3316681e+00	-2.3413992e-01
3.3534771e+00	-4.8017711e-03
3.3752860e+00	1.1989621e-01
3.3970950e+00	1.1986977e-01
3.4189039e+00	5.6582557e-02
3.4407128e+00	-4.0098164e-02
3.4625218e+00	1.0318143e-01
3.4843307e+00	-4.5277851e-02
3.5061396e+00	-1.2773594e-01
3.5279486e+00	3.9750878e-02
3.5497575e+00	1.1050802e-01
3.5715665e+00	-2.6991150e-02
3.5933754e+00	1.0301204e-02
3.6151843e+00	-1.6868197e-01
3.6369933e+00	-7.5193435e-02
3.6588022e+00	-1.4163281e-02
3.6806112e+00	7.3059408e-02
3.7024201e+00	5.0890200e-02
3.7242290e+00	7.3866368e-02
3.7460380e+00	2.2439730e-01
3.7678469e+00	8.4591601e-03
3.7896558e+00	-3.1151203e-02
3.8114648e+00	2.6037619e-02
3.8332737e+00	-9.4081218e-02
3.8550827e+00	-2.0806383e-01
3.8768916e+00	-8.7370618e-02
3.8987005e+00	1.6594847e-01
3.9205095e+00	8.5030460e-02
3.9423184e+00	1.8714880e-01
3.9641273e+00	1.2134220e-01
3.9859363e+00	-1.2869139e-01
4.0077452e+00	-7.0597392e-02
4.0295542e+00	-1.3661172e-01
4.0513631e+00	-7.0330468e-02
4.0731720e+00	8.9946829e-02
4.0949810e+00	3.5933533e-02
4.1167899e+00	7.2943101e-02
4.1385989e+00	1.0005105e-01
4.1604078e+00	1.0875333e-01
4.1822167e+00	-1.1867165e-01
4.2040257e+00	-1.4749095e-01
4.2258346e+00	-3.7717128e-02
4.2476435e+00	-4.9867482e-02
4.2694525e+00	-5.7560697e-02
4.2912614e+00	7.9866198e-02
4.3130704e+00	1.0083232e-01
4.3348793e+00	-2.7961360e-02
4.3566882e+00	-7.3077011e-02
4.3784972e+00	1.7794362e-01
4.4003061e+00	4.6876238e-02
4.4221151e+00	1.7730022e-02
4.4439240e+00	-3.6328789e-02
4.4657329e+00	-1.2780453e-01
4.4875419e+00	-2.5956211e-02
4.5093508e+00	1.7121515e-01
4.5311597e+00	5.9932127e-02
4.5529687e+00	-8.6493053e-02
4.5747776e+00	-8.1472016e-02
4.5965866e+00	1.9720353e-02
4.6183955e+00	5.0611512e-02
4.6402044e+00	1.1538125e-01
4.6620134e+00	-3.0542377e-02
4.6838223e+00	7.2569579e-03
4.7056312e+00	-1.7246297e-01
4.7274402e+00	-1.7923484e-01
4.7492491e+00	8.8167360e-02
4.7710581e+00	6.4267086e-02
4.7928670e+00	2.8974449e-01
4.8146759e+00	2.0515772e-01
4.8364849e+00	-1.2375587e-01
4.8582938e+00	-3.1552000e-02
4.8801028e+00	1.1891463e-01
4.9019117e+00	1.2454843e-01
4.9237206e+00	-1.8535379e-02
4.9455296e+00	-1.6536568e-01
4.9673385e+00	2.3834933e-02
4.9891474e+00	-6.7463993e-02
5.0109564e+00	6.3668539e-03
5.0327653e+00	5.9565106e-02
5.0545743e+00	-6.5920462e-02
5.0763832e+00	1.7811205e-01
5.0981921e+00	1.6141341e-01
5.1200011e+00	-8.7423425e-02
5.1418100e+00	-2.8904674e-01
5.1636189e+00	5.6552936e-02
5.1854279e+00	3.3372397e-01
5.2072368e+00	2.7593524e-01
5.2290458e+00	6.7957317e-03
5.2508547e+00	-2.2534889e-02
5.2726636e+00	1.2282792e-01
5.2944726e+00	6.2014281e-02
5.3162815e+00	-1.4049813e-01
5.3380905e+00	-1.2144434e-01
5.3598994e+00	1.3762576e-01
5.3817083e+00	-1.7567877e-01
5.4035173e+00	-6.5601114e-03
5.4253262e+00	1.4852043e-01
5.4471351e+00	7.9026982e-02
5.4689441e+00	2.6818663e-02
5.4907530e+00	7.7184202e-02
5.5125620e+00	5.6484161e-02
5.5343709e+00	-2.6761447e-01
5.5561798e+00	-7.5731926e-02
5.5779888e+00	8.1757047e-02
5.5997977e+00	8.4643662e-02
5.6216066e+00	2.6601590e-01
5.6434156e+00	1.2398121e-01
5.6652245e+00	-1.2140080e-01
5.6870335e+00	-7.1150630e-02
5.7088424e+00	-2.9734288e-02
5.7306513e+00	-2.3630456e-01
5.7524603e+00	2.0312130e-01
5.7742692e+00	2.9712784e-01
5.7960782e+00	4.8150002e-02
5.8178871e+00	7.3128105e-02
5.8396960e+00	-7.2339692e-04
5.8615050e+00	-8.0289553e-02
5.8833139e+00	2.2228767e-01
5.9051228e+00	4.4777216e-02
5.9269318e+00	-1.2263949e-01
5.9487407e+00	-8.4101852e-02
5.9705497e+00	-4.7833485e-02
5.9923586e+00	2.3249902e-01
6.0141675e+00	5.9873926e-02
6.0359765e+00	-8.3962463e-02
6.0577854e+00	3.1230213e-02
6.0795944e+00	3.4885685e-02
6.1014033e+00	2.0570836e-01
6.1232122e+00	-7.5174652e-02
6.1450212e+00	-2.3101430e-01
6.1668301e+00	1.7174184e-01
6.1886390e+00	1.5908166e-01
6.2104480e+00	-1.3412744e-01
6.2322569e+00	-5.1649728e-02
6.2540659e+00	-5.5095700e-02
6.2758748e+00	2.2605232e-02
6.2976837e+00	-4.1229388e-02
6.3194927e+00	-2.1804433e-02
6.3413016e+00	2.1505913e-02
6.3631105e+00	1.6761671e-01
6.3849195e+00	1.5324307e-01
6.4067284e+00	4.2990337e-03
6.4285374e+00	-6.4304178e-02
6.4503463e+00	-1.6943339e-01
6.4721552e+00	-7.5294472e-02
6.4939642e+00	1.6835434e-02
6.5157731e+00	2.9230156e-01
6.5375821e+00	1.3303727e-01
6.5593910e+00	1.1393918e-01
6.5811999e+00	-6.6037340e-02
6.6030089e+00	-1.3412588e-01
6.6248178e+00	1.4565275e-01
6.6466267e+00	3.0550435e-02
6.6684357e+00	-7.9170352e-02
6.6902446e+00	1.2071041e-02
6.7120536e+00	-1.5087113e-01
6.7338625e+00	-7.3180145e-02
6.7556714e+00	1.9295065e-01
6.7774804e+00	1.3770179e-01
6.7992893e+00	-2.6119465e-01
6.8210982e+00	1.4124347e-01
6.8429072e+00	1.7033877e-01
6.8647161e+00	-1.2286973e-01
6.8865251e+00	-1.4190430e-02
6.9083340e+00	-2.6252229e-02
6.9301429e+00	3.9389510e-02
6.9519519e+00	5.0995897e-02
6.9737608e+00	1.1059691e-01
6.9955698e+00	2.5470160e-02
7.0173787e+00	-2.2913980e-01
7.0391876e+00	-1.2403087e-01
7.0609966e+00	1.2461202e-01
7.0828055e+00	-7.3084886e-02
7.1046144e+00	8.6753877e-02
7.1264234e+00	-8.5252516e-02
7.1482323e+00	2.0151135e-02
7.1700413e+00	1.8169741e-01
7.1918502e+00	1.6401693e-01
7.2136591e+00	1.3758316e-01
7.2354681e+00	-1.3348700e-01
7.2572770e+00	-8.0123865e-02
7.2790859e+00	-7.6634343e-02
7.3008949e+00	-8.2776945e-02
7.3227038e+00	-1.2516128e-02
7.3445128e+00	-6.1183502e-02
7.3663217e+00	1.3987910e-01
7.3881306e+00	4.4596768e-02
7.4099396e+00	-1.1494295e-02
7.4317485e+00	-3.5077756e-03
7.4535575e+00	9.7637938e-04
7.4753664e+00	4.1427995e-02
7.4971753e+00	-5.2947602e-02
7.5189843e+00	-3.4577499e-02
7.5407932e+00	1.0607656e-01
7.5626021e+00	2.1117864e-03
7.5844111e+00	-1.8371046e-01
7.6062200e+00	4.7278884e-02
7.6280290e+00	4.9994537e-02
7.6498379e+00	-1.1730900e-01
7.6716468e+00	2.5467931e-01
7.6934558e+00	2.9835859e-01
7.7152647e+00	3.5945280e-01
7.7370737e+00	4.6360252e-02
7.7588826e+00	-5.1116794e-02
7.7806915e+00	9.8867936e-02
7.8025005e+00	2.6876403e-01
7.8243094e+00	9.1101314e-02
7.8461183e+00	-1.0331143e-01
7.8679273e+00	-1.8459628e-01
7.8897362e+00	-2.3663590e-01
7.9115452e+00	-8.6007649e-03
7.9333541e+00	2.0407549e-01
7.9551630e+00	1.1151459e-01
7.9769720e+00	4.7787757e-02
7.9987809e+00	1.2823867e-01
8.0205898e+00	-6.1702911e-02
8.0423988e+00	8.6289368e-03
8.0642077e+00	-1.0787962e-01
8.0860167e+00	-6.8284509e-02
8.1078256e+00	1.0778008e-01
8.1296345e+00	2.7021636e-02
8.1514435e+00	6.8801640e-02
8.1732524e+00	7.6676857e-03
8.1950614e+00	-2.3559261e-01
8.2168703e+00	5.4941241e-02
8.2386792e+00	1.2855380e-01
8.2604882e+00	1.1835292e-01
8.2822971e+00	-1.4107845e-01
8.3041060e+00	-2.0402031e-02
8.3259150e+00	-1.5171705e-01
8.3477239e+00	1.2029768e-02
8.3695329e+00	-4.6638152e-02
8.3913418e+00	1.1503434e-02
8.4131507e+00	1.6829478e-01
8.4349597e+00	1.3367945e-01
8.4567686e+00	1.3319819e-01
8.4785775e+00	-8.3773965e-02
8.5003865e+00	-6.8041088e-02
8.5221954e+00	3.4098841e-02
8.5440044e+00	-4.0772604e-02
8.5658133e+00	-9.1895115e-02
8.5876222e+00	-3.9879245e-03
8.6094312e+00	-1.4202942e-01
8.6312401e+00	6.5047592e-03
8.6530491e+00	6.1640178e-02
8.6748580e+00	8.9706948e-02
8.6966669e+00	5.0487660e-02
8.7184759e+00	2.0403749e-01
8.7402848e+00	-6.7850591e-03
8.7620937e+00	-2.5720990e-01
8.7839027e+00	-5.6234042e-02
8.8057116e+00	5.8601349e-03
8.8275206e+00	8.7817184e-02
8.8493295e+00	6.6755650e-02
8.8711384e+00	1.2259574e-01
8.8929474e+00	3.4761293e-01
8.9147563e+00	6.3411470e-02
8.9365652e+00	-2.5312236e-01
8.9583742e+00	-1.9355747e-01
8.9801831e+00	1.8833166e-01
9.0019921e+00	-4.0220594e-02
9.0238010e+00	1.5639145e-01
9.0456099e+00	1.8638154e-01
9.0674189e+00	2.1776154e-01
9.0892278e+00	-1.0846262e-01
9.1110368e+00	-1.8975648e-01
9.1328457e+00	6.6109604e-02
9.1546546e+00	-1.1274956e-01
9.1764636e+00	2.7838604e-01
9.1982725e+00	3.2430151e-01
9.2200814e+00	-1.5992588e-01
9.2418904e+00	1.5428977e-02
9.2636993e+00	1.2757600e-01
9.2855083e+00	-1.1251405e-01
9.3073172e+00	1.4902165e-01
9.3291261e+00	2.3587915e-01
9.3509351e+00	-2.7248677e-03
9.3727440e+00	7.7100014e-02
9.3945530e+00	-2.3225008e-01
9.4163619e+00	-1.4450392e-01
9.4381708e+00	1.4153241e-01
9.4599798e+00	1.4799448e-01
9.4817887e+00	-1.2306023e-02
9.5035976e+00	-1.2235343e-01
9.5254066e+00	1.2697171e-01
9.5472155e+00	1.3081116e-03
9.5690245e+00	-7.3825880e-02
9.5908334e+00	2.5430156e-01
9.6126423e+00	9.5852666e-02
9.6344513e+00	-1.9946073e-01
9.6562602e+00	2.7380582e-02
9.6780691e+00	-1.8093527e-02
9.6998781e+00	3.6984302e-01
9.7216870e+00	3.3783490e-01
9.7434960e+00	5.0065888e-01
9.7653049e+00	3.3656703e-01
9.7871138e+00	1.7389073e-01
9.8089228e+00	-1.7510938e-02
9.8307317e+00	-1.1604724e-01
9.8525407e+00	-5.9489241e-02
9.8743496e+00	-1.5909700e-01
9.8961585e+00	4.4675875e-02
9.9179675e+00	1.7747193e-01
9.9397764e+00	1.5631202e-02
9.9615853e+00	-7.4867078e-02
9.9833943e+00	4.3853545e-01
1.0005203e+01	2.7955230e-01
1.0027012e+01	2.0173491e-01
1.0048821e+01	1.3598766e-01
1.0070630e+01	-3.4729288e-02
1.0092439e+01	-1.8016725e-01
1.0114248e+01	2.7685463e-02
1.0136057e+01	1.1431106e-01
1.0157866e+01	1.6521873e-02
1.0179675e+01	-6.0980280e-02
1.0201484e+01	-1.9188301e-01
1.0223293e+01	2.0921924e-01
1.0245102e+01	2.3041604e-01
1.0266910e+01	-5.9787976e-02
1.0288719e+01	-1.4579127e-01
1.0310528e+01	-6.8639899e-02
1.0332337e+01	1.1454837e+00
1.0354146e+01	1.8451586e+00
1.0375955e+01	2.6760058e+00
1.0397764e+01	2.8398614e+00
1.0419573e+01	3.0322965e+00
1.0441382e+01	3.4949631e+00
1.0463191e+01	4.3204834e+00
1.0485000e+01	4.9365283e+00
1.0506809e+01	5.8415489e+00
1.0528618e+01	7.1666413e+00
1.0550427e+01	8.1420906e+00
1.0572236e+01	9.0323619e+00
1.0594045e+01	9.2741521e+00
1.0615853e+01	9.1374283e+00
1.0637662e+01	9.0892297e+00
1.0659471e+01	8.4914653e+00
1.0681280e+01	7.0897541e+00
1.0703089e+01	5.3328422e+00
1.0724898e+01	3.9409127e+00
1.0746707e+01	2.5006347e+00
1.0768516e+01	1.8017202e+00
1.0790325e+01	1.2400412e+00
1.0812134e+01	6.8782884e-01
1.0833943e+01	3.6139720e-01
1.0855752e+01	1.8486627e-01
1.0877561e+01	-2.0568471e-02
1.0899370e+01	3.0777646e-02
1.0921179e+01	4.5965356e-02
1.0942988e+01	-1.2384595e-01
1.0964796e+01	-5.5156826e-02
1.0986605e+01	1.5828617e-01
1.1008414e+01	6.3898950e-01
1.1030223e+01	6.7875806e-01
1.1052032e+01	9.9471657e-01
1.1073841e+01	1.3139187e+00
1.1095650e+01	1.6933140e+00
1.1117459e+01	1.7105312e+00
1.1139268e+01	1.9482760e+00
1.1161077e+01	2.3064409e+00
1.1182886e+01	2.2343096e+00
1.1204695e+01	2.6006239e+00
1.1226504e+01	2.8291252e+00
1.1248313e+01	2.7334313e+00
1.1270122e+01	1.6374067e+00
1.1291931e+01	1.2281993e+00
1.1313740e+01	4.8194751e-01
1.1335548e+01	-3.3395914e-02
1.1357357e+01	-1.4332488e-01
1.1379166e+01	-7.8437717e-02
1.1400975e+01	9.0348647e-02
1.1422784e+01	1.2633045e-01
1.1444593e+01	9.1963492e-02
1.1466402e+01	-8.7185154e-02
1.1488211e+01	-5.3478052e-02
1.1510020e+01	3.4451056e-02
1.1531829e+01	1.1035457e-02
1.1553638e+01	-5.2516483e-02
1.1575447e+01	-1.2583651e-01
1.1597256e+01	2.0534260e-01
1.1619065e+01	2.2875146e-01
1.1640874e+01	3.5673374e-01
1.1662683e+01	-3.1024597e-02
1.1684491e+01	-2.7647388e-01
1.1706300e+01	1.7606710e-01
1.1728109e+01	4.1666328e-02
1.1749918e+01	1.6013737e-01
1.1771727e+01	-1.6452849e-01
1.1793536e+01	-6.3876902e-02
1.1815345e+01	5.0684675e-02
1.1837154e+01	1.4290051e-01
1.1858963e+01	3.7109975e-01
1.1880772e+01	3.9580650e-01
1.1902581e+01	8.7491198e-02
1.1924390e+01	-4.0879487e-02
1.1946199e+01	-2.2490802e-01
1.1968008e+01	-1.9386682e-01
1.1989817e+01	7.5856592e-02
1.2011626e+01	9.2772884e-02
1.2033434e+01	-8.0963355e-02
1.2055243e+01	1.1147777e-01
1.2077052e+01	1.2831353e-01
1.2098861e+01	-1.0535728e-01
1.2120670e+01	8.7503335e-02
1.2142479e+01	5.7039044e-02
1.2164288e+01	-7.5516989e-02
1.2186097e+01	-9.9220963e-02
1.2207906e+01	-4.0587274e-02
1.2229715e+01	1.5109176e-01
1.2251524e+01	3.4184010e-01
1.2273333e+01	1.9908380e-01
1.2295142e+01	1.2381893e-01
1.2316951e+01	3.4839929e-01
1.2338760e+01	5.7172822e-02
1.2360569e+01	-2.8170195e-01
1.2382377e+01	-2.8640626e-01
1.2404186e+01	3.2071726e-02
1.2425995e+01	2.8437871e-01
1.2447804e+01	1.5790221e-01
1.2469613e+01	-7.5949450e-02
1.2491422e+01	6.5753691e-02
1.2513231e+01	2.9617283e-01
1.2535040e+01	-5.4620086e-02
1.2556849e+01	9.9199830e-02
1.2578658e+01	4.6292582e-02
1.2600467e+01	-1.4487159e-01
1.2622276e+01	-1.3886317e-01
1.2644085e+01	1.1418827e-01
1.2665894e+01	2.0158840e-02
1.2687703e+01	8.6151614e-02
1.2709512e+01	7.3054462e-02
1.2731320e+01	-1.1073780e-01
1.2753129e+01	-3.9527496e-02
1.2774938e+01	1.7802509e-01
1.2796747e+01	4.6076190e-03
1.2818556e+01	-4.5592921e-02
1.2840365e+01	-2.8976876e-02
1.2862174e+01	-1.8107437e-02
1.2883983e+01	-6.5202519e-02
1.2905792e+01	-2.9075982e-02
1.2927601e+01	-2.0290770e-02
1.2949410e+01	-3.3431246e-02
1.2971219e+01	-1.2093397e-01
1.2993028e+01	8.0609240e-02
1.3014837e+01	-4.6584488e-02
1.3036646e+01	6.4704200e-02
1.3058455e+01	1.9286487e-01
1.3080264e+01	6.9336591e-01
1.3102072e+01	6.7703732e-01
1.3123881e+01	1.5295109e-01
1.3145690e+01	-1.9427887e-02
1.3167499e+01	4.1596475e-02
1.3189308e+01	1.0212732e-01
1.3211117e+01	1.8921481e-01
1.3232926e+01	5.6360101e-01
1.3254735e+01	6.6140445e-01
1.3276544e+01	3.8546524e-01
1.3298353e+01	9.4162380e-02
1.3320162e+01	-3.6206449e-01
1.3341971e+01	-4.1989534e-01
1.3363780e+01	3.9279767e-01
1.3385589e+01	6.1864789e-01
1.3407398e+01	9.2569446e-01
1.3429207e+01	8.0704819e-01
1.3451015e+01	6.2020289e-01
1.3472824e+01	6.1335435e-01
1.3494633e+01	1.9065208e-01
1.3516442e+01	-1.3613828e-02
1.3538251e+01	-1.2971744e-02
1.3560060e+01	2.1606731e-01
1.3581869e+01	9.5973260e-02
1.3603678e+01	2.0728298e-01
1.3625487e+01	1.4533506e-01
1.3647296e+01	-1.9399187e-01
1.3669105e+01	-1.7019222e-01
1.3690914e+01	9.3479491e-03
1.3712723e+01	7.6811581e-02
1.3734532e+01	-1.7334538e-01
1.3756341e+01	2.5617835e-01
1.3778150e+01	1.6566118e-01
1.3799958e+01	-7.7501184e-02
1.3821767e+01	6.7218089e-02
1.3843576e+01	1.5499380e-01
1.3865385e+01	-8.1459992e-02
1.3887194e+01	-1.4615147e-01
1.3909003e+01	-5.4214900e-02
1.3930812e+01	-1.8882893e-01
1.3952621e+01	7.4402389e-02
1.3974430e+01	7.3620246e-02
1.3996239e+01	2.5023939e-01
1.4018048e+01	8.5030250e-02
1.4039857e+01	-1.6943870e-01
1.4061666e+01	2.1210284e-02
1.4083475e+01	1.6353283e-01
1.4105284e+01	2.7791243e-01
1.4127093e+01	4.3115163e-02
1.4148901e+01	-5.5451142e-02
1.4170710e+01	-2.7141702e-02
1.4192519e+01	-1.7447592e-01
1.4214328e+01	5.7689545e-04
1.4236137e+01	-4.9990737e-02
1.4257946e+01	3.2079485e-02
1.4279755e+01	5.6359638e-02
1.4301564e+01	8.1973522e-03
1.4323373e+01	1.2581812e-01
1.4345182e+01	2.3325468e-01
1.4366991e+01	4.1076532e-01
1.4388800e+01	2.0885436e-01
1.4410609e+01	-1.2960006e-01
1.4432418e+01	-1.6035887e-01
1.4454227e+01	-1.2521415e-01
1.4476036e+01	-8.9314779e-02
1.4497844e+01	7.2837016e-02
1.4519653e+01	7.8723808e-02
1.4541462e+01	9.8905032e-02
1.4563271e+01	2.4324738e-01
1.4585080e+01	1.6668762e-02
1.4606889e+01	-5.0901933e-02
1.4628698e+01	9.3418730e-03
1.4650507e+01	-2.1765098e-02
1.4672316e+01	-3.6348393e-01
1.4694125e+01	-4.6919768e-02
1.4715934e+01	3.4411336e-01
1.4737743e+01	3.9652983e-01
1.4759552e+01	1.6997958e-01
1.4781361e+01	2.8709933e-02
1.4803170e+01	-8.1927826e-03
1.4824979e+01	1.8047192e-01
1.4846787e+01	4.2458531e-01
1.4868596e+01	8.7297755e-01
1.4890405e+01	1.1405888e+00
1.4912214e+01	1.2935801e+00
1.4934023e+01	1.2555706e+00
1.4955832e+01	1.1524384e+00
1.4977641e+01	1.1926256e+00
1.4999450e+01	1.0517364e+00
1.5021259e+01	1.1765508e+00
1.5043068e+01	1.0467560e+00
1.5064877e+01	7.6958102e-01
1.5086686e+01	4.8581404e-01
1.5108495e+01	1.6557215e-01
1.5130304e+01	4.3795144e-02
1.5152113e+01	-7.0568071e-02
1.5173922e+01	-2.0733405e-01
1.5195731e+01	-5.9827537e-02
1.5217539e+01	-3.5201831e-03
1.5239348e+01	1.6974087e-02
1.5261157e+01	7.8812531e-02
1.5282966e+01	-8.5749058e-02
1.5304775e+01	-2.9483460e-02
1.5326584e+01	5.5984485e-02
1.5348393e+01	-5.6810908e-02
1.5370202e+01	1.7348281e-01
1.5392011e+01	3.5275324e-01
1.5413820e+01	1.6403696e-01
1.5435629e+01	-7.9498309e-02
1.5457438e+01	-5.1821636e-02
1.5479247e+01	1.4940342e-01
1.5501056e+01	7.6775120e-02
1.5522865e+01	-6.4227693e-02
1.5544674e+01	-8.8621661e-02
1.5566482e+01	-1.1424001e-01
1.5588291e+01	3.4398873e-01
1.5610100e+01	6.0413484e-01
1.5631909e+01	7.0934471e-01
1.5653718e+01	7.7564728e-01
1.5675527e+01	6.7902443e-01
1.5697336e+01	5.3714705e-01
1.5719145e+01	4.5371795e-01
1.5740954e+01	3.3270056e-02
1.5762763e+01	-5.2792022e-02
1.5784572e+01	3.1908750e-01
1.5806381e+01	3.5883564e-02
1.5828190e+01	-9.1362558e-02
1.5849999e+01	1.8933612e-01
1.5871808e+01	1.8901965e-01
1.5893617e+01	-3.9820617e-02
1.5915425e+01	-1.6496834e-01
1.5937234e+01	-7.3121430e-02
1.5959043e+01	-2.2742495e-01
1.5980852e+01	1.0297600e-01
1.6002661e+01	1.1578910e-01
1.6024470e+01	1.3870348e-01
1.6046279e+01	1.7853060e-02
1.6068088e+01	-9.4232904e-02
1.6089897e+01	-1.0012481e-01
1.6111706e+01	4.0067726e-02
1.6133515e+01	1.8048429e-01
1.6155324e+01	1.0496995e-01
1.6177133e+01	-3.0750453e-02
1.6198942e+01	-1.1178310e-01
1.6220751e+01	4.4882206e-03
1.6242560e+01	-6.2187426e-02
1.6264368e+01	-8.6443316e-02
1.6286177e+01	8.9473662e-02
1.6307986e+01	1.2616371e-01
1.6329795e+01	9.3747872e-02
1.6351604e+01	-7.5049215e-02
1.6373413e+01	5.2506246e-02
1.6395222e+01	-2.7991074e-01
1.6417031e+01	-2.0392083e-02
1.6438840e+01	9.0463659e-02
1.6460649e+01	-5.4198913e-03
1.6482458e+01	7.0188882e-02
1.6504267e+01	1.4695029e-02
1.6526076e+01	-3.8350192e-02
1.6547885e+01	-5.9887277e-02
1.6569694e+01	7.1315992e-02
1.6591503e+01	4.6302754e-01
1.6613311e+01	7.7019614e-01
1.6635120e+01	1.1269410e+00
1.6656929e+01	1.2972422e+00
1.6678738e+01	1.3689360e+00
1.6700547e+01	1.4479365e+00
1.6722356e+01	1.6811519e+00
1.6744165e+01	2.1145025e+00
1.6765974e+01	2.4491902e+00
1.6787783e+01	2.7096614e+00
1.6809592e+01	2.6329042e+00
1.6831401e+01	2.4870578e+00
1.6853210e+01	1.9882263e+00
1.6875019e+01	1.3700410e+00
1.6896828e+01	9.0678188e-01
1.6918637e+01	4.1178326e-01
1.6940446e+01	7.1522258e-02
1.6962254e+01	6.2165949e-02
1.6984063e+01	-5.1231413e-02
1.7005872e+01	1.9974778e-02
1.7027681e+01	-2.1295737e-02
1.7049490e+01	-6.1593334e-02
1.7071299e+01	-9.1609430e-04
1.7093108e+01	-2.0897514e-02
1.7114917e+01	8.2714066e-03
1.7136726e+01	1.0730687e-02
1.7158535e+01	-1.8146857e-02
1.7180344e+01	-7.2976392e-02
1.7202153e+01	5.6547284e-02
1.7223962e+01	7.7047037e-04
1.7245771e+01	4.0175185e-02
1.7267580e+01	-5.5798197e-02
1.7289389e+01	-2.5556376e-02
1.7311198e+01	1.5326332e-02
1.7333006e+01	-5.8001144e-03
1.7354815e+01	5.6858519e-02
1.7376624e+01	4.4140564e-02
1.7398433e+01	-6.6794109e-02
1.7420242e+01	2.5592519e-02
1.7442051e+01	1.9463045e-01
1.7463860e+01	-4.3158421e-03
1.7485669e+01	-1.2485992e-01
1.7507478e+01	6.6727297e-02
1.7529287e+01	-9.6355264e-02
1.7551096e+01	3.0554915e-03
1.7572905e+01	-4.8199805e-02
1.7594714e+01	1.6771792e-02
1.7616523e+01	-2.3079709e-02
1.7638332e+01	3.3545954e-02
1.7660141e+01	5.9378070e-04
1.7681949e+01	-1.1225620e-01
1.7703758e+01	1.4894266e-02
1.7725567e+01	1.7910810e-01
1.7747376e+01	8.6580829e-02
1.7769185e+01	-4.4152930e-02
1.7790994e+01	-2.6143113e-02
1.7812803e+01	-2.8585503e-02
1.7834612e+01	4.6597948e-02
1.7856421e+01	7.4851519e-02
1.7878230e+01	-1.0853292e-02
1.7900039e+01	-2.9148534e-03
1.7921848e+01	-1.0489415e-01
1.7943657e+01	-9.1591116e-02
1.7965466e+01	-7.1061503e-02
1.7987275e+01	5.7154661e-02
1.8009084e+01	7.4053602e-02
1.8030892e+01	1.7648340e-01
1.8052701e+01	-5.0808108e-02
1.8074510e+01	8.8519363e-02
1.8096319e+01	-5.6882878e-02
1.8118128e+01	-8.5880851e-02
1.8139937e+01	5.6296397e-04
1.8161746e+01	-3.4932579e-02
1.8183555e+01	2.8945634e-02
1.8205364e+01	-4.2957495e-02
1.8227173e+01	-9.6694716e-02
1.8248982e+01	5.3764517e-02
1.8270791e+01	1.9256027e-03
1.8292600e+01	1.5114981e-01
1.8314409e+01	9.2367304e-02
1.8336218e+01	-1.0542160e-01
1.8358027e+01	-8.2182449e-02
1.8379835e+01	3.9002037e-02
1.8401644e+01	-4.2490856e-02
1.8423453e+01	-1.3432518e-01
1.8445262e+01	2.0117610e-03
1.8467071e+01	4.4873003e-01
1.8488880e+01	4.5441572e-01
1.8510689e+01	5.1768855e-01
1.8532498e+01	1.8785161e-01
1.8554307e+01	7.3637672e-02
1.8576116e+01	4.3171343e-02
1.8597925e+01	3.4072869e-01
1.8619734e+01	3.6130577e-01
1.8641543e+01	5.5491973e-01
1.8663352e+01	6.5349080e-01
1.8685161e+01	5.7606399e-01
1.8706970e+01	5.6861513e-01
1.8728778e+01	3.3679885e-01
1.8750587e+01	9.5455266e-02
1.8772396e+01	-1.5582392e-01
1.8794205e+01	-1.7192346e-01
1.8816014e+01	7.6676970e-02
1.8837823e+01	2.7876386e-02
1.8859632e+01	1.4159837e-02
1.8881441e+01	6.8531125e-02
1.8903250e+01	-1.2825291e-01
1.8925059e+01	-1.0028353e-01
1.8946868e+01	1.0280492e-01
1.8968677e+01	3.6415630e-02
1.8990486e+01	-5.0161164e-02
1.9012295e+01	-6.8185064e-02
1.9034104e+01	1.7143877e-01
1.9055913e+01	1.8418654e-01
1.9077721e+01	-3.0516857e-02
1.9099530e+01	-6.0099081e-02
1.9121339e+01	-1.5265621e-01
1.9143148e+01	-5.6722545e-02
1.9164957e+01	2.8887606e-01
1.9186766e+01	3.9560933e-02
1.9208575e+01	7.4365371e-02
1.9230384e+01	7.7885856e-02
1.9252193e+01	-1.2113965e-03
1.9274002e+01	-1.9829618e-01
1.9295811e+01	-1.6375096e-01
1.9317620e+01	6.8544621e-02
1.9339429e+01	-2.2308768e-02
1.9361238e+01	1.2169387e-01
1.9383047e+01	2.2897157e-01
1.9404856e+01	1.7142046e-01
1.9426665e+01	1.2042473e-01
1.9448473e+01	5.5239022e-02
1.9470282e+01	-9.0377527e-02
1.9492091e+01	-1.0254924e-01
1.9513900e+01	-5.3280209e-02
1.9535709e+01	-7.0905470e-02
1.9557518e+01	6.5763362e-02
1.9579327e+01	-7.1252270e-02
1.9601136e+01	-2.1972049e-01
1.9622945e+01	3.1643200e-02
1.9644754e+01	4.8283284e-02
1.9666563e+01	1.6529025e-01
1.9688372e+01	-1.3645463e-01
1.9710181e+01	-3.5831214e-02
1.9731990e+01	8.2056983e-02
1.9753799e+01	6.0791197e-02
1.9775608e+01	1.9262993e-01
1.9797416e+01	6.7782827e-02
1.9819225e+01	-2.4916338e-01
1.9841034e+01	1.1909802e-01
1.9862843e+01	4.0403119e-01
1.9884652e+01	5.4279008e-01
1.9906461e+01	4.9112228e-01
1.9928270e+01	5.5276888e-01
1.9950079e+01	7.5452611e-01
1.9971888e+01	6.7257431e-01
1.9993697e+01	2.1700776e-01
2.0015506e+01	3.6626711e-02
2.0037315e+01	-1.3842184e-01
2.0059124e+01	-3.2069775e-01
2.0080933e+01	7.6853073e-02
2.0102742e+01	1.6110861e-01
2.0124551e+01	-7.0569107e-02
2.0146359e+01	-1.6552851e-01
2.0168168e+01	3.0228175e-03
2.0189977e+01	9.9893843e-02
2.0211786e+01	7.5074925e-02
2.0233595e+01	-1.1949352e-02
2.0255404e+01	1.7437057e-01
2.0277213e+01	6.3318015e-01
2.0299022e+01	1.1489079e+00
2.0320831e+01	1.5705902e+00
2.0342640e+01	1.6442063e+00
2.0364449e+01	1.6084314e+00
2.0386258e+01	1.6362121e+00
2.0408067e+01	1.4493764e+00
2.0429876e+01	1.1692478e+00
2.0451685e+01	1.1288155e+00
2.0473494e+01	1.5629419e+00
2.0495302e+01	1.7075593e+00
2.0517111e+01	1.7827949e+00
2.0538920e+01	1.7333612e+00
2.0560729e+01	1.6816963e+00
2.0582538e+01	1.3261906e+00
2.0604347e+01	1.0455825e+00
2.0626156e+01	6.8895212e-01
2.0647965e+01	3.8281290e-01
2.0669774e+01	1.2887007e-01
2.0691583e+01	-1.6368017e-01
2.0713392e+01	6.6586464e-02
2.0735201e+01	1.4099719e-01
2.0757010e+01	-8.7446041e-02
2.0778819e+01	-4.5002625e-02
2.0800628e+01	-2.5064633e-03
2.0822437e+01	5.6340257e-03
2.0844245e+01	-6.2948143e-02
2.0866054e+01	-9.2391432e-02
2.0887863e+01	-3.8596549e-02
2.0909672e+01	-8.5962811e-02
2.0931481e+01	3.8397386e-02
2.0953290e+01	-1.0149029e-01
2.0975099e+01	7.7116457e-02
2.0996908e+01	1.8472866e-01
2.1018717e+01	5.3945893e-01
2.1040526e+01	1.0583553e+00
2.1062335e+01	1.5835211e+00
2.1084144e+01	1.8302967e+00
2.1105953e+01	1.8171193e+00
2.1127762e+01	1.7814232e+00
2.1149571e+01	2.1676728e+00
2.1171380e+01	2.6750444e+00
2.1193188e+01	3.4438522e+00
2.1214997e+01	4.6679466e+00
2.1236806e+01	5.3310989e+00
2.1258615e+01	5.6801504e+00
2.1280424e+01	5.8595155e+00
2.1302233e+01	5.2666383e+00
2.1324042e+01	4.5384862e+00
2.1345851e+01	3.6826906e+00
2.1367660e+01	2.6514977e+00
2.1389469e+01	1.8068679e+00
2.1411278e+01	8.9640441e-01
2.1433087e+01	2.2276458e-01
2.1454896e+01	-3.3202267e-02
2.1476705e+01	7.2242513e-02
2.1498514e+01	6.9197870e-01
2.1520323e+01	1.4506690e+00
2.1542132e+01	2.1903991e+00
2.1563940e+01	2.7569156e+00
2.1585749e+01	3.0942713e+00
2.1607558e+01	2.8677557e+00
2.1629367e+01	2.1792646e+00
2.1651176e+01	1.5394476e+00
2.1672985e+01	8.5838340e-01
2.1694794e+01	3.5999262e-01
2.1716603e+01	1.6154494e-01
2.1738412e+01	-1.1921456e-02
2.1760221e+01	-4.9862300e-02
2.1782030e+01	-1.1899434e-01
2.1803839e+01	-2.1803585e-01
2.1825648e+01	-1.1693980e-01
2.1847457e+01	-9.2490345e-02
2.1869266e+01	1.5168156e-02
2.1891075e+01	1.5223403e-01
2.1912883e+01	1.2076114e-01
2.1934692e+01	-2.8597372e-02
2.1956501e+01	1.7098798e-01
2.1978310e+01	1.2437233e-01
2.2000119e+01	9.1097311e-04
2.2021928e+01	-1.4148521e-01
2.2043737e+01	-1.2315267e-01
2.2065546e+01	6.8651203e-02
2.2087355e+01	1.9481903e-02
2.2109164e+01	4.3318832e-02
2.2130973e+01	5.4644638e-02
2.2152782e+01	-1.3662481e-01
2.2174591e+01	4.5671367e-02
2.2196400e+01	6.4470048e-02
2.2218209e+01	-1.2778215e-01
2.2240018e+01	6.6230794e-02
2.2261826e+01	-2.5258417e-03
2.2283635e+01	-4.7205196e-03
2.2305444e+01	4.5619382e-02
2.2327253e+01	1.7728635e-02
2.2349062e+01	-8.5578560e-02
2.2370871e+01	-9.0895267e-03
2.2392680e+01	4.9610659e-02
2.2414489e+01	-7.7494351e-03
2.2436298e+01	-1.9487097e-02
2.2458107e+01	4.9193396e-02
2.2479916e+01	2.1224879e-01
2.2501725e+01	-1.8454307e-02
2.2523534e+01	-2.0487171e-01
2.2545343e+01	-4.6371606e-02
2.2567152e+01	8.2104828e-02
2.2588961e+01	7.9345539e-02
2.2610769e+01	-8.9106783e-02
2.2632578e+01	-9.7363001e-02
2.2654387e+01	1.5104590e-01
2.2676196e+01	7.2931070e-02
2.2698005e+01	-9.4974202e-03
2.2719814e+01	3.5159335e-02
2.2741623e+01	-5.7435297e-03
2.2763432e+01	-3.8691228e-02
2.2785241e+01	-1.0582676e-01
2.2807050e+01	-1.8110374e-03
2.2828859e+01	2.4403148e-03
2.2850668e+01	2.8298967e-02
2.2872477e+01	4.8835370e-02
2.2894286e+01	2.3564748e-02
2.2916095e+01	1.2132944e-02
2.2937904e+01	-5.3709449e-02
2.2959712e+01	-3.4977440e-02
2.2981521e+01	-2.2569292e-02
2.3003330e+01	1.1111702e-01
2.3025139e+01	-1.2335377e-01
2.3046948e+01	3.3000013e-02
2.3068757e+01	1.0017461e-01
2.3090566e+01	1.2893439e-01
2.3112375e+01	-1.2344459e-01
2.3134184e+01	-8.5649793e-02
2.3155993e+01	2.5637196e-01
2.3177802e+01	1.8257245e-01
2.3199611e+01	-1.0037102e-01
2.3221420e+01	-1.0008419e-01
2.3243229e+01	1.9052626e-02
2.3265038e+01	-2.7205028e-02
2.3286847e+01	-1.5692011e-01
2.3308655e+01	-6.8341540e-05
2.3330464e+01	2.1310012e-01
2.3352273e+01	3.2361439e-01
2.3374082e+01	3.8441650e-01
2.3395891e+01	1.9997479e-01
2.3417700e+01	-7.9150156e-03
2.3439509e+01	-1.2586418e-01
2.3461318e+01	-1.6770045e-01
2.3483127e+01	-1.9001024e-01
2.3504936e+01	1.3649496e-01
2.3526745e+01	1.1027029e-01
2.3548554e+01	1.8597872e-01
2.3570363e+01	4.0477166e-01
2.3592172e+01	8.6965125e-01
2.3613981e+01	1.3644151e+00
2.3635790e+01	1.8653829e+00
2.3657599e+01	2.6781824e+00
2.3679407e+01	3.2838020e+00
2.3701216e+01	3.9413225e+00
2.3723025e+01	4.9454046e+00
2.3744834e+01	5.7525208e+00
2.3766643e+01	6.2761649e+00
2.3788452e+01	7.4169604e+00
2.3810261e+01	8.3497990e+00
2.3832070e+01	8.4603584e+00
2.3853879e+01	8.4442402e+00
2.3875688e+01	7.8350281e+00
2.3897497e+01	6.9469707e+00
2.3919306e+01	5.7763016e+00
2.3941115e+01	4.5059416e+00
2.3962924e+01	3.1096211e+00
2.3984733e+01	1.9726910e+00
2.4006542e+01	1.3240938e+00
2.4028350e+01	6.7043023e-01
2.4050159e+01	1.6091487e-01
2.4071968e+01	-1.9238682e-02
2.4093777e+01	9.5052912e-03
2.4115586e+01	-7.0161730e-02
2.4137395e+01	-1.5060251e-01
2.4159204e+01	2.1088458e-02
2.4181013e+01	8.2350641e-02
2.4202822e+01	6.2986439e-02
2.4224631e+01	5.7306196e-02
2.4246440e+01	-1.2220309e-01
2.4268249e+01	-1.4542852e-01
2.4290058e+01	-1.8845994e-01
2.4311867e+01	-6.4546924e-03
2.4333676e+01	1.9307182e-01
2.4355485e+01	-5.4161883e-02
2.4377293e+01	-1.8545250e-02
2.4399102e+01	2.4391711e-01
2.4420911e+01	2.9126325e-01
2.4442720e+01	6.8041118e-02
2.4464529e+01	-5.2006811e-03
2.4486338e+01	9.4256057e-02
2.4508147e+01	-1.0352433e-01
2.4529956e+01	1.0046898e-01
2.4551765e+01	2.0825534e-01
2.4573574e+01	4.1658987e-01
2.4595383e+01	5.8253216e-01
2.4617192e+01	6.7739575e-01
2.4639001e+01	9.0003235e-01
2.4660810e+01	3.4165156e-01
2.4682619e+01	1.9575800e-01
2.4704428e+01	-9.4280008e-02
2.4726236e+01	-1.5038702e-01
2.4748045e+01	-6.6162255e-02
2.4769854e+01	-6.4536124e-02
2.4791663e+01	-6.2826126e-02
2.4813472e+01	1.3304794e-01
2.4835281e+01	-8.0849031e-02
2.4857090e+01	-2.0548964e-01
2.4878899e+01	-2.8676924e-02
2.4900708e+01	1.6042672e-01
2.4922517e+01	1.3193616e-01
2.4944326e+01	7.7530633e-02
2.4966135e+01	4.2797987e-02
2.4987944e+01	-1.7825559e-02
2.5009753e+01	-1.2061439e-01
2.5031562e+01	-3.7299230e-02
2.5053371e+01	9.5207486e-02
2.5075179e+01	2.0827998e-02
2.5096988e+01	-8.5341244e-02
2.5118797e+01	-1.4421623e-01
2.5140606e+01	4.0144006e-03
2.5162415e+01	3.9223079e-02
2.5184224e+01	4.3208658e-02
2.5206033e+01	5.2133343e-02
2.5227842e+01	8.3052203e-02
2.5249651e+01	6.9178620e-02
2.5271460e+01	2.5321709e-02
2.5293269e+01	5.3799424e-02
2.5315078e+01	-1.7171817e-02
2.5336887e+01	-5.5298905e-02
2.5358696e+01	-4.4605856e-02
2.5380505e+01	-6.1712946e-02
2.5402314e+01	3.0078796e-02
2.5424123e+01	4.8672920e-02
2.5445931e+01	-2.6401221e-02
2.5467740e+01	-1.1140309e-02
2.5489549e+01	1.4682408e-02
2.5511358e+01	-4.2808373e-02
2.5533167e+01	4.2869717e-02
2.5554976e+01	-5.6317625e-02
2.5576785e+01	1.4524329e-02
2.5598594e+01	2.1738007e-02
2.5620403e+01	-7.4907240e-02
2.5642212e+01	-1.2934702e-02
2.5664021e+01	-2.6396198e-02
2.5685830e+01	2.6301757e-03
2.5707639e+01	-1.3792413e-02
2.5729448e+01	-3.2005331e-02
2.5751257e+01	1.3365235e-01
2.5773066e+01	8.3275768e-02
2.5794874e+01	5.1840975e-02
2.5816683e+01	2.4111677e-02
2.5838492e+01	-1.8487511e-02
2.5860301e+01	-1.8151737e-01
2.5882110e+01	-1.3734696e-01
2.5903919e+01	-6.0355826e-02
2.5925728e+01	-1.7430640e-01
2.5947537e+01	1.1302120e-01
2.5969346e+01	1.1931903e-01
2.5991155e+01	1.5124637e-01
2.6012964e+01	1.7119125e-01
2.6034773e+01	4.8518012e-01
2.6056582e+01	3.6524035e-01
2.6078391e+01	4.9997075e-01
2.6100200e+01	3.8853751e-01
2.6122009e+01	4.1234004e-01
2.6143817e+01	1.6768492e-01
2.6165626e+01	7.8641766e-02
2.6187435e+01	6.6745463e-02
2.6209244e+01	-4.8435218e-02
2.6231053e+01	-1.9719092e-01
2.6252862e+01	-8.8225372e-02
2.6274671e+01	-1.3601931e-01
2.6296480e+01	-6.6783982e-02
2.6318289e+01	3.1621435e-04
2.6340098e+01	-1.1638048e-01
2.6361907e+01	1.8066642e-02
2.6383716e+01	3.3255844e-01
2.6405525e+01	3.5564003e-01
2.6427334e+01	4.0925761e-01
2.6449143e+01	3.1993034e-01
2.6470952e+01	9.9147900e-02
2.6492760e+01	3.4067933e-02
2.6514569e+01	4.9976832e-02
2.6536378e+01	1.6102745e-02
2.6558187e+01	2.3361392e-01
2.6579996e+01	4.1910909e-01
2.6601805e+01	5.4199430e-01
2.6623614e+01	6.7831190e-01
2.6645423e+01	9.5150167e-01
2.6667232e+01	1.0445583e+00
2.6689041e+01	7.7555653e-01
2.6710850e+01	7.0989005e-01
2.6732659e+01	3.9699757e-01
2.6754468e+01	1.0014777e-01
2.6776277e+01	-9.0935969e-02
2.6798086e+01	-3.1368276e-01
2.6819895e+01	-1.5658486e-01
2.6841703e+01	4.1477579e-02
2.6863512e+01	3.4636790e-02
2.6885321e+01	-4.6988032e-02
2.6907130e+01	2.0227324e-01
2.6928939e+01	1.8916340e-01
2.6950748e+01	1.9119809e-01
2.6972557e+01	6.7141843e-02
2.6994366e+01	2.1951743e-01
2.7016175e+01	4.4295399e-02
2.7037984e+01	-1.0917766e-01
2.7059793e+01	2.0368948e-03
2.7081602e+01	1.1426729e-02
2.7103411e+01	-2.6869629e-01
2.7125220e+01	-3.9745423e-02
2.7147029e+01	1.2449962e-01
2.7168838e+01	-8.2137663e-02
2.7190646e+01	-7.6930611e-02
2.7212455e+01	4.2190968e-02
2.7234264e+01	4.3348196e-02
2.7256073e+01	2.2561612e-02
2.7277882e+01	-8.2189857e-03
2.7299691e+01	5.6157227e-02
2.7321500e+01	-4.6136275e-02
2.7343309e+01	2.5245461e-02
2.7365118e+01	-5.0295343e-02
2.7386927e+01	-1.4870147e-01
2.7408736e+01	-6.3519771e-02
2.7430545e+01	6.5952500e-02
2.7452354e+01	-5.6334087e-02
2.7474163e+01	2.7303334e-02
2.7495972e+01	6.9734880e-02
2.7517781e+01	-3.1345672e-03
2.7539590e+01	1.6075174e-01
2.7561398e+01	8.4436910e-02
2.7583207e+01	-1.2960912e-02
2.7605016e+01	-1.1988560e-01
2.7626825e+01	2.4764576e-02
2.7648634e+01	2.9539732e-01
2.7670443e+01	5.2844728e-01
2.7692252e+01	8.2274988e-01
2.7714061e+01	9.5341083e-01
2.7735870e+01	1.1919219e+00
2.7757679e+01	1.4098887e+00
2.7779488e+01	1.3104471e+00
2.7801297e+01	1.3613438e+00
2.7823106e+01	1.3421015e+00
2.7844915e+01	9.6937488e-01
2.7866724e+01	7.1907674e-01
2.7888533e+01	3.8595178e-01
2.7910341e+01	2.8124717e-02
2.7932150e+01	8.3954722e-02
2.7953959e+01	1.3000052e-01
2.7975768e+01	-4.4769819e-03
2.7997577e+01	-1.4781029e-01
2.8019386e+01	-2.9861878e-02
2.8041195e+01	-3.0716319e-02
2.8063004e+01	-8.5637410e-02
2.8084813e+01	-1.8825670e-01
2.8106622e+01	-4.6823520e-02
2.8128431e+01	-1.8090266e-03
2.8150240e+01	8.9621808e-02
2.8172049e+01	-2.1557740e-03
2.8193858e+01	-9.6885296e-02
2.8215667e+01	5.0966478e-02
2.8237476e+01	1.3923599e-01
2.8259284e+01	1.5500030e-01
2.8281093e+01	3.2919376e-01
2.8302902e+01	2.9135009e-01
2.8324711e+01	1.6135365e-01
2.8346520e+01	-2.1289189e-01
2.8368329e+01	-1.1731177e-01
2.8390138e+01	-5.1994837e-02
2.8411947e+01	2.0637924e-01
2.8433756e+01	3.7152037e-01
2.8455565e+01	5.6060630e-01
2.8477374e+01	8.4378024e-01
2.8499183e+01	1.4088909e+00
2.8520992e+01	1.6238848e+00
2.8542801e+01	1.5512837e+00
2.8564610e+01	1.4416673e+00
2.8586419e+01	1.5333921e+00
2.8608227e+01	1.3352079e+00
2.8630036e+01	1.0650513e+00
2.8651845e+01	6.2755495e-01
2.8673654e+01	5.7286549e-01
2.8695463e+01	1.5682632e-01
2.8717272e+01	8.4017717e-02
2.8739081e+01	6.9034755e-03
2.8760890e+01	-1.7521388e-02
2.8782699e+01	-1.4495157e-01
2.8804508e+01	-1.0952922e-01
2.8826317e+01	-2.0274927e-02
2.8848126e+01	1.1899501e-02
2.8869935e+01	8.4445075e-03
2.8891744e+01	-5.3317297e-02
2.8913553e+01	-5.6226288e-04
2.8935362e+01	4.5701930e-02
2.8957170e+01	3.9631659e-04
2.8978979e+01	-2.6433353e-02
2.9000788e+01	-4.2879522e-02
2.9022597e+01	5.5489873e-02
2.9044406e+01	1.6260659e-01
2.9066215e+01	-1.7258286e-02
2.9088024e+01	-6.3913383e-02
2.9109833e+01	5.3343991e-04
2.9131642e+01	-2.0333742e-02
2.9153451e+01	4.8146394e-02
2.9175260e+01	3.2237404e-02
2.9197069e+01	-2.9393879e-02
2.9218878e+01	-8.9714292e-02
2.9240687e+01	-7.5647497e-02
2.9262496e+01	1.0249598e-01
2.9284305e+01	-1.1856244e-02
2.9306113e+01	2.1625248e-02
2.9327922e+01	3.5474659e-02
2.9349731e+01	6.6948296e-02
2.9371540e+01	2.7005694e-02
2.9393349e+01	-2.4956601e-02
2.9415158e+01	-1.1933040e-01
2.9436967e+01	-8.2862242e-02
2.9458776e+01	1.0974784e-01
2.9480585e+01	1.2344484e-02
2.9502394e+01	6.3405889e-02
2.9524203e+01	1.3128362e-01
2.9546012e+01	1.6751248e-02
2.9567821e+01	5.0370151e-03
2.9589630e+01	-4.4381906e-02
2.9611439e+01	-5.2329957e-02
2.9633248e+01	-2.0642380e-01
2.9655057e+01	-1.0688634e-01
2.9676865e+01	-5.0533707e-02
2.9698674e+01	-1.0714281e-03
2.9720483e+01	-7.2524140e-02
2.9742292e+01	9.1123178e-02
2.9764101e+01	9.6414568e-02
2.9785910e+01	1.0255955e-01
2.9807719e+01	8.8458063e-03
2.9829528e+01	-9.4350779e-03
2.9851337e+01	9.7142163e-02
2.9873146e+01	-5.0352052e-02
2.9894955e+01	-9.6063875e-03
2.9916764e+01	4.4811305e-02
2.9938573e+01	5.6315803e-01
2.9960382e+01	1.0996128e+00
2.9982191e+01	1.5068623e+00
3.0004000e+01	2.1623851e+00
3.0025808e+01	2.3283267e+00
3.0047617e+01	2.6851227e+00
3.0069426e+01	3.1268388e+00
3.0091235e+01	3.2703796e+00
3.0113044e+01	3.1598565e+00
3.0134853e+01	2.7325112e+00
3.0156662e+01	2.3887104e+00
3.0178471e+01	1.9957875e+00
3.0200280e+01	1.4374152e+00
3.0222089e+01	9.3941112e-01
3.0243898e+01	4.0041976e-01
3.0265707e+01	1.7782676e-01
3.0287516e+01	1.4011082e-02
3.0309325e+01	-2.3988590e-02
3.0331134e+01	-1.0359603e-02
3.0352943e+01	-5.2307273e-02
3.0374751e+01	-7.9524973e-02
3.0396560e+01	-7.7705079e-02
3.0418369e+01	-1.0755535e-02
3.0440178e+01	5.1250461e-02
3.0461987e+01	-1.2195715e-01
3.0483796e+01	1.0006285e-01
3.0505605e+01	6.4405746e-02
3.0527414e+01	1.5659066e-03
3.0549223e+01	-2.7738791e-02
3.0571032e+01	-1.4599959e-01
3.0592841e+01	-9.6985706e-02
3.0614650e+01	-1.1827184e-01
3.0636459e+01	6.9660888e-02
3.0658268e+01	1.6107453e-01
3.0680077e+01	-4.9684583e-02
3.0701886e+01	1.3906894e-02
3.0723694e+01	4.5706880e-02
3.0745503e+01	1.8226373e-01
3.0767312e+01	1.2693636e-01
3.0789121e+01	6.9687281e-02
3.0810930e+01	3.0916593e-02
3.0832739e+01	9.5026805e-02
3.0854548e+01	-6.8321513e-02
3.0876357e+01	-1.8177202e-01
3.0898166e+01	-7.8537483e-02
3.0919975e+01	9.4173688e-03
3.0941784e+01	7.2312295e-02
3.0963593e+01	1.3710675e-01
3.0985402e+01	3.6345925e-02
3.1007211e+01	-9.5114363e-02
3.1029020e+01	-1.2451588e-01
3.1050829e+01	-1.0758323e-01
3.1072637e+01	1.8194340e-02
3.1094446e+01	-5.0997553e-02
3.1116255e+01	4.6731707e-02
3.1138064e+01	-2.6140927e-02
3.1159873e+01	-1.0838769e-01
3.1181682e+01	7.2714948e-02
3.1203491e+01	-5.6933811e-02
3.1225300e+01	3.0849025e-02
3.1247109e+01	8.7772691e-02
3.1268918e+01	1.8875272e-01
3.1290727e+01	5.5413708e-02
3.1312536e+01	4.7087394e-02
3.1334345e+01	2.2446233e-01
3.1356154e+01	2.0241183e-02
3.1377963e+01	-5.1312284e-02
3.1399772e+01	-1.4103827e-01
3.1421580e+01	-1.4944713e-01
3.1443389e+01	-1.7224009e-01
3.1465198e+01	-2.6290439e-04
3.1487007e+01	5.1008955e-02
3.1508816e+01	-5.9941240e-02
3.1530625e+01	8.6830012e-03
3.1552434e+01	6.5914677e-02
3.1574243e+01	1.0646893e-02
3.1596052e+01	2.1136282e-02
3.1617861e+01	1.0006628e-01
3.1639670e+01	-5.2723565e-03
3.1661479e+01	7.3185137e-02
3.1683288e+01	-2.3601965e-02
3.1705097e+01	-1.4711172e-01
3.1726906e+01	2.5603955e-02
3.1748715e+01	1.4259076e-01
3.1770524e+01	6.2736450e-01
3.1792332e+01	1.1617555e+00
3.1814141e+01	1.4503418e+00
3.1835950e+01	1.8649155e+00
3.1857759e+01	2.3798687e+00
3.1879568e+01	2.9365833e+00
3.1901377e+01	3.2455546e+00
3.1923186e+01	3.3024644e+00
3.1944995e+01	3.1468209e+00
3.1966804e+01	2.8502482e+00
3.1988613e+01	2.5643092e+00
3.2010422e+01	1.9559901e+00
3.2032231e+01	1.4610490e+00
3.2054040e+01	1.1583648e+00
3.2075849e+01	6.2248366e-01
3.2097658e+01	3.3532963e-01
3.2119467e+01	1.3456459e-02
3.2141275e+01	-1.0481304e-01
3.2163084e+01	4.4013364e-02
3.2184893e+01	7.1828394e-02
3.2206702e+01	1.0606312e-01
3.2228511e+01	-9.3575071e-02
3.2250320e+01	-1.3412722e-01
3.2272129e+01	-4.3211537e-02
3.2293938e+01	-3.8459455e-02
3.2315747e+01	5.4981352e-02
3.2337556e+01	-3.9284369e-03
3.2359365e+01	-2.2566172e-02
3.2381174e+01	6.5753572e-02
3.2402983e+01	1.1332384e-01
3.2424792e+01	-1.2024548e-02
3.2446601e+01	-1.3494422e-01
3.2468410e+01	-4.4616372e-02
3.2490218e+01	7.3727781e-02
3.2512027e+01	9.2851630e-02
3.2533836e+01	-8.1921216e-02
3.2555645e+01	-5.1380282e-02
3.2577454e+01	1.5963224e-02
3.2599263e+01	7.6314188e-02
3.2621072e+01	6.0046611e-02
3.2642881e+01	1.7640749e-02
3.2664690e+01	4.5209277e-02
3.2686499e+01	-1.4027874e-01
3.2708308e+01	4.1116705e-02
3.2730117e+01	3.7308439e-02
3.2751926e+01	-1.1801685e-01
3.2773735e+01	-5.2244863e-02
3.2795544e+01	-4.8176149e-03
3.2817353e+01	-7.6391984e-03
3.2839161e+01	1.0002768e-01
3.2860970e+01	1.8132164e-01
3.2882779e+01	3.3750484e-02
3.2904588e+01	-3.3134705e-02
3.2926397e+01	-4.3924594e-02
3.2948206e+01	-6.8802989e-02
3.2970015e+01	-1.5295516e-01
3.2991824e+01	-6.8284028e-03
3.3013633e+01	7.3325369e-02
3.3035442e+01	9.7596597e-02
3.3057251e+01	2.0413874e-02
3.3079060e+01	-2.4821174e-02
3.3100869e+01	-4.4634608e-02
3.3122678e+01	5.3100284e-02
3.3144487e+01	-5.6704579e-02
3.3166296e+01	-3.7144673e-02
3.3188104e+01	3.8395125e-02
3.3209913e+01	-3.6903536e-02
3.3231722e+01	9.4224698e-02
3.3253531e+01	8.7206667e-02
3.3275340e+01	4.1975675e-02
3.3297149e+01	-2.2770176e-02
3.3318958e+01	5.3126736e-02
3.3340767e+01	-2.4692544e-02
3.3362576e+01	-2.0906523e-01
3.3384385e+01	-3.8428067e-02
3.3406194e+01	-3.2238957e-02
3.3428003e+01	-5.6932516e-02
3.3449812e+01	-1.9488235e-01
3.3471621e+01	3.8788135e-02
3.3493430e+01	1.3647057e-01
3.3515239e+01	1.5769132e-01
3.3537047e+01	1.4695073e-02
3.3558856e+01	-3.1137557e-02
3.3580665e+01	9.3874274e-02
3.3602474e+01	-8.9022295e-02
3.3624283e+01	7.4241154e-02
3.3646092e+01	1.0535510e-01
3.3667901e+01	2.0383777e-01
3.3689710e+01	4.8693900e-02
3.3711519e+01	6.6489454e-03
3.3733328e+01	-4.0608370e-02
3.3755137e+01	-1.8100656e-01
3.3776946e+01	-2.3639417e-01
3.3798755e+01	7.8124795e-02
3.3820564e+01	1.3679082e-02
3.3842373e+01	3.9171831e-02
3.3864182e+01	3.1914190e-02
3.3885991e+01	-7.5186406e-03
3.3907799e+01	-3.1047430e-02
3.3929608e+01	9.9805376e-02
3.3951417e+01	7.8404624e-02
3.3973226e+01	8.2339045e-02
3.3995035e+01	-1.2205519e-01
3.4016844e+01	-1.7397557e-01
3.4038653e+01	-7.5832304e-02
3.4060462e+01	1.2023056e-01
3.4082271e+01	7.7173278e-02
3.4104080e+01	-1.6457015e-01
3.4125889e+01	6.4500672e-03
3.4147698e+01	9.6363300e-02
3.4169507e+01	3.9385303e-02
3.4191316e+01	4.1604574e-02
3.4213125e+01	-6.8682385e-02
3.4234934e+01	-1.4504313e-02
3.4256742e+01	6.8137985e-02
3.4278551e+01	1.7415172e-01
3.4300360e+01	-1.2790422e-02
3.4322169e+01	-8.3754899e-02
3.4343978e+01	-8.6382269e-02
3.4365787e+01	-6.4183640e-02
3.4387596e+01	7.1086931e-02
3.4409405e+01	-3.1186666e-02
3.4431214e+01	3.7585689e-02
3.4453023e+01	-5.3589575e-03
3.4474832e+01	-2.3279109e-02
3.4496641e+01	-2.6186219e-04
3.4518450e+01	-3.1770930e-02
3.4540259e+01	3.6416922e-03
3.4562068e+01	-3.6633589e-02
3.4583877e+01	6.3443977e-04
3.4605685e+01	1.4604548e-01
3.4627494e+01	-1.1680878e-02
3.4649303e+01	-1.6739302e-02
3.4671112e+01	3.1175018e-03
3.4692921e+01	2.1429293e-02
3.4714730e+01	-1.3957917e-02
3.4736539e+01	-2.7757514e-02
3.4758348e+01	-2.3651078e-02
3.4780157e+01	-7.1029550e-02
3.4801966e+01	2.4021907e-02
3.4823775e+01	4.8340320e-02
3.4845584e+01	4.6828298e-02
3.4867393e+01	7.5013347e-02
3.4889202e+01	6.0446087e-03
3.4911011e+01	-1.0322683e-01
3.4932820e+01	3.3318974e-02
3.4954628e+01	1.5463598e-02
3.4976437e+01	-5.0815851e-02
3.4998246e+01	-1.9486551e-02
3.5020055e+01	-5.2045406e-02
3.5041864e+01	-1.3646311e-02
3.5063673e+01	1.6218106e-02
3.5085482e+01	1.4697964e-01
3.5107291e+01	3.5454744e-02
3.5129100e+01	-2.1255722e-02
3.5150909e+01	-1.2804200e-01
3.5172718e+01	-3.0823766e-03
3.5194527e+01	-2.8349237e-02
3.5216336e+01	-4.7438359e-02
3.5238145e+01	7.1830839e-02
3.5259954e+01	1.7514614e-02
3.5281763e+01	3.3525475e-02
3.5303571e+01	-4.5153486e-02
3.5325380e+01	7.1935520e-02
3.5347189e+01	1.4358279e-01
3.5368998e+01	6.1128509e-02
3.5390807e+01	-1.7881434e-02
3.5412616e+01	-1.0845099e-01
3.5434425e+01	-4.1410594e-02
3.5456234e+01	-1.6249089e-01
3.5478043e+01	-3.3727782e-02
3.5499852e+01	-3.4791907e-02
3.5521661e+01	-2.1002261e-02
3.5543470e+01	-6.5577437e-03
3.5565279e+01	1.5684256e-02
3.5587088e+01	1.4852668e-01
3.5608897e+01	8.6451836e-02
3.5630706e+01	-7.4392064e-02
3.5652514e+01	7.7962685e-02
3.5674323e+01	-6.0069908e-02
3.5696132e+01	1.2343172e-01
3.5717941e+01	1.0648792e-01
3.5739750e+01	6.5119528e-02
3.5761559e+01	3.0853960e-03
3.5783368e+01	1.8127704e-02
3.5805177e+01	2.1485949e-02
3.5826986e+01	9.1748471e-03
3.5848795e+01	-1.0838160e-02
3.5870604e+01	2.5752118e-02
3.5892413e+01	-5.9062244e-02
3.5914222e+01	-1.8119997e-01
3.5936031e+01	-1.4510960e-01
3.5957840e+01	-2.7054269e-01
3.5979649e+01	-3.0231896e-01
3.6001458e+01	8.5494971e-02
3.6023266e+01	1.1593077e-01
3.6045075e+01	1.7452074e-01
3.6066884e+01	2.4194499e-01
3.6088693e+01	1.6882093e-01
3.6110502e+01	1.0623970e-01
3.6132311e+01	4.1815265e-02
3.6154120e+01	3.7248935e-02
3.6175929e+01	6.8445840e-02
3.6197738e+01	-7.5661316e-02
3.6219547e+01	8.1546699e-02
3.6241356e+01	-9.6642674e-03
3.6263165e+01	2.4489080e-02
3.6284974e+01	-5.3513182e-02
3.6306783e+01	-1.9746089e-01
3.6328592e+01	-9.4021686e-02
3.6350401e+01	-1.9693021e-01
3.6372209e+01	-1.5577359e-02
3.6394018e+01	8.8532259e-02
3.6415827e+01	6.6836805e-02
3.6437636e+01	8.8555713e-02
3.6459445e+01	1.0223804e-01
3.6481254e+01	1.2545941e-01
3.6503063e+01	1.1527194e-01
3.6524872e+01	4.5267462e-03
3.6546681e+01	4.6948274e-02
3.6568490e+01	-9.1162662e-02
3.6590299e+01	-1.8413256e-01
3.6612108e+01	1.4077508e-02
3.6633917e+01	-8.0143834e-02
3.6655726e+01	-1.1361219e-01
3.6677535e+01	-5.8105094e-02
3.6699344e+01	4.7848759e-02
3.6721152e+01	1.7951297e-01
3.6742961e+01	2.8576219e-02
3.6764770e+01	-1.6329019e-02
3.6786579e+01	-1.3336667e-01
3.6808388e+01	3.7640140e-02
3.6830197e+01	9.9906688e-02
3.6852006e+01	9.3124902e-02
3.6873815e+01	-6.0894657e-03
3.6895624e+01	-1.2713724e-01
3.6917433e+01	1.3766470e-02
3.6939242e+01	4.8909319e-02
3.6961051e+01	1.4116805e-01
3.6982860e+01	1.8489618e-02
3.7004669e+01	1.1160688e-01
3.7026478e+01	3.9400491e-01
3.7048287e+01	4.9779056e-01
3.7070095e+01	4.3469235e-01
3.7091904e+01	5.8514522e-02
3.7113713e+01	-1.2919580e-01
3.7135522e+01	-1.0133507e-01
3.7157331e+01	-1.3993640e-01
3.7179140e+01	-5.1300320e-02
3.7200949e+01	-1.6696953e-02
3.7222758e+01	1.3965009e-02
3.7244567e+01	2.9194293e-01
3.7266376e+01	6.5673693e-02
3.7288185e+01	-1.1235927e-01
3.7309994e+01	1.6258383e-01
3.7331803e+01	-3.8096138e-02
3.7353612e+01	-8.6637866e-03
3.7375421e+01	-5.2665482e-02
3.7397230e+01	-1.0465913e-01
3.7419038e+01	-3.8475688e-02
3.7440847e+01	2.2076125e-01
3.7462656e+01	4.6998200e-01
3.7484465e+01	9.9187511e-01
3.7506274e+01	8.7767501e-01
3.7528083e+01	5.8657211e-01
3.7549892e+01	1.7708580e-01
3.7571701e+01	6.1021729e-02
3.7593510e+01	9.6792649e-02
3.7615319e+01	8.5688956e-02
3.7637128e+01	8.4044642e-02
3.7658937e+01	-1.4798779e-01
3.7680746e+01	-1.3301350e-01
3.7702555e+01	-2.5540880e-01
3.7724364e+01	-1.5237398e-02
3.7746173e+01	-1.5369137e-01
3.7767981e+01	-7.0071362e-02
3.7789790e+01	1.6645193e-01
3.7811599e+01	8.8683055e-02
3.7833408e+01	9.4667689e-02
3.7855217e+01	3.4074515e-01
3.7877026e+01	3.3732770e-01
3.7898835e+01	4.1551760e-01
3.7920644e+01	2.0801100e-01
3.7942453e+01	1.4642742e-01
3.7964262e+01	1.8084578e-01
3.7986071e+01	-1.0223743e-01
3.8007880e+01	4.1064092e-02
3.8029689e+01	1.2044730e-01
3.8051498e+01	-6.7135258e-02
3.8073307e+01	-2.3831396e-01
3.8095116e+01	-2.6725484e-01
3.8116925e+01	-1.8736414e-01
3.8138733e+01	1.1521539e-01
3.8160542e+01	1.7365843e-01
3.8182351e+01	3.5151590e-01
3.8204160e+01	6.1014076e-01
3.8225969e+01	6.4657380e-01
3.8247778e+01	8.0030537e-01
3.8269587e+01	9.9963465e-01
3.8291396e+01	1.4214008e+00
3.8313205e+01	1.5934131e+00
3.8335014e+01	1.3643746e+00
3.8356823e+01	1.2104497e+00
3.8378632e+01	1.2255323e+00
3.8400441e+01	1.1982039e+00
3.8422250e+01	8.0016841e-01
3.8444059e+01	5.3031218e-01
3.8465868e+01	2.4143936e-01
3.8487676e+01	8.0542567e-02
3.8509485e+01	-1.3286898e-02
3.8531294e+01	1.3387711e-01
3.8553103e+01	1.4428419e-01
3.8574912e+01	-7.5385167e-02
3.8596721e+01	-1.6188854e-01
3.8618530e+01	-1.2652111e-01
3.8640339e+01	-4.2914839e-02
3.8662148e+01	1.1174849e-01
3.8683957e+01	-1.4480501e-01
3.8705766e+01	-6.9640438e-02
3.8727575e+01	4.8568830e-02
3.8749384e+01	1.1331830e-01
3.8771193e+01	1.6358481e-03
3.8793002e+01	-6.5348316e-03
3.8814811e+01	2.5845491e-02
3.8836619e+01	-7.3139384e-02
3.8858428e+01	4.1252440e-02
3.8880237e+01	-1.5454661e-01
3.8902046e+01	1.6285629e-01
3.8923855e+01	5.8934386e-02
3.8945664e+01	2.0864321e-02
3.8967473e+01	-6.9033561e-02
3.8989282e+01	-8.2138558e-02
3.9011091e+01	8.5319678e-02
3.9032900e+01	1.2386506e-01
3.9054709e+01	-3.9989372e-02
3.9076518e+01	8.2473385e-02
3.9098327e+01	-1.0625132e-01
3.9120136e+01	4.5527923e-02
3.9141945e+01	-8.9566014e-02
3.9163754e+01	-9.6926819e-02
3.9185562e+01	1.9223011e-02
3.9207371e+01	9.9538572e-02
3.9229180e+01	-4.2551929e-03
3.9250989e+01	-8.7170371e-02
3.9272798e+01	9.4460701e-04
3.9294607e+01	6.5832633e-02
3.9316416e+01	5.4366159e-02
3.9338225e+01	1.3414822e-02
3.9360034e+01	9.0124376e-02
3.9381843e+01	-1.2277163e-01
3.9403652e+01	-1.2960909e-01
3.9425461e+01	5.7476319e-02
3.9447270e+01	5.7524047e-02
3.9469079e+01	-8.0810257e-04
3.9490888e+01	1.2259845e-01
3.9512697e+01	-7.7920801e-02
3.9534505e+01	8.7707335e-02
3.9556314e+01	7.4640008e-02
3.9578123e+01	-2.5401753e-01
3.9599932e+01	-3.0209711e-01
3.9621741e+01	-7.0183012e-03
3.9643550e+01	6.6502199e-02
3.9665359e+01	3.9963375e-02
3.9687168e+01	1.2527768e-01
3.9708977e+01	-6.6775512e-02
3.9730786e+01	1.0793786e-01
3.9752595e+01	1.0970623e-01
3.9774404e+01	2.6158738e-01
3.9796213e+01	3.7117685e-01
3.9818022e+01	8.9512935e-02
3.9839831e+01	1.4046658e-02
3.9861640e+01	8.1896656e-02
3.9883449e+01	-2.0284634e-02
3.9905257e+01	-1.3036443e-01
3.9927066e+01	-1.1221737e-01
3.9948875e+01	1.9460627e-01
3.9970684e+01	1.1261354e-01
3.9992493e+01	-8.0989835e-02
4.0014302e+01	-1.9478022e-01
4.0036111e+01	-3.6846705e-02
4.0057920e+01	5.4714235e-02
4.0079729e+01	4.3463731e-02
4.0101538e+01	-5.4490372e-02
4.0123347e+01	-2.2252178e-01
4.0145156e+01	1.6151858e-01
4.0166965e+01	1.2024317e-01
4.0188774e+01	-2.4351609e-01
4.0210583e+01	9.6722198e-02
4.0232392e+01	4.8554660e-01
4.0254200e+01	1.7330345e-01
4.0276009e+01	2.3899705e-02
4.0297818e+01	3.4873156e-02
4.0319627e+01	2.5966230e-02
4.0341436e+01	4.6881473e-02
4.0363245e+01	-6.5530472e-02
4.0385054e+01	-1.4418008e-01
4.0406863e+01	-1.0089595e-01
4.0428672e+01	-2.6097840e-02
4.0450481e+01	1.5281245e-01
4.0472290e+01	1.6262143e-01
4.0494099e+01	9.5080346e-03
4.0515908e+01	-1.6167762e-01
4.0537717e+01	-9.6913739e-02
4.0559526e+01	2.1771637e-02
4.0581335e+01	2.3552763e-01
4.0603143e+01	6.9847598e-02
4.0624952e+01	-1.0094042e-01
4.0646761e+01	1.1102284e-01
4.0668570e+01	-4.3881963e-02
4.0690379e+01	8.3764640e-03
4.0712188e+01	-7.8825469e-02
4.0733997e+01	1.9430995e-01
4.0755806e+01	5.3351534e-02
4.0777615e+01	1.3014239e-01
4.0799424e+01	8.8479907e-03
4.0821233e+01	-9.6542143e-02
4.0843042e+01	-2.4051886e-01
4.0864851e+01	-1.2416226e-01
4.0886660e+01	-5.9871373e-03
4.0908469e+01	2.4667427e-01
4.0930278e+01	2.4531503e-01
4.0952086e+01	-1.0826249e-01
4.0973895e+01	-1.5610222e-01
4.0995704e+01	1.3013242e-01
4.1017513e+01	1.6984433e-01
4.1039322e+01	2.9971652e-02
4.1061131e+01	-1.4642360e-01
4.1082940e+01	1.9704994e-01
4.1104749e+01	1.0791631e-01
4.1126558e+01	3.0916641e-02
4.1148367e+01	-1.4949491e-01
4.1170176e+01	9.0530875e-02
4.1191985e+01	2.2604727e-01
4.1213794e+01	-1.3295054e-01
4.1235603e+01	-1.2511432e-01
4.1257412e+01	7.2233698e-02
4.1279221e+01	-5.3063402e-02
4.1301029e+01	-9.8238271e-02
4.1322838e+01	7.6101652e-02
4.1344647e+01	2.4872624e-01
4.1366456e+01	1.6441744e-01
4.1388265e+01	-7.6594863e-02
4.1410074e+01	9.6500178e-02
4.1431883e+01	-1.4475985e-01
4.1453692e+01	5.1331873e-03
4.1475501e+01	-5.6520354e-02
4.1497310e+01	-5.0416943e-02
4.1519119e+01	-3.4411586e-02
4.1540928e+01	3.1177969e-01
4.1562737e+01	3.3108326e-01
4.1584546e+01	5.0517783e-02
4.1606355e+01	-1.1372929e-01
4.1628164e+01	4.2501871e-02
4.1649972e+01	3.5134983e-01
4.1671781e+01	-6.4209684e-02
4.1693590e+01	-3.3919122e-01
4.1715399e+01	1.0619548e-01
4.1737208e+01	2.3320006e-01
4.1759017e+01	3.6543784e-02
4.1780826e+01	1.2859716e-01
4.1802635e+01	1.7301856e-01
4.1824444e+01	3.2608036e-01
4.1846253e+01	1.2485511e-01
4.1868062e+01	7.2392989e-02
4.1889871e+01	3.6396596e-01
4.1911680e+01	1.6598216e-01
4.1933489e+01	1.1842075e-01
4.1955298e+01	-2.7867612e-01
4.1977107e+01	-2.0247985e-01
4.1998916e+01	-1.4960363e-01
4.2020724e+01	1.5608564e-01
4.2042533e+01	-4.0717241e-02
4.2064342e+01	-1.5628975e-01
4.2086151e+01	-5.2889745e-02
4.2107960e+01	3.0231505e-02
4.2129769e+01	-4.0970869e-02
4.2151578e+01	1.7080602e-01
4.2173387e+01	1.2269112e-01
4.2195196e+01	2.9594168e-01
4.2217005e+01	2.0015720e-01
4.2238814e+01	-1.6228497e-01
4.2260623e+01	-4.0885316e-02
4.2282432e+01	1.2322906e-01
4.2304241e+01	1.3812899e-03
4.2326050e+01	-7.1514614e-02
4.2347859e+01	-1.7697362e-01
4.2369667e+01	-2.2018332e-01
4.2391476e+01	5.6257316e-03
4.2413285e+01	9.6309433e-02
4.2435094e+01	-5.6836537e-02
4.2456903e+01	3.0494486e-01
4.2478712e+01	-1.2852332e-02
4.2500521e+01	9.8589291e-02
4.2522330e+01	3.1331512e-01
4.2544139e+01	2.0899621e-01
4.2565948e+01	-5.3775640e-02
4.2587757e+01	3.3862270e-01
4.2609566e+01	4.8580530e-01
4.2631375e+01	1.4263730e-01
4.2653184e+01	4.2953048e-01
4.2674993e+01	4.0576959e-01
4.2696802e+01	9.5599965e-02
4.2718610e+01	4.8636265e-01
4.2740419e+01	3.0657777e-01
4.2762228e+01	-4.0447070e-03
4.2784037e+01	-9.5526614e-02
4.2805846e+01	8.7672867e-02
4.2827655e+01	-9.1530534e-02
4.2849464e+01	-1.4268915e-02
4.2871273e+01	-1.3844687e-02
4.2893082e+01	4.2121991e-01
4.2914891e+01	-1.3759834e-01
4.2936700e+01	6.8887162e-02
4.2958509e+01	1.0315649e-01
4.2980318e+01	-2.4099038e-02
4.3002127e+01	-2.2076208e-01
4.3023936e+01	4.3394184e-03
4.3045745e+01	2.1892040e-03
4.3067553e+01	-3.8150367e-02
4.3089362e+01	1.6679196e-02
4.3111171e+01	1.9185644e-01
4.3132980e+01	7.7836221e-02
4.3154789e+01	3.6623957e-01
4.3176598e+01	3.4218408e-01
4.3198407e+01	3.7254293e-01
4.3220216e+01	-1.0820804e-01
4.3242025e+01	-5.1848876e-02
4.3263834e+01	-2.0261692e-01
4.3285643e+01	3.9395207e-02
4.3307452e+01	2.6686173e-01
4.3329261e+01	1.0477570e-02
4.3351070e+01	4.8523390e-02
4.3372879e+01	1.8882730e-01
4.3394688e+01	5.6920328e-01
4.3416496e+01	1.4264475e-01
4.3438305e+01	2.0774890e-01
4.3460114e+01	1.8458728e-01
4.3481923e+01	-2.0083689e-01
4.3503732e+01	-3.0233888e-01
4.3525541e+01	-1.3226248e-01
4.3547350e+01	-1.4627048e-01
4.3569159e+01	7.6289210e-03
4.3590968e+01	9.5138075e-02
4.3612777e+01	-1.0561448e-01
4.3634586e+01	1.5104012e-01
4.3656395e+01	8.3362002e-02
4.3678204e+01	1.3922331e-02
4.3700013e+01	1.6113124e-01
4.3721822e+01	5.1513177e-01
4.3743631e+01	7.2520638e-01
4.3765439e+01	9.9766231e-01
4.3787248e+01	1.2221728e+00
4.3809057e+01	1.4368970e+00
4.3830866e+01	1.6311062e+00
4.3852675e+01	1.9167236e+00
4.3874484e+01	1.7151414e+00
4.3896293e+01	1.7155888e+00
4.3918102e+01	1.6489450e+00
4.3939911e+01	1.3123773e+00
4.3961720e+01	7.9650093e-01
4.3983529e+01	6.3983400e-01
4.4005338e+01	8.5895178e-01
4.4027147e+01	3.7393528e-01
4.4048956e+01	9.2750549e-02
4.4070765e+01	5.6247011e-01
4.4092574e+01	5.7774350e-01
4.4114383e+01	-6.5519235e-02
4.4136191e+01	3.3508948e-02
4.4158000e+01	-1.4027842e-01
4.4179809e+01	-1.0076056e-01
4.4201618e+01	-2.1519874e-02
4.4223427e+01	8.5089563e-01
4.4245236e+01	-1.7959269e-02
4.4267045e+01	6.1814173e-02
4.4288854e+01	5.8375184e-01
4.4310663e+01	1.2231542e-01
4.4332472e+01	1.6550276e-01
4.4354281e+01	-2.4479797e-01
4.4376090e+01	-4.0127809e-02
4.4397899e+01	3.8294095e-02
4.4419708e+01	-2.3717423e-02
4.4441517e+01	-4.2258489e-02
4.4463326e+01	7.1859763e-02
4.4485134e+01	1.0064319e-01
4.4506943e+01	1.7629799e-01
4.4528752e+01	-1.5598910e-01
4.4550561e+01	-2.8523032e-03
4.4572370e+01	2.6945773e-01
4.4594179e+01	1.1437528e-01
4.4615988e+01	-2.2066190e-01
4.4637797e+01	4.0739563e-01
4.4659606e+01	5.4222669e-01
4.4681415e+01	9.9249613e-02
4.4703224e+01	1.2179221e-01
4.4725033e+01	3.0118500e-01
4.4746842e+01	-9.3111567e-04
4.4768651e+01	-6.9756677e-02
4.4790460e+01	-9.5410237e-02
4.4812269e+01	1.7653940e-01
4.4834077e+01	-2.7794518e-02
4.4855886e+01	-2.5743439e-01
4.4877695e+01	-1.7509174e-01
4.4899504e+01	6.0734705e-01
4.4921313e+01	3.1689594e-01
4.4943122e+01	1.7287743e-01
4.4964931e+01	1.0313663e-01
4.4986740e+01	4.0610440e-01