Image file: \\Gfs05\g45\SAXS\2020_12\HDF5\2020-12.10_Kevin_day2_SN\2020-12-10_Max_Cu123_SN_000017_data_000158.h5
ImageIntegration1d_chi_output; Output_Directory= \\Gfs05\g45\SAXS\2020_12\Processed\2020-12-09_Kevin_day1_SN\Chi-Sample-7
Profile = Radial, StartAzimuth = 0.0, EndAzimuth = 360.0, Sam_Det_distance = 250.818474293, InnerRadius = 15.0, OuterRadius = 2400.0, Lambda = 30, Ratio = 0.001, Itermax = 100
2400
2.0013229e+00	-1.3458380e-01
2.0231319e+00	9.8785212e-02
2.0449408e+00	1.6636727e-01
2.0667497e+00	-1.5081955e-02
2.0885587e+00	-6.5518858e-02
2.1103676e+00	4.6357390e-02
2.1321765e+00	1.1111739e-03
2.1539855e+00	-1.3020364e-01
2.1757944e+00	5.8105845e-02
2.1976034e+00	3.3456540e-02
2.2194123e+00	2.1451326e-03
2.2412212e+00	1.2802362e-01
2.2630302e+00	-1.6339638e-01
2.2848391e+00	1.3660721e-01
2.3066480e+00	-1.1931026e-02
2.3284570e+00	-3.3021490e-02
2.3502659e+00	-2.2288318e-02
2.3720749e+00	-3.7525533e-02
2.3938838e+00	-5.4070797e-02
2.4156927e+00	-4.4516514e-02
2.4375017e+00	9.2217831e-03
2.4593106e+00	5.3508875e-03
2.4811196e+00	8.0445884e-02
2.5029285e+00	2.1149584e-01
2.5247374e+00	3.7066642e-01
2.5465464e+00	1.2189374e-01
2.5683553e+00	-5.3274233e-02
2.5901642e+00	5.1778939e-03
2.6119732e+00	-3.2127192e-02
2.6337821e+00	-4.4240610e-03
2.6555911e+00	-1.2008798e-01
2.6774000e+00	-1.8580397e-01
2.6992089e+00	1.3141078e-01
2.7210179e+00	5.1473518e-02
2.7428268e+00	1.0629434e-01
2.7646358e+00	2.6071298e-01
2.7864447e+00	1.7728587e-02
2.8082536e+00	-1.1410174e-01
2.8300626e+00	4.9587851e-02
2.8518715e+00	3.0187349e-01
2.8736804e+00	2.8019733e-01
2.8954894e+00	3.2687443e-02
2.9172983e+00	-1.0789942e-01
2.9391073e+00	3.2491832e-03
2.9609162e+00	1.3347188e-02
2.9827251e+00	-4.6417587e-02
3.0045341e+00	2.8317905e-02
3.0263430e+00	6.4400421e-02
3.0481519e+00	2.3789739e-02
3.0699609e+00	-2.5955574e-02
3.0917698e+00	1.6035691e-01
3.1135788e+00	2.5219822e-01
3.1353877e+00	-3.8273898e-02
3.1571966e+00	-1.0995572e-01
3.1790056e+00	6.4387710e-02
3.2008145e+00	-2.3058064e-01
3.2226235e+00	-6.6572606e-02
3.2444324e+00	-4.9408983e-02
3.2662413e+00	1.5363610e-01
3.2880503e+00	2.1012797e-01
3.3098592e+00	1.3563156e-01
3.3316681e+00	2.0557763e-01
3.3534771e+00	-7.4609055e-02
3.3752860e+00	-3.1957830e-02
3.3970950e+00	1.9186593e-02
3.4189039e+00	-2.0995839e-02
3.4407128e+00	-1.3019575e-01
3.4625218e+00	7.5639510e-02
3.4843307e+00	1.4765838e-01
3.5061396e+00	1.1812990e-01
3.5279486e+00	-1.2372343e-01
3.5497575e+00	-1.1798573e-01
3.5715665e+00	-1.3412212e-01
3.5933754e+00	1.9301503e-01
3.6151843e+00	9.3496969e-02
3.6369933e+00	4.8730897e-02
3.6588022e+00	6.7933612e-03
3.6806112e+00	5.6682879e-02
3.7024201e+00	-1.0600501e-01
3.7242290e+00	-1.1067706e-01
3.7460380e+00	3.1702030e-01
3.7678469e+00	7.4664744e-02
3.7896558e+00	1.5551058e-02
3.8114648e+00	5.3313984e-02
3.8332737e+00	3.0822531e-01
3.8550827e+00	3.1289965e-01
3.8768916e+00	-7.3887575e-02
3.8987005e+00	-7.0237845e-02
3.9205095e+00	3.1686941e-02
3.9423184e+00	-7.3202231e-02
3.9641273e+00	1.5560335e-02
3.9859363e+00	1.2047705e-01
4.0077452e+00	2.2009091e-02
4.0295542e+00	5.0420509e-02
4.0513631e+00	-1.8437731e-03
4.0731720e+00	4.5715062e-02
4.0949810e+00	-1.6932981e-01
4.1167899e+00	-2.9245709e-02
4.1385989e+00	1.4723131e-01
4.1604078e+00	3.2328472e-02
4.1822167e+00	-4.1196305e-02
4.2040257e+00	5.4644426e-03
4.2258346e+00	-1.1502519e-01
4.2476435e+00	-1.0031489e-01
4.2694525e+00	1.2984167e-01
4.2912614e+00	7.6022475e-02
4.3130704e+00	5.8123296e-03
4.3348793e+00	-3.9550216e-02
4.3566882e+00	7.2010029e-02
4.3784972e+00	1.7045701e-01
4.4003061e+00	2.2491606e-02
4.4221151e+00	-2.4211330e-01
4.4439240e+00	-1.1099294e-01
4.4657329e+00	9.0494883e-02
4.4875419e+00	2.0380198e-01
4.5093508e+00	3.2549540e-01
4.5311597e+00	2.3783840e-01
4.5529687e+00	-1.2075484e-02
4.5747776e+00	-4.5242264e-02
4.5965866e+00	4.5147136e-02
4.6183955e+00	-1.5750689e-02
4.6402044e+00	-1.4898507e-01
4.6620134e+00	-6.5878819e-02
4.6838223e+00	2.8381354e-02
4.7056312e+00	1.2404630e-01
4.7274402e+00	1.7581793e-02
4.7492491e+00	1.0979609e-01
4.7710581e+00	7.3240108e-02
4.7928670e+00	7.9670900e-03
4.8146759e+00	-6.3339324e-02
4.8364849e+00	2.6988850e-01
4.8582938e+00	2.2822609e-01
4.8801028e+00	-8.9007570e-02
4.9019117e+00	-7.6432501e-02
4.9237206e+00	-3.5019053e-02
4.9455296e+00	-1.7203416e-01
4.9673385e+00	1.8051995e-01
4.9891474e+00	2.1539483e-02
5.0109564e+00	-2.8158927e-02
5.0327653e+00	2.3959677e-01
5.0545743e+00	1.8564866e-01
5.0763832e+00	-2.2258547e-02
5.0981921e+00	-6.2080821e-02
5.1200011e+00	9.3922377e-03
5.1418100e+00	-9.2045047e-02
5.1636189e+00	1.5473728e-01
5.1854279e+00	8.0734095e-02
5.2072368e+00	2.9578429e-02
5.2290458e+00	1.2279607e-01
5.2508547e+00	-5.1952833e-02
5.2726636e+00	-1.4049566e-01
5.2944726e+00	-1.9538541e-02
5.3162815e+00	-5.3082479e-02
5.3380905e+00	-1.5473876e-01
5.3598994e+00	4.0485260e-02
5.3817083e+00	2.4376113e-02
5.4035173e+00	1.1746428e-01
5.4253262e+00	1.6623068e-01
5.4471351e+00	-1.4422923e-02
5.4689441e+00	6.6411207e-02
5.4907530e+00	1.3846908e-01
5.5125620e+00	-8.7705524e-02
5.5343709e+00	-8.0784037e-02
5.5561798e+00	-2.2140561e-01
5.5779888e+00	1.9573080e-02
5.5997977e+00	-1.1174144e-01
5.6216066e+00	-1.3515040e-02
5.6434156e+00	4.4804961e-02
5.6652245e+00	7.8652286e-02
5.6870335e+00	1.3311492e-01
5.7088424e+00	7.4623388e-02
5.7306513e+00	7.5026555e-02
5.7524603e+00	1.0289523e-02
5.7742692e+00	1.2403407e-01
5.7960782e+00	-2.2188923e-01
5.8178871e+00	-1.1719994e-01
5.8396960e+00	2.9008065e-01
5.8615050e+00	2.0182482e-01
5.8833139e+00	4.4558820e-05
5.9051228e+00	-9.1901418e-02
5.9269318e+00	2.9165119e-02
5.9487407e+00	6.8285401e-03
5.9705497e+00	3.8127232e-02
5.9923586e+00	3.0598043e-01
6.0141675e+00	2.5852482e-01
6.0359765e+00	6.6789785e-03
6.0577854e+00	-4.5231604e-02
6.0795944e+00	3.4494020e-03
6.1014033e+00	-2.3180512e-02
6.1232122e+00	-6.2088621e-02
6.1450212e+00	2.4742895e-02
6.1668301e+00	1.7169044e-02
6.1886390e+00	-8.3639863e-02
6.2104480e+00	1.1580984e-01
6.2322569e+00	1.7974954e-01
6.2540659e+00	2.2791070e-03
6.2758748e+00	-2.9313545e-02
6.2976837e+00	-7.8083353e-02
6.3194927e+00	-1.0350174e-01
6.3413016e+00	6.7528334e-02
6.3631105e+00	9.7732776e-02
6.3849195e+00	-9.1086221e-02
6.4067284e+00	2.5734269e-02
6.4285374e+00	5.6807140e-02
6.4503463e+00	3.4464771e-02
6.4721552e+00	-3.6935768e-02
6.4939642e+00	-9.0732340e-02
6.5157731e+00	-2.0947211e-02
6.5375821e+00	-1.1136548e-01
6.5593910e+00	4.1228422e-02
6.5811999e+00	1.9605910e-01
6.6030089e+00	1.7416268e-01
6.6248178e+00	1.4328158e-02
6.6466267e+00	-1.0055251e-02
6.6684357e+00	1.2959132e-01
6.6902446e+00	-2.9139483e-02
6.7120536e+00	2.9398993e-02
6.7338625e+00	-7.6066892e-02
6.7556714e+00	-1.7128050e-01
6.7774804e+00	-1.2175945e-02
6.7992893e+00	-4.4605046e-02
6.8210982e+00	-2.7856188e-02
6.8429072e+00	7.6888519e-02
6.8647161e+00	-8.5970961e-03
6.8865251e+00	1.6851571e-01
6.9083340e+00	6.4504905e-02
6.9301429e+00	-3.2397118e-03
6.9519519e+00	-9.5304884e-02
6.9737608e+00	-3.6744525e-02
6.9955698e+00	-4.4096939e-02
7.0173787e+00	1.3528793e-02
7.0391876e+00	1.0810993e-01
7.0609966e+00	8.7372927e-02
7.0828055e+00	-4.4846514e-02
7.1046144e+00	-1.6971277e-01
7.1264234e+00	4.2151098e-02
7.1482323e+00	-1.9536890e-02
7.1700413e+00	-8.1839484e-02
7.1918502e+00	6.0746244e-02
7.2136591e+00	1.4234290e-01
7.2354681e+00	8.5729895e-02
7.2572770e+00	-1.9883912e-02
7.2790859e+00	-6.3342807e-02
7.3008949e+00	7.5071152e-02
7.3227038e+00	-5.1279090e-02
7.3445128e+00	-2.9544303e-02
7.3663217e+00	9.1311534e-02
7.3881306e+00	-9.4135355e-02
7.4099396e+00	1.2429593e-02
7.4317485e+00	-9.7734441e-02
7.4535575e+00	7.0764291e-03
7.4753664e+00	5.6733696e-02
7.4971753e+00	-7.3645414e-03
7.5189843e+00	1.2531488e-01
7.5407932e+00	1.0433304e-02
7.5626021e+00	-1.2621099e-01
7.5844111e+00	3.2974730e-01
7.6062200e+00	-1.0052757e-01
7.6280290e+00	-1.2463514e-02
7.6498379e+00	-3.8187254e-03
7.6716468e+00	1.2803361e-01
7.6934558e+00	-5.9472595e-02
7.7152647e+00	-2.1420130e-02
7.7370737e+00	8.4273177e-02
7.7588826e+00	1.3289929e-02
7.7806915e+00	3.1083232e-02
7.8025005e+00	5.4754323e-02
7.8243094e+00	8.1680083e-02
7.8461183e+00	-5.6753497e-02
7.8679273e+00	-1.1665948e-01
7.8897362e+00	7.6594361e-02
7.9115452e+00	4.8677800e-02
7.9333541e+00	-1.5286438e-01
7.9551630e+00	-4.9813664e-02
7.9769720e+00	2.0606786e-01
7.9987809e+00	2.4320606e-01
8.0205898e+00	1.1677523e-02
8.0423988e+00	-3.8981371e-02
8.0642077e+00	6.0524295e-03
8.0860167e+00	1.2244773e-02
8.1078256e+00	-8.8066833e-02
8.1296345e+00	-3.3730374e-03
8.1514435e+00	2.7817681e-01
8.1732524e+00	-2.6224361e-02
8.1950614e+00	-3.6901514e-02
8.2168703e+00	7.8628942e-02
8.2386792e+00	1.2120505e-01
8.2604882e+00	-1.1643896e-02
8.2822971e+00	-3.2772546e-02
8.3041060e+00	-1.4466851e-02
8.3259150e+00	5.4390054e-02
8.3477239e+00	-8.5458228e-02
8.3695329e+00	-1.3934177e-02
8.3913418e+00	-2.8836941e-02
8.4131507e+00	-5.9319673e-02
8.4349597e+00	1.3123510e-01
8.4567686e+00	2.1347872e-01
8.4785775e+00	2.3396480e-01
8.5003865e+00	2.7981656e-01
8.5221954e+00	-7.2486940e-02
8.5440044e+00	1.1166588e-02
8.5658133e+00	1.1165929e-01
8.5876222e+00	-2.5390901e-01
8.6094312e+00	-9.9080476e-02
8.6312401e+00	3.0031235e-01
8.6530491e+00	1.6238043e-01
8.6748580e+00	5.4697353e-02
8.6966669e+00	1.5844864e-01
8.7184759e+00	-3.2294232e-02
8.7402848e+00	-2.0973239e-01
8.7620937e+00	-3.6046076e-02
8.7839027e+00	-4.9864838e-03
8.8057116e+00	1.4821451e-03
8.8275206e+00	1.2488555e-01
8.8493295e+00	1.9403015e-01
8.8711384e+00	2.6805394e-02
8.8929474e+00	1.0994246e-01
8.9147563e+00	1.4002658e-01
8.9365652e+00	-1.4750121e-01
8.9583742e+00	-1.6034297e-01
8.9801831e+00	-2.2331713e-01
9.0019921e+00	1.6152463e-01
9.0238010e+00	1.4427749e-01
9.0456099e+00	-8.0454237e-02
9.0674189e+00	3.0287519e-02
9.0892278e+00	-2.8831673e-02
9.1110368e+00	1.3721688e-02
9.1328457e+00	4.3099550e-02
9.1546546e+00	-4.9639348e-02
9.1764636e+00	1.0084788e-01
9.1982725e+00	1.9141125e-01
9.2200814e+00	2.5506408e-01
9.2418904e+00	6.8742462e-02
9.2636993e+00	-2.0768645e-01
9.2855083e+00	-1.5823362e-01
9.3073172e+00	4.6278843e-02
9.3291261e+00	-1.6494741e-02
9.3509351e+00	3.5499899e-01
9.3727440e+00	3.8374968e-01
9.3945530e+00	7.7473131e-02
9.4163619e+00	3.3771753e-03
9.4381708e+00	1.6076520e-02
9.4599798e+00	1.1008650e-01
9.4817887e+00	8.5364067e-02
9.5035976e+00	-8.0139693e-02
9.5254066e+00	1.7372079e-02
9.5472155e+00	-6.0479742e-02
9.5690245e+00	-1.6941867e-01
9.5908334e+00	1.1628835e-01
9.6126423e+00	-3.8042408e-02
9.6344513e+00	3.4280322e-01
9.6562602e+00	4.1005987e-01
9.6780691e+00	2.4777098e-01
9.6998781e+00	3.3406678e-01
9.7216870e+00	3.3138836e-01
9.7434960e+00	8.1203945e-02
9.7653049e+00	4.4476310e-02
9.7871138e+00	-5.7389307e-02
9.8089228e+00	-1.7903962e-01
9.8307317e+00	-1.1295851e-02
9.8525407e+00	-3.9827237e-02
9.8743496e+00	1.6505207e-01
9.8961585e+00	2.0238393e-01
9.9179675e+00	1.8066792e-01
9.9397764e+00	5.5304352e-02
9.9615853e+00	-6.4425272e-02
9.9833943e+00	1.1613847e-02
1.0005203e+01	-2.1178139e-01
1.0027012e+01	1.4707088e-03
1.0048821e+01	4.9892245e-03
1.0070630e+01	-1.0512071e-01
1.0092439e+01	7.9765039e-02
1.0114248e+01	1.6964648e-01
1.0136057e+01	8.3375027e-02
1.0157866e+01	1.7994730e-01
1.0179675e+01	2.4003759e-01
1.0201484e+01	5.7344064e-02
1.0223293e+01	-1.7355631e-01
1.0245102e+01	-2.1174120e-01
1.0266910e+01	-4.0225078e-02
1.0288719e+01	9.9626069e-03
1.0310528e+01	3.9415660e-02
1.0332337e+01	1.0014876e+00
1.0354146e+01	1.7696059e+00
1.0375955e+01	2.0028501e+00
1.0397764e+01	2.3346239e+00
1.0419573e+01	2.9086357e+00
1.0441382e+01	3.5957901e+00
1.0463191e+01	4.8947677e+00
1.0485000e+01	7.4811329e+00
1.0506809e+01	1.1142382e+01
1.0528618e+01	1.3761912e+01
1.0550427e+01	1.3565840e+01
1.0572236e+01	1.2172429e+01
1.0594045e+01	1.1729952e+01
1.0615853e+01	1.2416029e+01
1.0637662e+01	1.2515084e+01
1.0659471e+01	1.2198246e+01
1.0681280e+01	1.0753846e+01
1.0703089e+01	7.7321548e+00
1.0724898e+01	4.8070204e+00
1.0746707e+01	3.1636594e+00
1.0768516e+01	1.9164102e+00
1.0790325e+01	1.3697636e+00
1.0812134e+01	9.0198991e-01
1.0833943e+01	6.3243481e-01
1.0855752e+01	5.2236281e-01
1.0877561e+01	3.5198747e-01
1.0899370e+01	8.8139009e-02
1.0921179e+01	-1.4088745e-01
1.0942988e+01	8.1964541e-03
1.0964796e+01	1.2788628e-01
1.0986605e+01	3.0963944e-02
1.1008414e+01	3.1783013e-01
1.1030223e+01	3.6178110e-01
1.1052032e+01	7.7971526e-01
1.1073841e+01	8.5559326e-01
1.1095650e+01	6.6513677e-01
1.1117459e+01	1.1760125e+00
1.1139268e+01	1.5276980e+00
1.1161077e+01	1.6300461e+00
1.1182886e+01	1.9055873e+00
1.1204695e+01	2.0949344e+00
1.1226504e+01	2.1741289e+00
1.1248313e+01	2.1368637e+00
1.1270122e+01	9.7497322e-01
1.1291931e+01	4.1547528e-01
1.1313740e+01	2.0490550e-01
1.1335548e+01	1.2003886e-01
1.1357357e+01	-1.1448538e-01
1.1379166e+01	3.1325752e-02
1.1400975e+01	4.6680268e-02
1.1422784e+01	-3.4570119e-01
1.1444593e+01	1.3525395e-01
1.1466402e+01	1.8851563e-01
1.1488211e+01	-3.0240754e-02
1.1510020e+01	-9.3835602e-02
1.1531829e+01	3.7657106e-02
1.1553638e+01	-2.3237984e-02
1.1575447e+01	-1.4857131e-01
1.1597256e+01	-9.1072975e-03
1.1619065e+01	3.5244694e-01
1.1640874e+01	1.1925151e-01
1.1662683e+01	6.2026220e-02
1.1684491e+01	3.1864934e-01
1.1706300e+01	1.3969785e-01
1.1728109e+01	4.1683899e-02
1.1749918e+01	5.6799372e-02
1.1771727e+01	-9.1076277e-02
1.1793536e+01	-9.6280650e-02
1.1815345e+01	-1.2240971e-01
1.1837154e+01	3.3225171e-01
1.1858963e+01	3.5014799e-01
1.1880772e+01	4.0091080e-01
1.1902581e+01	2.2864229e-02
1.1924390e+01	8.3328440e-03
1.1946199e+01	1.2699571e-01
1.1968008e+01	-3.9977257e-02
1.1989817e+01	-4.6822076e-02
1.2011626e+01	9.1432342e-03
1.2033434e+01	1.9476847e-02
1.2055243e+01	1.7053384e-01
1.2077052e+01	2.5178909e-01
1.2098861e+01	-9.1711889e-02
1.2120670e+01	-1.0255416e-01
1.2142479e+01	-5.8799744e-03
1.2164288e+01	-4.2153301e-02
1.2186097e+01	5.7346631e-02
1.2207906e+01	-3.3651868e-02
1.2229715e+01	9.5667780e-02
1.2251524e+01	-5.4621719e-02
1.2273333e+01	2.2856934e-02
1.2295142e+01	1.1032728e-01
1.2316951e+01	-4.9944390e-02
1.2338760e+01	7.5281503e-02
1.2360569e+01	1.2734782e-01
1.2382377e+01	-8.8390839e-02
1.2404186e+01	-1.7951491e-01
1.2425995e+01	-1.2132275e-01
1.2447804e+01	4.1335115e-02
1.2469613e+01	-6.6751886e-02
1.2491422e+01	5.7020705e-02
1.2513231e+01	9.1371006e-02
1.2535040e+01	1.6030091e-01
1.2556849e+01	2.1443182e-01
1.2578658e+01	4.5037650e-02
1.2600467e+01	-7.4511590e-04
1.2622276e+01	-2.0977035e-01
1.2644085e+01	-1.5459211e-01
1.2665894e+01	9.6006850e-02
1.2687703e+01	6.1321820e-02
1.2709512e+01	3.5107435e-02
1.2731320e+01	-2.5124249e-02
1.2753129e+01	1.5513747e-02
1.2774938e+01	-4.7425727e-02
1.2796747e+01	4.7594489e-02
1.2818556e+01	-1.6933134e-02
1.2840365e+01	-1.2263192e-01
1.2862174e+01	5.8689715e-02
1.2883983e+01	5.5283968e-02
1.2905792e+01	-4.5953453e-02
1.2927601e+01	2.7104267e-02
1.2949410e+01	5.4631218e-02
1.2971219e+01	3.0695020e-01
1.2993028e+01	4.2518596e-01
1.3014837e+01	3.3597540e-01
1.3036646e+01	3.8114576e-01
1.3058455e+01	5.1899823e-01
1.3080264e+01	9.1871841e-01
1.3102072e+01	9.6088139e-01
1.3123881e+01	1.1128430e-01
1.3145690e+01	1.2153524e-01
1.3167499e+01	2.2846738e-01
1.3189308e+01	-1.9349720e-03
1.3211117e+01	-1.2450903e-01
1.3232926e+01	8.9604424e-02
1.3254735e+01	-1.9522200e-02
1.3276544e+01	-2.0029785e-01
1.3298353e+01	-1.0019027e-01
1.3320162e+01	-8.5478636e-02
1.3341971e+01	-2.0084464e-01
1.3363780e+01	4.6227402e-01
1.3385589e+01	5.5229849e-01
1.3407398e+01	1.4930689e-01
1.3429207e+01	2.8313823e-01
1.3451015e+01	1.7604407e-01
1.3472824e+01	3.7332447e-02
1.3494633e+01	1.2443918e-02
1.3516442e+01	7.7435758e-02
1.3538251e+01	-5.2705188e-03
1.3560060e+01	8.9830173e-03
1.3581869e+01	7.2625735e-02
1.3603678e+01	2.9930233e-02
1.3625487e+01	-9.9211270e-02
1.3647296e+01	-4.9839829e-02
1.3669105e+01	-3.0326563e-03
1.3690914e+01	1.7959841e-02
1.3712723e+01	8.0392194e-02
1.3734532e+01	2.9071051e-02
1.3756341e+01	-7.6978272e-04
1.3778150e+01	-1.6550338e-01
1.3799958e+01	-2.3601996e-03
1.3821767e+01	1.2250305e-01
1.3843576e+01	1.0775220e-01
1.3865385e+01	-2.2441070e-01
1.3887194e+01	7.5938646e-02
1.3909003e+01	-8.8390115e-02
1.3930812e+01	-2.8190990e-02
1.3952621e+01	2.9515091e-02
1.3974430e+01	1.5569293e-02
1.3996239e+01	9.3133229e-02
1.4018048e+01	4.2269960e-02
1.4039857e+01	1.8564532e-01
1.4061666e+01	-4.9424492e-02
1.4083475e+01	-1.2628056e-01
1.4105284e+01	-7.8482010e-02
1.4127093e+01	6.4532302e-02
1.4148901e+01	1.5751025e-01
1.4170710e+01	-6.7047700e-02
1.4192519e+01	-7.3475784e-02
1.4214328e+01	-8.2341702e-02
1.4236137e+01	-8.9081319e-02
1.4257946e+01	5.2792934e-02
1.4279755e+01	8.6142750e-02
1.4301564e+01	8.5944559e-02
1.4323373e+01	1.4066830e-01
1.4345182e+01	8.5655334e-02
1.4366991e+01	4.6133946e-02
1.4388800e+01	-1.2512151e-01
1.4410609e+01	-9.2356908e-02
1.4432418e+01	2.7779507e-02
1.4454227e+01	-4.5543195e-02
1.4476036e+01	-4.9638118e-02
1.4497844e+01	1.0791190e-02
1.4519653e+01	2.3802264e-02
1.4541462e+01	3.4829774e-02
1.4563271e+01	-6.6630159e-02
1.4585080e+01	4.0826619e-02
1.4606889e+01	-4.2484133e-02
1.4628698e+01	-4.6633936e-02
1.4650507e+01	6.8488259e-02
1.4672316e+01	7.2503423e-02
1.4694125e+01	-1.1872960e-01
1.4715934e+01	-7.2752534e-02
1.4737743e+01	4.1421437e-02
1.4759552e+01	-1.1352151e-02
1.4781361e+01	2.3405429e-02
1.4803170e+01	8.0509885e-02
1.4824979e+01	4.7109552e-01
1.4846787e+01	1.0753312e+00
1.4868596e+01	2.0157154e+00
1.4890405e+01	2.5432553e+00
1.4912214e+01	2.3257254e+00
1.4934023e+01	1.9387620e+00
1.4955832e+01	1.6614084e+00
1.4977641e+01	1.7620891e+00
1.4999450e+01	2.2887923e+00
1.5021259e+01	2.4847213e+00
1.5043068e+01	2.5522227e+00
1.5064877e+01	2.7034617e+00
1.5086686e+01	2.5015036e+00
1.5108495e+01	1.8428178e+00
1.5130304e+01	1.2828267e+00
1.5152113e+01	6.4436267e-01
1.5173922e+01	1.6736898e-01
1.5195731e+01	9.0150129e-03
1.5217539e+01	-2.3023619e-02
1.5239348e+01	1.0263986e-01
1.5261157e+01	-1.6633090e-01
1.5282966e+01	-7.0520151e-02
1.5304775e+01	-1.0031182e-01
1.5326584e+01	2.6334547e-01
1.5348393e+01	2.6729163e-01
1.5370202e+01	9.9463493e-02
1.5392011e+01	7.2762662e-02
1.5413820e+01	-5.5052272e-02
1.5435629e+01	-5.3107384e-02
1.5457438e+01	1.4195845e-02
1.5479247e+01	1.9377678e-02
1.5501056e+01	8.2383426e-02
1.5522865e+01	4.6120488e-02
1.5544674e+01	-1.5586014e-01
1.5566482e+01	-7.6348238e-02
1.5588291e+01	2.9236971e-01
1.5610100e+01	1.2541783e-01
1.5631909e+01	2.6335559e-01
1.5653718e+01	2.6033589e-01
1.5675527e+01	-3.2997999e-03
1.5697336e+01	-1.3664790e-01
1.5719145e+01	-5.9856964e-02
1.5740954e+01	3.1197275e-02
1.5762763e+01	5.4254885e-02
1.5784572e+01	4.3283804e-02
1.5806381e+01	-5.7658723e-02
1.5828190e+01	1.2675965e-01
1.5849999e+01	-7.2142494e-03
1.5871808e+01	-4.7010463e-02
1.5893617e+01	2.1488120e-02
1.5915425e+01	1.1632209e-01
1.5937234e+01	-2.7750850e-02
1.5959043e+01	-1.6312202e-01
1.5980852e+01	8.0508691e-02
1.6002661e+01	8.2887733e-02
1.6024470e+01	-1.3491379e-01
1.6046279e+01	-3.5947447e-02
1.6068088e+01	1.2900122e-01
1.6089897e+01	2.3228333e-01
1.6111706e+01	-3.5127509e-02
1.6133515e+01	-2.2547594e-01
1.6155324e+01	-1.1341298e-02
1.6177133e+01	5.3035956e-02
1.6198942e+01	1.7335697e-01
1.6220751e+01	4.0424741e-02
1.6242560e+01	1.1989842e-01
1.6264368e+01	-1.4867915e-02
1.6286177e+01	-8.4581272e-02
1.6307986e+01	2.3659452e-02
1.6329795e+01	-1.0113554e-01
1.6351604e+01	6.7004124e-02
1.6373413e+01	6.8677821e-02
1.6395222e+01	1.0836829e-02
1.6417031e+01	-4.3105696e-02
1.6438840e+01	-1.4562798e-01
1.6460649e+01	-1.3951095e-01
1.6482458e+01	1.0165067e-01
1.6504267e+01	1.3366042e-01
1.6526076e+01	1.7416047e-01
1.6547885e+01	-2.1209985e-02
1.6569694e+01	-4.9161272e-02
1.6591503e+01	-1.2562531e-01
1.6613311e+01	7.0210179e-02
1.6635120e+01	1.5972486e-01
1.6656929e+01	-1.7778080e-02
1.6678738e+01	-1.9231912e-01
1.6700547e+01	-1.1646368e-01
1.6722356e+01	4.3046462e-02
1.6744165e+01	4.5994489e-02
1.6765974e+01	9.3655480e-02
1.6787783e+01	5.2346860e-02
1.6809592e+01	9.2996835e-02
1.6831401e+01	-8.3316106e-04
1.6853210e+01	3.6966971e-02
1.6875019e+01	6.4041055e-02
1.6896828e+01	-2.9667454e-02
1.6918637e+01	-1.2131085e-01
1.6940446e+01	-2.3751111e-02
1.6962254e+01	8.4734882e-04
1.6984063e+01	3.1386237e-02
1.7005872e+01	6.6022063e-02
1.7027681e+01	-1.2784703e-01
1.7049490e+01	-1.3845476e-01
1.7071299e+01	2.4768597e-02
1.7093108e+01	1.9497987e-01
1.7114917e+01	2.5477534e-01
1.7136726e+01	6.8329140e-02
1.7158535e+01	-8.6143602e-02
1.7180344e+01	3.9289169e-02
1.7202153e+01	5.5836949e-03
1.7223962e+01	6.3001453e-02
1.7245771e+01	-1.1643784e-01
1.7267580e+01	-8.5006958e-02
1.7289389e+01	7.7921423e-02
1.7311198e+01	7.9819935e-02
1.7333006e+01	-4.5907724e-03
1.7354815e+01	1.7583646e-02
1.7376624e+01	2.9453454e-03
1.7398433e+01	-8.9472920e-02
1.7420242e+01	-5.9665397e-02
1.7442051e+01	2.4276846e-02
1.7463860e+01	9.6324137e-02
1.7485669e+01	1.0093554e-01
1.7507478e+01	1.8402251e-03
1.7529287e+01	-9.5669799e-02
1.7551096e+01	-6.9897583e-03
1.7572905e+01	-8.6208103e-02
1.7594714e+01	-1.0442060e-01
1.7616523e+01	1.1277534e-01
1.7638332e+01	7.8357770e-02
1.7660141e+01	-1.3312789e-02
1.7681949e+01	6.4636750e-02
1.7703758e+01	-3.0640232e-02
1.7725567e+01	-2.2951111e-02
1.7747376e+01	5.7504713e-03
1.7769185e+01	4.2513326e-02
1.7790994e+01	1.3145961e-02
1.7812803e+01	-3.9328753e-02
1.7834612e+01	-4.4633032e-02
1.7856421e+01	5.6319282e-02
1.7878230e+01	3.0594561e-02
1.7900039e+01	-5.7359366e-02
1.7921848e+01	6.2051160e-03
1.7943657e+01	-9.1543870e-02
1.7965466e+01	5.4863380e-02
1.7987275e+01	1.0236479e-01
1.8009084e+01	-8.5234129e-02
1.8030892e+01	-1.1747349e-01
1.8052701e+01	1.4535748e-01
1.8074510e+01	-3.0359820e-02
1.8096319e+01	1.7127451e-03
1.8118128e+01	2.7272696e-02
1.8139937e+01	1.0146756e-01
1.8161746e+01	-2.4456552e-02
1.8183555e+01	-2.1930055e-02
1.8205364e+01	-1.9627436e-03
1.8227173e+01	-6.1377988e-02
1.8248982e+01	2.6787166e-02
1.8270791e+01	-1.7863834e-02
1.8292600e+01	2.5944108e-02
1.8314409e+01	7.7857007e-02
1.8336218e+01	-1.6755158e-01
1.8358027e+01	-3.1965076e-02
1.8379835e+01	-4.2659042e-03
1.8401644e+01	3.9304212e-03
1.8423453e+01	-3.7466224e-03
1.8445262e+01	-1.7908327e-02
1.8467071e+01	6.7377219e-03
1.8488880e+01	1.0307434e-01
1.8510689e+01	1.3638222e-01
1.8532498e+01	1.3692455e-01
1.8554307e+01	2.1116175e-02
1.8576116e+01	-7.3620591e-02
1.8597925e+01	-1.7863800e-01
1.8619734e+01	-1.4081864e-01
1.8641543e+01	6.5336485e-02
1.8663352e+01	6.8768252e-02
1.8685161e+01	1.1596748e-01
1.8706970e+01	1.7083601e-01
1.8728778e+01	-1.9983524e-03
1.8750587e+01	-1.3036204e-01
1.8772396e+01	-1.5854897e-01
1.8794205e+01	3.8114233e-02
1.8816014e+01	1.4140787e-01
1.8837823e+01	-2.3066872e-02
1.8859632e+01	-2.7531056e-02
1.8881441e+01	-7.2464426e-02
1.8903250e+01	2.0973372e-02
1.8925059e+01	-1.5165188e-02
1.8946868e+01	-4.7794474e-03
1.8968677e+01	2.5439256e-02
1.8990486e+01	5.6692676e-02
1.9012295e+01	-2.8393180e-02
1.9034104e+01	2.0119083e-02
1.9055913e+01	5.6569541e-04
1.9077721e+01	-4.2156091e-03
1.9099530e+01	-8.5289215e-03
1.9121339e+01	8.7939987e-02
1.9143148e+01	-5.2422708e-02
1.9164957e+01	-1.0704171e-01
1.9186766e+01	4.0892218e-02
1.9208575e+01	8.1447174e-02
1.9230384e+01	-7.6173162e-02
1.9252193e+01	-6.8204093e-02
1.9274002e+01	6.8167850e-02
1.9295811e+01	1.6712218e-02
1.9317620e+01	-7.6298422e-02
1.9339429e+01	-1.0141699e-01
1.9361238e+01	8.6279545e-02
1.9383047e+01	7.4862589e-02
1.9404856e+01	1.6638701e-01
1.9426665e+01	1.9764350e-01
1.9448473e+01	1.0274664e-01
1.9470282e+01	-4.2730106e-02
1.9492091e+01	-2.1745298e-01
1.9513900e+01	-9.7707424e-02
1.9535709e+01	6.1213514e-02
1.9557518e+01	3.3862509e-02
1.9579327e+01	-6.8287982e-02
1.9601136e+01	1.0649142e-01
1.9622945e+01	1.6863997e-01
1.9644754e+01	-1.3671571e-01
1.9666563e+01	-9.9098118e-02
1.9688372e+01	7.2918378e-02
1.9710181e+01	-3.1095286e-03
1.9731990e+01	-5.3386692e-02
1.9753799e+01	-7.2753469e-02
1.9775608e+01	8.8058416e-03
1.9797416e+01	-1.1417297e-02
1.9819225e+01	8.7117692e-02
1.9841034e+01	1.3567554e-01
1.9862843e+01	2.1942457e-02
1.9884652e+01	-4.9011259e-02
1.9906461e+01	-3.3110260e-02
1.9928270e+01	6.9549885e-03
1.9950079e+01	4.0839090e-02
1.9971888e+01	-1.2462703e-02
1.9993697e+01	-2.0918327e-03
2.0015506e+01	9.6643236e-02
2.0037315e+01	-4.8444343e-02
2.0059124e+01	-1.4586026e-01
2.0080933e+01	9.0004064e-02
2.0102742e+01	-2.6037830e-02
2.0124551e+01	-1.1630981e-02
2.0146359e+01	8.8437901e-02
2.0168168e+01	3.1193731e-03
2.0189977e+01	-1.1546258e-01
2.0211786e+01	-1.0796476e-01
2.0233595e+01	-8.2639363e-02
2.0255404e+01	1.2120709e-01
2.0277213e+01	2.7621441e-01
2.0299022e+01	1.4648354e-01
2.0320831e+01	9.8816534e-02
2.0342640e+01	6.1606282e-02
2.0364449e+01	-3.3443508e-02
2.0386258e+01	-2.4389694e-01
2.0408067e+01	-1.1849093e-01
2.0429876e+01	2.1717748e-01
2.0451685e+01	2.5408585e-01
2.0473494e+01	7.6998118e-02
2.0495302e+01	1.2386059e-01
2.0517111e+01	2.9097218e-01
2.0538920e+01	3.0466727e-01
2.0560729e+01	6.3050515e-02
2.0582538e+01	6.2995386e-02
2.0604347e+01	9.9162292e-02
2.0626156e+01	-8.3828666e-02
2.0647965e+01	-1.4187413e-01
2.0669774e+01	-1.1956473e-01
2.0691583e+01	2.1079526e-03
2.0713392e+01	7.5486729e-02
2.0735201e+01	-2.1522748e-02
2.0757010e+01	-5.8322457e-02
2.0778819e+01	-4.6612528e-02
2.0800628e+01	1.0031653e-01
2.0822437e+01	-6.9625907e-03
2.0844245e+01	-1.9970854e-01
2.0866054e+01	7.9375805e-02
2.0887863e+01	1.4393651e-01
2.0909672e+01	-6.1475052e-02
2.0931481e+01	-3.8748806e-02
2.0953290e+01	1.1533205e-01
2.0975099e+01	3.7466937e-01
2.0996908e+01	1.3483383e+00
2.1018717e+01	2.8099806e+00
2.1040526e+01	4.5121082e+00
2.1062335e+01	5.2246901e+00
2.1084144e+01	4.9326411e+00
2.1105953e+01	4.0974110e+00
2.1127762e+01	3.0085348e+00
2.1149571e+01	2.8340314e+00
2.1171380e+01	3.7179055e+00
2.1193188e+01	5.4953352e+00
2.1214997e+01	7.2710192e+00
2.1236806e+01	8.9660976e+00
2.1258615e+01	1.0144376e+01
2.1280424e+01	1.0918846e+01
2.1302233e+01	1.0739958e+01
2.1324042e+01	9.7187692e+00
2.1345851e+01	7.7374991e+00
2.1367660e+01	5.3041445e+00
2.1389469e+01	3.0479464e+00
2.1411278e+01	1.3309856e+00
2.1433087e+01	3.7556606e-01
2.1454896e+01	6.9259573e-02
2.1476705e+01	-6.4726358e-02
2.1498514e+01	-1.5010178e-01
2.1520323e+01	9.1245407e-02
2.1542132e+01	3.3582462e-01
2.1563940e+01	4.4306556e-01
2.1585749e+01	3.4191228e-01
2.1607558e+01	1.6264509e-01
2.1629367e+01	8.0417949e-02
2.1651176e+01	1.1065540e-01
2.1672985e+01	5.3090429e-02
2.1694794e+01	-1.6867566e-01
2.1716603e+01	-4.5288487e-02
2.1738412e+01	-1.2069170e-02
2.1760221e+01	-1.2790877e-01
2.1782030e+01	-4.1169490e-02
2.1803839e+01	6.5642003e-02
2.1825648e+01	-5.8476223e-02
2.1847457e+01	9.8369113e-02
2.1869266e+01	-2.1195964e-02
2.1891075e+01	2.5672663e-02
2.1912883e+01	-1.0091930e-02
2.1934692e+01	-5.4316145e-02
2.1956501e+01	3.2497625e-02
2.1978310e+01	-4.8559970e-02
2.2000119e+01	-4.4935328e-02
2.2021928e+01	1.0788629e-01
2.2043737e+01	2.8343991e-01
2.2065546e+01	3.7844535e-03
2.2087355e+01	1.4573202e-02
2.2109164e+01	-9.0949471e-02
2.2130973e+01	-2.3026737e-03
2.2152782e+01	5.6177889e-02
2.2174591e+01	-4.2831849e-02
2.2196400e+01	2.7142081e-02
2.2218209e+01	6.4666812e-02
2.2240018e+01	-4.4707619e-02
2.2261826e+01	1.9938112e-01
2.2283635e+01	1.8348050e-02
2.2305444e+01	-9.5841596e-02
2.2327253e+01	4.4829640e-02
2.2349062e+01	-9.1402750e-03
2.2370871e+01	-3.7061912e-02
2.2392680e+01	1.1060446e-01
2.2414489e+01	8.7733944e-03
2.2436298e+01	-7.4850073e-02
2.2458107e+01	6.5223052e-03
2.2479916e+01	-8.0752569e-02
2.2501725e+01	-8.9832758e-02
2.2523534e+01	1.1973121e-02
2.2545343e+01	2.6331463e-01
2.2567152e+01	7.3854196e-02
2.2588961e+01	1.4171748e-01
2.2610769e+01	3.1194235e-01
2.2632578e+01	-3.8198799e-03
2.2654387e+01	-7.1385226e-02
2.2676196e+01	-1.0774057e-01
2.2698005e+01	-1.5079661e-02
2.2719814e+01	5.0888957e-02
2.2741623e+01	-1.0339115e-02
2.2763432e+01	1.1933373e-02
2.2785241e+01	5.8961904e-02
2.2807050e+01	2.7258415e-01
2.2828859e+01	5.2628974e-02
2.2850668e+01	-3.0248508e-02
2.2872477e+01	-6.0037096e-02
2.2894286e+01	5.2342083e-02
2.2916095e+01	2.1844688e-02
2.2937904e+01	-1.7794723e-01
2.2959712e+01	1.2618468e-01
2.2981521e+01	-7.8445681e-02
2.3003330e+01	1.6892793e-01
2.3025139e+01	6.3823289e-02
2.3046948e+01	-8.3018903e-02
2.3068757e+01	1.6622271e-02
2.3090566e+01	-1.6879226e-01
2.3112375e+01	2.8153917e-02
2.3134184e+01	2.0250462e-01
2.3155993e+01	1.4785208e-01
2.3177802e+01	8.6340689e-02
2.3199611e+01	4.9955044e-02
2.3221420e+01	-2.1426224e-03
2.3243229e+01	-1.5782501e-01
2.3265038e+01	-1.5377450e-01
2.3286847e+01	6.3983064e-03
2.3308655e+01	-9.0892428e-02
2.3330464e+01	-3.8825380e-02
2.3352273e+01	-1.7504723e-02
2.3374082e+01	1.0654596e-01
2.3395891e+01	1.6463047e-02
2.3417700e+01	1.9026081e-01
2.3439509e+01	3.7479133e-01
2.3461318e+01	6.4280994e-01
2.3483127e+01	1.2122379e+00
2.3504936e+01	2.3007594e+00
2.3526745e+01	3.4109977e+00
2.3548554e+01	4.0275540e+00
2.3570363e+01	4.0397335e+00
2.3592172e+01	3.1432425e+00
2.3613981e+01	2.3659822e+00
2.3635790e+01	2.2697658e+00
2.3657599e+01	2.6106176e+00
2.3679407e+01	3.5554917e+00
2.3701216e+01	4.8985444e+00
2.3723025e+01	6.5590879e+00
2.3744834e+01	8.2061805e+00
2.3766643e+01	9.5611493e+00
2.3788452e+01	1.1441149e+01
2.3810261e+01	1.2503283e+01
2.3832070e+01	1.2346735e+01
2.3853879e+01	1.1006821e+01
2.3875688e+01	9.0021574e+00
2.3897497e+01	6.6338396e+00
2.3919306e+01	4.7349326e+00
2.3941115e+01	3.1211747e+00
2.3962924e+01	1.8633002e+00
2.3984733e+01	1.0968741e+00
2.4006542e+01	5.3090577e-01
2.4028350e+01	1.6206843e-01
2.4050159e+01	3.4442060e-02
2.4071968e+01	-5.9266745e-02
2.4093777e+01	-6.6975562e-02
2.4115586e+01	-2.4357865e-02
2.4137395e+01	-1.1886601e-01
2.4159204e+01	5.7722991e-02
2.4181013e+01	2.0221187e-02
2.4202822e+01	-4.4969246e-02
2.4224631e+01	1.0641698e-01
2.4246440e+01	6.2242590e-02
2.4268249e+01	-4.4208489e-02
2.4290058e+01	-7.1347537e-02
2.4311867e+01	-5.8933779e-02
2.4333676e+01	-5.3753554e-02
2.4355485e+01	9.1615801e-02
2.4377293e+01	-7.5871758e-02
2.4399102e+01	-1.1331576e-01
2.4420911e+01	1.0767199e-01
2.4442720e+01	1.2571173e-01
2.4464529e+01	3.4656305e-01
2.4486338e+01	3.4238842e-01
2.4508147e+01	3.9219568e-02
2.4529956e+01	1.9281201e-01
2.4551765e+01	4.8646380e-01
2.4573574e+01	5.5828940e-01
2.4595383e+01	6.2426734e-01
2.4617192e+01	9.5772602e-01
2.4639001e+01	9.9520384e-01
2.4660810e+01	2.9222819e-01
2.4682619e+01	1.1133248e-01
2.4704428e+01	-7.4677035e-02
2.4726236e+01	-9.7812166e-02
2.4748045e+01	-4.7117816e-02
2.4769854e+01	-7.0706958e-03
2.4791663e+01	-9.6444630e-03
2.4813472e+01	2.1496610e-02
2.4835281e+01	-1.1334651e-02
2.4857090e+01	6.1656421e-02
2.4878899e+01	-2.9791113e-02
2.4900708e+01	-1.3051562e-01
2.4922517e+01	6.8147973e-02
2.4944326e+01	2.2664415e-01
2.4966135e+01	-8.8032943e-02
2.4987944e+01	1.6151612e-02
2.5009753e+01	-4.5361101e-02
2.5031562e+01	3.6482127e-02
2.5053371e+01	7.7135987e-02
2.5075179e+01	-1.3181723e-01
2.5096988e+01	1.1646502e-01
2.5118797e+01	5.4736124e-02
2.5140606e+01	-5.5208750e-02
2.5162415e+01	-6.6661724e-02
2.5184224e+01	4.5752887e-02
2.5206033e+01	1.3854943e-01
2.5227842e+01	-9.7165135e-03
2.5249651e+01	-7.3776431e-02
2.5271460e+01	-7.7013247e-03
2.5293269e+01	-2.1024329e-02
2.5315078e+01	5.5648073e-03
2.5336887e+01	1.0015557e-01
2.5358696e+01	-1.9401669e-02
2.5380505e+01	-1.2551353e-01
2.5402314e+01	1.1017555e-01
2.5424123e+01	6.5727808e-02
2.5445931e+01	-3.5357557e-02
2.5467740e+01	-9.0899853e-02
2.5489549e+01	-1.0207409e-02
2.5511358e+01	2.7984201e-02
2.5533167e+01	1.5422250e-02
2.5554976e+01	6.4392065e-02
2.5576785e+01	3.1611305e-02
2.5598594e+01	-6.1274325e-02
2.5620403e+01	6.7203090e-02
2.5642212e+01	5.2318499e-02
2.5664021e+01	-1.4716655e-01
2.5685830e+01	-1.5340136e-01
2.5707639e+01	-1.1565374e-01
2.5729448e+01	3.2309821e-02
2.5751257e+01	1.3003783e-01
2.5773066e+01	5.2464095e-01
2.5794874e+01	5.9024258e-01
2.5816683e+01	5.2246484e-01
2.5838492e+01	3.6661683e-01
2.5860301e+01	1.1438932e-01
2.5882110e+01	-6.6802543e-02
2.5903919e+01	-3.1406747e-02
2.5925728e+01	5.8884055e-02
2.5947537e+01	1.6598850e-01
2.5969346e+01	5.2594492e-01
2.5991155e+01	1.2708386e+00
2.6012964e+01	1.7543537e+00
2.6034773e+01	2.2722851e+00
2.6056582e+01	2.7578768e+00
2.6078391e+01	3.1108760e+00
2.6100200e+01	2.7959777e+00
2.6122009e+01	2.5960068e+00
2.6143817e+01	2.1227125e+00
2.6165626e+01	1.4662327e+00
2.6187435e+01	9.1716044e-01
2.6209244e+01	4.8940785e-01
2.6231053e+01	6.4403897e-02
2.6252862e+01	-7.3841249e-02
2.6274671e+01	-4.4726763e-02
2.6296480e+01	-6.7910791e-02
2.6318289e+01	-1.3169914e-01
2.6340098e+01	2.4826820e-03
2.6361907e+01	8.6420053e-02
2.6383716e+01	6.9549738e-02
2.6405525e+01	3.3627630e-03
2.6427334e+01	1.1344649e-01
2.6449143e+01	9.7935407e-02
2.6470952e+01	-1.8353029e-01
2.6492760e+01	-7.3676259e-02
2.6514569e+01	-3.2049517e-02
2.6536378e+01	-8.0867547e-02
2.6558187e+01	-5.9043124e-02
2.6579996e+01	1.4415826e-01
2.6601805e+01	1.4643377e-01
2.6623614e+01	1.9903704e-01
2.6645423e+01	3.1444932e-01
2.6667232e+01	4.6548819e-01
2.6689041e+01	2.7715733e-01
2.6710850e+01	5.9683562e-02
2.6732659e+01	1.9023593e-01
2.6754468e+01	-4.7183733e-02
2.6776277e+01	-2.3605411e-01
2.6798086e+01	-7.2933629e-02
2.6819895e+01	-6.8815260e-02
2.6841703e+01	-5.5152008e-03
2.6863512e+01	-6.7113192e-02
2.6885321e+01	3.3307615e-02
2.6907130e+01	8.3993778e-02
2.6928939e+01	2.1025709e-01
2.6950748e+01	1.3710632e-01
2.6972557e+01	7.0620081e-02
2.6994366e+01	7.7702885e-02
2.7016175e+01	-5.4363122e-02
2.7037984e+01	-8.2389947e-03
2.7059793e+01	-1.0874618e-01
2.7081602e+01	-8.0598153e-03
2.7103411e+01	-1.0979835e-01
2.7125220e+01	-8.5909087e-03
2.7147029e+01	2.7226192e-02
2.7168838e+01	-2.6253370e-02
2.7190646e+01	4.8446211e-02
2.7212455e+01	3.3256251e-02
2.7234264e+01	-4.2442680e-02
2.7256073e+01	3.8579907e-02
2.7277882e+01	-2.7903310e-02
2.7299691e+01	4.8462902e-02
2.7321500e+01	1.2090228e-01
2.7343309e+01	1.0157272e-02
2.7365118e+01	-1.2116347e-01
2.7386927e+01	-4.8894107e-02
2.7408736e+01	-6.4051180e-03
2.7430545e+01	-5.5918718e-02
2.7452354e+01	-3.3843898e-02
2.7474163e+01	6.6772828e-02
2.7495972e+01	1.1263848e-01
2.7517781e+01	1.9337316e-02
2.7539590e+01	-7.8745730e-02
2.7561398e+01	4.3698691e-02
2.7583207e+01	7.7035475e-02
2.7605016e+01	-1.1428398e-01
2.7626825e+01	-2.6093909e-02
2.7648634e+01	-4.8442210e-02
2.7670443e+01	-1.1147159e-01
2.7692252e+01	-1.0691356e-01
2.7714061e+01	1.3377966e-02
2.7735870e+01	1.6097066e-01
2.7757679e+01	6.1064430e-02
2.7779488e+01	1.4899608e-01
2.7801297e+01	1.1098401e-01
2.7823106e+01	8.1230656e-02
2.7844915e+01	7.0250799e-02
2.7866724e+01	1.4224841e-02
2.7888533e+01	-6.1184591e-02
2.7910341e+01	-3.4547787e-02
2.7932150e+01	-4.7052989e-02
2.7953959e+01	-1.4142845e-01
2.7975768e+01	3.5644479e-02
2.7997577e+01	3.0989644e-02
2.8019386e+01	-6.7774916e-02
2.8041195e+01	-1.9086429e-02
2.8063004e+01	-3.1781353e-02
2.8084813e+01	-5.2684483e-02
2.8106622e+01	4.6003156e-02
2.8128431e+01	-2.4991810e-02
2.8150240e+01	3.0537305e-02
2.8172049e+01	-9.2573467e-03
2.8193858e+01	-1.5895940e-02
2.8215667e+01	-3.3343442e-02
2.8237476e+01	-5.3654472e-02
2.8259284e+01	3.7429199e-02
2.8281093e+01	1.1073279e-01
2.8302902e+01	1.1199192e-01
2.8324711e+01	9.0717601e-02
2.8346520e+01	1.7309848e-02
2.8368329e+01	-1.4103471e-01
2.8390138e+01	-7.8632766e-02
2.8411947e+01	-6.1184921e-02
2.8433756e+01	-1.1977401e-01
2.8455565e+01	8.0431204e-02
2.8477374e+01	4.6935286e-02
2.8499183e+01	1.4431283e-01
2.8520992e+01	4.5461603e-01
2.8542801e+01	4.4099994e-01
2.8564610e+01	4.6763400e-01
2.8586419e+01	3.6256274e-01
2.8608227e+01	2.5728693e-01
2.8630036e+01	3.3153177e-01
2.8651845e+01	7.1430263e-02
2.8673654e+01	5.2440457e-02
2.8695463e+01	9.4275331e-03
2.8717272e+01	-1.1734413e-01
2.8739081e+01	-8.0311685e-02
2.8760890e+01	-5.5113969e-02
2.8782699e+01	1.4005895e-01
2.8804508e+01	-3.1212363e-02
2.8826317e+01	1.1870010e-03
2.8848126e+01	-9.7272256e-02
2.8869935e+01	2.3969073e-02
2.8891744e+01	-6.9874607e-02
2.8913553e+01	9.3737032e-02
2.8935362e+01	-3.0635899e-02
2.8957170e+01	-4.1706847e-02
2.8978979e+01	-5.4545665e-02
2.9000788e+01	7.8920449e-02
2.9022597e+01	9.6243997e-02
2.9044406e+01	-3.3823553e-04
2.9066215e+01	6.0903898e-02
2.9088024e+01	5.8592800e-02
2.9109833e+01	-2.2012408e-02
2.9131642e+01	-1.4452354e-01
2.9153451e+01	-4.8100236e-02
2.9175260e+01	7.7455241e-02
2.9197069e+01	-5.7362558e-02
2.9218878e+01	9.0588321e-02
2.9240687e+01	-7.8035516e-03
2.9262496e+01	-4.9722295e-03
2.9284305e+01	5.2111021e-02
2.9306113e+01	-1.3796554e-02
2.9327922e+01	-6.3970816e-02
2.9349731e+01	2.3384786e-02
2.9371540e+01	-3.6942259e-02
2.9393349e+01	1.7201817e-02
2.9415158e+01	-4.9742401e-02
2.9436967e+01	1.6967938e-02
2.9458776e+01	7.4877244e-02
2.9480585e+01	7.2241953e-02
2.9502394e+01	8.4682822e-02
2.9524203e+01	1.5115524e-01
2.9546012e+01	-1.6585520e-01
2.9567821e+01	-9.3329305e-02
2.9589630e+01	-4.8873434e-02
2.9611439e+01	-1.3963718e-01
2.9633248e+01	-8.5696560e-02
2.9655057e+01	3.6559128e-03
2.9676865e+01	3.1042001e-02
2.9698674e+01	8.5888830e-02
2.9720483e+01	3.3054353e-01
2.9742292e+01	6.4721833e-01
2.9764101e+01	1.0332251e+00
2.9785910e+01	1.1202365e+00
2.9807719e+01	1.0386386e+00
2.9829528e+01	9.1462612e-01
2.9851337e+01	6.6758787e-01
2.9873146e+01	2.9240871e-01
2.9894955e+01	1.0767945e-01
2.9916764e+01	5.5653537e-02
2.9938573e+01	3.9575556e-01
2.9960382e+01	1.2290901e+00
2.9982191e+01	2.3194150e+00
3.0004000e+01	3.1779948e+00
3.0025808e+01	4.3854473e+00
3.0047617e+01	5.5835563e+00
3.0069426e+01	6.5275465e+00
3.0091235e+01	7.6145276e+00
3.0113044e+01	8.0666413e+00
3.0134853e+01	8.2815413e+00
3.0156662e+01	7.7147174e+00
3.0178471e+01	6.4415824e+00
3.0200280e+01	4.7265048e+00
3.0222089e+01	2.9764855e+00
3.0243898e+01	1.7491052e+00
3.0265707e+01	1.0271976e+00
3.0287516e+01	6.8752643e-01
3.0309325e+01	3.7479841e-01
3.0331134e+01	-3.3494718e-02
3.0352943e+01	7.8836500e-03
3.0374751e+01	-5.0112984e-02
3.0396560e+01	-1.0646347e-02
3.0418369e+01	-6.0525376e-04
3.0440178e+01	-4.2310050e-02
3.0461987e+01	8.1604062e-02
3.0483796e+01	-2.4303353e-02
3.0505605e+01	-8.0577484e-02
3.0527414e+01	5.9165000e-02
3.0549223e+01	9.9393044e-02
3.0571032e+01	1.9385224e-02
3.0592841e+01	-9.5385001e-02
3.0614650e+01	-5.8559334e-02
3.0636459e+01	-5.7322198e-02
3.0658268e+01	-7.9364989e-03
3.0680077e+01	4.0078132e-02
3.0701886e+01	-6.6727215e-03
3.0723694e+01	2.9138830e-02
3.0745503e+01	-6.2636193e-02
3.0767312e+01	1.5167312e-01
3.0789121e+01	2.8739102e-02
3.0810930e+01	-1.1453073e-02
3.0832739e+01	1.4473485e-01
3.0854548e+01	2.7451246e-01
3.0876357e+01	8.0940571e-02
3.0898166e+01	-6.3676283e-02
3.0919975e+01	-1.3667210e-01
3.0941784e+01	-2.0422764e-02
3.0963593e+01	8.2299513e-02
3.0985402e+01	-1.1366930e-01
3.1007211e+01	7.7379029e-03
3.1029020e+01	2.8962052e-02
3.1050829e+01	-2.0702300e-02
3.1072637e+01	5.2588125e-02
3.1094446e+01	-6.4902890e-02
3.1116255e+01	-5.5805169e-02
3.1138064e+01	-3.8726518e-02
3.1159873e+01	-4.6004858e-04
3.1181682e+01	1.5143642e-01
3.1203491e+01	1.3973639e-01
3.1225300e+01	4.8266029e-02
3.1247109e+01	-1.5195810e-01
3.1268918e+01	7.7134717e-02
3.1290727e+01	1.9118386e-02
3.1312536e+01	-4.5588610e-03
3.1334345e+01	-2.2048109e-02
3.1356154e+01	-7.1559696e-02
3.1377963e+01	-5.8263602e-02
3.1399772e+01	-4.7584848e-02
3.1421580e+01	2.9225203e-02
3.1443389e+01	5.3544814e-02
3.1465198e+01	-3.4049726e-02
3.1487007e+01	-4.5820797e-02
3.1508816e+01	9.4026115e-03
3.1530625e+01	3.4579932e-01
3.1552434e+01	6.3352743e-01
3.1574243e+01	9.5239361e-01
3.1596052e+01	1.3278415e+00
3.1617861e+01	1.3504267e+00
3.1639670e+01	9.5955701e-01
3.1661479e+01	4.2249293e-01
3.1683288e+01	7.9355166e-02
3.1705097e+01	-5.8879627e-02
3.1726906e+01	1.1486116e-01
3.1748715e+01	4.4338634e-01
3.1770524e+01	9.1328470e-01
3.1792332e+01	1.7629474e+00
3.1814141e+01	2.8575255e+00
3.1835950e+01	3.9606683e+00
3.1857759e+01	4.8084748e+00
3.1879568e+01	5.8224572e+00
3.1901377e+01	7.0351306e+00
3.1923186e+01	7.8312051e+00
3.1944995e+01	8.3135949e+00
3.1966804e+01	8.2974542e+00
3.1988613e+01	7.6826080e+00
3.2010422e+01	6.2100315e+00
3.2032231e+01	4.6770259e+00
3.2054040e+01	3.0214482e+00
3.2075849e+01	1.5679417e+00
3.2097658e+01	8.3349737e-01
3.2119467e+01	4.2377846e-01
3.2141275e+01	2.6343208e-01
3.2163084e+01	4.8575657e-02
3.2184893e+01	-6.8001350e-02
3.2206702e+01	-1.5885442e-02
3.2228511e+01	-1.7688800e-02
3.2250320e+01	3.9909398e-02
3.2272129e+01	-1.0458594e-01
3.2293938e+01	7.4880957e-02
3.2315747e+01	8.6718582e-03
3.2337556e+01	2.7376748e-02
3.2359365e+01	-4.1539826e-02
3.2381174e+01	-1.6542517e-01
3.2402983e+01	-4.5417505e-02
3.2424792e+01	8.7262087e-02
3.2446601e+01	4.8301887e-02
3.2468410e+01	-4.7902618e-02
3.2490218e+01	7.5858023e-02
3.2512027e+01	6.6770478e-02
3.2533836e+01	2.6039255e-02
3.2555645e+01	-2.1954809e-02
3.2577454e+01	1.2263514e-02
3.2599263e+01	-6.3631299e-02
3.2621072e+01	-4.3815485e-03
3.2642881e+01	4.5260085e-02
3.2664690e+01	5.0953768e-02
3.2686499e+01	-2.9236963e-02
3.2708308e+01	-8.3750328e-03
3.2730117e+01	5.3805591e-02
3.2751926e+01	1.4882764e-02
3.2773735e+01	-9.4480791e-02
3.2795544e+01	-9.8815110e-02
3.2817353e+01	-3.5591092e-02
3.2839161e+01	5.9966992e-02
3.2860970e+01	1.5354765e-01
3.2882779e+01	-4.6807791e-02
3.2904588e+01	-9.5970095e-02
3.2926397e+01	1.7448688e-02
3.2948206e+01	1.2731729e-01
3.2970015e+01	7.2215534e-02
3.2991824e+01	4.0769694e-02
3.3013633e+01	-4.5155474e-02
3.3035442e+01	-1.2119263e-01
3.3057251e+01	4.3630192e-02
3.3079060e+01	-1.0278540e-01
3.3100869e+01	-4.7445050e-02
3.3122678e+01	7.5852586e-02
3.3144487e+01	8.5725823e-02
3.3166296e+01	1.9670982e-02
3.3188104e+01	-1.6773665e-01
3.3209913e+01	-8.3584232e-03
3.3231722e+01	1.9721049e-01
3.3253531e+01	1.2408207e-02
3.3275340e+01	1.2937243e-02
3.3297149e+01	-2.3693451e-02
3.3318958e+01	1.1638791e-01
3.3340767e+01	2.3422132e-01
3.3362576e+01	2.5720386e-02
3.3384385e+01	-2.2608373e-02
3.3406194e+01	-1.6033950e-01
3.3428003e+01	-5.8821506e-02
3.3449812e+01	-4.4269299e-02
3.3471621e+01	-5.9601526e-02
3.3493430e+01	6.7792254e-02
3.3515239e+01	1.6919475e-01
3.3537047e+01	3.2948959e-01
3.3558856e+01	4.9503248e-01
3.3580665e+01	5.1057316e-01
3.3602474e+01	8.5580463e-01
3.3624283e+01	1.0259585e+00
3.3646092e+01	1.1927422e+00
3.3667901e+01	1.2708604e+00
3.3689710e+01	1.1519436e+00
3.3711519e+01	1.1091083e+00
3.3733328e+01	8.3745621e-01
3.3755137e+01	7.8300775e-01
3.3776946e+01	3.6212652e-01
3.3798755e+01	9.0084066e-02
3.3820564e+01	-8.6192291e-02
3.3842373e+01	-9.3577113e-02
3.3864182e+01	1.3947984e-01
3.3885991e+01	9.1461833e-02
3.3907799e+01	1.0014186e-01
3.3929608e+01	6.5859213e-03
3.3951417e+01	-4.6703594e-02
3.3973226e+01	-9.5173370e-02
3.3995035e+01	-1.3359285e-01
3.4016844e+01	-8.0783262e-02
3.4038653e+01	-6.5332807e-02
3.4060462e+01	1.0045577e-01
3.4082271e+01	1.4631409e-01
3.4104080e+01	-9.9007373e-02
3.4125889e+01	-4.0002765e-02
3.4147698e+01	1.5809680e-01
3.4169507e+01	4.8220053e-02
3.4191316e+01	4.4878541e-02
3.4213125e+01	-3.2901554e-02
3.4234934e+01	-2.7322189e-02
3.4256742e+01	-2.2842204e-02
3.4278551e+01	-9.0290304e-02
3.4300360e+01	4.6913627e-02
3.4322169e+01	6.4854134e-02
3.4343978e+01	3.9423063e-02
3.4365787e+01	-9.9142945e-04
3.4387596e+01	-1.0322536e-01
3.4409405e+01	3.2712654e-03
3.4431214e+01	2.3088082e-02
3.4453023e+01	-2.0770106e-02
3.4474832e+01	8.3754610e-02
3.4496641e+01	5.2957907e-02
3.4518450e+01	4.1784583e-02
3.4540259e+01	-9.6638178e-02
3.4562068e+01	-1.1103792e-01
3.4583877e+01	1.5179886e-01
3.4605685e+01	-1.1018519e-01
3.4627494e+01	-1.0601976e-01
3.4649303e+01	4.5794186e-02
3.4671112e+01	4.3553479e-02
3.4692921e+01	4.9645858e-02
3.4714730e+01	5.5512323e-02
3.4736539e+01	4.7247009e-02
3.4758348e+01	-3.4013855e-03
3.4780157e+01	-4.4819755e-02
3.4801966e+01	-1.0677780e-02
3.4823775e+01	6.1829613e-04
3.4845584e+01	-4.7593253e-02
3.4867393e+01	-2.9563729e-02
3.4889202e+01	1.4702472e-02
3.4911011e+01	6.5586802e-02
3.4932820e+01	6.1508941e-02
3.4954628e+01	5.4122537e-02
3.4976437e+01	-1.5073047e-01
3.4998246e+01	-1.4839528e-02
3.5020055e+01	1.0146418e-01
3.5041864e+01	-9.7817356e-02
3.5063673e+01	3.5652407e-02
3.5085482e+01	-1.7643618e-02
3.5107291e+01	3.3904406e-02
3.5129100e+01	2.5158975e-03
3.5150909e+01	-1.7901829e-03
3.5172718e+01	-1.2496759e-01
3.5194527e+01	-6.7750491e-02
3.5216336e+01	1.2816541e-01
3.5238145e+01	-2.7326097e-03
3.5259954e+01	1.5088783e-02
3.5281763e+01	4.9180886e-02
3.5303571e+01	6.5328394e-02
3.5325380e+01	1.4946293e-02
3.5347189e+01	-1.0558624e-01
3.5368998e+01	7.9095114e-02
3.5390807e+01	1.0813903e-01
3.5412616e+01	-8.3061902e-02
3.5434425e+01	-4.9438561e-02
3.5456234e+01	-5.1539954e-04
3.5478043e+01	-6.1213438e-02
3.5499852e+01	-5.8876547e-02
3.5521661e+01	3.0733416e-02
3.5543470e+01	1.4123683e-02
3.5565279e+01	5.5406867e-03
3.5587088e+01	-4.8316701e-02
3.5608897e+01	-1.5434931e-02
3.5630706e+01	1.5136568e-02
3.5652514e+01	5.9844361e-02
3.5674323e+01	1.1594282e-01
3.5696132e+01	9.2311090e-03
3.5717941e+01	3.5766850e-02
3.5739750e+01	-7.1532334e-02
3.5761559e+01	1.7878733e-01
3.5783368e+01	8.3074650e-02
3.5805177e+01	-4.3609090e-02
3.5826986e+01	-1.4356951e-02
3.5848795e+01	-1.0297915e-02
3.5870604e+01	9.3703112e-02
3.5892413e+01	3.0190909e-03
3.5914222e+01	-1.6920360e-01
3.5936031e+01	-6.7255019e-02
3.5957840e+01	-1.8870816e-01
3.5979649e+01	-3.3934957e-01
3.6001458e+01	4.1003465e-02
3.6023266e+01	5.3424300e-02
3.6045075e+01	1.1742821e-01
3.6066884e+01	8.2008705e-02
3.6088693e+01	1.2375789e-01
3.6110502e+01	1.4592284e-01
3.6132311e+01	1.1392560e-01
3.6154120e+01	5.3504324e-02
3.6175929e+01	-2.2083328e-02
3.6197738e+01	-6.4152037e-02
3.6219547e+01	6.6398045e-02
3.6241356e+01	-8.9742541e-03
3.6263165e+01	9.1150595e-03
3.6284974e+01	-4.2291245e-02
3.6306783e+01	-2.8913561e-02
3.6328592e+01	-6.1701139e-02
3.6350401e+01	-8.7005054e-02
3.6372209e+01	-1.8372211e-01
3.6394018e+01	-4.6480209e-02
3.6415827e+01	4.3145797e-02
3.6437636e+01	5.1377849e-02
3.6459445e+01	1.2317252e-01
3.6481254e+01	3.3621011e-01
3.6503063e+01	1.6217015e-01
3.6524872e+01	9.9203573e-02
3.6546681e+01	2.0723703e-02
3.6568490e+01	1.7305963e-02
3.6590299e+01	-7.6381765e-02
3.6612108e+01	-2.0544784e-02
3.6633917e+01	-9.0870670e-02
3.6655726e+01	-1.5089741e-02
3.6677535e+01	2.3394946e-01
3.6699344e+01	6.3053089e-01
3.6721152e+01	9.1480299e-01
3.6742961e+01	1.2361192e+00
3.6764770e+01	1.5939079e+00
3.6786579e+01	1.7974036e+00
3.6808388e+01	2.2645388e+00
3.6830197e+01	2.5470067e+00
3.6852006e+01	3.1203050e+00
3.6873815e+01	3.4755939e+00
3.6895624e+01	3.6727860e+00
3.6917433e+01	3.6309237e+00
3.6939242e+01	3.3725474e+00
3.6961051e+01	2.9793205e+00
3.6982860e+01	2.3226106e+00
3.7004669e+01	1.8178859e+00
3.7026478e+01	1.2597750e+00
3.7048287e+01	1.1108593e+00
3.7070095e+01	1.0828872e+00
3.7091904e+01	4.5025621e-01
3.7113713e+01	-4.7686325e-02
3.7135522e+01	3.5316102e-02
3.7157331e+01	8.9822973e-02
3.7179140e+01	-4.3940229e-02
3.7200949e+01	5.0649730e-02
3.7222758e+01	1.8432319e-01
3.7244567e+01	-8.6480503e-03
3.7266376e+01	-1.3695502e-01
3.7288185e+01	-6.8241825e-02
3.7309994e+01	-5.4774722e-03
3.7331803e+01	-1.0790764e-01
3.7353612e+01	-2.5436744e-03
3.7375421e+01	4.3286841e-02
3.7397230e+01	-4.1270018e-02
3.7419038e+01	1.2016182e-01
3.7440847e+01	3.3476354e-01
3.7462656e+01	6.1204671e-01
3.7484465e+01	9.7597708e-01
3.7506274e+01	8.0402436e-01
3.7528083e+01	3.3547925e-01
3.7549892e+01	5.7138475e-02
3.7571701e+01	4.4444019e-02
3.7593510e+01	1.0602286e-01
3.7615319e+01	-8.3848934e-02
3.7637128e+01	-1.2539929e-02
3.7658937e+01	-8.7925011e-02
3.7680746e+01	-6.8427522e-02
3.7702555e+01	-3.5601229e-02
3.7724364e+01	2.4106631e-02
3.7746173e+01	3.0292933e-02
3.7767981e+01	2.3721921e-02
3.7789790e+01	-5.1116414e-02
3.7811599e+01	5.7451031e-02
3.7833408e+01	-6.1281273e-02
3.7855217e+01	-7.9933961e-02
3.7877026e+01	-2.5717394e-02
3.7898835e+01	2.5505220e-02
3.7920644e+01	4.9276323e-02
3.7942453e+01	1.0515942e-01
3.7964262e+01	1.7371921e-01
3.7986071e+01	1.0541612e-01
3.8007880e+01	6.8811238e-02
3.8029689e+01	8.0025750e-02
3.8051498e+01	-1.4769351e-01
3.8073307e+01	-1.1414428e-01
3.8095116e+01	-6.2257282e-02
3.8116925e+01	-6.7785526e-02
3.8138733e+01	2.9966077e-01
3.8160542e+01	6.9044550e-01
3.8182351e+01	8.5149791e-01
3.8204160e+01	1.0878722e+00
3.8225969e+01	1.5024677e+00
3.8247778e+01	2.1095345e+00
3.8269587e+01	2.4487439e+00
3.8291396e+01	2.8580501e+00
3.8313205e+01	3.2916894e+00
3.8335014e+01	3.5872970e+00
3.8356823e+01	3.7865220e+00
3.8378632e+01	3.7978428e+00
3.8400441e+01	3.7573076e+00
3.8422250e+01	3.4659096e+00
3.8444059e+01	2.9721450e+00
3.8465868e+01	2.4982700e+00
3.8487676e+01	1.9495039e+00
3.8509485e+01	1.1680960e+00
3.8531294e+01	8.1193137e-01
3.8553103e+01	3.3304233e-01
3.8574912e+01	6.9932084e-02
3.8596721e+01	1.7259677e-01
3.8618530e+01	7.0868827e-02
3.8640339e+01	-5.8300630e-02
3.8662148e+01	-9.8923686e-02
3.8683957e+01	-4.6678538e-02
3.8705766e+01	-1.0106813e-01
3.8727575e+01	-2.0964000e-02
3.8749384e+01	8.0624064e-02
3.8771193e+01	7.8414498e-02
3.8793002e+01	-3.5945152e-02
3.8814811e+01	-9.2835007e-03
3.8836619e+01	2.5435411e-02
3.8858428e+01	-1.7235379e-02
3.8880237e+01	-8.4491457e-02
3.8902046e+01	-5.9652426e-02
3.8923855e+01	6.2855211e-02
3.8945664e+01	7.8948915e-02
3.8967473e+01	-2.4356895e-03
3.8989282e+01	4.5375432e-02
3.9011091e+01	-1.3563618e-02
3.9032900e+01	1.2029858e-02
3.9054709e+01	1.1345821e-01
3.9076518e+01	2.1187663e-03
3.9098327e+01	-2.1769876e-01
3.9120136e+01	-7.1201443e-03
3.9141945e+01	2.0952431e-02
3.9163754e+01	-5.2396170e-02
3.9185562e+01	7.4750791e-02
3.9207371e+01	-5.9789141e-03
3.9229180e+01	1.1051574e-01
3.9250989e+01	8.6433800e-02
3.9272798e+01	-6.7097018e-02
3.9294607e+01	-1.5477418e-01
3.9316416e+01	-7.3586979e-02
3.9338225e+01	4.3009383e-02
3.9360034e+01	9.9250252e-02
3.9381843e+01	-1.0885793e-01
3.9403652e+01	-2.9978886e-02
3.9425461e+01	2.6243408e-01
3.9447270e+01	1.0396337e-01
3.9469079e+01	1.5814826e-01
3.9490888e+01	-2.3701899e-02
3.9512697e+01	9.6005574e-02
3.9534505e+01	-1.0669915e-01
3.9556314e+01	-1.5564377e-01
3.9578123e+01	-1.4557543e-02
3.9599932e+01	1.7825138e-01
3.9621741e+01	4.3722558e-01
3.9643550e+01	6.2620533e-01
3.9665359e+01	8.4673545e-01
3.9687168e+01	1.2204318e+00
3.9708977e+01	1.4095281e+00
3.9730786e+01	1.7886342e+00
3.9752595e+01	2.3314269e+00
3.9774404e+01	2.3450931e+00
3.9796213e+01	2.5969126e+00
3.9818022e+01	2.7965221e+00
3.9839831e+01	2.8466975e+00
3.9861640e+01	3.1185286e+00
3.9883449e+01	2.9548872e+00
3.9905257e+01	2.3263012e+00
3.9927066e+01	1.8474053e+00
3.9948875e+01	1.0790154e+00
3.9970684e+01	4.9587324e-01
3.9992493e+01	3.9248869e-01
4.0014302e+01	1.1302382e-01
4.0036111e+01	-6.5758799e-02
4.0057920e+01	-1.0891030e-02
4.0079729e+01	1.2769841e-02
4.0101538e+01	-5.7708860e-02
4.0123347e+01	1.1291560e-01
4.0145156e+01	1.4287109e-02
4.0166965e+01	-1.7658531e-01
4.0188774e+01	-1.6854762e-01
4.0210583e+01	1.4542135e-01
4.0232392e+01	1.4543202e-01
4.0254200e+01	1.0410723e-01
4.0276009e+01	-6.1765768e-02
4.0297818e+01	-1.6367518e-02
4.0319627e+01	1.9774873e-02
4.0341436e+01	1.6955357e-02
4.0363245e+01	-2.1930197e-02
4.0385054e+01	-1.0948047e-01
4.0406863e+01	4.5809228e-01
4.0428672e+01	4.4362098e-01
4.0450481e+01	1.8722925e-01
4.0472290e+01	7.0147052e-02
4.0494099e+01	-2.0659560e-01
4.0515908e+01	-1.2275917e-01
4.0537717e+01	1.9169539e-01
4.0559526e+01	1.7863397e-01
4.0581335e+01	7.8533861e-02
4.0603143e+01	2.7904005e-04
4.0624952e+01	-8.2462293e-02
4.0646761e+01	7.4906774e-02
4.0668570e+01	1.1057761e-01
4.0690379e+01	1.2293897e-01
4.0712188e+01	-1.0831316e-01
4.0733997e+01	-2.0294711e-01
4.0755806e+01	-1.7611293e-01
4.0777615e+01	9.8983221e-02
4.0799424e+01	4.2140590e-02
4.0821233e+01	-6.6054174e-03
4.0843042e+01	2.5992719e-01
4.0864851e+01	1.1819331e-01
4.0886660e+01	4.4997377e-02
4.0908469e+01	-1.2758813e-01
4.0930278e+01	1.5984625e-01
4.0952086e+01	2.4304810e-02
4.0973895e+01	2.3495219e-02
4.0995704e+01	-7.2544048e-02
4.1017513e+01	-2.1609389e-01
4.1039322e+01	5.5365563e-03
4.1061131e+01	2.4239830e-01
4.1082940e+01	7.8905139e-02
4.1104749e+01	3.1151203e-01
4.1126558e+01	1.2949371e-01
4.1148367e+01	-2.9560891e-02
4.1170176e+01	-5.0996241e-02
4.1191985e+01	2.8138694e-01
4.1213794e+01	2.8547631e-01
4.1235603e+01	6.6777386e-02
4.1257412e+01	-1.4296166e-01
4.1279221e+01	-2.8839536e-02
4.1301029e+01	-4.5182648e-02
4.1322838e+01	1.5013832e-01
4.1344647e+01	-8.5367707e-03
4.1366456e+01	1.6671553e-01
4.1388265e+01	5.7554897e-02
4.1410074e+01	-9.2989337e-02
4.1431883e+01	1.9813573e-01
4.1453692e+01	3.0449740e-01
4.1475501e+01	-1.2012183e-01
4.1497310e+01	-1.8615793e-01
4.1519119e+01	-2.3314894e-02
4.1540928e+01	6.8039495e-02
4.1562737e+01	-1.0134953e-02
4.1584546e+01	6.9191654e-02
4.1606355e+01	-2.2716359e-02
4.1628164e+01	-1.3269027e-02
4.1649972e+01	5.8290243e-02
4.1671781e+01	3.7784876e-02
4.1693590e+01	1.9586713e-01
4.1715399e+01	-1.3996103e-01
4.1737208e+01	-2.5543625e-01
4.1759017e+01	1.5525910e-01
4.1780826e+01	1.7516021e-01
4.1802635e+01	2.9539100e-01
4.1824444e+01	-1.2376682e-02
4.1846253e+01	2.7384466e-02
4.1868062e+01	8.4481843e-02
4.1889871e+01	1.5660374e-01
4.1911680e+01	8.3462733e-02
4.1933489e+01	-1.7507685e-01
4.1955298e+01	1.5726828e-01
4.1977107e+01	-6.4360734e-02
4.1998916e+01	-2.6550273e-01
4.2020724e+01	5.2330362e-02
4.2042533e+01	5.6187731e-02
4.2064342e+01	2.9872432e-01
4.2086151e+01	-1.6177192e-02
4.2107960e+01	-5.3107478e-02
4.2129769e+01	2.2747952e-01
4.2151578e+01	1.4261059e-01
4.2173387e+01	2.1470771e-01
4.2195196e+01	-1.9077683e-01
4.2217005e+01	-1.0400670e-01
4.2238814e+01	1.0789466e-01
4.2260623e+01	4.0627506e-02
4.2282432e+01	-1.5889120e-02
4.2304241e+01	7.6453091e-02
4.2326050e+01	-2.6224443e-01
4.2347859e+01	2.3684718e-01
4.2369667e+01	9.7520233e-02
4.2391476e+01	3.7786533e-01
4.2413285e+01	5.7150281e-01
4.2435094e+01	6.7238263e-01
4.2456903e+01	7.9234167e-01
4.2478712e+01	1.0494538e+00
4.2500521e+01	1.4241459e+00
4.2522330e+01	1.7881608e+00
4.2544139e+01	1.8583155e+00
4.2565948e+01	2.1620938e+00
4.2587757e+01	2.2112755e+00
4.2609566e+01	2.2502136e+00
4.2631375e+01	1.9916429e+00
4.2653184e+01	1.7204354e+00
4.2674993e+01	1.1062828e+00
4.2696802e+01	5.7932209e-01
4.2718610e+01	6.0282112e-01
4.2740419e+01	1.4572371e-01
4.2762228e+01	-2.5498325e-02
4.2784037e+01	2.0333000e-02
4.2805846e+01	3.7881031e-02
4.2827655e+01	2.4255524e-02
4.2849464e+01	1.7887478e-01
4.2871273e+01	5.3480552e-02
4.2893082e+01	-2.1065711e-02
4.2914891e+01	-3.6446613e-01
4.2936700e+01	-9.7691208e-02
4.2958509e+01	1.2725419e-02
4.2980318e+01	1.5810128e-01
4.3002127e+01	1.0463479e-01
4.3023936e+01	-7.9350865e-02
4.3045745e+01	-4.5270887e-03
4.3067553e+01	-3.2156788e-04
4.3089362e+01	6.4281699e-02
4.3111171e+01	1.2640417e-02
4.3132980e+01	-1.9485115e-02
4.3154789e+01	1.6715411e-01
4.3176598e+01	-1.4439796e-01
4.3198407e+01	-1.4406530e-01
4.3220216e+01	2.0591331e-01
4.3242025e+01	1.1279419e-01
4.3263834e+01	-2.5968460e-02
4.3285643e+01	-1.8088777e-01
4.3307452e+01	3.1157169e-02
4.3329261e+01	2.9482483e-01
4.3351070e+01	1.5207283e-01
4.3372879e+01	4.2587262e-01
4.3394688e+01	5.5332532e-01
4.3416496e+01	6.2487268e-01
4.3438305e+01	6.2039630e-01
4.3460114e+01	6.8976778e-01
4.3481923e+01	5.0964869e-01
4.3503732e+01	3.6845962e-01
4.3525541e+01	2.6614767e-01
4.3547350e+01	8.5116673e-02
4.3569159e+01	3.6152435e-01
4.3590968e+01	-9.9015471e-02
4.3612777e+01	-5.4854512e-03
4.3634586e+01	7.1688904e-01
4.3656395e+01	1.3539122e+00
4.3678204e+01	1.5858974e+00
4.3700013e+01	2.3884147e+00
4.3721822e+01	2.9713065e+00
4.3743631e+01	3.6326039e+00
4.3765439e+01	4.1822252e+00
4.3787248e+01	4.9879306e+00
4.3809057e+01	5.9746914e+00
4.3830866e+01	6.6968887e+00
4.3852675e+01	7.4394980e+00
4.3874484e+01	8.1676783e+00
4.3896293e+01	8.1716348e+00
4.3918102e+01	7.6684530e+00
4.3939911e+01	6.6335679e+00
4.3961720e+01	5.7064828e+00
4.3983529e+01	4.1250030e+00
4.4005338e+01	2.7400687e+00
4.4027147e+01	1.7631301e+00
4.4048956e+01	1.0348195e+00
4.4070765e+01	5.6644602e-01
4.4092574e+01	6.7312101e-01
4.4114383e+01	4.3778258e-01
4.4136191e+01	6.7425909e-02
4.4158000e+01	-4.5931217e-02
4.4179809e+01	1.5402260e-01
4.4201618e+01	3.9641323e-01
4.4223427e+01	4.1405739e-01
4.4245236e+01	-5.8116773e-02
4.4267045e+01	-2.4746514e-01
4.4288854e+01	1.7000615e-01
4.4310663e+01	5.2645581e-01
4.4332472e+01	-1.1067170e-01
4.4354281e+01	4.2736811e-02
4.4376090e+01	-6.9090559e-02
4.4397899e+01	1.1172829e-01
4.4419708e+01	1.7947109e-01
4.4441517e+01	1.6561661e-01
4.4463326e+01	2.0408228e-01
4.4485134e+01	1.7572954e-01
4.4506943e+01	-2.1942387e-02
4.4528752e+01	-5.2550067e-01
4.4550561e+01	-9.4346650e-02
4.4572370e+01	8.5650415e-03
4.4594179e+01	1.3976342e-01
4.4615988e+01	9.4281630e-02
4.4637797e+01	4.5810150e-01
4.4659606e+01	1.5435676e-01
4.4681415e+01	-5.2295157e-02
4.4703224e+01	-1.0259045e-01
4.4725033e+01	1.5978835e-01
4.4746842e+01	7.1764237e-02
4.4768651e+01	6.2332530e-02
4.4790460e+01	-1.6194578e-01
4.4812269e+01	7.9283197e-02
4.4834077e+01	2.9324351e-01
4.4855886e+01	3.3209938e-01
4.4877695e+01	-9.6201823e-03
4.4899504e+01	-5.9546375e-02
4.4921313e+01	3.8580691e-01
4.4943122e+01	1.1106322e+00
4.4964931e+01	1.6540675e+00
4.4986740e+01	1.5449427e+00