Image file: \\Gfs05\g45\SAXS\2020_12\HDF5\2020-12.10_Kevin_day2_SN\2020-12-10_Max_Cu123_SN_000017_data_000060.h5
ImageIntegration1d_chi_output; Output_Directory= \\Gfs05\g45\SAXS\2020_12\Processed\2020-12-09_Kevin_day1_SN\Chi-Sample-7
Profile = Radial, StartAzimuth = 0.0, EndAzimuth = 360.0, Sam_Det_distance = 250.818474293, InnerRadius = 15.0, OuterRadius = 2400.0, Lambda = 30, Ratio = 0.001, Itermax = 100
2400
2.0013229e+00	1.0797063e-01
2.0231319e+00	-6.1727749e-02
2.0449408e+00	-3.0462807e-02
2.0667497e+00	-2.6509277e-02
2.0885587e+00	-1.5023230e-02
2.1103676e+00	3.5081172e-02
2.1321765e+00	-4.6620031e-02
2.1539855e+00	6.2557089e-02
2.1757944e+00	8.5315717e-02
2.1976034e+00	3.5909646e-02
2.2194123e+00	-1.6742306e-01
2.2412212e+00	4.0204167e-02
2.2630302e+00	-1.3238041e-01
2.2848391e+00	-5.8953737e-02
2.3066480e+00	6.3087061e-03
2.3284570e+00	1.5376290e-01
2.3502659e+00	-2.1090022e-02
2.3720749e+00	6.2650113e-03
2.3938838e+00	3.9999410e-02
2.4156927e+00	5.7449173e-02
2.4375017e+00	3.1999847e-02
2.4593106e+00	-2.7265137e-02
2.4811196e+00	-2.2739598e-02
2.5029285e+00	5.6300739e-02
2.5247374e+00	2.2231244e-01
2.5465464e+00	4.8096428e-02
2.5683553e+00	-1.9192344e-01
2.5901642e+00	-2.4859122e-01
2.6119732e+00	-4.8753614e-02
2.6337821e+00	1.7345807e-01
2.6555911e+00	-7.6268110e-02
2.6774000e+00	8.2405351e-02
2.6992089e+00	7.3147685e-02
2.7210179e+00	8.0793027e-02
2.7428268e+00	-1.2765782e-01
2.7646358e+00	-1.5303152e-02
2.7864447e+00	1.6296778e-01
2.8082536e+00	1.0768425e-01
2.8300626e+00	3.4382308e-02
2.8518715e+00	-2.1553633e-01
2.8736804e+00	-9.0604971e-02
2.8954894e+00	3.9548609e-02
2.9172983e+00	-3.2678649e-02
2.9391073e+00	-1.0681939e-01
2.9609162e+00	1.3752428e-01
2.9827251e+00	1.0619755e-01
3.0045341e+00	1.1753990e-01
3.0263430e+00	1.8627203e-01
3.0481519e+00	-1.3691631e-01
3.0699609e+00	-1.9940735e-01
3.0917698e+00	-4.5394649e-02
3.1135788e+00	3.1317125e-02
3.1353877e+00	1.8576688e-02
3.1571966e+00	1.1387610e-01
3.1790056e+00	-6.0782046e-02
3.2008145e+00	3.5139461e-02
3.2226235e+00	-1.1667789e-03
3.2444324e+00	-1.1130720e-01
3.2662413e+00	4.0568059e-01
3.2880503e+00	2.8681793e-01
3.3098592e+00	3.7115405e-02
3.3316681e+00	-3.4334280e-02
3.3534771e+00	-9.4317143e-03
3.3752860e+00	1.5662216e-02
3.3970950e+00	-1.1352640e-01
3.4189039e+00	5.3063828e-02
3.4407128e+00	6.1060222e-02
3.4625218e+00	3.7677304e-02
3.4843307e+00	-2.4606147e-02
3.5061396e+00	7.6566804e-02
3.5279486e+00	-6.3941422e-02
3.5497575e+00	-6.9556114e-02
3.5715665e+00	3.0181823e-03
3.5933754e+00	1.4687187e-01
3.6151843e+00	7.7196920e-02
3.6369933e+00	-1.1424690e-01
3.6588022e+00	-1.5347665e-01
3.6806112e+00	1.3306561e-02
3.7024201e+00	5.1758384e-02
3.7242290e+00	6.1062014e-02
3.7460380e+00	1.3815161e-01
3.7678469e+00	2.9935107e-03
3.7896558e+00	-1.3788582e-01
3.8114648e+00	-1.0146754e-01
3.8332737e+00	-3.7729776e-02
3.8550827e+00	4.2250227e-02
3.8768916e+00	5.9687116e-02
3.8987005e+00	-3.3178097e-02
3.9205095e+00	-3.0946457e-02
3.9423184e+00	4.2531161e-02
3.9641273e+00	4.6465667e-02
3.9859363e+00	1.4236409e-01
4.0077452e+00	-1.1536190e-01
4.0295542e+00	1.1038607e-01
4.0513631e+00	8.4054494e-02
4.0731720e+00	-4.5500869e-02
4.0949810e+00	-1.9532235e-01
4.1167899e+00	-1.7266332e-01
4.1385989e+00	1.6115752e-01
4.1604078e+00	4.7379840e-02
4.1822167e+00	-7.9957379e-02
4.2040257e+00	4.5232460e-02
4.2258346e+00	1.5652685e-02
4.2476435e+00	6.1724827e-02
4.2694525e+00	9.2331041e-02
4.2912614e+00	4.7516130e-02
4.3130704e+00	1.3897871e-01
4.3348793e+00	-1.0902471e-02
4.3566882e+00	-3.3277117e-01
4.3784972e+00	-2.2568820e-01
4.4003061e+00	1.6607991e-02
4.4221151e+00	1.3812389e-01
4.4439240e+00	1.9234858e-02
4.4657329e+00	1.9787882e-01
4.4875419e+00	-9.4029614e-02
4.5093508e+00	1.0741574e-01
4.5311597e+00	1.7854096e-01
4.5529687e+00	-1.9576743e-01
4.5747776e+00	-1.2986766e-02
4.5965866e+00	1.8062319e-01
4.6183955e+00	5.0067017e-02
4.6402044e+00	-1.8942710e-01
4.6620134e+00	-2.7442571e-02
4.6838223e+00	-5.9997646e-02
4.7056312e+00	5.4881446e-02
4.7274402e+00	2.9175731e-02
4.7492491e+00	-1.2907023e-02
4.7710581e+00	7.5362157e-02
4.7928670e+00	1.1203495e-01
4.8146759e+00	-1.1150318e-01
4.8364849e+00	-5.9084837e-02
4.8582938e+00	-1.2780128e-02
4.8801028e+00	3.9833656e-02
4.9019117e+00	-3.4689291e-02
4.9237206e+00	1.4858724e-01
4.9455296e+00	9.5428003e-02
4.9673385e+00	-1.4643043e-01
4.9891474e+00	-3.5532820e-02
5.0109564e+00	5.6837906e-02
5.0327653e+00	-1.0832351e-01
5.0545743e+00	-1.5426948e-01
5.0763832e+00	9.6940278e-03
5.0981921e+00	1.1034625e-01
5.1200011e+00	7.3715998e-02
5.1418100e+00	1.2064353e-01
5.1636189e+00	-4.8727439e-02
5.1854279e+00	-7.8832042e-02
5.2072368e+00	-5.3615882e-02
5.2290458e+00	1.7323646e-02
5.2508547e+00	1.3289664e-01
5.2726636e+00	6.5015330e-02
5.2944726e+00	3.6284141e-02
5.3162815e+00	-1.6845764e-01
5.3380905e+00	-4.6315575e-02
5.3598994e+00	1.4338394e-01
5.3817083e+00	-1.1723540e-01
5.4035173e+00	-4.4756627e-02
5.4253262e+00	-1.0802623e-01
5.4471351e+00	1.4006847e-01
5.4689441e+00	5.3483667e-02
5.4907530e+00	2.7128903e-02
5.5125620e+00	-7.4598326e-03
5.5343709e+00	6.1030429e-02
5.5561798e+00	1.3626971e-02
5.5779888e+00	-8.7725708e-02
5.5997977e+00	-1.4194820e-01
5.6216066e+00	2.1832963e-01
5.6434156e+00	1.4073437e-01
5.6652245e+00	-3.5549260e-02
5.6870335e+00	-1.1677302e-01
5.7088424e+00	4.3265374e-03
5.7306513e+00	7.6307002e-02
5.7524603e+00	7.0392040e-02
5.7742692e+00	-9.8548114e-02
5.7960782e+00	-9.0198011e-02
5.8178871e+00	-1.2547564e-01
5.8396960e+00	5.7795156e-02
5.8615050e+00	3.1145851e-02
5.8833139e+00	2.3271149e-01
5.9051228e+00	1.6256311e-01
5.9269318e+00	-5.5580745e-02
5.9487407e+00	-6.8935644e-02
5.9705497e+00	-1.2912716e-01
5.9923586e+00	1.1585385e-02
6.0141675e+00	1.5514371e-01
6.0359765e+00	-6.2438756e-02
6.0577854e+00	1.3039075e-01
6.0795944e+00	9.8419613e-02
6.1014033e+00	-1.7384161e-02
6.1232122e+00	-6.6882016e-02
6.1450212e+00	-1.5427354e-01
6.1668301e+00	-4.5484550e-02
6.1886390e+00	-1.0532451e-01
6.2104480e+00	1.2265748e-01
6.2322569e+00	9.4106838e-02
6.2540659e+00	3.6737027e-02
6.2758748e+00	4.9553663e-02
6.2976837e+00	-1.8753944e-01
6.3194927e+00	-4.2782324e-03
6.3413016e+00	3.9795600e-02
6.3631105e+00	1.8774753e-02
6.3849195e+00	-5.0874807e-02
6.4067284e+00	5.6738646e-03
6.4285374e+00	6.7681619e-04
6.4503463e+00	5.0343470e-03
6.4721552e+00	1.1842724e-01
6.4939642e+00	4.2724781e-02
6.5157731e+00	-6.2500386e-03
6.5375821e+00	-1.0487505e-02
6.5593910e+00	-1.9799870e-02
6.5811999e+00	-3.7954252e-02
6.6030089e+00	4.2039564e-02
6.6248178e+00	2.3301165e-02
6.6466267e+00	-1.0415556e-01
6.6684357e+00	-1.2124490e-01
6.6902446e+00	7.8203362e-02
6.7120536e+00	2.7677870e-01
6.7338625e+00	2.7029956e-01
6.7556714e+00	8.4172863e-03
6.7774804e+00	-2.9470293e-02
6.7992893e+00	-5.9239317e-02
6.8210982e+00	2.0993766e-01
6.8429072e+00	7.2865075e-02
6.8647161e+00	-1.0303889e-01
6.8865251e+00	-1.0472337e-01
6.9083340e+00	-9.5378258e-02
6.9301429e+00	-1.4090797e-01
6.9519519e+00	-5.7410683e-03
6.9737608e+00	2.1136966e-01
6.9955698e+00	2.6966652e-01
7.0173787e+00	2.2658507e-01
7.0391876e+00	5.8827905e-02
7.0609966e+00	1.4998740e-02
7.0828055e+00	-3.4818959e-02
7.1046144e+00	7.9636008e-03
7.1264234e+00	-1.8890192e-01
7.1482323e+00	-5.9287757e-02
7.1700413e+00	7.1278539e-02
7.1918502e+00	7.7108997e-02
7.2136591e+00	-3.0666573e-03
7.2354681e+00	4.3143075e-03
7.2572770e+00	-3.7601317e-02
7.2790859e+00	6.6036730e-02
7.3008949e+00	6.4730315e-02
7.3227038e+00	4.0161201e-03
7.3445128e+00	-9.6153046e-02
7.3663217e+00	-9.5886987e-02
7.3881306e+00	-3.2064804e-02
7.4099396e+00	4.8306240e-02
7.4317485e+00	1.5428940e-02
7.4535575e+00	1.4163132e-01
7.4753664e+00	2.5467746e-01
7.4971753e+00	-9.6669100e-02
7.5189843e+00	-1.0469647e-02
7.5407932e+00	-2.2729157e-01
7.5626021e+00	6.3206292e-02
7.5844111e+00	2.4520453e-02
7.6062200e+00	-3.1363712e-02
7.6280290e+00	2.6238544e-01
7.6498379e+00	3.0569530e-01
7.6716468e+00	6.0020512e-02
7.6934558e+00	3.1461338e-01
7.7152647e+00	2.7315259e-01
7.7370737e+00	6.3806207e-02
7.7588826e+00	-2.1364681e-01
7.7806915e+00	-1.0746580e-01
7.8025005e+00	6.5284402e-02
7.8243094e+00	-1.7784130e-02
7.8461183e+00	-6.3965601e-02
7.8679273e+00	-4.4891027e-02
7.8897362e+00	1.0540712e-01
7.9115452e+00	1.0251600e-01
7.9333541e+00	-9.9002347e-02
7.9551630e+00	-7.0632146e-02
7.9769720e+00	-3.5153920e-02
7.9987809e+00	1.0895963e-01
8.0205898e+00	3.1658817e-02
8.0423988e+00	1.0363772e-01
8.0642077e+00	1.1839644e-01
8.0860167e+00	-2.0237494e-01
8.1078256e+00	-1.4742779e-02
8.1296345e+00	4.7893322e-02
8.1514435e+00	2.3461634e-02
8.1732524e+00	-4.1071826e-02
8.1950614e+00	-1.0454054e-01
8.2168703e+00	-1.5392678e-02
8.2386792e+00	1.1352910e-02
8.2604882e+00	9.5603899e-02
8.2822971e+00	4.2556418e-02
8.3041060e+00	-7.2375134e-02
8.3259150e+00	-3.2506081e-02
8.3477239e+00	2.7731189e-02
8.3695329e+00	5.3030560e-03
8.3913418e+00	6.8542932e-02
8.4131507e+00	1.6704681e-01
8.4349597e+00	-6.5593502e-02
8.4567686e+00	-1.5981253e-01
8.4785775e+00	2.4639031e-02
8.5003865e+00	-8.0031551e-02
8.5221954e+00	1.4781447e-01
8.5440044e+00	-2.4475941e-02
8.5658133e+00	-1.2454734e-01
8.5876222e+00	9.3772894e-02
8.6094312e+00	-8.5037305e-02
8.6312401e+00	4.8449411e-02
8.6530491e+00	9.5419488e-02
8.6748580e+00	1.4615786e-01
8.6966669e+00	-4.3766447e-03
8.7184759e+00	-1.9620937e-01
8.7402848e+00	-1.6018992e-02
8.7620937e+00	7.7020598e-03
8.7839027e+00	1.2930740e-02
8.8057116e+00	5.6539812e-02
8.8275206e+00	-4.2334928e-02
8.8493295e+00	-1.4930612e-01
8.8711384e+00	-9.0558988e-02
8.8929474e+00	9.6838952e-02
8.9147563e+00	1.2760640e-01
8.9365652e+00	9.4939606e-02
8.9583742e+00	1.0987635e-02
8.9801831e+00	4.5020111e-02
9.0019921e+00	1.5709226e-01
9.0238010e+00	3.3127350e-01
9.0456099e+00	-1.8650372e-01
9.0674189e+00	-1.4935409e-01
9.0892278e+00	8.0124304e-03
9.1110368e+00	1.7131206e-02
9.1328457e+00	-1.0632091e-01
9.1546546e+00	-4.4649518e-02
9.1764636e+00	-1.7706540e-02
9.1982725e+00	1.9327068e-01
9.2200814e+00	1.9214385e-02
9.2418904e+00	2.5674822e-02
9.2636993e+00	7.7650625e-02
9.2855083e+00	-3.9238425e-02
9.3073172e+00	5.3737175e-02
9.3291261e+00	2.0063310e-01
9.3509351e+00	5.0012053e-03
9.3727440e+00	-2.7823133e-01
9.3945530e+00	4.2880298e-02
9.4163619e+00	2.6187280e-02
9.4381708e+00	-1.1918860e-01
9.4599798e+00	1.3584363e-01
9.4817887e+00	1.7403562e-01
9.5035976e+00	-2.0854692e-01
9.5254066e+00	-1.6429837e-02
9.5472155e+00	1.1233453e-01
9.5690245e+00	-1.4862809e-01
9.5908334e+00	-5.6748581e-02
9.6126423e+00	2.3699291e-02
9.6344513e+00	7.9423701e-02
9.6562602e+00	4.9534447e-02
9.6780691e+00	1.1749267e-01
9.6998781e+00	-2.6109606e-02
9.7216870e+00	-4.6740952e-02
9.7434960e+00	-9.5966341e-02
9.7653049e+00	1.1635954e-01
9.7871138e+00	1.3664247e-01
9.8089228e+00	9.6691402e-03
9.8307317e+00	-1.7418820e-01
9.8525407e+00	-2.5874852e-02
9.8743496e+00	1.3225905e-01
9.8961585e+00	9.5724152e-02
9.9179675e+00	-6.2752258e-02
9.9397764e+00	-2.6549430e-01
9.9615853e+00	-6.0293004e-02
9.9833943e+00	-9.7915930e-03
1.0005203e+01	1.5080581e-01
1.0027012e+01	1.8623404e-01
1.0048821e+01	1.1686664e-02
1.0070630e+01	-1.6250042e-01
1.0092439e+01	-6.4631963e-02
1.0114248e+01	1.6792388e-01
1.0136057e+01	3.0887270e-01
1.0157866e+01	5.0631737e-02
1.0179675e+01	4.7719731e-02
1.0201484e+01	1.0118028e-01
1.0223293e+01	3.6319042e-01
1.0245102e+01	1.1141443e-01
1.0266910e+01	-2.0808711e-01
1.0288719e+01	-2.1353700e-01
1.0310528e+01	-1.2099808e-02
1.0332337e+01	9.7585575e-01
1.0354146e+01	1.7685758e+00
1.0375955e+01	2.7125574e+00
1.0397764e+01	2.9698838e+00
1.0419573e+01	3.2067390e+00
1.0441382e+01	4.0808661e+00
1.0463191e+01	4.9601472e+00
1.0485000e+01	5.8052026e+00
1.0506809e+01	6.9368062e+00
1.0528618e+01	7.9010022e+00
1.0550427e+01	8.5331367e+00
1.0572236e+01	8.9759819e+00
1.0594045e+01	8.9930508e+00
1.0615853e+01	9.3986005e+00
1.0637662e+01	9.3742292e+00
1.0659471e+01	8.4593911e+00
1.0681280e+01	6.8189141e+00
1.0703089e+01	5.3822374e+00
1.0724898e+01	3.7847681e+00
1.0746707e+01	2.6434994e+00
1.0768516e+01	1.6964173e+00
1.0790325e+01	1.0230081e+00
1.0812134e+01	6.9886567e-01
1.0833943e+01	3.6984327e-01
1.0855752e+01	4.9653092e-01
1.0877561e+01	1.5137239e-01
1.0899370e+01	5.5545850e-02
1.0921179e+01	-1.9564280e-01
1.0942988e+01	4.7001348e-02
1.0964796e+01	1.3964960e-01
1.0986605e+01	-1.8992071e-01
1.1008414e+01	1.8715688e-01
1.1030223e+01	3.8914948e-01
1.1052032e+01	5.0059965e-01
1.1073841e+01	5.8134275e-01
1.1095650e+01	7.9869367e-01
1.1117459e+01	1.0600480e+00
1.1139268e+01	1.7343422e+00
1.1161077e+01	1.8729530e+00
1.1182886e+01	1.7813167e+00
1.1204695e+01	2.2733912e+00
1.1226504e+01	2.6467557e+00
1.1248313e+01	2.3310750e+00
1.1270122e+01	1.1780736e+00
1.1291931e+01	4.4282505e-01
1.1313740e+01	8.3308881e-02
1.1335548e+01	7.9774633e-02
1.1357357e+01	4.9622136e-03
1.1379166e+01	-4.0281276e-02
1.1400975e+01	-1.0043182e-01
1.1422784e+01	-2.1404645e-01
1.1444593e+01	1.3865146e-02
1.1466402e+01	9.9112142e-02
1.1488211e+01	-1.4087630e-01
1.1510020e+01	-1.1126425e-02
1.1531829e+01	1.2010224e-01
1.1553638e+01	1.7649158e-01
1.1575447e+01	-4.3942701e-02
1.1597256e+01	-3.5895216e-02
1.1619065e+01	8.6514382e-03
1.1640874e+01	-1.0266661e-01
1.1662683e+01	2.2227033e-02
1.1684491e+01	-1.0974840e-01
1.1706300e+01	1.6383680e-01
1.1728109e+01	7.1444291e-02
1.1749918e+01	9.3712332e-02
1.1771727e+01	1.9655555e-02
1.1793536e+01	-1.7538516e-01
1.1815345e+01	-7.0763171e-02
1.1837154e+01	-1.0661676e-01
1.1858963e+01	6.8242972e-02
1.1880772e+01	1.4147851e-01
1.1902581e+01	2.2988381e-01
1.1924390e+01	-8.2222956e-02
1.1946199e+01	-2.8647988e-02
1.1968008e+01	2.1291771e-02
1.1989817e+01	-9.9710437e-02
1.2011626e+01	8.0557092e-02
1.2033434e+01	2.5735537e-01
1.2055243e+01	1.2373756e-02
1.2077052e+01	1.0197041e-01
1.2098861e+01	-1.5811195e-01
1.2120670e+01	-2.1138307e-01
1.2142479e+01	-1.1213038e-01
1.2164288e+01	7.9206718e-02
1.2186097e+01	1.6409123e-01
1.2207906e+01	3.7365635e-01
1.2229715e+01	1.6907048e-01
1.2251524e+01	-7.4140276e-02
1.2273333e+01	1.7554603e-01
1.2295142e+01	-1.7919854e-02
1.2316951e+01	-1.6935126e-01
1.2338760e+01	4.4532196e-02
1.2360569e+01	1.1423682e-01
1.2382377e+01	-5.9159826e-02
1.2404186e+01	-2.4740881e-01
1.2425995e+01	-7.7301885e-02
1.2447804e+01	1.8520916e-01
1.2469613e+01	1.4913071e-01
1.2491422e+01	1.2554875e-01
1.2513231e+01	-1.3853024e-01
1.2535040e+01	-1.2949195e-01
1.2556849e+01	1.0309241e-01
1.2578658e+01	1.1295383e-01
1.2600467e+01	-2.5755636e-03
1.2622276e+01	3.5211108e-02
1.2644085e+01	-1.2120757e-01
1.2665894e+01	-1.3027396e-02
1.2687703e+01	1.0464880e-01
1.2709512e+01	1.0063095e-01
1.2731320e+01	2.4490380e-01
1.2753129e+01	-7.6467153e-02
1.2774938e+01	-4.5360535e-01
1.2796747e+01	-1.7363185e-01
1.2818556e+01	1.1964344e-01
1.2840365e+01	1.7742528e-01
1.2862174e+01	-9.9433385e-02
1.2883983e+01	3.4222422e-02
1.2905792e+01	1.3405877e-01
1.2927601e+01	1.9871499e-01
1.2949410e+01	-1.2423545e-02
1.2971219e+01	1.0957432e-01
1.2993028e+01	-7.6564649e-02
1.3014837e+01	1.4000967e-02
1.3036646e+01	6.6820214e-02
1.3058455e+01	3.6439361e-01
1.3080264e+01	8.0244614e-01
1.3102072e+01	6.3418416e-01
1.3123881e+01	-2.2017993e-01
1.3145690e+01	-1.9125090e-02
1.3167499e+01	8.2366008e-02
1.3189308e+01	2.3378456e-01
1.3211117e+01	6.0762873e-02
1.3232926e+01	1.0631476e-01
1.3254735e+01	1.0938594e-01
1.3276544e+01	1.5955986e-01
1.3298353e+01	-2.7385795e-01
1.3320162e+01	-3.1237259e-01
1.3341971e+01	-4.3006455e-01
1.3363780e+01	-1.5752896e-02
1.3385589e+01	8.0054773e-02
1.3407398e+01	1.6665337e-01
1.3429207e+01	6.9676103e-02
1.3451015e+01	1.8268795e-01
1.3472824e+01	1.4665414e-01
1.3494633e+01	-6.8611461e-02
1.3516442e+01	2.0195628e-01
1.3538251e+01	3.5084994e-01
1.3560060e+01	6.0938047e-03
1.3581869e+01	-7.6551464e-02
1.3603678e+01	4.1847083e-02
1.3625487e+01	-2.1275430e-02
1.3647296e+01	3.8745765e-02
1.3669105e+01	-1.1206507e-01
1.3690914e+01	-2.0618976e-01
1.3712723e+01	1.1499806e-01
1.3734532e+01	-9.5738297e-02
1.3756341e+01	1.6814485e-02
1.3778150e+01	1.4343760e-01
1.3799958e+01	3.3995279e-02
1.3821767e+01	4.0613929e-02
1.3843576e+01	1.0850972e-01
1.3865385e+01	6.7835111e-02
1.3887194e+01	-3.7446828e-02
1.3909003e+01	-1.3005437e-01
1.3930812e+01	-2.1543433e-01
1.3952621e+01	2.5279412e-02
1.3974430e+01	2.5143809e-01
1.3996239e+01	6.6019171e-02
1.4018048e+01	-6.0642649e-02
1.4039857e+01	1.1031655e-02
1.4061666e+01	6.4439874e-02
1.4083475e+01	-4.9900069e-02
1.4105284e+01	1.4112126e-01
1.4127093e+01	4.6082908e-02
1.4148901e+01	-1.3737979e-01
1.4170710e+01	-5.1874266e-02
1.4192519e+01	-9.3577792e-02
1.4214328e+01	2.6937770e-02
1.4236137e+01	-1.1781559e-01
1.4257946e+01	9.0510427e-02
1.4279755e+01	1.8166204e-01
1.4301564e+01	7.6478582e-02
1.4323373e+01	8.1587102e-02
1.4345182e+01	-9.8362271e-02
1.4366991e+01	-5.8166402e-03
1.4388800e+01	-1.0386175e-01
1.4410609e+01	-1.7290724e-02
1.4432418e+01	9.5747001e-02
1.4454227e+01	6.7541743e-02
1.4476036e+01	-3.2742292e-02
1.4497844e+01	-8.4217757e-02
1.4519653e+01	1.2368336e-02
1.4541462e+01	1.3366375e-01
1.4563271e+01	7.6152983e-02
1.4585080e+01	-4.5822752e-02
1.4606889e+01	-3.1363726e-02
1.4628698e+01	-1.2901454e-01
1.4650507e+01	-2.1471109e-01
1.4672316e+01	3.4468985e-02
1.4694125e+01	-1.7571950e-02
1.4715934e+01	-4.8476406e-02
1.4737743e+01	1.8205421e-01
1.4759552e+01	5.7411646e-02
1.4781361e+01	-6.3835903e-02
1.4803170e+01	1.2195386e-01
1.4824979e+01	4.2015046e-01
1.4846787e+01	6.7333358e-01
1.4868596e+01	1.0045251e+00
1.4890405e+01	1.3331777e+00
1.4912214e+01	1.4183973e+00
1.4934023e+01	1.3546335e+00
1.4955832e+01	1.1597821e+00
1.4977641e+01	1.2825108e+00
1.4999450e+01	1.4790254e+00
1.5021259e+01	1.5736977e+00
1.5043068e+01	1.4547683e+00
1.5064877e+01	1.4672891e+00
1.5086686e+01	1.1099868e+00
1.5108495e+01	5.6921310e-01
1.5130304e+01	2.5838782e-01
1.5152113e+01	1.4101083e-01
1.5173922e+01	-1.0409778e-01
1.5195731e+01	-3.6197028e-02
1.5217539e+01	-1.3511134e-01
1.5239348e+01	2.9382663e-02
1.5261157e+01	-4.2137130e-02
1.5282966e+01	-5.1941481e-02
1.5304775e+01	-7.1062343e-02
1.5326584e+01	1.7746299e-01
1.5348393e+01	7.5244407e-02
1.5370202e+01	2.9686423e-01
1.5392011e+01	4.1256232e-01
1.5413820e+01	1.9053199e-01
1.5435629e+01	-1.6581034e-01
1.5457438e+01	-1.4822678e-01
1.5479247e+01	-4.9097509e-02
1.5501056e+01	4.3716013e-02
1.5522865e+01	1.0754195e-02
1.5544674e+01	-1.1613464e-02
1.5566482e+01	7.3419891e-02
1.5588291e+01	1.1060746e-02
1.5610100e+01	4.4673475e-02
1.5631909e+01	3.1680462e-01
1.5653718e+01	3.4025228e-01
1.5675527e+01	2.9070909e-01
1.5697336e+01	8.2068560e-02
1.5719145e+01	2.3161593e-02
1.5740954e+01	-1.6001650e-01
1.5762763e+01	-1.6389197e-01
1.5784572e+01	3.6519715e-02
1.5806381e+01	-6.5544968e-02
1.5828190e+01	-3.2113162e-02
1.5849999e+01	1.2359195e-02
1.5871808e+01	1.0543584e-01
1.5893617e+01	1.4498353e-01
1.5915425e+01	2.0766721e-02
1.5937234e+01	-1.0413269e-01
1.5959043e+01	7.7706166e-04
1.5980852e+01	-1.0438503e-02
1.6002661e+01	-1.4937228e-03
1.6024470e+01	2.3127562e-02
1.6046279e+01	7.2700220e-02
1.6068088e+01	-3.7878296e-02
1.6089897e+01	-1.3671502e-02
1.6111706e+01	5.6744923e-02
1.6133515e+01	-1.4131452e-01
1.6155324e+01	-5.9517468e-02
1.6177133e+01	-8.2156228e-02
1.6198942e+01	3.1769129e-02
1.6220751e+01	1.3322158e-01
1.6242560e+01	9.7528487e-02
1.6264368e+01	-3.8044468e-02
1.6286177e+01	-5.1854006e-02
1.6307986e+01	9.6115534e-02
1.6329795e+01	1.0098156e-01
1.6351604e+01	-1.3402188e-01
1.6373413e+01	-1.4634444e-01
1.6395222e+01	2.8263456e-02
1.6417031e+01	1.1921634e-01
1.6438840e+01	1.9319177e-02
1.6460649e+01	-8.7458906e-02
1.6482458e+01	8.5010135e-02
1.6504267e+01	1.0878018e-01
1.6526076e+01	-5.0698983e-02
1.6547885e+01	-1.6251884e-01
1.6569694e+01	3.9131387e-02
1.6591503e+01	4.8227265e-01
1.6613311e+01	7.4608303e-01
1.6635120e+01	8.0134880e-01
1.6656929e+01	1.0447782e+00
1.6678738e+01	9.3961849e-01
1.6700547e+01	7.1605189e-01
1.6722356e+01	8.3808966e-01
1.6744165e+01	1.0406760e+00
1.6765974e+01	1.2136631e+00
1.6787783e+01	1.4617541e+00
1.6809592e+01	1.4392344e+00
1.6831401e+01	9.8948392e-01
1.6853210e+01	7.5067805e-01
1.6875019e+01	5.4327994e-01
1.6896828e+01	2.0488777e-01
1.6918637e+01	-1.2657298e-01
1.6940446e+01	2.2209776e-02
1.6962254e+01	1.8086501e-01
1.6984063e+01	3.9612652e-02
1.7005872e+01	-1.4737290e-01
1.7027681e+01	-4.4717997e-02
1.7049490e+01	-3.0791740e-02
1.7071299e+01	-2.8883598e-03
1.7093108e+01	-8.9524632e-03
1.7114917e+01	1.7753469e-02
1.7136726e+01	-1.0879903e-01
1.7158535e+01	5.5683449e-02
1.7180344e+01	-3.0836590e-04
1.7202153e+01	9.8671809e-02
1.7223962e+01	6.4049518e-02
1.7245771e+01	-6.1252714e-02
1.7267580e+01	1.1370823e-02
1.7289389e+01	-2.1468062e-02
1.7311198e+01	3.4782305e-02
1.7333006e+01	2.2306516e-02
1.7354815e+01	1.6208926e-02
1.7376624e+01	-7.9216297e-02
1.7398433e+01	-8.5675837e-02
1.7420242e+01	-6.8734348e-02
1.7442051e+01	9.7250904e-02
1.7463860e+01	1.1210820e-01
1.7485669e+01	3.4885862e-02
1.7507478e+01	-5.0542926e-02
1.7529287e+01	-1.2320263e-01
1.7551096e+01	-2.5984694e-02
1.7572905e+01	2.1144973e-02
1.7594714e+01	1.1200587e-01
1.7616523e+01	8.5795840e-02
1.7638332e+01	5.4583512e-02
1.7660141e+01	-6.8562284e-02
1.7681949e+01	-1.7579323e-01
1.7703758e+01	5.7086809e-02
1.7725567e+01	5.2594646e-02
1.7747376e+01	-8.7234186e-02
1.7769185e+01	5.2344142e-03
1.7790994e+01	4.0462893e-02
1.7812803e+01	5.4970565e-02
1.7834612e+01	-3.2560989e-02
1.7856421e+01	-6.6259353e-02
1.7878230e+01	5.5246487e-02
1.7900039e+01	6.6870574e-02
1.7921848e+01	-2.7446235e-02
1.7943657e+01	2.6711747e-02
1.7965466e+01	7.2148340e-02
1.7987275e+01	-1.0780684e-01
1.8009084e+01	-5.9675431e-02
1.8030892e+01	-2.2257827e-02
1.8052701e+01	3.0911088e-02
1.8074510e+01	9.6662664e-02
1.8096319e+01	-1.0151898e-01
1.8118128e+01	-1.1005580e-01
1.8139937e+01	9.5633853e-02
1.8161746e+01	2.1723386e-01
1.8183555e+01	8.4944391e-02
1.8205364e+01	-5.2690805e-02
1.8227173e+01	-1.4182081e-02
1.8248982e+01	-5.9065143e-02
1.8270791e+01	-1.1832551e-01
1.8292600e+01	-8.5076551e-02
1.8314409e+01	1.3508131e-01
1.8336218e+01	1.2978104e-01
1.8358027e+01	-5.0183429e-02
1.8379835e+01	-9.6563442e-02
1.8401644e+01	-9.2630286e-02
1.8423453e+01	5.0461384e-03
1.8445262e+01	2.1864919e-01
1.8467071e+01	4.8941035e-01
1.8488880e+01	4.9735916e-01
1.8510689e+01	3.3351620e-01
1.8532498e+01	1.1855472e-01
1.8554307e+01	-4.9109651e-02
1.8576116e+01	-8.9312447e-02
1.8597925e+01	-5.2196951e-02
1.8619734e+01	4.5821194e-02
1.8641543e+01	5.1240528e-02
1.8663352e+01	3.7691942e-01
1.8685161e+01	5.0303017e-01
1.8706970e+01	2.0802872e-01
1.8728778e+01	2.5171204e-02
1.8750587e+01	-7.8265928e-03
1.8772396e+01	-7.0484042e-02
1.8794205e+01	-8.5279904e-03
1.8816014e+01	-1.4487941e-01
1.8837823e+01	-6.8513738e-03
1.8859632e+01	4.1723174e-02
1.8881441e+01	-1.5063640e-02
1.8903250e+01	4.1788039e-02
1.8925059e+01	2.3354612e-02
1.8946868e+01	-6.5985926e-02
1.8968677e+01	-5.6719524e-02
1.8990486e+01	-2.0642219e-03
1.9012295e+01	-7.0398096e-02
1.9034104e+01	2.2869047e-01
1.9055913e+01	1.2034512e-01
1.9077721e+01	-1.9197075e-02
1.9099530e+01	1.4478083e-02
1.9121339e+01	2.5489037e-02
1.9143148e+01	-1.3997613e-01
1.9164957e+01	1.1591595e-01
1.9186766e+01	-8.4236235e-03
1.9208575e+01	-4.0493532e-02
1.9230384e+01	-1.0287404e-01
1.9252193e+01	-6.3454117e-03
1.9274002e+01	-1.1823810e-01
1.9295811e+01	-2.5070379e-02
1.9317620e+01	3.3472504e-02
1.9339429e+01	1.5240224e-01
1.9361238e+01	1.1094559e-01
1.9383047e+01	1.0498525e-01
1.9404856e+01	1.1017107e-01
1.9426665e+01	3.7691887e-02
1.9448473e+01	-1.7170900e-01
1.9470282e+01	-2.9554628e-02
1.9492091e+01	3.1275287e-03
1.9513900e+01	-1.7200962e-01
1.9535709e+01	1.4866680e-01
1.9557518e+01	4.4283199e-02
1.9579327e+01	-9.6358599e-02
1.9601136e+01	-1.7733347e-02
1.9622945e+01	-5.1669236e-02
1.9644754e+01	2.0867030e-02
1.9666563e+01	-8.6264671e-02
1.9688372e+01	1.1044102e-02
1.9710181e+01	2.2383881e-01
1.9731990e+01	2.4432637e-02
1.9753799e+01	2.2902159e-02
1.9775608e+01	-4.9316732e-02
1.9797416e+01	-7.5880086e-02
1.9819225e+01	-1.1793979e-01
1.9841034e+01	-2.1079492e-03
1.9862843e+01	5.5490422e-02
1.9884652e+01	2.0133644e-01
1.9906461e+01	2.3889356e-01
1.9928270e+01	3.3028471e-01
1.9950079e+01	2.7867609e-01
1.9971888e+01	1.2687500e-01
1.9993697e+01	-3.0295057e-02
2.0015506e+01	-1.3794740e-01
2.0037315e+01	-1.6996925e-01
2.0059124e+01	-1.1833276e-01
2.0080933e+01	2.5786463e-02
2.0102742e+01	1.0120899e-01
2.0124551e+01	8.5621826e-02
2.0146359e+01	5.2534477e-02
2.0168168e+01	6.4932010e-03
2.0189977e+01	-2.5318218e-01
2.0211786e+01	-2.1796884e-01
2.0233595e+01	3.4646450e-02
2.0255404e+01	3.2803497e-02
2.0277213e+01	1.3314637e-01
2.0299022e+01	3.4548031e-01
2.0320831e+01	2.9950413e-01
2.0342640e+01	1.7295758e-01
2.0364449e+01	1.5154017e-01
2.0386258e+01	4.2483399e-02
2.0408067e+01	-1.7433954e-01
2.0429876e+01	-2.0672079e-01
2.0451685e+01	3.2113731e-02
2.0473494e+01	1.2754278e-01
2.0495302e+01	3.0522707e-01
2.0517111e+01	4.9836651e-01
2.0538920e+01	4.5084201e-01
2.0560729e+01	1.0603038e-01
2.0582538e+01	6.8718654e-02
2.0604347e+01	7.8813935e-02
2.0626156e+01	6.7348771e-04
2.0647965e+01	-1.6771921e-04
2.0669774e+01	-9.9319127e-02
2.0691583e+01	-5.9021595e-02
2.0713392e+01	-8.2111721e-02
2.0735201e+01	-9.3433387e-02
2.0757010e+01	-1.8502091e-01
2.0778819e+01	2.6895408e-02
2.0800628e+01	3.4582588e-02
2.0822437e+01	4.9970346e-02
2.0844245e+01	1.8556277e-01
2.0866054e+01	1.1561350e-01
2.0887863e+01	-8.6817892e-02
2.0909672e+01	-1.8881119e-01
2.0931481e+01	-1.4296779e-03
2.0953290e+01	1.2286299e-01
2.0975099e+01	6.1429974e-01
2.0996908e+01	1.1751539e+00
2.1018717e+01	1.6438723e+00
2.1040526e+01	1.9403797e+00
2.1062335e+01	2.5207479e+00
2.1084144e+01	2.7552886e+00
2.1105953e+01	2.6985686e+00
2.1127762e+01	2.8186428e+00
2.1149571e+01	3.2277619e+00
2.1171380e+01	4.0529616e+00
2.1193188e+01	5.4151008e+00
2.1214997e+01	6.6373382e+00
2.1236806e+01	7.7528286e+00
2.1258615e+01	8.2027978e+00
2.1280424e+01	8.0028016e+00
2.1302233e+01	7.2867998e+00
2.1324042e+01	6.0206791e+00
2.1345851e+01	4.6322733e+00
2.1367660e+01	3.0607202e+00
2.1389469e+01	1.9028285e+00
2.1411278e+01	9.0343917e-01
2.1433087e+01	3.0565484e-01
2.1454896e+01	1.2218314e-02
2.1476705e+01	3.3284647e-02
2.1498514e+01	3.7996257e-01
2.1520323e+01	8.4157207e-01
2.1542132e+01	1.3541464e+00
2.1563940e+01	1.5022740e+00
2.1585749e+01	1.6273331e+00
2.1607558e+01	1.5102520e+00
2.1629367e+01	1.0825510e+00
2.1651176e+01	5.8696538e-01
2.1672985e+01	1.2498154e-01
2.1694794e+01	7.6673598e-02
2.1716603e+01	2.7324367e-02
2.1738412e+01	-6.5195462e-02
2.1760221e+01	-1.9318670e-01
2.1782030e+01	-2.0612659e-01
2.1803839e+01	-1.6873897e-02
2.1825648e+01	4.1074853e-03
2.1847457e+01	2.2313501e-02
2.1869266e+01	2.0318445e-02
2.1891075e+01	1.1079919e-01
2.1912883e+01	9.9240364e-02
2.1934692e+01	7.2456985e-02
2.1956501e+01	2.6238032e-03
2.1978310e+01	-1.1015962e-03
2.2000119e+01	-8.1959925e-02
2.2021928e+01	-1.1864424e-01
2.2043737e+01	-1.1247809e-01
2.2065546e+01	1.1778652e-01
2.2087355e+01	-1.7014461e-02
2.2109164e+01	3.0397245e-02
2.2130973e+01	5.7925432e-02
2.2152782e+01	-5.1336328e-02
2.2174591e+01	8.0945885e-02
2.2196400e+01	1.5246648e-01
2.2218209e+01	-6.7617065e-02
2.2240018e+01	-1.7268415e-02
2.2261826e+01	-8.3769942e-02
2.2283635e+01	7.3697916e-04
2.2305444e+01	-3.4942179e-02
2.2327253e+01	-4.1527468e-02
2.2349062e+01	1.0997103e-01
2.2370871e+01	3.9331726e-02
2.2392680e+01	-6.6548722e-02
2.2414489e+01	-3.6615078e-02
2.2436298e+01	5.3269568e-02
2.2458107e+01	1.0487486e-01
2.2479916e+01	-9.6546102e-02
2.2501725e+01	-7.8059384e-03
2.2523534e+01	-1.7531475e-02
2.2545343e+01	-6.9626698e-02
2.2567152e+01	3.7927166e-02
2.2588961e+01	1.8970188e-02
2.2610769e+01	4.5804350e-02
2.2632578e+01	1.1085012e-01
2.2654387e+01	-5.4400622e-02
2.2676196e+01	-7.1760091e-02
2.2698005e+01	-7.2048376e-03
2.2719814e+01	-5.2549988e-02
2.2741623e+01	-5.9700847e-02
2.2763432e+01	1.2265523e-01
2.2785241e+01	-7.4841744e-02
2.2807050e+01	1.9247364e-02
2.2828859e+01	5.1931871e-02
2.2850668e+01	3.5882382e-02
2.2872477e+01	1.5222777e-02
2.2894286e+01	5.6277361e-02
2.2916095e+01	9.6574337e-02
2.2937904e+01	-1.2263695e-01
2.2959712e+01	-2.3041053e-01
2.2981521e+01	7.7999245e-02
2.3003330e+01	5.6800339e-02
2.3025139e+01	9.3231351e-02
2.3046948e+01	-2.0549057e-02
2.3068757e+01	3.7636838e-02
2.3090566e+01	-5.8307943e-02
2.3112375e+01	6.3581107e-03
2.3134184e+01	3.2786434e-02
2.3155993e+01	3.6187957e-02
2.3177802e+01	-7.4913650e-02
2.3199611e+01	4.9786611e-02
2.3221420e+01	-5.4402689e-02
2.3243229e+01	-1.8574381e-02
2.3265038e+01	-9.4341573e-02
2.3286847e+01	-5.0408869e-02
2.3308655e+01	1.1252438e-02
2.3330464e+01	9.6036240e-03
2.3352273e+01	9.7975764e-02
2.3374082e+01	3.6602553e-01
2.3395891e+01	7.6613600e-02
2.3417700e+01	-9.3681827e-02
2.3439509e+01	2.7163226e-02
2.3461318e+01	-1.2744945e-02
2.3483127e+01	3.7514880e-01
2.3504936e+01	5.9977790e-01
2.3526745e+01	7.4967645e-01
2.3548554e+01	1.1152077e+00
2.3570363e+01	1.4304428e+00
2.3592172e+01	1.5181181e+00
2.3613981e+01	1.7643917e+00
2.3635790e+01	2.1879270e+00
2.3657599e+01	2.7948700e+00
2.3679407e+01	3.6660812e+00
2.3701216e+01	4.6350036e+00
2.3723025e+01	5.7463945e+00
2.3744834e+01	6.5933662e+00
2.3766643e+01	7.3327199e+00
2.3788452e+01	8.4191858e+00
2.3810261e+01	8.9349161e+00
2.3832070e+01	8.8661671e+00
2.3853879e+01	8.1273680e+00
2.3875688e+01	6.9131150e+00
2.3897497e+01	5.7152683e+00
2.3919306e+01	4.4208733e+00
2.3941115e+01	3.2164910e+00
2.3962924e+01	2.1214598e+00
2.3984733e+01	1.2673219e+00
2.4006542e+01	6.8877349e-01
2.4028350e+01	1.6906180e-01
2.4050159e+01	1.1458900e-01
2.4071968e+01	1.1948263e-02
2.4093777e+01	-4.9651812e-02
2.4115586e+01	-7.8251957e-02
2.4137395e+01	-1.7216957e-01
2.4159204e+01	2.6148111e-03
2.4181013e+01	-3.1665435e-02
2.4202822e+01	-9.0414940e-02
2.4224631e+01	1.6865342e-01
2.4246440e+01	7.9919152e-02
2.4268249e+01	9.2086795e-02
2.4290058e+01	-1.5214852e-01
2.4311867e+01	-3.1727631e-01
2.4333676e+01	7.8155383e-02
2.4355485e+01	1.6248939e-01
2.4377293e+01	-3.0441822e-02
2.4399102e+01	2.0628741e-01
2.4420911e+01	7.3736686e-02
2.4442720e+01	-1.0497694e-01
2.4464529e+01	-2.6867467e-01
2.4486338e+01	1.4383819e-01
2.4508147e+01	1.5877616e-01
2.4529956e+01	-3.7581761e-02
2.4551765e+01	4.4610579e-02
2.4573574e+01	1.4895328e-01
2.4595383e+01	2.0469111e-01
2.4617192e+01	5.9568020e-01
2.4639001e+01	8.9371321e-01
2.4660810e+01	7.1567835e-02
2.4682619e+01	-2.2665195e-02
2.4704428e+01	-1.1189980e-01
2.4726236e+01	-2.9087909e-01
2.4748045e+01	-4.7568468e-02
2.4769854e+01	2.3653861e-01
2.4791663e+01	2.4879562e-02
2.4813472e+01	-3.5606128e-02
2.4835281e+01	7.1524514e-02
2.4857090e+01	7.4707565e-02
2.4878899e+01	4.1488037e-04
2.4900708e+01	-1.3752400e-01
2.4922517e+01	-7.8089327e-02
2.4944326e+01	-5.6333421e-02
2.4966135e+01	1.1205886e-01
2.4987944e+01	1.9094375e-01
2.5009753e+01	-1.7718278e-02
2.5031562e+01	-4.8357557e-02
2.5053371e+01	-2.6403427e-02
2.5075179e+01	-5.8874051e-02
2.5096988e+01	5.9163788e-02
2.5118797e+01	-4.8393896e-02
2.5140606e+01	-2.2165107e-02
2.5162415e+01	-5.3294453e-02
2.5184224e+01	1.3545600e-02
2.5206033e+01	7.5106358e-02
2.5227842e+01	-2.5804267e-02
2.5249651e+01	-7.5894185e-03
2.5271460e+01	1.0765417e-01
2.5293269e+01	1.2237140e-01
2.5315078e+01	1.1452272e-01
2.5336887e+01	-1.8108717e-02
2.5358696e+01	-3.1701387e-02
2.5380505e+01	-5.6607914e-03
2.5402314e+01	-1.6121448e-01
2.5424123e+01	-1.0130458e-01
2.5445931e+01	-9.1977522e-02
2.5467740e+01	6.4507218e-03
2.5489549e+01	6.4047675e-02
2.5511358e+01	1.7991128e-01
2.5533167e+01	3.5797061e-03
2.5554976e+01	7.4856741e-02
2.5576785e+01	1.7485075e-02
2.5598594e+01	-3.5037679e-02
2.5620403e+01	-1.1132012e-01
2.5642212e+01	5.0833288e-02
2.5664021e+01	-3.9420522e-02
2.5685830e+01	-6.7405361e-02
2.5707639e+01	-2.9834782e-02
2.5729448e+01	-2.6853108e-02
2.5751257e+01	-5.5242922e-02
2.5773066e+01	-6.5608443e-02
2.5794874e+01	-1.3841158e-02
2.5816683e+01	1.6374277e-01
2.5838492e+01	1.2921901e-01
2.5860301e+01	-4.9600161e-02
2.5882110e+01	-1.0487597e-02
2.5903919e+01	1.0481147e-01
2.5925728e+01	4.1447594e-01
2.5947537e+01	4.5873081e-01
2.5969346e+01	6.6483867e-01
2.5991155e+01	1.1550419e+00
2.6012964e+01	1.3463199e+00
2.6034773e+01	1.4055858e+00
2.6056582e+01	1.6495359e+00
2.6078391e+01	1.4501325e+00
2.6100200e+01	1.3533069e+00
2.6122009e+01	1.2810922e+00
2.6143817e+01	1.0849329e+00
2.6165626e+01	7.1463207e-01
2.6187435e+01	4.2254009e-01
2.6209244e+01	7.5965160e-02
2.6231053e+01	-1.8086268e-02
2.6252862e+01	4.2520765e-02
2.6274671e+01	-1.0390655e-01
2.6296480e+01	-1.1670955e-01
2.6318289e+01	-5.9374384e-02
2.6340098e+01	-1.4328615e-01
2.6361907e+01	-1.8656460e-02
2.6383716e+01	3.3222103e-02
2.6405525e+01	1.4180820e-01
2.6427334e+01	1.0543784e-01
2.6449143e+01	1.8162527e-02
2.6470952e+01	1.6729739e-01
2.6492760e+01	-7.2392154e-02
2.6514569e+01	-1.8875251e-01
2.6536378e+01	-2.7465585e-02
2.6558187e+01	7.1587401e-02
2.6579996e+01	1.1992801e-01
2.6601805e+01	3.1776454e-01
2.6623614e+01	5.1204973e-01
2.6645423e+01	6.9414095e-01
2.6667232e+01	8.0160677e-01
2.6689041e+01	7.0199668e-01
2.6710850e+01	4.0935215e-01
2.6732659e+01	1.5474162e-01
2.6754468e+01	1.0846869e-01
2.6776277e+01	-8.0785343e-02
2.6798086e+01	-2.9676940e-01
2.6819895e+01	-1.6870206e-01
2.6841703e+01	-6.5467603e-02
2.6863512e+01	-1.7455008e-02
2.6885321e+01	3.4263896e-03
2.6907130e+01	1.7222846e-01
2.6928939e+01	2.3476108e-01
2.6950748e+01	2.0480664e-01
2.6972557e+01	-4.8133197e-02
2.6994366e+01	9.1405569e-02
2.7016175e+01	1.2785863e-01
2.7037984e+01	8.4856879e-02
2.7059793e+01	-1.3446691e-01
2.7081602e+01	-1.3499837e-01
2.7103411e+01	4.7019076e-03
2.7125220e+01	2.3384081e-02
2.7147029e+01	-1.5796511e-01
2.7168838e+01	-7.3402847e-02
2.7190646e+01	-3.8499930e-02
2.7212455e+01	1.3076204e-01
2.7234264e+01	3.7935024e-02
2.7256073e+01	1.7298041e-01
2.7277882e+01	-2.5303752e-02
2.7299691e+01	-1.7590988e-02
2.7321500e+01	3.2630919e-02
2.7343309e+01	-3.8271071e-02
2.7365118e+01	-1.3363012e-01
2.7386927e+01	-4.2273466e-02
2.7408736e+01	-8.5861883e-03
2.7430545e+01	-8.5576026e-02
2.7452354e+01	9.1423102e-02
2.7474163e+01	8.7799340e-02
2.7495972e+01	7.8882702e-02
2.7517781e+01	3.6667075e-03
2.7539590e+01	3.1362040e-01
2.7561398e+01	5.2932842e-02
2.7583207e+01	-1.1278690e-03
2.7605016e+01	-1.4235814e-01
2.7626825e+01	-3.9583483e-01
2.7648634e+01	-1.1625871e-01
2.7670443e+01	7.8728941e-02
2.7692252e+01	1.1030688e-01
2.7714061e+01	7.8349195e-02
2.7735870e+01	1.4417226e-01
2.7757679e+01	2.2667981e-01
2.7779488e+01	1.5365591e-01
2.7801297e+01	2.9648639e-01
2.7823106e+01	1.0372934e-01
2.7844915e+01	1.1290264e-01
2.7866724e+01	5.6301983e-02
2.7888533e+01	4.9551885e-02
2.7910341e+01	-4.4875842e-02
2.7932150e+01	-2.4467210e-01
2.7953959e+01	-1.9990267e-01
2.7975768e+01	8.0106357e-02
2.7997577e+01	-9.2979698e-02
2.8019386e+01	-1.1491285e-01
2.8041195e+01	-1.4199621e-01
2.8063004e+01	-1.4967429e-03
2.8084813e+01	1.0833364e-01
2.8106622e+01	4.8462834e-02
2.8128431e+01	-1.1351352e-01
2.8150240e+01	-3.3287717e-02
2.8172049e+01	6.5069432e-02
2.8193858e+01	7.5190944e-02
2.8215667e+01	4.2372953e-02
2.8237476e+01	5.6562831e-02
2.8259284e+01	1.3518027e-01
2.8281093e+01	1.0357579e-01
2.8302902e+01	2.2407602e-02
2.8324711e+01	-1.7298300e-02
2.8346520e+01	-1.6860147e-01
2.8368329e+01	-1.0416146e-01
2.8390138e+01	-1.2502488e-01
2.8411947e+01	-7.2517624e-02
2.8433756e+01	-7.5217340e-02
2.8455565e+01	1.1556502e-01
2.8477374e+01	1.2883321e-01
2.8499183e+01	1.9718387e-01
2.8520992e+01	4.3852896e-01
2.8542801e+01	7.1435218e-01
2.8564610e+01	8.1955602e-01
2.8586419e+01	7.6747890e-01
2.8608227e+01	6.6018727e-01
2.8630036e+01	4.5266654e-01
2.8651845e+01	6.9144967e-02
2.8673654e+01	8.0255626e-02
2.8695463e+01	1.1439297e-01
2.8717272e+01	1.5130377e-02
2.8739081e+01	-1.4033479e-01
2.8760890e+01	-3.0972209e-02
2.8782699e+01	-1.2660889e-01
2.8804508e+01	-6.8625204e-02
2.8826317e+01	-4.5350453e-02
2.8848126e+01	-5.7593030e-02
2.8869935e+01	6.9055602e-02
2.8891744e+01	-7.2009936e-02
2.8913553e+01	-3.3667396e-03
2.8935362e+01	5.4629851e-02
2.8957170e+01	5.8055543e-02
2.8978979e+01	-5.1638981e-02
2.9000788e+01	8.3258064e-02
2.9022597e+01	1.7303805e-01
2.9044406e+01	-4.4292672e-02
2.9066215e+01	-1.1729571e-01
2.9088024e+01	-1.5648005e-02
2.9109833e+01	5.8700072e-02
2.9131642e+01	1.4996518e-01
2.9153451e+01	-4.8177940e-02
2.9175260e+01	-1.3881031e-01
2.9197069e+01	-5.5813771e-02
2.9218878e+01	-3.2936325e-02
2.9240687e+01	1.2268479e-01
2.9262496e+01	-8.6785621e-03
2.9284305e+01	4.3788453e-03
2.9306113e+01	9.7528119e-02
2.9327922e+01	3.9496916e-03
2.9349731e+01	-3.7987391e-02
2.9371540e+01	-5.3128485e-02
2.9393349e+01	8.4836527e-02
2.9415158e+01	-3.3317996e-02
2.9436967e+01	-1.3519839e-01
2.9458776e+01	5.2167843e-02
2.9480585e+01	2.9866462e-01
2.9502394e+01	1.1603340e-01
2.9524203e+01	7.5479411e-02
2.9546012e+01	1.1177697e-03
2.9567821e+01	-6.2048396e-02
2.9589630e+01	3.8285846e-02
2.9611439e+01	-7.5006944e-02
2.9633248e+01	-2.2914213e-01
2.9655057e+01	-1.1455740e-01
2.9676865e+01	1.3386608e-02
2.9698674e+01	2.0112554e-02
2.9720483e+01	4.0942983e-02
2.9742292e+01	-6.4797580e-04
2.9764101e+01	9.1642487e-03
2.9785910e+01	2.2286579e-01
2.9807719e+01	5.4848976e-02
2.9829528e+01	-1.0757545e-01
2.9851337e+01	-2.0095972e-02
2.9873146e+01	5.4138478e-02
2.9894955e+01	1.2209415e-01
2.9916764e+01	4.7459835e-01
2.9938573e+01	7.4108043e-01
2.9960382e+01	1.3703046e+00
2.9982191e+01	2.1608919e+00
3.0004000e+01	2.8162755e+00
3.0025808e+01	3.5517106e+00
3.0047617e+01	4.1360974e+00
3.0069426e+01	4.5870459e+00
3.0091235e+01	4.8423772e+00
3.0113044e+01	4.8156447e+00
3.0134853e+01	4.4829862e+00
3.0156662e+01	3.6111781e+00
3.0178471e+01	2.9013435e+00
3.0200280e+01	2.0628685e+00
3.0222089e+01	1.4265031e+00
3.0243898e+01	9.1925072e-01
3.0265707e+01	4.9842231e-01
3.0287516e+01	8.5356053e-02
3.0309325e+01	7.8976057e-02
3.0331134e+01	3.3990419e-02
3.0352943e+01	-1.4969920e-01
3.0374751e+01	-1.8495819e-01
3.0396560e+01	3.8132879e-02
3.0418369e+01	1.3332638e-02
3.0440178e+01	-3.4413149e-02
3.0461987e+01	2.7165958e-02
3.0483796e+01	1.5391174e-01
3.0505605e+01	-3.1208284e-02
3.0527414e+01	-1.1958012e-01
3.0549223e+01	-2.1601227e-01
3.0571032e+01	1.4073950e-01
3.0592841e+01	1.5968883e-01
3.0614650e+01	7.4519105e-03
3.0636459e+01	-3.2962385e-03
3.0658268e+01	-1.6932046e-01
3.0680077e+01	-5.9515900e-02
3.0701886e+01	4.2234220e-02
3.0723694e+01	-1.0845128e-02
3.0745503e+01	1.6624592e-01
3.0767312e+01	2.1412926e-01
3.0789121e+01	9.3298266e-03
3.0810930e+01	-2.8113839e-04
3.0832739e+01	-1.0024470e-01
3.0854548e+01	9.1444420e-02
3.0876357e+01	1.2226064e-01
3.0898166e+01	4.3207568e-02
3.0919975e+01	-3.9922589e-02
3.0941784e+01	-1.0037978e-01
3.0963593e+01	-3.2732956e-02
3.0985402e+01	-3.9848463e-02
3.1007211e+01	-8.5907303e-02
3.1029020e+01	2.6083104e-01
3.1050829e+01	1.9578918e-01
3.1072637e+01	6.9915609e-02
3.1094446e+01	-1.2120251e-01
3.1116255e+01	-1.3143649e-01
3.1138064e+01	-1.8083385e-01
3.1159873e+01	-9.0357045e-02
3.1181682e+01	3.4689152e-02
3.1203491e+01	5.4559449e-02
3.1225300e+01	6.0014396e-02
3.1247109e+01	1.5464081e-01
3.1268918e+01	1.6929080e-01
3.1290727e+01	3.7634931e-02
3.1312536e+01	-3.0589638e-02
3.1334345e+01	2.3167907e-03
3.1356154e+01	7.4755814e-02
3.1377963e+01	1.7135943e-02
3.1399772e+01	-1.2970915e-01
3.1421580e+01	-1.8708943e-01
3.1443389e+01	-6.5407420e-02
3.1465198e+01	5.7143601e-02
3.1487007e+01	4.4617976e-02
3.1508816e+01	-1.4687309e-01
3.1530625e+01	-1.4820895e-01
3.1552434e+01	1.0221662e-01
3.1574243e+01	3.3719105e-01
3.1596052e+01	2.3444002e-01
3.1617861e+01	1.3711573e-01
3.1639670e+01	3.8473085e-02
3.1661479e+01	5.5029654e-02
3.1683288e+01	-3.8441564e-03
3.1705097e+01	-1.9551818e-01
3.1726906e+01	2.3677869e-01
3.1748715e+01	4.0631877e-01
3.1770524e+01	8.7486585e-01
3.1792332e+01	1.5925746e+00
3.1814141e+01	2.1521787e+00
3.1835950e+01	2.9708609e+00
3.1857759e+01	3.6882217e+00
3.1879568e+01	4.1881630e+00
3.1901377e+01	4.4353534e+00
3.1923186e+01	4.3610356e+00
3.1944995e+01	4.3567582e+00
3.1966804e+01	4.0789980e+00
3.1988613e+01	3.3970836e+00
3.2010422e+01	2.7446867e+00
3.2032231e+01	2.0272420e+00
3.2054040e+01	1.2332232e+00
3.2075849e+01	6.3826698e-01
3.2097658e+01	2.8621900e-01
3.2119467e+01	3.0418640e-02
3.2141275e+01	-9.3680437e-02
3.2163084e+01	-1.7551572e-02
3.2184893e+01	7.1284165e-02
3.2206702e+01	-2.2951860e-02
3.2228511e+01	7.6908146e-02
3.2250320e+01	2.4803334e-02
3.2272129e+01	-1.3924772e-01
3.2293938e+01	-1.2966942e-01
3.2315747e+01	5.2044254e-02
3.2337556e+01	6.6921431e-02
3.2359365e+01	5.5068328e-03
3.2381174e+01	-4.6835605e-02
3.2402983e+01	7.5428560e-03
3.2424792e+01	-2.5403601e-02
3.2446601e+01	-5.4227690e-02
3.2468410e+01	1.3227393e-01
3.2490218e+01	3.0290503e-02
3.2512027e+01	-3.6283463e-02
3.2533836e+01	-6.6310138e-02
3.2555645e+01	-3.2899020e-02
3.2577454e+01	1.9599112e-02
3.2599263e+01	2.3989349e-02
3.2621072e+01	4.6733400e-02
3.2642881e+01	2.0820988e-02
3.2664690e+01	1.2780169e-01
3.2686499e+01	-3.0269830e-02
3.2708308e+01	-6.4455080e-02
3.2730117e+01	-8.9164323e-02
3.2751926e+01	-8.9799565e-03
3.2773735e+01	3.5017324e-02
3.2795544e+01	4.6387750e-02
3.2817353e+01	2.8854554e-02
3.2839161e+01	-4.2037815e-02
3.2860970e+01	4.3068922e-02
3.2882779e+01	5.0155543e-02
3.2904588e+01	-2.0883769e-02
3.2926397e+01	-7.2556330e-02
3.2948206e+01	-3.4783010e-02
3.2970015e+01	5.9001298e-02
3.2991824e+01	-3.7546350e-03
3.3013633e+01	-5.4975759e-02
3.3035442e+01	-4.8548062e-02
3.3057251e+01	-7.0267073e-03
3.3079060e+01	4.9679674e-02
3.3100869e+01	9.4183423e-03
3.3122678e+01	8.6777667e-02
3.3144487e+01	-4.3407227e-02
3.3166296e+01	7.5642284e-03
3.3188104e+01	2.0088751e-02
3.3209913e+01	-7.6051548e-02
3.3231722e+01	3.4993816e-02
3.3253531e+01	-3.4298162e-02
3.3275340e+01	1.9999289e-02
3.3297149e+01	4.0954442e-02
3.3318958e+01	2.1427915e-02
3.3340767e+01	4.2818387e-02
3.3362576e+01	6.9519489e-02
3.3384385e+01	-5.4919494e-02
3.3406194e+01	-1.2229895e-01
3.3428003e+01	-4.3412322e-02
3.3449812e+01	-1.3517566e-01
3.3471621e+01	-1.1790469e-01
3.3493430e+01	5.5915100e-03
3.3515239e+01	9.9640764e-02
3.3537047e+01	2.7043882e-02
3.3558856e+01	1.0973728e-01
3.3580665e+01	2.1378618e-01
3.3602474e+01	-5.2997298e-02
3.3624283e+01	-4.3702021e-02
3.3646092e+01	5.5159984e-02
3.3667901e+01	7.8213675e-02
3.3689710e+01	1.0929165e-01
3.3711519e+01	1.1607285e-02
3.3733328e+01	-7.3052114e-02
3.3755137e+01	5.0925744e-02
3.3776946e+01	-7.5682338e-02
3.3798755e+01	-1.0276231e-01
3.3820564e+01	-7.2370934e-02
3.3842373e+01	8.3520102e-02
3.3864182e+01	1.0139789e-01
3.3885991e+01	-2.7386715e-02
3.3907799e+01	-7.4132085e-02
3.3929608e+01	-6.5034429e-02
3.3951417e+01	-5.0473447e-02
3.3973226e+01	9.4669344e-02
3.3995035e+01	3.1718153e-02
3.4016844e+01	-1.2029326e-03
3.4038653e+01	-2.4386756e-02
3.4060462e+01	-9.1758129e-02
3.4082271e+01	1.1232308e-02
3.4104080e+01	-4.1770902e-02
3.4125889e+01	8.9187246e-02
3.4147698e+01	5.6994360e-02
3.4169507e+01	7.0998297e-02
3.4191316e+01	5.8230642e-02
3.4213125e+01	-5.8016308e-02
3.4234934e+01	-9.6125856e-02
3.4256742e+01	-1.1628911e-01
3.4278551e+01	2.0866344e-03
3.4300360e+01	3.9746091e-02
3.4322169e+01	1.3270356e-01
3.4343978e+01	-5.0416767e-02
3.4365787e+01	5.5347179e-02
3.4387596e+01	2.4800286e-02
3.4409405e+01	-2.8020269e-03
3.4431214e+01	-4.9235211e-02
3.4453023e+01	8.7107534e-02
3.4474832e+01	-2.3545549e-02
3.4496641e+01	-3.3674097e-02
3.4518450e+01	-1.2450160e-01
3.4540259e+01	-1.0852886e-01
3.4562068e+01	-3.8414844e-02
3.4583877e+01	1.7634778e-01
3.4605685e+01	7.5178087e-02
3.4627494e+01	-2.3449642e-02
3.4649303e+01	7.4707534e-02
3.4671112e+01	-1.3167502e-02
3.4692921e+01	1.1422830e-02
3.4714730e+01	8.4349958e-04
3.4736539e+01	2.2633614e-02
3.4758348e+01	-1.3340789e-02
3.4780157e+01	7.7042932e-03
3.4801966e+01	-3.0929780e-03
3.4823775e+01	-5.8370327e-04
3.4845584e+01	-1.1181105e-01
3.4867393e+01	-3.4867751e-02
3.4889202e+01	1.4631793e-03
3.4911011e+01	6.7694228e-02
3.4932820e+01	4.8211921e-03
3.4954628e+01	-9.6782917e-02
3.4976437e+01	7.9026521e-02
3.4998246e+01	1.7297583e-01
3.5020055e+01	-2.1291701e-02
3.5041864e+01	3.5550628e-02
3.5063673e+01	-2.8112430e-02
3.5085482e+01	-6.5466748e-02
3.5107291e+01	-1.1287986e-01
3.5129100e+01	-2.2233707e-02
3.5150909e+01	3.5212147e-02
3.5172718e+01	4.5377560e-02
3.5194527e+01	3.3872958e-02
3.5216336e+01	-1.9780381e-01
3.5238145e+01	5.4840933e-02
3.5259954e+01	1.8248226e-01
3.5281763e+01	3.7580324e-02
3.5303571e+01	1.3913063e-03
3.5325380e+01	8.0837505e-03
3.5347189e+01	6.1130904e-02
3.5368998e+01	-1.0142987e-01
3.5390807e+01	-2.0113233e-02
3.5412616e+01	5.8423761e-02
3.5434425e+01	1.2930849e-02
3.5456234e+01	-4.5761129e-02
3.5478043e+01	-6.3885305e-02
3.5499852e+01	-1.7054189e-02
3.5521661e+01	-1.5004192e-03
3.5543470e+01	-5.9590772e-02
3.5565279e+01	-7.1080954e-03
3.5587088e+01	2.1684456e-02
3.5608897e+01	-7.3667229e-04
3.5630706e+01	-3.8441596e-02
3.5652514e+01	8.8752084e-02
3.5674323e+01	1.2817638e-01
3.5696132e+01	7.4079113e-02
3.5717941e+01	-4.8680611e-02
3.5739750e+01	1.0321715e-01
3.5761559e+01	3.2925278e-02
3.5783368e+01	5.2272133e-02
3.5805177e+01	-1.5277852e-03
3.5826986e+01	-1.7273784e-01
3.5848795e+01	3.6245451e-02
3.5870604e+01	1.6838406e-02
3.5892413e+01	-3.5622150e-04
3.5914222e+01	2.5451578e-02
3.5936031e+01	-2.9791335e-02
3.5957840e+01	-2.0410755e-01
3.5979649e+01	-4.3940838e-01
3.6001458e+01	4.9535414e-02
3.6023266e+01	3.0476002e-01
3.6045075e+01	2.0632635e-01
3.6066884e+01	2.8417306e-01
3.6088693e+01	9.3232570e-02
3.6110502e+01	1.7867464e-01
3.6132311e+01	4.7920173e-02
3.6154120e+01	8.9141285e-02
3.6175929e+01	-3.8152138e-02
3.6197738e+01	-4.2367833e-02
3.6219547e+01	1.6638843e-01
3.6241356e+01	-4.6021603e-02
3.6263165e+01	-1.4435845e-01
3.6284974e+01	-1.4680287e-02
3.6306783e+01	-5.0070536e-02
3.6328592e+01	-8.5295818e-02
3.6350401e+01	-5.0390471e-02
3.6372209e+01	-5.8162113e-02
3.6394018e+01	3.0391593e-02
3.6415827e+01	5.6400468e-03
3.6437636e+01	1.1096660e-01
3.6459445e+01	1.9352798e-01
3.6481254e+01	1.0931338e-01
3.6503063e+01	1.9747348e-01
3.6524872e+01	-4.2307915e-02
3.6546681e+01	-2.6135724e-02
3.6568490e+01	1.9161620e-02
3.6590299e+01	-1.7708685e-01
3.6612108e+01	-7.0109981e-02
3.6633917e+01	-1.1280978e-01
3.6655726e+01	-4.3354846e-02
3.6677535e+01	-5.9472766e-02
3.6699344e+01	-6.4886707e-02
3.6721152e+01	1.6944916e-02
3.6742961e+01	-1.1148305e-01
3.6764770e+01	-3.5411042e-02
3.6786579e+01	1.9239430e-01
3.6808388e+01	1.3443195e-01
3.6830197e+01	2.0828349e-01
3.6852006e+01	3.4499209e-01
3.6873815e+01	1.0235537e-01
3.6895624e+01	4.3139373e-02
3.6917433e+01	-2.4559672e-03
3.6939242e+01	4.2093373e-02
3.6961051e+01	8.1120145e-02
3.6982860e+01	1.8559629e-02
3.7004669e+01	-1.5695336e-01
3.7026478e+01	1.1707910e-01
3.7048287e+01	3.4537260e-01
3.7070095e+01	4.9948759e-01
3.7091904e+01	-6.2372368e-02
3.7113713e+01	-1.9201247e-01
3.7135522e+01	-1.0907048e-01
3.7157331e+01	1.5000214e-02
3.7179140e+01	2.3210566e-02
3.7200949e+01	6.4352841e-02
3.7222758e+01	6.6705129e-02
3.7244567e+01	-1.2616137e-02
3.7266376e+01	-9.8595342e-02
3.7288185e+01	-2.6267845e-02
3.7309994e+01	1.3010128e-02
3.7331803e+01	-1.8021279e-01
3.7353612e+01	-4.6501570e-02
3.7375421e+01	1.1458284e-01
3.7397230e+01	1.0421579e-01
3.7419038e+01	-1.0482786e-01
3.7440847e+01	1.9805236e-01
3.7462656e+01	5.4555984e-01
3.7484465e+01	1.1438502e+00
3.7506274e+01	7.8289192e-01
3.7528083e+01	2.1134920e-01
3.7549892e+01	4.0575427e-02
3.7571701e+01	-2.1769121e-02
3.7593510e+01	5.8095386e-02
3.7615319e+01	-3.9204273e-02
3.7637128e+01	2.5576471e-02
3.7658937e+01	-5.8009774e-02
3.7680746e+01	-3.5194988e-02
3.7702555e+01	-1.9794917e-01
3.7724364e+01	-3.8066933e-02
3.7746173e+01	-6.4894621e-02
3.7767981e+01	-9.2068456e-02
3.7789790e+01	1.0930086e-01
3.7811599e+01	1.9674316e-01
3.7833408e+01	-7.6005127e-02
3.7855217e+01	-1.8975549e-03
3.7877026e+01	9.1907298e-02
3.7898835e+01	7.8643000e-02
3.7920644e+01	2.0051096e-01
3.7942453e+01	1.5424271e-01
3.7964262e+01	-2.6769259e-02
3.7986071e+01	-4.7574772e-02
3.8007880e+01	-3.6070105e-02
3.8029689e+01	-3.7932442e-02
3.8051498e+01	-1.6704240e-01
3.8073307e+01	-5.6299567e-03
3.8095116e+01	3.5289900e-02
3.8116925e+01	-1.2369744e-01
3.8138733e+01	6.5917427e-02
3.8160542e+01	4.2877089e-01
3.8182351e+01	8.3835300e-01
3.8204160e+01	1.0156179e+00
3.8225969e+01	1.0520905e+00
3.8247778e+01	1.2328700e+00
3.8269587e+01	1.4854445e+00
3.8291396e+01	1.7763590e+00
3.8313205e+01	1.7302576e+00
3.8335014e+01	2.0955763e+00
3.8356823e+01	2.1796543e+00
3.8378632e+01	1.9284526e+00
3.8400441e+01	1.8333093e+00
3.8422250e+01	1.4638724e+00
3.8444059e+01	9.5981901e-01
3.8465868e+01	9.8158624e-01
3.8487676e+01	6.0177714e-01
3.8509485e+01	1.4108577e-01
3.8531294e+01	5.9084434e-02
3.8553103e+01	2.2974488e-02
3.8574912e+01	-9.3647133e-02
3.8596721e+01	4.0657165e-02
3.8618530e+01	-7.0088663e-03
3.8640339e+01	-1.2500161e-01
3.8662148e+01	-5.8815163e-02
3.8683957e+01	8.1019883e-02
3.8705766e+01	1.3847875e-01
3.8727575e+01	-6.5805594e-02
3.8749384e+01	2.7914507e-02
3.8771193e+01	-1.7620838e-01
3.8793002e+01	-1.5260074e-01
3.8814811e+01	1.3482649e-01
3.8836619e+01	-8.7265075e-02
3.8858428e+01	1.5325713e-01
3.8880237e+01	1.7074107e-01
3.8902046e+01	8.1317935e-02
3.8923855e+01	-1.1625195e-01
3.8945664e+01	2.2600440e-04
3.8967473e+01	4.3515172e-02
3.8989282e+01	-4.2105588e-02
3.9011091e+01	-9.7102706e-02
3.9032900e+01	-5.7381856e-02
3.9054709e+01	3.6261655e-02
3.9076518e+01	5.4313568e-02
3.9098327e+01	4.0252517e-02
3.9120136e+01	6.9224452e-02
3.9141945e+01	-1.4360747e-01
3.9163754e+01	2.6460734e-02
3.9185562e+01	1.0997882e-01
3.9207371e+01	-2.8437371e-02
3.9229180e+01	-1.6163093e-01
3.9250989e+01	1.0052619e-01
3.9272798e+01	1.0328564e-01
3.9294607e+01	-3.9549960e-02
3.9316416e+01	-1.6965460e-01
3.9338225e+01	1.6419294e-02
3.9360034e+01	-1.7713626e-02
3.9381843e+01	2.6873448e-02
3.9403652e+01	1.5474015e-01
3.9425461e+01	1.4544357e-01
3.9447270e+01	1.3296571e-01
3.9469079e+01	6.0091645e-02
3.9490888e+01	-2.6706313e-01
3.9512697e+01	-5.5141353e-02
3.9534505e+01	-1.0015066e-01
3.9556314e+01	-3.1108736e-01
3.9578123e+01	1.6469026e-01
3.9599932e+01	3.1966145e-01
3.9621741e+01	2.4189204e-01
3.9643550e+01	-3.5664742e-02
3.9665359e+01	-1.9456620e-01
3.9687168e+01	-9.5615494e-03
3.9708977e+01	7.5731453e-02
3.9730786e+01	1.7602236e-01
3.9752595e+01	7.0572610e-02
3.9774404e+01	1.4308453e-01
3.9796213e+01	3.3097080e-01
3.9818022e+01	3.3268506e-01
3.9839831e+01	1.7325442e-02
3.9861640e+01	2.6617846e-02
3.9883449e+01	7.1837267e-02
3.9905257e+01	-5.6756401e-02
3.9927066e+01	9.6549463e-02
3.9948875e+01	6.4439669e-02
3.9970684e+01	1.6395741e-01
3.9992493e+01	-2.9655461e-01
4.0014302e+01	-2.3304660e-01
4.0036111e+01	-1.3090964e-01
4.0057920e+01	6.8687393e-02
4.0079729e+01	2.2344408e-01
4.0101538e+01	-1.0121879e-02
4.0123347e+01	-1.3403108e-01
4.0145156e+01	-1.6429178e-02
4.0166965e+01	7.4397688e-02
4.0188774e+01	-4.4535856e-03
4.0210583e+01	-9.5666493e-02
4.0232392e+01	1.0800570e-01
4.0254200e+01	1.3534208e-02
4.0276009e+01	-1.8362443e-02
4.0297818e+01	8.2804253e-02
4.0319627e+01	1.1548425e-01
4.0341436e+01	7.7682816e-02
4.0363245e+01	-1.9679445e-01
4.0385054e+01	5.9219748e-02
4.0406863e+01	-7.4888523e-02
4.0428672e+01	-5.4351046e-02
4.0450481e+01	2.5496413e-01
4.0472290e+01	6.4032953e-02
4.0494099e+01	-1.7864373e-01
4.0515908e+01	-7.9403770e-03
4.0537717e+01	-4.3317737e-02
4.0559526e+01	1.0362476e-01
4.0581335e+01	1.3968840e-02
4.0603143e+01	5.3755531e-02
4.0624952e+01	4.7069400e-02
4.0646761e+01	-1.8667042e-01
4.0668570e+01	8.4999024e-02
4.0690379e+01	1.0671795e-01
4.0712188e+01	2.3162877e-01
4.0733997e+01	1.0274978e-01
4.0755806e+01	6.2526207e-02
4.0777615e+01	-2.5731441e-01
4.0799424e+01	-2.1651193e-01
4.0821233e+01	-1.2387110e-01
4.0843042e+01	8.3557372e-02
4.0864851e+01	-7.0941015e-04
4.0886660e+01	7.4916200e-02
4.0908469e+01	1.5711646e-01
4.0930278e+01	-2.7423372e-02
4.0952086e+01	4.2949307e-04
4.0973895e+01	2.6046021e-01
4.0995704e+01	2.9347637e-02
4.1017513e+01	-1.5013603e-01
4.1039322e+01	-1.2780812e-01
4.1061131e+01	1.6145848e-01
4.1082940e+01	-3.1479112e-02
4.1104749e+01	-6.7328509e-02
4.1126558e+01	2.9756216e-02
4.1148367e+01	1.1457866e-01
4.1170176e+01	4.7485406e-02
4.1191985e+01	-1.0954023e-01
4.1213794e+01	9.4972220e-02
4.1235603e+01	3.3347237e-02
4.1257412e+01	-7.2272200e-02
4.1279221e+01	2.0864108e-01
4.1301029e+01	2.6772673e-01
4.1322838e+01	-1.5649664e-01
4.1344647e+01	-2.0829179e-01
4.1366456e+01	-9.9460253e-03
4.1388265e+01	4.7988367e-02
4.1410074e+01	1.2112019e-01
4.1431883e+01	2.2304875e-02
4.1453692e+01	-7.2228981e-02
4.1475501e+01	7.4354090e-02
4.1497310e+01	1.5232661e-01
4.1519119e+01	1.2597913e-01
4.1540928e+01	-2.5840751e-01
4.1562737e+01	-4.8356734e-02
4.1584546e+01	-4.3356400e-02
4.1606355e+01	5.8992790e-02
4.1628164e+01	-1.5056441e-01
4.1649972e+01	-9.8203698e-02
4.1671781e+01	-3.0388081e-02
4.1693590e+01	1.5177498e-02
4.1715399e+01	9.6230276e-02
4.1737208e+01	-1.9509105e-02
4.1759017e+01	1.9278911e-01
4.1780826e+01	2.6243081e-03
4.1802635e+01	1.1411359e-01
4.1824444e+01	-2.1822260e-02
4.1846253e+01	1.4223369e-02
4.1868062e+01	1.8696883e-01
4.1889871e+01	3.4475467e-03
4.1911680e+01	-6.5461049e-03
4.1933489e+01	-1.0381047e-01
4.1955298e+01	8.7284019e-02
4.1977107e+01	-5.3067098e-02
4.1998916e+01	8.7918328e-02
4.2020724e+01	-1.3004137e-01
4.2042533e+01	-2.5884513e-01
4.2064342e+01	-5.1192415e-02
4.2086151e+01	1.9497650e-01
4.2107960e+01	2.8105502e-01
4.2129769e+01	1.5102865e-01
4.2151578e+01	3.4028793e-01
4.2173387e+01	-5.6501354e-03
4.2195196e+01	-2.2777266e-01
4.2217005e+01	1.4764034e-01
4.2238814e+01	3.3903520e-01
4.2260623e+01	6.7451164e-02
4.2282432e+01	2.0531991e-02
4.2304241e+01	-6.2267521e-02
4.2326050e+01	-1.3809060e-03
4.2347859e+01	-1.9021776e-01
4.2369667e+01	-3.1617374e-01
4.2391476e+01	1.9334106e-01
4.2413285e+01	3.0686764e-01
4.2435094e+01	1.0858221e-02
4.2456903e+01	1.5018046e-03
4.2478712e+01	3.7594727e-01
4.2500521e+01	3.4861453e-01
4.2522330e+01	5.3745071e-01
4.2544139e+01	3.3130366e-01
4.2565948e+01	1.5092311e-01
4.2587757e+01	1.2629964e-01
4.2609566e+01	8.9373147e-02
4.2631375e+01	1.0310037e-01
4.2653184e+01	-1.5462064e-01
4.2674993e+01	3.4099095e-01
4.2696802e+01	1.6842389e-01
4.2718610e+01	8.2857994e-02
4.2740419e+01	-4.7055393e-02
4.2762228e+01	-6.6606360e-02
4.2784037e+01	-3.1121822e-01
4.2805846e+01	1.1979131e-01
4.2827655e+01	2.2790346e-01
4.2849464e+01	-8.2288609e-02
4.2871273e+01	2.0219762e-01
4.2893082e+01	-3.3136894e-02
4.2914891e+01	-4.8085920e-01
4.2936700e+01	1.7022047e-01
4.2958509e+01	7.7216487e-02
4.2980318e+01	5.1710375e-02
4.3002127e+01	1.8146916e-01
4.3023936e+01	4.9573388e-02
4.3045745e+01	-5.1763405e-02
4.3067553e+01	-1.0527810e-01
4.3089362e+01	-2.0443846e-02
4.3111171e+01	2.3505914e-01
4.3132980e+01	-1.7662575e-02
4.3154789e+01	-7.4136644e-02
4.3176598e+01	-3.1764360e-01
4.3198407e+01	8.5848684e-02
4.3220216e+01	1.3341046e-01
4.3242025e+01	1.1415550e-01
4.3263834e+01	1.7605022e-01
4.3285643e+01	3.8498736e-02
4.3307452e+01	-1.4388379e-01
4.3329261e+01	-2.3297113e-01
4.3351070e+01	6.8136912e-02
4.3372879e+01	1.4735207e-02
4.3394688e+01	2.5802853e-01
4.3416496e+01	-3.3381265e-02
4.3438305e+01	5.0405417e-02
4.3460114e+01	5.8022099e-02
4.3481923e+01	1.7387460e-01
4.3503732e+01	-5.1310061e-02
4.3525541e+01	3.1004150e-02
4.3547350e+01	-2.3890910e-01
4.3569159e+01	2.6402528e-02
4.3590968e+01	-9.6299953e-03
4.3612777e+01	-4.8663669e-02
4.3634586e+01	5.7465086e-02
4.3656395e+01	3.3366823e-01
4.3678204e+01	9.2591809e-01
4.3700013e+01	1.4745534e+00
4.3721822e+01	1.7723087e+00
4.3743631e+01	1.6055748e+00
4.3765439e+01	2.0728385e+00
4.3787248e+01	2.9141723e+00
4.3809057e+01	3.0829489e+00
4.3830866e+01	2.9036031e+00
4.3852675e+01	2.9129675e+00
4.3874484e+01	3.2496599e+00
4.3896293e+01	3.1403639e+00
4.3918102e+01	2.6704583e+00
4.3939911e+01	2.2065656e+00
4.3961720e+01	1.8137587e+00
4.3983529e+01	1.1672721e+00
4.4005338e+01	9.2021662e-01
4.4027147e+01	1.6098393e-01
4.4048956e+01	-6.3339295e-02
4.4070765e+01	2.0035031e-01
4.4092574e+01	1.3567791e-02
4.4114383e+01	8.2944315e-02
4.4136191e+01	9.7763934e-02
4.4158000e+01	-3.1623145e-01
4.4179809e+01	-2.0838653e-01
4.4201618e+01	4.1247400e-01
4.4223427e+01	4.0663468e-01
4.4245236e+01	3.4415882e-01
4.4267045e+01	4.7679595e-02
4.4288854e+01	8.7168188e-02
4.4310663e+01	3.2404954e-01
4.4332472e+01	3.0659569e-01
4.4354281e+01	4.9802663e-03
4.4376090e+01	-8.0681453e-02
4.4397899e+01	3.3547136e-02
4.4419708e+01	-8.2722489e-02
4.4441517e+01	2.1057730e-02
4.4463326e+01	-1.0251822e-01
4.4485134e+01	1.2997987e-01
4.4506943e+01	2.1271134e-02
4.4528752e+01	-3.0281552e-01
4.4550561e+01	2.9481897e-01
4.4572370e+01	1.3685450e-01
4.4594179e+01	7.2637347e-02
4.4615988e+01	1.2521834e-01
4.4637797e+01	-6.1708674e-02
4.4659606e+01	-1.7971383e-02
4.4681415e+01	7.1574814e-02
4.4703224e+01	5.9801940e-02
4.4725033e+01	2.0438019e-01
4.4746842e+01	1.2327796e-01
4.4768651e+01	-4.7664364e-02
4.4790460e+01	-1.0959089e-01
4.4812269e+01	-9.7210639e-02
4.4834077e+01	-2.1332592e-01
4.4855886e+01	-7.4673079e-02
4.4877695e+01	4.9923238e-01
4.4899504e+01	2.8971049e-01
4.4921313e+01	-4.2708606e-02
4.4943122e+01	2.9410521e-01
4.4964931e+01	6.5057395e-01
4.4986740e+01	1.2113026e-01