Image file: \\Gfs05\g45\SAXS\2020_12\HDF5\2020-12.10_Kevin_day2_SN\2020-12-10_Max_Cu123_SN_000017_data_000076.h5
ImageIntegration1d_chi_output; Output_Directory= \\Gfs05\g45\SAXS\2020_12\Processed\2020-12-09_Kevin_day1_SN\Chi-Sample-7
Profile = Radial, StartAzimuth = 0.0, EndAzimuth = 360.0, Sam_Det_distance = 250.818474293, InnerRadius = 15.0, OuterRadius = 2400.0, Lambda = 30, Ratio = 0.001, Itermax = 100
2400
2.0013229e+00	7.5507470e-03
2.0231319e+00	3.2669307e-02
2.0449408e+00	-1.7152035e-01
2.0667497e+00	2.2326024e-01
2.0885587e+00	2.4965286e-01
2.1103676e+00	1.1292857e-02
2.1321765e+00	1.0378367e-02
2.1539855e+00	3.2993688e-01
2.1757944e+00	1.2939466e-01
2.1976034e+00	-1.6366793e-02
2.2194123e+00	-1.9494897e-01
2.2412212e+00	-1.8842289e-02
2.2630302e+00	3.3492125e-02
2.2848391e+00	9.7447718e-02
2.3066480e+00	1.4455744e-01
2.3284570e+00	2.9858041e-04
2.3502659e+00	-1.0150283e-01
2.3720749e+00	3.7889271e-02
2.3938838e+00	2.0903214e-02
2.4156927e+00	-2.4623025e-01
2.4375017e+00	-7.1264126e-02
2.4593106e+00	1.2119028e-01
2.4811196e+00	7.6682773e-02
2.5029285e+00	3.5091005e-02
2.5247374e+00	4.5393903e-02
2.5465464e+00	1.5295107e-02
2.5683553e+00	2.1365914e-02
2.5901642e+00	-4.5245979e-02
2.6119732e+00	-7.5276961e-02
2.6337821e+00	3.7808627e-01
2.6555911e+00	8.6515925e-02
2.6774000e+00	-9.7073028e-02
2.6992089e+00	-1.3220242e-01
2.7210179e+00	8.4966476e-02
2.7428268e+00	9.7051062e-02
2.7646358e+00	-2.8697983e-02
2.7864447e+00	2.2463075e-01
2.8082536e+00	-9.5722781e-03
2.8300626e+00	1.6271417e-02
2.8518715e+00	1.9363106e-01
2.8736804e+00	2.8548418e-03
2.8954894e+00	-1.9261072e-01
2.9172983e+00	-1.0736212e-01
2.9391073e+00	1.1618449e-01
2.9609162e+00	1.4686952e-01
2.9827251e+00	-6.5306076e-02
3.0045341e+00	-8.6266513e-02
3.0263430e+00	2.3685466e-02
3.0481519e+00	4.2457418e-02
3.0699609e+00	3.3310391e-01
3.0917698e+00	3.0595257e-01
3.1135788e+00	-5.2838971e-02
3.1353877e+00	-2.6508670e-02
3.1571966e+00	2.9953637e-03
3.1790056e+00	5.1636090e-02
3.2008145e+00	-5.6792130e-03
3.2226235e+00	5.1429153e-02
3.2444324e+00	4.1775960e-02
3.2662413e+00	5.8517156e-02
3.2880503e+00	-6.9268357e-03
3.3098592e+00	-1.6255188e-01
3.3316681e+00	-1.6571520e-01
3.3534771e+00	1.0195231e-01
3.3752860e+00	1.4872457e-01
3.3970950e+00	2.6362630e-02
3.4189039e+00	-6.0215790e-02
3.4407128e+00	-4.6092643e-02
3.4625218e+00	9.3068935e-03
3.4843307e+00	5.4152555e-02
3.5061396e+00	-4.9247531e-02
3.5279486e+00	-1.1264819e-02
3.5497575e+00	-6.1169667e-02
3.5715665e+00	1.3352368e-01
3.5933754e+00	2.0122055e-01
3.6151843e+00	1.0902270e-02
3.6369933e+00	2.1593906e-02
3.6588022e+00	-8.9517126e-02
3.6806112e+00	-1.2202053e-02
3.7024201e+00	-8.3522441e-02
3.7242290e+00	-7.4376518e-02
3.7460380e+00	-3.0476707e-02
3.7678469e+00	1.7296247e-01
3.7896558e+00	3.4495881e-01
3.8114648e+00	5.9430865e-02
3.8332737e+00	3.3767611e-02
3.8550827e+00	-6.6736825e-02
3.8768916e+00	-6.7548909e-02
3.8987005e+00	-5.0659191e-03
3.9205095e+00	2.8682128e-02
3.9423184e+00	7.7540870e-02
3.9641273e+00	5.7747466e-02
3.9859363e+00	3.7732754e-01
4.0077452e+00	1.1538835e-01
4.0295542e+00	1.2028095e-02
4.0513631e+00	-7.5161417e-02
4.0731720e+00	-9.9822417e-02
4.0949810e+00	-2.0104708e-01
4.1167899e+00	-6.5775347e-02
4.1385989e+00	2.1224938e-01
4.1604078e+00	4.3761584e-01
4.1822167e+00	2.7620040e-01
4.2040257e+00	1.5414717e-01
4.2258346e+00	1.5497626e-01
4.2476435e+00	-6.7909285e-03
4.2694525e+00	-2.9879635e-02
4.2912614e+00	-1.6190984e-02
4.3130704e+00	-1.8641167e-01
4.3348793e+00	-8.0281670e-03
4.3566882e+00	2.4646777e-01
4.3784972e+00	1.8412866e-01
4.4003061e+00	4.8837701e-02
4.4221151e+00	-4.1164954e-02
4.4439240e+00	-2.5848288e-02
4.4657329e+00	8.7745348e-02
4.4875419e+00	7.5380665e-02
4.5093508e+00	-1.8861155e-01
4.5311597e+00	-8.2014446e-02
4.5529687e+00	-8.7581111e-02
4.5747776e+00	7.5376884e-02
4.5965866e+00	5.6568098e-02
4.6183955e+00	1.3962729e-01
4.6402044e+00	-3.2886866e-02
4.6620134e+00	1.4006193e-01
4.6838223e+00	-1.0061534e-01
4.7056312e+00	-8.2200574e-02
4.7274402e+00	-4.7958984e-02
4.7492491e+00	-9.6402058e-02
4.7710581e+00	2.8078858e-02
4.7928670e+00	1.1276961e-01
4.8146759e+00	-2.1375447e-02
4.8364849e+00	4.4806286e-02
4.8582938e+00	1.8941416e-02
4.8801028e+00	6.2085481e-02
4.9019117e+00	6.8653651e-03
4.9237206e+00	5.5547403e-02
4.9455296e+00	1.3695851e-01
4.9673385e+00	2.9477644e-02
4.9891474e+00	-2.0519630e-01
5.0109564e+00	-3.0103526e-01
5.0327653e+00	-7.7147265e-02
5.0545743e+00	7.8112126e-02
5.0763832e+00	1.6995864e-01
5.0981921e+00	1.7146645e-02
5.1200011e+00	8.1294765e-02
5.1418100e+00	4.3364539e-02
5.1636189e+00	5.6389433e-02
5.1854279e+00	3.8064183e-02
5.2072368e+00	-2.2212770e-02
5.2290458e+00	6.5043676e-02
5.2508547e+00	-7.2960479e-02
5.2726636e+00	-1.0094589e-01
5.2944726e+00	-3.1388154e-01
5.3162815e+00	8.6072289e-02
5.3380905e+00	7.9476008e-02
5.3598994e+00	4.5327702e-02
5.3817083e+00	5.7560670e-02
5.4035173e+00	1.4652004e-01
5.4253262e+00	1.5375647e-02
5.4471351e+00	5.1968634e-03
5.4689441e+00	-1.5222134e-03
5.4907530e+00	3.2249589e-02
5.5125620e+00	-9.2508880e-03
5.5343709e+00	2.6304748e-02
5.5561798e+00	-2.7453083e-02
5.5779888e+00	-1.6598574e-01
5.5997977e+00	-4.9530025e-02
5.6216066e+00	7.3175075e-02
5.6434156e+00	-1.1479691e-01
5.6652245e+00	-2.0308932e-02
5.6870335e+00	9.0028471e-02
5.7088424e+00	-5.5174779e-02
5.7306513e+00	2.3749821e-02
5.7524603e+00	1.3592548e-01
5.7742692e+00	8.6972296e-02
5.7960782e+00	-7.1694490e-02
5.8178871e+00	-1.2253421e-01
5.8396960e+00	8.3807269e-02
5.8615050e+00	1.7208545e-01
5.8833139e+00	2.7783542e-02
5.9051228e+00	-4.0739810e-02
5.9269318e+00	-1.1276569e-01
5.9487407e+00	4.2526272e-02
5.9705497e+00	-9.1564828e-02
5.9923586e+00	-9.8144090e-02
6.0141675e+00	4.6423324e-02
6.0359765e+00	1.8882152e-01
6.0577854e+00	9.5761517e-02
6.0795944e+00	1.9893660e-02
6.1014033e+00	1.0383726e-01
6.1232122e+00	-8.9054622e-02
6.1450212e+00	-9.9261827e-02
6.1668301e+00	-1.1285495e-01
6.1886390e+00	7.5974959e-02
6.2104480e+00	8.9943526e-02
6.2322569e+00	-1.3666617e-01
6.2540659e+00	-3.2627937e-02
6.2758748e+00	-7.4890110e-02
6.2976837e+00	2.0954701e-01
6.3194927e+00	1.2357145e-02
6.3413016e+00	2.6611006e-02
6.3631105e+00	6.1321314e-02
6.3849195e+00	9.4618874e-02
6.4067284e+00	-6.6333421e-02
6.4285374e+00	5.9390468e-02
6.4503463e+00	1.0287315e-02
6.4721552e+00	-3.3834647e-02
6.4939642e+00	-1.3860739e-01
6.5157731e+00	5.3196384e-02
6.5375821e+00	1.3479144e-02
6.5593910e+00	-6.0332090e-02
6.5811999e+00	-3.1856574e-02
6.6030089e+00	-6.3069083e-03
6.6248178e+00	3.6257635e-02
6.6466267e+00	8.6107763e-02
6.6684357e+00	7.0702404e-02
6.6902446e+00	-1.5610936e-02
6.7120536e+00	-1.1108798e-01
6.7338625e+00	3.3884480e-03
6.7556714e+00	1.1540315e-02
6.7774804e+00	-2.2651757e-03
6.7992893e+00	9.3280329e-02
6.8210982e+00	-1.8035416e-02
6.8429072e+00	8.4159650e-02
6.8647161e+00	-1.1023726e-02
6.8865251e+00	-2.7575288e-01
6.9083340e+00	2.2438793e-01
6.9301429e+00	1.4771721e-01
6.9519519e+00	1.1819558e-01
6.9737608e+00	-5.7397818e-03
6.9955698e+00	-2.2195568e-01
7.0173787e+00	-4.8071824e-02
7.0391876e+00	-1.7542429e-02
7.0609966e+00	5.3471203e-02
7.0828055e+00	-2.9949709e-03
7.1046144e+00	1.6921661e-01
7.1264234e+00	-4.7725805e-02
7.1482323e+00	7.3462105e-02
7.1700413e+00	-2.7029988e-02
7.1918502e+00	-3.9323945e-02
7.2136591e+00	4.4634821e-02
7.2354681e+00	1.0894155e-02
7.2572770e+00	-1.0188853e-01
7.2790859e+00	1.4179979e-01
7.3008949e+00	1.0370726e-01
7.3227038e+00	-6.6393606e-02
7.3445128e+00	-1.2911266e-01
7.3663217e+00	1.8248004e-02
7.3881306e+00	5.4560952e-02
7.4099396e+00	-1.0760189e-01
7.4317485e+00	6.7215359e-03
7.4535575e+00	2.9825885e-01
7.4753664e+00	2.0645005e-01
7.4971753e+00	-5.3221124e-02
7.5189843e+00	-5.2123300e-02
7.5407932e+00	-1.4429853e-01
7.5626021e+00	2.0005116e-02
7.5844111e+00	1.4387344e-01
7.6062200e+00	8.2909307e-02
7.6280290e+00	1.0627598e-01
7.6498379e+00	2.9876697e-01
7.6716468e+00	1.5914377e-01
7.6934558e+00	-3.9058855e-02
7.7152647e+00	-1.7481492e-01
7.7370737e+00	-1.6804400e-01
7.7588826e+00	-3.1581542e-02
7.7806915e+00	5.3644335e-03
7.8025005e+00	8.8369078e-02
7.8243094e+00	8.8028038e-02
7.8461183e+00	-2.3459744e-02
7.8679273e+00	1.7495123e-01
7.8897362e+00	-6.9180792e-03
7.9115452e+00	1.4597008e-02
7.9333541e+00	8.6755133e-03
7.9551630e+00	-2.2923495e-01
7.9769720e+00	-1.2970340e-01
7.9987809e+00	1.5136532e-01
8.0205898e+00	1.2206972e-01
8.0423988e+00	-2.9666968e-02
8.0642077e+00	-2.0261939e-02
8.0860167e+00	-3.8447063e-02
8.1078256e+00	-3.6032140e-04
8.1296345e+00	3.2292331e-02
8.1514435e+00	5.3658933e-02
8.1732524e+00	-4.9921336e-02
8.1950614e+00	1.3851019e-01
8.2168703e+00	1.8422474e-01
8.2386792e+00	-2.1519209e-01
8.2604882e+00	-1.2238810e-01
8.2822971e+00	1.4151398e-01
8.3041060e+00	2.0667887e-02
8.3259150e+00	-2.6466880e-02
8.3477239e+00	4.3243233e-02
8.3695329e+00	8.7861458e-02
8.3913418e+00	-6.2531714e-02
8.4131507e+00	-1.7261722e-01
8.4349597e+00	7.1523003e-02
8.4567686e+00	1.5967688e-01
8.4785775e+00	2.4818118e-02
8.5003865e+00	3.8448119e-02
8.5221954e+00	3.0723766e-02
8.5440044e+00	3.0595952e-02
8.5658133e+00	-3.2609745e-01
8.5876222e+00	-1.8162634e-01
8.6094312e+00	1.4635328e-01
8.6312401e+00	3.0532559e-01
8.6530491e+00	2.3248749e-01
8.6748580e+00	6.5727557e-02
8.6966669e+00	2.3912591e-01
8.7184759e+00	1.2124098e-01
8.7402848e+00	-8.7048888e-02
8.7620937e+00	9.2459519e-02
8.7839027e+00	7.2672781e-02
8.8057116e+00	-9.5388196e-02
8.8275206e+00	-1.3305416e-01
8.8493295e+00	1.6044652e-01
8.8711384e+00	-5.8204367e-03
8.8929474e+00	-2.5997120e-01
8.9147563e+00	1.2209587e-01
8.9365652e+00	5.2483083e-02
8.9583742e+00	2.5833793e-02
8.9801831e+00	-8.5739856e-02
9.0019921e+00	-7.2968944e-03
9.0238010e+00	-6.1115615e-02
9.0456099e+00	4.6836635e-02
9.0674189e+00	1.5109229e-01
9.0892278e+00	9.6929133e-02
9.1110368e+00	-1.3440611e-01
9.1328457e+00	5.2623518e-02
9.1546546e+00	2.6157311e-01
9.1764636e+00	1.1808899e-01
9.1982725e+00	-6.7306160e-02
9.2200814e+00	-3.5468156e-02
9.2418904e+00	-1.1501866e-01
9.2636993e+00	-3.8862617e-02
9.2855083e+00	-9.1311136e-02
9.3073172e+00	2.3170355e-01
9.3291261e+00	1.6771567e-01
9.3509351e+00	4.7281744e-02
9.3727440e+00	-1.3544567e-02
9.3945530e+00	-5.7521816e-02
9.4163619e+00	-4.4395501e-02
9.4381708e+00	9.4523841e-02
9.4599798e+00	-4.0129994e-02
9.4817887e+00	2.5477037e-03
9.5035976e+00	2.9472477e-01
9.5254066e+00	1.1947027e-01
9.5472155e+00	6.3682220e-02
9.5690245e+00	-1.3850279e-01
9.5908334e+00	-1.7323009e-01
9.6126423e+00	4.0406648e-02
9.6344513e+00	2.1233509e-01
9.6562602e+00	9.4771399e-02
9.6780691e+00	-8.7171578e-02
9.6998781e+00	-1.0169286e-02
9.7216870e+00	-1.6309569e-01
9.7434960e+00	1.3190584e-01
9.7653049e+00	2.8848045e-01
9.7871138e+00	-4.7952526e-02
9.8089228e+00	7.3921539e-02
9.8307317e+00	3.0293320e-01
9.8525407e+00	1.1708200e-01
9.8743496e+00	1.3730420e-02
9.8961585e+00	5.9531064e-02
9.9179675e+00	-1.6575709e-01
9.9397764e+00	-3.4933141e-02
9.9615853e+00	3.4506988e-02
9.9833943e+00	-1.2204472e-01
1.0005203e+01	3.8801689e-02
1.0027012e+01	2.3992524e-01
1.0048821e+01	7.3263312e-02
1.0070630e+01	-6.4139223e-03
1.0092439e+01	-3.2070549e-02
1.0114248e+01	5.8841885e-02
1.0136057e+01	7.4775297e-02
1.0157866e+01	2.3346881e-01
1.0179675e+01	6.7516620e-03
1.0201484e+01	5.5241375e-03
1.0223293e+01	-7.5191137e-03
1.0245102e+01	-1.5128226e-01
1.0266910e+01	-7.3317106e-02
1.0288719e+01	-7.0218791e-02
1.0310528e+01	7.6513079e-04
1.0332337e+01	1.0999184e+00
1.0354146e+01	1.4914862e+00
1.0375955e+01	1.9050549e+00
1.0397764e+01	2.3102207e+00
1.0419573e+01	2.4995388e+00
1.0441382e+01	3.1739245e+00
1.0463191e+01	3.7668601e+00
1.0485000e+01	4.4041657e+00
1.0506809e+01	5.3959208e+00
1.0528618e+01	6.2990865e+00
1.0550427e+01	6.8206530e+00
1.0572236e+01	7.2467457e+00
1.0594045e+01	7.9312888e+00
1.0615853e+01	8.6952675e+00
1.0637662e+01	8.2384301e+00
1.0659471e+01	7.5803639e+00
1.0681280e+01	6.2047680e+00
1.0703089e+01	4.5312818e+00
1.0724898e+01	2.8867386e+00
1.0746707e+01	2.0940845e+00
1.0768516e+01	1.1155948e+00
1.0790325e+01	4.5359083e-01
1.0812134e+01	8.8986778e-02
1.0833943e+01	1.6726610e-01
1.0855752e+01	8.9470019e-02
1.0877561e+01	5.2413511e-02
1.0899370e+01	-1.7943616e-01
1.0921179e+01	-1.6744064e-01
1.0942988e+01	-5.4998431e-02
1.0964796e+01	-2.8949687e-02
1.0986605e+01	-2.6907741e-02
1.1008414e+01	4.5781508e-02
1.1030223e+01	1.3288754e-01
1.1052032e+01	1.3265876e-01
1.1073841e+01	4.7862516e-01
1.1095650e+01	5.1746214e-01
1.1117459e+01	1.0900083e+00
1.1139268e+01	9.2883880e-01
1.1161077e+01	1.4888047e+00
1.1182886e+01	1.7299460e+00
1.1204695e+01	1.8926649e+00
1.1226504e+01	2.2412454e+00
1.1248313e+01	1.9289257e+00
1.1270122e+01	9.7600682e-01
1.1291931e+01	4.7719183e-01
1.1313740e+01	5.1394840e-02
1.1335548e+01	1.2138808e-01
1.1357357e+01	-7.3265925e-02
1.1379166e+01	-7.3478153e-02
1.1400975e+01	-1.2203372e-01
1.1422784e+01	-1.4332480e-01
1.1444593e+01	4.4386117e-02
1.1466402e+01	1.3678596e-01
1.1488211e+01	6.0039393e-02
1.1510020e+01	-7.1122534e-02
1.1531829e+01	-5.4321287e-02
1.1553638e+01	-7.8688926e-02
1.1575447e+01	1.2991974e-01
1.1597256e+01	3.8596581e-02
1.1619065e+01	-1.4666504e-01
1.1640874e+01	5.9125380e-02
1.1662683e+01	5.2948511e-01
1.1684491e+01	2.6654146e-01
1.1706300e+01	7.1122350e-02
1.1728109e+01	1.4765474e-01
1.1749918e+01	1.3074053e-02
1.1771727e+01	-2.7650323e-02
1.1793536e+01	-1.9474080e-01
1.1815345e+01	3.3592318e-02
1.1837154e+01	-1.1690391e-01
1.1858963e+01	2.7442877e-01
1.1880772e+01	4.0398525e-01
1.1902581e+01	3.5967331e-01
1.1924390e+01	9.7611590e-02
1.1946199e+01	4.9553282e-02
1.1968008e+01	7.8826216e-02
1.1989817e+01	6.7930672e-02
1.2011626e+01	-8.8865665e-02
1.2033434e+01	-2.0399513e-01
1.2055243e+01	1.5494887e-02
1.2077052e+01	1.6642825e-02
1.2098861e+01	1.8240389e-01
1.2120670e+01	2.3866693e-01
1.2142479e+01	-1.9094505e-02
1.2164288e+01	-2.0050463e-01
1.2186097e+01	-2.7603664e-02
1.2207906e+01	1.4091663e-01
1.2229715e+01	8.7455073e-02
1.2251524e+01	1.0558413e-01
1.2273333e+01	3.9589709e-01
1.2295142e+01	5.5374585e-01
1.2316951e+01	3.1218145e-01
1.2338760e+01	-1.8480251e-02
1.2360569e+01	-1.9433471e-01
1.2382377e+01	-1.0232989e-01
1.2404186e+01	-2.5639937e-02
1.2425995e+01	1.3762980e-01
1.2447804e+01	2.5510511e-01
1.2469613e+01	-3.7789858e-02
1.2491422e+01	-5.6019500e-02
1.2513231e+01	2.3843591e-01
1.2535040e+01	3.4445981e-02
1.2556849e+01	-9.6117476e-03
1.2578658e+01	1.4104328e-01
1.2600467e+01	1.2173667e-01
1.2622276e+01	-3.7517789e-02
1.2644085e+01	8.0688526e-02
1.2665894e+01	-3.5765712e-02
1.2687703e+01	-2.7336118e-01
1.2709512e+01	-5.0274919e-02
1.2731320e+01	4.9250784e-03
1.2753129e+01	5.3549161e-02
1.2774938e+01	-5.9273205e-02
1.2796747e+01	6.8485080e-03
1.2818556e+01	1.0055618e-01
1.2840365e+01	1.1355382e-01
1.2862174e+01	5.1805556e-02
1.2883983e+01	-1.2210277e-01
1.2905792e+01	-2.4873443e-01
1.2927601e+01	6.8161303e-02
1.2949410e+01	2.1395278e-02
1.2971219e+01	1.1381498e-01
1.2993028e+01	1.2831784e-01
1.3014837e+01	3.5838255e-01
1.3036646e+01	3.2267430e-01
1.3058455e+01	3.6290934e-01
1.3080264e+01	6.3688892e-01
1.3102072e+01	6.9721480e-01
1.3123881e+01	9.4947667e-02
1.3145690e+01	-3.2846744e-02
1.3167499e+01	6.7328454e-03
1.3189308e+01	-3.1949944e-02
1.3211117e+01	-9.3297507e-02
1.3232926e+01	1.0001620e-01
1.3254735e+01	1.4904694e-01
1.3276544e+01	-3.4227251e-02
1.3298353e+01	-1.1460059e-01
1.3320162e+01	-7.8309976e-02
1.3341971e+01	-2.0819440e-01
1.3363780e+01	5.3812018e-01
1.3385589e+01	4.9283759e-01
1.3407398e+01	4.6869937e-01
1.3429207e+01	4.0307794e-01
1.3451015e+01	3.4380527e-01
1.3472824e+01	2.8435777e-01
1.3494633e+01	4.1103786e-02
1.3516442e+01	8.8419720e-03
1.3538251e+01	1.1025856e-01
1.3560060e+01	5.7634615e-02
1.3581869e+01	-8.7336276e-03
1.3603678e+01	1.5587360e-02
1.3625487e+01	2.6446908e-02
1.3647296e+01	-3.4136958e-02
1.3669105e+01	-1.6246691e-02
1.3690914e+01	1.1210860e-01
1.3712723e+01	9.1773885e-02
1.3734532e+01	-1.0701794e-01
1.3756341e+01	-2.1575426e-01
1.3778150e+01	4.7422630e-02
1.3799958e+01	2.1618225e-01
1.3821767e+01	3.2281127e-01
1.3843576e+01	4.4851846e-01
1.3865385e+01	8.7015378e-02
1.3887194e+01	-6.7911882e-02
1.3909003e+01	-2.0333111e-01
1.3930812e+01	1.2607726e-01
1.3952621e+01	3.1297148e-01
1.3974430e+01	-2.7057871e-03
1.3996239e+01	3.2476521e-02
1.4018048e+01	-5.1639442e-02
1.4039857e+01	-5.0340474e-02
1.4061666e+01	-2.4751531e-02
1.4083475e+01	1.2988897e-01
1.4105284e+01	1.2266811e-01
1.4127093e+01	1.5405505e-04
1.4148901e+01	-7.5344492e-02
1.4170710e+01	4.3150393e-03
1.4192519e+01	1.5167385e-02
1.4214328e+01	-1.2858331e-01
1.4236137e+01	-3.2599245e-02
1.4257946e+01	9.9386378e-02
1.4279755e+01	1.8145845e-01
1.4301564e+01	6.3209001e-02
1.4323373e+01	1.9533309e-02
1.4345182e+01	-2.0599605e-01
1.4366991e+01	-2.6699808e-02
1.4388800e+01	8.0478465e-03
1.4410609e+01	-1.2955845e-02
1.4432418e+01	9.8575614e-02
1.4454227e+01	6.0655164e-02
1.4476036e+01	-6.4775142e-02
1.4497844e+01	-1.4846367e-01
1.4519653e+01	5.0703002e-02
1.4541462e+01	1.0316603e-01
1.4563271e+01	1.0334044e-01
1.4585080e+01	1.7244383e-01
1.4606889e+01	-1.2388849e-01
1.4628698e+01	-4.1045359e-02
1.4650507e+01	-1.5979111e-02
1.4672316e+01	-1.2194743e-01
1.4694125e+01	-1.9624085e-01
1.4715934e+01	-1.6120708e-03
1.4737743e+01	1.8365353e-01
1.4759552e+01	4.7827239e-02
1.4781361e+01	-6.1067040e-02
1.4803170e+01	6.4652506e-02
1.4824979e+01	1.0072485e-01
1.4846787e+01	3.3820487e-01
1.4868596e+01	6.7552283e-01
1.4890405e+01	7.4233757e-01
1.4912214e+01	8.6584391e-01
1.4934023e+01	7.8461068e-01
1.4955832e+01	9.8827370e-01
1.4977641e+01	1.2382808e+00
1.4999450e+01	1.4881368e+00
1.5021259e+01	1.6754866e+00
1.5043068e+01	1.7819669e+00
1.5064877e+01	1.4894946e+00
1.5086686e+01	1.0852925e+00
1.5108495e+01	8.1136452e-01
1.5130304e+01	4.1315836e-01
1.5152113e+01	8.5221901e-02
1.5173922e+01	-9.0225019e-02
1.5195731e+01	4.5580951e-02
1.5217539e+01	6.3255426e-02
1.5239348e+01	-9.7391457e-02
1.5261157e+01	-7.4393783e-02
1.5282966e+01	-1.0703945e-01
1.5304775e+01	4.4509783e-04
1.5326584e+01	1.8740326e-01
1.5348393e+01	2.0814860e-01
1.5370202e+01	9.3854674e-02
1.5392011e+01	1.1430569e-01
1.5413820e+01	-6.3392726e-02
1.5435629e+01	-1.5834190e-01
1.5457438e+01	-1.6324347e-01
1.5479247e+01	4.1079949e-02
1.5501056e+01	1.0440914e-01
1.5522865e+01	-3.9365740e-02
1.5544674e+01	-1.5864079e-02
1.5566482e+01	-1.1686761e-01
1.5588291e+01	9.5127250e-02
1.5610100e+01	3.0980157e-01
1.5631909e+01	1.7797278e-01
1.5653718e+01	5.6375875e-02
1.5675527e+01	6.3807148e-02
1.5697336e+01	-4.6159400e-03
1.5719145e+01	-1.4554884e-02
1.5740954e+01	-7.6322508e-02
1.5762763e+01	-7.2124920e-02
1.5784572e+01	-1.2096846e-01
1.5806381e+01	5.4033660e-03
1.5828190e+01	5.6983210e-02
1.5849999e+01	2.0477935e-02
1.5871808e+01	9.0168350e-03
1.5893617e+01	1.6741571e-02
1.5915425e+01	-5.6421608e-03
1.5937234e+01	1.7452706e-02
1.5959043e+01	-1.6641923e-02
1.5980852e+01	1.3810462e-01
1.6002661e+01	-3.1311742e-02
1.6024470e+01	-5.5300342e-02
1.6046279e+01	-4.4494343e-02
1.6068088e+01	5.0873987e-02
1.6089897e+01	3.5800125e-03
1.6111706e+01	-7.4368605e-02
1.6133515e+01	2.1477659e-02
1.6155324e+01	1.1900496e-01
1.6177133e+01	-7.0164338e-02
1.6198942e+01	-2.8648667e-02
1.6220751e+01	-2.9873993e-02
1.6242560e+01	-2.7048835e-03
1.6264368e+01	-7.7513663e-02
1.6286177e+01	1.0617239e-01
1.6307986e+01	1.2472447e-01
1.6329795e+01	4.3681531e-02
1.6351604e+01	-5.2374462e-02
1.6373413e+01	-3.5916688e-02
1.6395222e+01	-9.6239801e-03
1.6417031e+01	-2.3127494e-02
1.6438840e+01	-5.4544934e-02
1.6460649e+01	5.2566377e-02
1.6482458e+01	4.2275824e-02
1.6504267e+01	4.2291878e-02
1.6526076e+01	-4.5791953e-02
1.6547885e+01	-8.1183643e-02
1.6569694e+01	-8.8909279e-02
1.6591503e+01	-2.9738104e-02
1.6613311e+01	4.3130360e-03
1.6635120e+01	-2.5601988e-02
1.6656929e+01	-2.0445831e-02
1.6678738e+01	1.1266571e-01
1.6700547e+01	1.2918084e-01
1.6722356e+01	1.3285627e-02
1.6744165e+01	2.3445821e-01
1.6765974e+01	6.6476587e-01
1.6787783e+01	7.6591087e-01
1.6809592e+01	5.8135947e-01
1.6831401e+01	4.9855392e-01
1.6853210e+01	4.9389439e-01
1.6875019e+01	8.3700098e-02
1.6896828e+01	-5.5604859e-02
1.6918637e+01	-1.6796430e-02
1.6940446e+01	-2.4041351e-01
1.6962254e+01	-6.6606598e-02
1.6984063e+01	6.6214592e-02
1.7005872e+01	4.3499190e-02
1.7027681e+01	7.5055151e-02
1.7049490e+01	-4.2864722e-02
1.7071299e+01	7.6901674e-02
1.7093108e+01	1.1013075e-01
1.7114917e+01	-7.7704669e-02
1.7136726e+01	-7.7277304e-02
1.7158535e+01	6.2421968e-02
1.7180344e+01	-6.0321250e-03
1.7202153e+01	1.4750755e-02
1.7223962e+01	2.8848770e-02
1.7245771e+01	-8.6757432e-02
1.7267580e+01	1.2985802e-02
1.7289389e+01	-7.6190209e-02
1.7311198e+01	-4.5400035e-02
1.7333006e+01	6.1224121e-02
1.7354815e+01	7.0100876e-02
1.7376624e+01	3.3140736e-03
1.7398433e+01	1.2306644e-01
1.7420242e+01	1.7063540e-01
1.7442051e+01	-1.3233758e-01
1.7463860e+01	-1.5507096e-01
1.7485669e+01	3.9281980e-02
1.7507478e+01	-5.2911068e-02
1.7529287e+01	-2.0202859e-02
1.7551096e+01	-5.4336912e-02
1.7572905e+01	5.8202167e-02
1.7594714e+01	3.1245494e-03
1.7616523e+01	6.2264325e-02
1.7638332e+01	5.7111602e-02
1.7660141e+01	1.9773918e-01
1.7681949e+01	4.1038141e-02
1.7703758e+01	-1.4973939e-01
1.7725567e+01	-9.7225522e-02
1.7747376e+01	-1.0114124e-02
1.7769185e+01	1.8624594e-02
1.7790994e+01	-9.1003803e-02
1.7812803e+01	9.5478116e-02
1.7834612e+01	4.8909009e-02
1.7856421e+01	8.3569144e-04
1.7878230e+01	1.3535450e-01
1.7900039e+01	1.3568994e-01
1.7921848e+01	7.4223987e-03
1.7943657e+01	-1.7412601e-01
1.7965466e+01	-1.9973214e-01
1.7987275e+01	-3.0421641e-02
1.8009084e+01	-1.9814463e-02
1.8030892e+01	3.1138950e-02
1.8052701e+01	8.2961125e-02
1.8074510e+01	1.0225885e-01
1.8096319e+01	-1.9662468e-02
1.8118128e+01	-1.5356828e-02
1.8139937e+01	4.6086701e-03
1.8161746e+01	1.3443736e-01
1.8183555e+01	7.2648234e-02
1.8205364e+01	-2.0367959e-01
1.8227173e+01	3.8253191e-02
1.8248982e+01	-6.2008395e-03
1.8270791e+01	1.0202635e-01
1.8292600e+01	-8.5939763e-02
1.8314409e+01	-5.2499672e-02
1.8336218e+01	5.4844537e-02
1.8358027e+01	-9.8393701e-02
1.8379835e+01	-1.2364405e-01
1.8401644e+01	-7.2320576e-02
1.8423453e+01	1.1589011e-02
1.8445262e+01	1.7302935e-01
1.8467071e+01	1.0369263e-01
1.8488880e+01	2.4405538e-01
1.8510689e+01	1.5417220e-01
1.8532498e+01	6.3284989e-02
1.8554307e+01	-1.7887653e-01
1.8576116e+01	-1.4349181e-01
1.8597925e+01	2.3108221e-02
1.8619734e+01	-1.1829382e-02
1.8641543e+01	1.3380659e-01
1.8663352e+01	2.8525826e-01
1.8685161e+01	2.8853605e-01
1.8706970e+01	1.6768434e-01
1.8728778e+01	5.7392582e-02
1.8750587e+01	-2.5844987e-02
1.8772396e+01	-2.9399963e-02
1.8794205e+01	-2.0441599e-01
1.8816014e+01	-4.5768272e-02
1.8837823e+01	1.7066846e-02
1.8859632e+01	-5.3982883e-02
1.8881441e+01	9.6386866e-02
1.8903250e+01	1.2659539e-01
1.8925059e+01	-6.7314157e-02
1.8946868e+01	-7.0144619e-02
1.8968677e+01	7.0097601e-02
1.8990486e+01	1.3756902e-02
1.9012295e+01	-8.8787339e-02
1.9034104e+01	-2.1114425e-01
1.9055913e+01	5.6158395e-02
1.9077721e+01	1.5504393e-01
1.9099530e+01	8.6072898e-02
1.9121339e+01	1.0869062e-01
1.9143148e+01	1.4808006e-01
1.9164957e+01	-9.2198841e-02
1.9186766e+01	-1.1283308e-01
1.9208575e+01	5.1164332e-03
1.9230384e+01	-9.1120276e-02
1.9252193e+01	-1.7924342e-01
1.9274002e+01	2.3949918e-02
1.9295811e+01	1.8909838e-01
1.9317620e+01	1.0325687e-01
1.9339429e+01	-2.5426999e-02
1.9361238e+01	2.6537434e-02
1.9383047e+01	7.6141850e-02
1.9404856e+01	-4.9707550e-02
1.9426665e+01	-2.4484352e-02
1.9448473e+01	1.1217029e-01
1.9470282e+01	1.2480884e-01
1.9492091e+01	-5.5430893e-02
1.9513900e+01	-2.7630480e-01
1.9535709e+01	3.1994484e-02
1.9557518e+01	1.1250346e-01
1.9579327e+01	1.1417163e-01
1.9601136e+01	-2.6819544e-02
1.9622945e+01	-2.1137512e-01
1.9644754e+01	-6.4015733e-02
1.9666563e+01	3.5697804e-02
1.9688372e+01	1.2555315e-01
1.9710181e+01	1.5754065e-01
1.9731990e+01	-1.3169280e-02
1.9753799e+01	-1.0889771e-02
1.9775608e+01	-6.1598393e-02
1.9797416e+01	-1.6206710e-01
1.9819225e+01	-5.2071974e-02
1.9841034e+01	7.9885099e-02
1.9862843e+01	-1.6029504e-02
1.9884652e+01	-2.7967882e-02
1.9906461e+01	1.3500871e-01
1.9928270e+01	5.9909743e-02
1.9950079e+01	2.1525680e-01
1.9971888e+01	1.6355014e-01
1.9993697e+01	-3.5608314e-02
2.0015506e+01	-3.3393990e-02
2.0037315e+01	1.0927907e-01
2.0059124e+01	-1.2999759e-01
2.0080933e+01	-2.1942889e-01
2.0102742e+01	-3.2979571e-02
2.0124551e+01	5.8797901e-02
2.0146359e+01	1.5707083e-01
2.0168168e+01	2.6435715e-01
2.0189977e+01	-9.9672084e-02
2.0211786e+01	-2.0625825e-01
2.0233595e+01	-9.6795512e-02
2.0255404e+01	-6.4706774e-02
2.0277213e+01	1.1431438e-01
2.0299022e+01	1.0915886e-01
2.0320831e+01	1.7336852e-01
2.0342640e+01	1.1127989e-01
2.0364449e+01	2.0976134e-01
2.0386258e+01	1.3270205e-02
2.0408067e+01	-1.0010587e-01
2.0429876e+01	2.0959452e-02
2.0451685e+01	-5.5346846e-02
2.0473494e+01	3.5183863e-01
2.0495302e+01	3.5555073e-01
2.0517111e+01	3.3009696e-01
2.0538920e+01	5.3087701e-01
2.0560729e+01	5.9558357e-01
2.0582538e+01	4.5323798e-01
2.0604347e+01	7.2192529e-02
2.0626156e+01	5.6070652e-02
2.0647965e+01	-4.2858660e-02
2.0669774e+01	-2.1745636e-01
2.0691583e+01	-5.6693304e-02
2.0713392e+01	9.7898194e-02
2.0735201e+01	1.5172415e-01
2.0757010e+01	-6.1356952e-02
2.0778819e+01	5.3981585e-02
2.0800628e+01	6.5198294e-02
2.0822437e+01	-3.8118312e-02
2.0844245e+01	-1.3609033e-01
2.0866054e+01	5.7119770e-04
2.0887863e+01	2.7215186e-03
2.0909672e+01	-4.1578148e-02
2.0931481e+01	-4.5590151e-02
2.0953290e+01	1.0669757e-01
2.0975099e+01	4.5324025e-01
2.0996908e+01	7.4904378e-01
2.1018717e+01	1.0707822e+00
2.1040526e+01	1.6290706e+00
2.1062335e+01	1.9197749e+00
2.1084144e+01	2.2646652e+00
2.1105953e+01	2.3906466e+00
2.1127762e+01	2.4042461e+00
2.1149571e+01	2.9317338e+00
2.1171380e+01	4.1479106e+00
2.1193188e+01	5.6827696e+00
2.1214997e+01	7.2944639e+00
2.1236806e+01	8.5301056e+00
2.1258615e+01	9.3141775e+00
2.1280424e+01	9.2450558e+00
2.1302233e+01	8.0152966e+00
2.1324042e+01	6.5597568e+00
2.1345851e+01	4.8691886e+00
2.1367660e+01	3.1165289e+00
2.1389469e+01	1.8793658e+00
2.1411278e+01	9.9184529e-01
2.1433087e+01	3.0060648e-01
2.1454896e+01	9.4438386e-02
2.1476705e+01	-6.2099921e-02
2.1498514e+01	2.7207899e-01
2.1520323e+01	6.4167417e-01
2.1542132e+01	1.1829375e+00
2.1563940e+01	1.3174399e+00
2.1585749e+01	1.2103461e+00
2.1607558e+01	1.2606602e+00
2.1629367e+01	8.6396897e-01
2.1651176e+01	4.6411031e-01
2.1672985e+01	9.3752093e-02
2.1694794e+01	5.3545446e-02
2.1716603e+01	7.9057942e-02
2.1738412e+01	-1.5098466e-01
2.1760221e+01	-9.8339413e-02
2.1782030e+01	-9.6595882e-03
2.1803839e+01	-1.1238968e-01
2.1825648e+01	2.9419456e-02
2.1847457e+01	6.7800148e-02
2.1869266e+01	-4.3968151e-02
2.1891075e+01	-1.0634384e-01
2.1912883e+01	-4.8442276e-03
2.1934692e+01	1.6429401e-01
2.1956501e+01	1.6206445e-01
2.1978310e+01	-1.3050273e-02
2.2000119e+01	-6.4332284e-02
2.2021928e+01	-1.0319810e-01
2.2043737e+01	6.0645778e-02
2.2065546e+01	2.8985861e-01
2.2087355e+01	2.1104155e-01
2.2109164e+01	1.0876169e-01
2.2130973e+01	-6.7640861e-02
2.2152782e+01	-8.6366966e-02
2.2174591e+01	-5.6130139e-02
2.2196400e+01	-7.5041255e-02
2.2218209e+01	-2.9656284e-03
2.2240018e+01	2.7467483e-02
2.2261826e+01	1.6057854e-01
2.2283635e+01	1.6881174e-01
2.2305444e+01	-1.0529896e-01
2.2327253e+01	-1.0612708e-01
2.2349062e+01	6.4423678e-02
2.2370871e+01	1.1730599e-01
2.2392680e+01	-6.8507191e-02
2.2414489e+01	-2.5400090e-02
2.2436298e+01	-3.7526704e-02
2.2458107e+01	-9.9981910e-02
2.2479916e+01	1.3492976e-01
2.2501725e+01	2.1856431e-01
2.2523534e+01	5.8779243e-02
2.2545343e+01	-6.7719515e-02
2.2567152e+01	-1.3340278e-01
2.2588961e+01	-1.1413844e-01
2.2610769e+01	3.3058330e-02
2.2632578e+01	3.7479629e-04
2.2654387e+01	1.2676407e-01
2.2676196e+01	8.1580802e-02
2.2698005e+01	-4.4189720e-02
2.2719814e+01	4.0162904e-02
2.2741623e+01	8.2501542e-02
2.2763432e+01	-1.0956839e-01
2.2785241e+01	-1.9307744e-02
2.2807050e+01	7.4221765e-02
2.2828859e+01	7.9555501e-02
2.2850668e+01	-7.0377654e-02
2.2872477e+01	-7.0573075e-02
2.2894286e+01	-7.4164564e-02
2.2916095e+01	2.4789165e-02
2.2937904e+01	1.1318723e-01
2.2959712e+01	8.9391624e-03
2.2981521e+01	-1.2313465e-01
2.3003330e+01	1.6624772e-02
2.3025139e+01	-9.1468196e-02
2.3046948e+01	9.3494061e-02
2.3068757e+01	4.0073872e-02
2.3090566e+01	-7.9368405e-02
2.3112375e+01	2.9326062e-02
2.3134184e+01	1.0487442e-01
2.3155993e+01	6.9965048e-02
2.3177802e+01	-1.0727891e-01
2.3199611e+01	9.2329901e-02
2.3221420e+01	8.0095630e-02
2.3243229e+01	-1.1546829e-01
2.3265038e+01	-1.3428442e-01
2.3286847e+01	1.9985466e-02
2.3308655e+01	-1.0101031e-01
2.3330464e+01	5.8006261e-02
2.3352273e+01	6.3588015e-02
2.3374082e+01	2.9063058e-02
2.3395891e+01	2.7029558e-01
2.3417700e+01	2.9600070e-01
2.3439509e+01	-1.3077521e-02
2.3461318e+01	-1.2747724e-01
2.3483127e+01	-3.6181138e-02
2.3504936e+01	1.3597425e-01
2.3526745e+01	4.8250088e-01
2.3548554e+01	7.0312422e-01
2.3570363e+01	9.2359714e-01
2.3592172e+01	1.1323475e+00
2.3613981e+01	1.3706962e+00
2.3635790e+01	1.4820521e+00
2.3657599e+01	2.2907572e+00
2.3679407e+01	3.2653641e+00
2.3701216e+01	4.7620290e+00
2.3723025e+01	6.0517115e+00
2.3744834e+01	7.2018377e+00
2.3766643e+01	8.1093013e+00
2.3788452e+01	8.9758772e+00
2.3810261e+01	9.2556814e+00
2.3832070e+01	9.1384878e+00
2.3853879e+01	8.0436891e+00
2.3875688e+01	6.9956692e+00
2.3897497e+01	5.7477161e+00
2.3919306e+01	4.2512036e+00
2.3941115e+01	2.8418826e+00
2.3962924e+01	1.6019670e+00
2.3984733e+01	1.0295456e+00
2.4006542e+01	5.3074339e-01
2.4028350e+01	1.2128714e-01
2.4050159e+01	-1.8079589e-02
2.4071968e+01	1.4131488e-02
2.4093777e+01	1.2545081e-01
2.4115586e+01	6.1288771e-03
2.4137395e+01	-1.1242973e-01
2.4159204e+01	-3.8261359e-02
2.4181013e+01	-3.8839836e-02
2.4202822e+01	1.3887848e-02
2.4224631e+01	-5.7722178e-02
2.4246440e+01	3.3793646e-03
2.4268249e+01	-3.8685608e-02
2.4290058e+01	-7.3763637e-02
2.4311867e+01	-6.9396286e-02
2.4333676e+01	-8.5296656e-02
2.4355485e+01	4.6406004e-02
2.4377293e+01	6.2445410e-02
2.4399102e+01	-4.6815256e-02
2.4420911e+01	1.2218805e-01
2.4442720e+01	2.9139536e-01
2.4464529e+01	3.8740657e-02
2.4486338e+01	3.8527970e-02
2.4508147e+01	-4.4013006e-03
2.4529956e+01	6.9920629e-02
2.4551765e+01	1.5153307e-01
2.4573574e+01	3.1880193e-01
2.4595383e+01	7.3660928e-01
2.4617192e+01	9.4619465e-01
2.4639001e+01	8.0795959e-01
2.4660810e+01	1.4638463e-01
2.4682619e+01	-2.4672684e-02
2.4704428e+01	-2.9639078e-02
2.4726236e+01	-4.6971391e-02
2.4748045e+01	-2.5736905e-01
2.4769854e+01	-1.4340527e-01
2.4791663e+01	-4.0403070e-03
2.4813472e+01	-1.8772911e-03
2.4835281e+01	1.1904014e-01
2.4857090e+01	7.6445830e-02
2.4878899e+01	9.3922045e-02
2.4900708e+01	-1.7175276e-02
2.4922517e+01	-8.2393695e-02
2.4944326e+01	-1.3332475e-01
2.4966135e+01	6.9226201e-02
2.4987944e+01	6.9533874e-02
2.5009753e+01	1.1227668e-01
2.5031562e+01	-3.9625077e-02
2.5053371e+01	-5.4917404e-02
2.5075179e+01	-6.5974016e-02
2.5096988e+01	6.8388503e-02
2.5118797e+01	1.4721732e-01
2.5140606e+01	-8.8457999e-02
2.5162415e+01	-6.6062788e-02
2.5184224e+01	-4.0411010e-02
2.5206033e+01	2.6110840e-03
2.5227842e+01	-9.7192553e-03
2.5249651e+01	5.3549326e-02
2.5271460e+01	5.2180705e-04
2.5293269e+01	2.3072224e-02
2.5315078e+01	2.9233242e-02
2.5336887e+01	4.0264864e-02
2.5358696e+01	6.0144379e-02
2.5380505e+01	-9.0862739e-02
2.5402314e+01	4.4890677e-03
2.5424123e+01	5.7498818e-03
2.5445931e+01	4.5486407e-02
2.5467740e+01	-3.3039735e-03
2.5489549e+01	-7.3350258e-02
2.5511358e+01	1.3796544e-02
2.5533167e+01	-6.6437902e-02
2.5554976e+01	-1.3705747e-02
2.5576785e+01	5.4315077e-02
2.5598594e+01	1.0558307e-01
2.5620403e+01	6.2710842e-02
2.5642212e+01	-5.3681373e-02
2.5664021e+01	1.0031949e-02
2.5685830e+01	-1.1007775e-01
2.5707639e+01	-1.7782172e-01
2.5729448e+01	-4.3931136e-02
2.5751257e+01	1.1460822e-01
2.5773066e+01	-6.4059677e-04
2.5794874e+01	-2.3724816e-02
2.5816683e+01	-2.7742352e-02
2.5838492e+01	1.3741695e-03
2.5860301e+01	1.2602932e-01
2.5882110e+01	8.2229922e-02
2.5903919e+01	-9.8238295e-03
2.5925728e+01	3.1134335e-01
2.5947537e+01	5.0962486e-01
2.5969346e+01	9.4937350e-01
2.5991155e+01	1.3050444e+00
2.6012964e+01	1.5124456e+00
2.6034773e+01	2.0613143e+00
2.6056582e+01	2.0509315e+00
2.6078391e+01	1.9438175e+00
2.6100200e+01	1.7419422e+00
2.6122009e+01	1.5690859e+00
2.6143817e+01	1.0668076e+00
2.6165626e+01	8.6376935e-01
2.6187435e+01	4.0196739e-01
2.6209244e+01	1.0705078e-01
2.6231053e+01	7.8945439e-02
2.6252862e+01	5.5505404e-03
2.6274671e+01	-3.5503048e-02
2.6296480e+01	-2.2573315e-01
2.6318289e+01	-2.2767369e-01
2.6340098e+01	3.9128126e-03
2.6361907e+01	7.8891980e-02
2.6383716e+01	3.8561215e-02
2.6405525e+01	6.5488290e-02
2.6427334e+01	2.0242027e-01
2.6449143e+01	1.6338830e-01
2.6470952e+01	-9.5892240e-02
2.6492760e+01	-9.0654227e-02
2.6514569e+01	4.4930678e-02
2.6536378e+01	-5.9866152e-03
2.6558187e+01	2.8891065e-01
2.6579996e+01	4.0277755e-01
2.6601805e+01	5.0401952e-01
2.6623614e+01	5.8332422e-01
2.6645423e+01	6.5826950e-01
2.6667232e+01	6.5776510e-01
2.6689041e+01	5.9343379e-01
2.6710850e+01	4.4738732e-01
2.6732659e+01	2.0802238e-01
2.6754468e+01	8.9848058e-02
2.6776277e+01	8.5809428e-02
2.6798086e+01	-1.0186263e-01
2.6819895e+01	-3.7787070e-01
2.6841703e+01	-1.3435713e-01
2.6863512e+01	3.0863437e-02
2.6885321e+01	1.3984283e-01
2.6907130e+01	2.5750824e-01
2.6928939e+01	1.3080888e-01
2.6950748e+01	1.7559960e-01
2.6972557e+01	6.9286899e-02
2.6994366e+01	6.5303876e-02
2.7016175e+01	-1.3283595e-02
2.7037984e+01	-3.7863213e-04
2.7059793e+01	-1.5716989e-02
2.7081602e+01	-6.7247819e-02
2.7103411e+01	-2.1997837e-02
2.7125220e+01	-5.8091535e-02
2.7147029e+01	-1.3732667e-01
2.7168838e+01	9.8339430e-03
2.7190646e+01	-2.2971013e-02
2.7212455e+01	7.6578002e-02
2.7234264e+01	-8.1733044e-03
2.7256073e+01	-4.8356792e-03
2.7277882e+01	3.6073266e-02
2.7299691e+01	-9.4970965e-03
2.7321500e+01	1.1918912e-02
2.7343309e+01	3.8604197e-02
2.7365118e+01	3.0902286e-03
2.7386927e+01	6.7486351e-02
2.7408736e+01	4.4456066e-02
2.7430545e+01	-4.1791962e-02
2.7452354e+01	-8.9031639e-02
2.7474163e+01	-8.9045336e-02
2.7495972e+01	-1.6262941e-02
2.7517781e+01	-7.5722407e-02
2.7539590e+01	3.2826943e-02
2.7561398e+01	1.3403355e-01
2.7583207e+01	2.8293212e-03
2.7605016e+01	-7.4050220e-02
2.7626825e+01	2.4928282e-02
2.7648634e+01	7.6410199e-02
2.7670443e+01	3.2919072e-01
2.7692252e+01	4.2329985e-01
2.7714061e+01	4.4253250e-01
2.7735870e+01	6.8706702e-01
2.7757679e+01	7.4510244e-01
2.7779488e+01	6.1606377e-01
2.7801297e+01	8.1474902e-01
2.7823106e+01	6.6189618e-01
2.7844915e+01	2.9830225e-01
2.7866724e+01	1.6202020e-01
2.7888533e+01	-1.1667782e-01
2.7910341e+01	-1.3504907e-02
2.7932150e+01	1.0743698e-01
2.7953959e+01	1.1199760e-01
2.7975768e+01	-8.2003256e-02
2.7997577e+01	-9.8392096e-02
2.8019386e+01	-6.5178247e-02
2.8041195e+01	1.3850650e-01
2.8063004e+01	-1.2077541e-01
2.8084813e+01	-8.6011259e-02
2.8106622e+01	1.6341427e-02
2.8128431e+01	-3.0303106e-02
2.8150240e+01	1.3678050e-02
2.8172049e+01	3.9288347e-02
2.8193858e+01	-6.9167644e-02
2.8215667e+01	5.5039984e-02
2.8237476e+01	-1.7226329e-03
2.8259284e+01	-2.5749810e-02
2.8281093e+01	9.4192479e-02
2.8302902e+01	4.6336038e-02
2.8324711e+01	-1.3577747e-02
2.8346520e+01	4.0290271e-02
2.8368329e+01	-1.4605992e-03
2.8390138e+01	-3.4404697e-02
2.8411947e+01	-9.3470746e-02
2.8433756e+01	-1.3896197e-02
2.8455565e+01	1.9501197e-01
2.8477374e+01	4.1394056e-01
2.8499183e+01	6.1166124e-01
2.8520992e+01	6.8576401e-01
2.8542801e+01	8.5322583e-01
2.8564610e+01	1.1448136e+00
2.8586419e+01	1.0551734e+00
2.8608227e+01	8.6256411e-01
2.8630036e+01	7.5741067e-01
2.8651845e+01	6.7073106e-01
2.8673654e+01	3.5201723e-01
2.8695463e+01	9.0112128e-02
2.8717272e+01	-1.8476190e-02
2.8739081e+01	5.7038933e-04
2.8760890e+01	6.7648354e-02
2.8782699e+01	2.5017209e-02
2.8804508e+01	-1.5072755e-01
2.8826317e+01	-5.6330561e-02
2.8848126e+01	-1.3370325e-01
2.8869935e+01	4.4682185e-02
2.8891744e+01	3.6823251e-02
2.8913553e+01	-9.5394549e-02
2.8935362e+01	4.0604861e-02
2.8957170e+01	1.1251616e-01
2.8978979e+01	1.2339905e-01
2.9000788e+01	-5.6028161e-02
2.9022597e+01	2.3445736e-02
2.9044406e+01	1.4658090e-02
2.9066215e+01	-2.6592794e-02
2.9088024e+01	3.5181951e-02
2.9109833e+01	1.9541066e-02
2.9131642e+01	-7.8611993e-02
2.9153451e+01	-1.5224432e-01
2.9175260e+01	2.0367086e-02
2.9197069e+01	1.7861995e-02
2.9218878e+01	1.2846214e-02
2.9240687e+01	-1.0756274e-02
2.9262496e+01	9.7667269e-02
2.9284305e+01	1.6737275e-01
2.9306113e+01	-2.5801857e-02
2.9327922e+01	-4.7880898e-02
2.9349731e+01	4.1632794e-02
2.9371540e+01	-1.3784508e-01
2.9393349e+01	-1.1614633e-02
2.9415158e+01	9.5160783e-02
2.9436967e+01	6.7847576e-02
2.9458776e+01	3.4348520e-02
2.9480585e+01	-1.2260998e-01
2.9502394e+01	-5.8553295e-02
2.9524203e+01	1.0211209e-01
2.9546012e+01	1.2973805e-01
2.9567821e+01	-7.4465893e-02
2.9589630e+01	-5.6439380e-02
2.9611439e+01	2.4246822e-02
2.9633248e+01	-1.0389319e-01
2.9655057e+01	1.2283100e-02
2.9676865e+01	-2.0659488e-01
2.9698674e+01	-1.0611722e-01
2.9720483e+01	1.3715146e-01
2.9742292e+01	9.0846631e-02
2.9764101e+01	3.7087944e-02
2.9785910e+01	1.5137128e-01
2.9807719e+01	-2.1492631e-02
2.9829528e+01	-1.5174532e-01
2.9851337e+01	-1.4636433e-02
2.9873146e+01	1.2645753e-01
2.9894955e+01	6.6561488e-02
2.9916764e+01	3.2580217e-01
2.9938573e+01	8.2317403e-01
2.9960382e+01	1.5102041e+00
2.9982191e+01	2.5386296e+00
3.0004000e+01	3.5343604e+00
3.0025808e+01	4.1641576e+00
3.0047617e+01	4.9920693e+00
3.0069426e+01	5.5695826e+00
3.0091235e+01	5.6713616e+00
3.0113044e+01	5.5453262e+00
3.0134853e+01	5.1539415e+00
3.0156662e+01	4.4882737e+00
3.0178471e+01	3.5125978e+00
3.0200280e+01	2.3922588e+00
3.0222089e+01	1.5778778e+00
3.0243898e+01	9.9571092e-01
3.0265707e+01	5.6975515e-01
3.0287516e+01	1.4539158e-01
3.0309325e+01	2.4460156e-02
3.0331134e+01	1.1511607e-01
3.0352943e+01	-1.3443716e-01
3.0374751e+01	-8.0969674e-02
3.0396560e+01	-7.2679446e-02
3.0418369e+01	2.2998249e-02
3.0440178e+01	-1.5884547e-02
3.0461987e+01	-9.2031006e-02
3.0483796e+01	7.3573717e-02
3.0505605e+01	-7.0359057e-02
3.0527414e+01	-2.4700729e-03
3.0549223e+01	1.0160387e-01
3.0571032e+01	-1.4968678e-01
3.0592841e+01	-7.4992828e-02
3.0614650e+01	1.1724947e-01
3.0636459e+01	-2.4098720e-02
3.0658268e+01	-1.0916008e-01
3.0680077e+01	1.1248746e-01
3.0701886e+01	4.4052484e-02
3.0723694e+01	1.2287097e-01
3.0745503e+01	-1.8104452e-02
3.0767312e+01	7.4303285e-04
3.0789121e+01	-9.1187891e-03
3.0810930e+01	-3.8938581e-03
3.0832739e+01	8.6276511e-02
3.0854548e+01	8.6049632e-02
3.0876357e+01	5.3841277e-02
3.0898166e+01	-7.8966435e-02
3.0919975e+01	-6.1558838e-02
3.0941784e+01	3.9516532e-03
3.0963593e+01	4.4741765e-03
3.0985402e+01	-2.1341630e-02
3.1007211e+01	-9.4832011e-02
3.1029020e+01	4.7293649e-02
3.1050829e+01	3.7848232e-03
3.1072637e+01	4.8923370e-02
3.1094446e+01	-9.0483802e-02
3.1116255e+01	-7.9517740e-02
3.1138064e+01	-2.6523599e-02
3.1159873e+01	1.9121765e-02
3.1181682e+01	2.8000068e-02
3.1203491e+01	3.6163386e-02
3.1225300e+01	-8.7253107e-02
3.1247109e+01	1.0323909e-01
3.1268918e+01	1.4859468e-01
3.1290727e+01	-3.6001129e-02
3.1312536e+01	9.3528450e-02
3.1334345e+01	-9.0680308e-02
3.1356154e+01	9.3098909e-02
3.1377963e+01	9.6098568e-03
3.1399772e+01	-5.5091071e-02
3.1421580e+01	-5.8692161e-02
3.1443389e+01	2.9828219e-02
3.1465198e+01	-4.4208320e-02
3.1487007e+01	-1.2420556e-01
3.1508816e+01	-1.7672320e-01
3.1530625e+01	3.3428166e-02
3.1552434e+01	-2.5771337e-02
3.1574243e+01	5.8345045e-02
3.1596052e+01	5.4667558e-02
3.1617861e+01	4.6713740e-02
3.1639670e+01	9.0110788e-02
3.1661479e+01	-2.3437170e-03
3.1683288e+01	8.5752931e-02
3.1705097e+01	-4.1348547e-02
3.1726906e+01	1.5047926e-02
3.1748715e+01	5.2873518e-01
3.1770524e+01	1.2312407e+00
3.1792332e+01	1.8982684e+00
3.1814141e+01	2.7361065e+00
3.1835950e+01	3.5055371e+00
3.1857759e+01	4.3283401e+00
3.1879568e+01	5.0576246e+00
3.1901377e+01	5.6046457e+00
3.1923186e+01	5.8474805e+00
3.1944995e+01	5.6001579e+00
3.1966804e+01	5.1931312e+00
3.1988613e+01	4.4397523e+00
3.2010422e+01	3.4990602e+00
3.2032231e+01	2.6600572e+00
3.2054040e+01	1.9987341e+00
3.2075849e+01	1.2249212e+00
3.2097658e+01	6.7086634e-01
3.2119467e+01	4.1232071e-01
3.2141275e+01	2.6680633e-01
3.2163084e+01	8.6089951e-02
3.2184893e+01	-1.4650184e-01
3.2206702e+01	-3.0558312e-02
3.2228511e+01	9.8914582e-02
3.2250320e+01	-2.8219046e-02
3.2272129e+01	-1.0166662e-01
3.2293938e+01	8.8825228e-03
3.2315747e+01	9.8698743e-02
3.2337556e+01	-1.1100924e-03
3.2359365e+01	-8.5216512e-02
3.2381174e+01	-6.5825091e-02
3.2402983e+01	-2.3101170e-03
3.2424792e+01	1.4715491e-01
3.2446601e+01	2.5755404e-02
3.2468410e+01	-1.1906866e-01
3.2490218e+01	4.2199127e-02
3.2512027e+01	-4.1992990e-02
3.2533836e+01	6.1117793e-02
3.2555645e+01	5.5723523e-02
3.2577454e+01	-1.1517102e-02
3.2599263e+01	3.9616946e-02
3.2621072e+01	-9.2666789e-02
3.2642881e+01	-7.0297250e-02
3.2664690e+01	9.1041293e-02
3.2686499e+01	7.5772460e-02
3.2708308e+01	5.4150299e-02
3.2730117e+01	-1.1322358e-02
3.2751926e+01	-4.5983190e-02
3.2773735e+01	-3.2599847e-02
3.2795544e+01	-1.1160714e-02
3.2817353e+01	-6.7001070e-02
3.2839161e+01	6.2493449e-02
3.2860970e+01	-5.1828795e-02
3.2882779e+01	-3.8897135e-02
3.2904588e+01	1.4685251e-02
3.2926397e+01	3.6732179e-03
3.2948206e+01	9.5090278e-02
3.2970015e+01	-1.3540291e-02
3.2991824e+01	-1.3382808e-02
3.3013633e+01	3.0634327e-02
3.3035442e+01	8.0508378e-02
3.3057251e+01	1.5836555e-02
3.3079060e+01	-1.5637571e-01
3.3100869e+01	1.5558644e-01
3.3122678e+01	-6.7546656e-02
3.3144487e+01	-7.1387576e-02
3.3166296e+01	1.3273095e-03
3.3188104e+01	4.9449864e-02
3.3209913e+01	-4.9717220e-02
3.3231722e+01	-5.0753427e-02
3.3253531e+01	2.2846520e-02
3.3275340e+01	3.0953197e-02
3.3297149e+01	9.2334001e-02
3.3318958e+01	-1.1142723e-03
3.3340767e+01	1.3607634e-01
3.3362576e+01	8.8172904e-02
3.3384385e+01	-9.2386645e-02
3.3406194e+01	-1.0328916e-01
3.3428003e+01	-1.7197817e-01
3.3449812e+01	-1.4191641e-01
3.3471621e+01	-3.1819038e-02
3.3493430e+01	3.7266279e-02
3.3515239e+01	-4.6659063e-02
3.3537047e+01	3.5276299e-02
3.3558856e+01	8.4545530e-02
3.3580665e+01	8.5322389e-02
3.3602474e+01	9.4650710e-02
3.3624283e+01	6.7149693e-02
3.3646092e+01	2.0680357e-01
3.3667901e+01	4.0382142e-01
3.3689710e+01	3.7800805e-01
3.3711519e+01	1.9944596e-01
3.3733328e+01	-2.4135755e-02
3.3755137e+01	-5.8693934e-02
3.3776946e+01	-1.0404743e-01
3.3798755e+01	4.8406957e-02
3.3820564e+01	-1.4670952e-01
3.3842373e+01	-9.2567651e-02
3.3864182e+01	4.0563008e-02
3.3885991e+01	1.3028028e-01
3.3907799e+01	3.2829360e-02
3.3929608e+01	-6.8280589e-02
3.3951417e+01	-2.6280010e-02
3.3973226e+01	-5.1552691e-02
3.3995035e+01	2.6990327e-03
3.4016844e+01	1.3913478e-01
3.4038653e+01	4.4049332e-02
3.4060462e+01	-1.5549753e-01
3.4082271e+01	-8.1327266e-02
3.4104080e+01	5.8937883e-02
3.4125889e+01	1.3154829e-01
3.4147698e+01	-3.2479553e-02
3.4169507e+01	-1.9454773e-02
3.4191316e+01	-6.3223824e-03
3.4213125e+01	1.5488558e-01
3.4234934e+01	-7.9919415e-02
3.4256742e+01	3.7018925e-02
3.4278551e+01	8.4745947e-03
3.4300360e+01	-6.1195294e-02
3.4322169e+01	9.4924322e-03
3.4343978e+01	-2.3716188e-03
3.4365787e+01	5.7088383e-02
3.4387596e+01	-4.7437872e-03
3.4409405e+01	-1.2748233e-01
3.4431214e+01	2.0343475e-02
3.4453023e+01	-5.0656332e-02
3.4474832e+01	8.3341111e-02
3.4496641e+01	-9.9608265e-02
3.4518450e+01	5.1229432e-02
3.4540259e+01	5.5919181e-02
3.4562068e+01	-6.3733485e-03
3.4583877e+01	-2.3047509e-02
3.4605685e+01	4.0925357e-03
3.4627494e+01	1.4474134e-01
3.4649303e+01	5.8090259e-02
3.4671112e+01	-9.3284398e-02
3.4692921e+01	-8.6778790e-02
3.4714730e+01	8.8083192e-02
3.4736539e+01	4.1100266e-03
3.4758348e+01	-5.8932920e-02
3.4780157e+01	1.2512946e-02
3.4801966e+01	-9.2045773e-02
3.4823775e+01	-9.0694649e-02
3.4845584e+01	1.2253572e-01
3.4867393e+01	1.2993864e-01
3.4889202e+01	-2.2385157e-02
3.4911011e+01	-1.4940276e-01
3.4932820e+01	5.6998370e-02
3.4954628e+01	1.2024982e-01
3.4976437e+01	5.5258129e-02
3.4998246e+01	-4.8448300e-02
3.5020055e+01	-5.1900594e-02
3.5041864e+01	-3.8504295e-03
3.5063673e+01	5.6926064e-02
3.5085482e+01	-5.9075060e-02
3.5107291e+01	2.7031536e-02
3.5129100e+01	5.0145938e-02
3.5150909e+01	-1.1352261e-01
3.5172718e+01	-1.4296794e-02
3.5194527e+01	-4.6305338e-02
3.5216336e+01	-6.7269859e-02
3.5238145e+01	-4.4646962e-02
3.5259954e+01	1.4966471e-01
3.5281763e+01	3.8951217e-02
3.5303571e+01	9.4723726e-02
3.5325380e+01	7.1402829e-02
3.5347189e+01	-1.8837877e-03
3.5368998e+01	-5.9226872e-02
3.5390807e+01	3.4312534e-02
3.5412616e+01	8.6030192e-02
3.5434425e+01	-9.0683721e-02
3.5456234e+01	-1.6485910e-01
3.5478043e+01	5.4574720e-02
3.5499852e+01	1.5189672e-02
3.5521661e+01	-1.2999063e-01
3.5543470e+01	-5.9093686e-02
3.5565279e+01	-1.0959038e-02
3.5587088e+01	-8.1738807e-03
3.5608897e+01	5.3983517e-02
3.5630706e+01	1.0212704e-01
3.5652514e+01	1.2167251e-01
3.5674323e+01	1.0049196e-01
3.5696132e+01	1.0087971e-01
3.5717941e+01	1.5953949e-02
3.5739750e+01	-6.2756055e-02
3.5761559e+01	-6.4904523e-02
3.5783368e+01	-4.9070208e-02
3.5805177e+01	-3.4665762e-02
3.5826986e+01	3.8373348e-02
3.5848795e+01	-6.7992371e-02
3.5870604e+01	9.4941064e-02
3.5892413e+01	1.3882168e-01
3.5914222e+01	1.1467279e-02
3.5936031e+01	-1.0869928e-01
3.5957840e+01	-1.5636155e-01
3.5979649e+01	-2.0296992e-01
3.6001458e+01	2.8179222e-01
3.6023266e+01	5.0339312e-01
3.6045075e+01	6.7223890e-01
3.6066884e+01	5.1039185e-01
3.6088693e+01	4.7270326e-01
3.6110502e+01	4.1337373e-01
3.6132311e+01	3.5391175e-01
3.6154120e+01	1.3295789e-01
3.6175929e+01	3.5314304e-02
3.6197738e+01	6.4640500e-02
3.6219547e+01	7.9314339e-02
3.6241356e+01	1.3138497e-01
3.6263165e+01	-7.2371206e-02
3.6284974e+01	-2.5077521e-02
3.6306783e+01	8.7377407e-03
3.6328592e+01	-5.7413336e-02
3.6350401e+01	-4.9659353e-02
3.6372209e+01	-8.8653568e-02
3.6394018e+01	-1.0786941e-01
3.6415827e+01	-2.0441442e-02
3.6437636e+01	1.4796928e-01
3.6459445e+01	2.2911056e-01
3.6481254e+01	4.2554018e-02
3.6503063e+01	1.0260673e-01
3.6524872e+01	1.9714665e-01
3.6546681e+01	1.5944847e-01
3.6568490e+01	-8.0555355e-02
3.6590299e+01	-2.0200875e-01
3.6612108e+01	-9.8783748e-02
3.6633917e+01	-8.3891750e-02
3.6655726e+01	-1.4225057e-01
3.6677535e+01	-1.1125791e-01
3.6699344e+01	-1.5004840e-02
3.6721152e+01	5.6384023e-02
3.6742961e+01	4.7830762e-02
3.6764770e+01	6.3413346e-02
3.6786579e+01	-4.0260458e-02
3.6808388e+01	8.6386825e-02
3.6830197e+01	1.4341815e-01
3.6852006e+01	2.8545611e-02
3.6873815e+01	2.3428427e-01
3.6895624e+01	7.3242215e-02
3.6917433e+01	1.4658761e-01
3.6939242e+01	1.0196006e-02
3.6961051e+01	3.4180005e-02
3.6982860e+01	-7.0432958e-02
3.7004669e+01	4.7074340e-02
3.7026478e+01	2.0181554e-01
3.7048287e+01	2.9028685e-01
3.7070095e+01	4.6094159e-01
3.7091904e+01	-1.2929835e-01
3.7113713e+01	-2.3281914e-01
3.7135522e+01	-2.5296091e-02
3.7157331e+01	-5.1308891e-02
3.7179140e+01	-1.8005756e-01
3.7200949e+01	1.3103469e-01
3.7222758e+01	7.3120558e-02
3.7244567e+01	3.8117130e-02
3.7266376e+01	-7.5292273e-02
3.7288185e+01	-1.2317410e-02
3.7309994e+01	8.9408381e-02
3.7331803e+01	-1.2757059e-02
3.7353612e+01	-6.4201784e-02
3.7375421e+01	-2.5909024e-02
3.7397230e+01	2.6611661e-02
3.7419038e+01	4.3756795e-02
3.7440847e+01	2.3958496e-01
3.7462656e+01	5.5578214e-01
3.7484465e+01	7.5100762e-01
3.7506274e+01	8.7085452e-01
3.7528083e+01	5.2473097e-01
3.7549892e+01	5.1578091e-02
3.7571701e+01	-2.3754216e-03
3.7593510e+01	-5.2447562e-02
3.7615319e+01	-4.8589250e-02
3.7637128e+01	6.1360380e-02
3.7658937e+01	2.0354934e-01
3.7680746e+01	9.4002486e-02
3.7702555e+01	-2.0242387e-01
3.7724364e+01	5.8777600e-03
3.7746173e+01	-1.5769270e-01
3.7767981e+01	-9.2598880e-02
3.7789790e+01	7.4150942e-02
3.7811599e+01	9.3941912e-02
3.7833408e+01	1.1265917e-02
3.7855217e+01	5.5912756e-02
3.7877026e+01	3.9143650e-01
3.7898835e+01	4.1197439e-01
3.7920644e+01	1.0207273e-01
3.7942453e+01	9.3046318e-02
3.7964262e+01	3.2687742e-02
3.7986071e+01	3.0938747e-02
3.8007880e+01	-8.7712842e-02
3.8029689e+01	-3.6876322e-02
3.8051498e+01	1.7609524e-02
3.8073307e+01	-1.9626842e-01
3.8095116e+01	3.1543278e-02
3.8116925e+01	-9.5810674e-02
3.8138733e+01	1.1765832e-01
3.8160542e+01	4.5784433e-01
3.8182351e+01	7.4799699e-01
3.8204160e+01	9.3408457e-01
3.8225969e+01	1.3718783e+00
3.8247778e+01	1.5991406e+00
3.8269587e+01	1.7587965e+00
3.8291396e+01	2.3237045e+00
3.8313205e+01	2.5061737e+00
3.8335014e+01	2.7277655e+00
3.8356823e+01	2.6138731e+00
3.8378632e+01	2.5136618e+00
3.8400441e+01	2.3315149e+00
3.8422250e+01	1.9369966e+00
3.8444059e+01	1.4809692e+00
3.8465868e+01	1.3771919e+00
3.8487676e+01	1.0516921e+00
3.8509485e+01	6.4523009e-01
3.8531294e+01	4.1518902e-01
3.8553103e+01	1.5861621e-01
3.8574912e+01	-6.0159301e-02
3.8596721e+01	2.5017740e-02
3.8618530e+01	-4.7387535e-02
3.8640339e+01	7.3052867e-02
3.8662148e+01	4.7218026e-02
3.8683957e+01	2.0438393e-02
3.8705766e+01	-1.4113472e-01
3.8727575e+01	-6.2553314e-02
3.8749384e+01	9.5756018e-02
3.8771193e+01	-5.8172596e-02
3.8793002e+01	2.2730468e-03
3.8814811e+01	-2.7324190e-02
3.8836619e+01	3.3355908e-02
3.8858428e+01	-9.0372192e-02
3.8880237e+01	2.7989810e-03
3.8902046e+01	3.7400068e-02
3.8923855e+01	3.0785564e-02
3.8945664e+01	-1.4901488e-02
3.8967473e+01	4.0020903e-02
3.8989282e+01	1.1784099e-01
3.9011091e+01	3.3032446e-03
3.9032900e+01	-4.5868638e-02
3.9054709e+01	-7.1578891e-02
3.9076518e+01	3.3543703e-02
3.9098327e+01	8.1324981e-02
3.9120136e+01	-1.4917942e-01
3.9141945e+01	-3.8787897e-02
3.9163754e+01	-7.0763245e-02
3.9185562e+01	-6.6255876e-02
3.9207371e+01	9.2110227e-02
3.9229180e+01	1.2439024e-01
3.9250989e+01	1.1939107e-01
3.9272798e+01	7.0571543e-02
3.9294607e+01	-3.7512092e-02
3.9316416e+01	-1.2795665e-01
3.9338225e+01	-1.1096906e-01
3.9360034e+01	1.5006483e-01
3.9381843e+01	3.7168031e-02
3.9403652e+01	1.2144766e-01
3.9425461e+01	-7.5766929e-02
3.9447270e+01	-3.9625997e-03
3.9469079e+01	-6.3021981e-02
3.9490888e+01	-1.5498679e-01
3.9512697e+01	-2.1769640e-01
3.9534505e+01	1.3730898e-01
3.9556314e+01	9.1090690e-02
3.9578123e+01	6.4519204e-02
3.9599932e+01	6.6196147e-02
3.9621741e+01	1.5115343e-02
3.9643550e+01	2.7392484e-01
3.9665359e+01	5.3103987e-01
3.9687168e+01	8.9059808e-01
3.9708977e+01	1.2012547e+00
3.9730786e+01	1.3006158e+00
3.9752595e+01	1.1189026e+00
3.9774404e+01	1.1020274e+00
3.9796213e+01	1.4811563e+00
3.9818022e+01	1.5047524e+00
3.9839831e+01	1.4871291e+00
3.9861640e+01	1.4056593e+00
3.9883449e+01	1.2855655e+00
3.9905257e+01	1.0557546e+00
3.9927066e+01	9.2679497e-01
3.9948875e+01	5.9706371e-01
3.9970684e+01	6.3926404e-01
3.9992493e+01	4.1966107e-01
4.0014302e+01	3.3706937e-02
4.0036111e+01	4.7860488e-02
4.0057920e+01	-8.8236170e-02
4.0079729e+01	1.2311069e-01
4.0101538e+01	-7.2545229e-02
4.0123347e+01	-2.0746229e-01
4.0145156e+01	-5.1899996e-03
4.0166965e+01	-1.4780481e-02
4.0188774e+01	1.1289593e-01
4.0210583e+01	1.1361514e-01
4.0232392e+01	-4.7710143e-03
4.0254200e+01	6.0181680e-03
4.0276009e+01	-4.5820788e-02
4.0297818e+01	-1.2612360e-01
4.0319627e+01	7.6212863e-02
4.0341436e+01	1.3422976e-01
4.0363245e+01	-6.6893779e-02
4.0385054e+01	-1.4285622e-01
4.0406863e+01	1.0281038e-01
4.0428672e+01	-3.0317227e-02
4.0450481e+01	-2.0830990e-02
4.0472290e+01	1.2527115e-01
4.0494099e+01	2.3849211e-01
4.0515908e+01	-6.0951793e-04
4.0537717e+01	1.7134545e-01
4.0559526e+01	-1.8249951e-01
4.0581335e+01	-2.3465512e-02
4.0603143e+01	-1.2815239e-01
4.0624952e+01	2.1715673e-02
4.0646761e+01	1.1294115e-01
4.0668570e+01	-3.3516194e-02
4.0690379e+01	-5.0341543e-02
4.0712188e+01	1.9442555e-01
4.0733997e+01	8.1547110e-02
4.0755806e+01	4.7190789e-02
4.0777615e+01	7.9923847e-03
4.0799424e+01	-2.0547755e-01
4.0821233e+01	-4.9870347e-02
4.0843042e+01	4.0610875e-02
4.0864851e+01	-2.0674124e-02
4.0886660e+01	2.9433211e-02
4.0908469e+01	-8.2522944e-02
4.0930278e+01	1.5285426e-01
4.0952086e+01	8.3079153e-02
4.0973895e+01	-6.2956665e-02
4.0995704e+01	-5.8879590e-02
4.1017513e+01	-3.6076862e-02
4.1039322e+01	3.1082510e-02
4.1061131e+01	1.4271153e-01
4.1082940e+01	3.8435329e-02
4.1104749e+01	-2.4445667e-02
4.1126558e+01	-3.3055597e-02
4.1148367e+01	-6.8394290e-02
4.1170176e+01	4.5670727e-02
4.1191985e+01	-4.2704625e-02
4.1213794e+01	2.7936146e-02
4.1235603e+01	-5.6457498e-02
4.1257412e+01	3.4533113e-02
4.1279221e+01	2.6910113e-01
4.1301029e+01	7.4293815e-02
4.1322838e+01	-1.6899934e-01
4.1344647e+01	2.4176369e-02
4.1366456e+01	-4.2791045e-02
4.1388265e+01	1.8399515e-01
4.1410074e+01	3.8881354e-01
4.1431883e+01	1.7534288e-01
4.1453692e+01	7.1318908e-02
4.1475501e+01	-1.2281852e-03
4.1497310e+01	-1.7720799e-01
4.1519119e+01	-1.3287323e-01
4.1540928e+01	4.5460305e-02
4.1562737e+01	2.1286824e-02
4.1584546e+01	6.3172023e-02
4.1606355e+01	-2.7985870e-02
4.1628164e+01	-1.2995516e-01
4.1649972e+01	4.4748164e-02
4.1671781e+01	-1.6101015e-01
4.1693590e+01	1.7131848e-01
4.1715399e+01	-2.8181370e-02
4.1737208e+01	8.1581914e-03
4.1759017e+01	7.3075898e-02
4.1780826e+01	6.3104064e-02
4.1802635e+01	3.2846649e-02
4.1824444e+01	4.7761268e-02
4.1846253e+01	5.9353361e-02
4.1868062e+01	5.9901440e-02
4.1889871e+01	-1.3890732e-01
4.1911680e+01	-1.4755383e-01
4.1933489e+01	1.2289321e-01
4.1955298e+01	1.5995847e-01
4.1977107e+01	1.4262237e-01
4.1998916e+01	-4.1822030e-02
4.2020724e+01	-7.7413258e-02
4.2042533e+01	-1.9717130e-01
4.2064342e+01	1.3818099e-01
4.2086151e+01	-6.5104881e-02
4.2107960e+01	-1.7820356e-01
4.2129769e+01	1.4346109e-01
4.2151578e+01	1.9162527e-01
4.2173387e+01	-3.9669178e-02
4.2195196e+01	3.3847211e-03
4.2217005e+01	-1.7176627e-01
4.2238814e+01	1.2535398e-01
4.2260623e+01	6.2875093e-02
4.2282432e+01	4.5762787e-02
4.2304241e+01	-1.2696221e-01
4.2326050e+01	9.0099405e-02
4.2347859e+01	1.5240887e-02
4.2369667e+01	-1.1977403e-01
4.2391476e+01	4.8078558e-01
4.2413285e+01	4.5106801e-01
4.2435094e+01	4.9302687e-01
4.2456903e+01	9.2123867e-01
4.2478712e+01	1.3319937e+00
4.2500521e+01	1.4822855e+00
4.2522330e+01	1.5421152e+00
4.2544139e+01	1.5704702e+00
4.2565948e+01	1.5863610e+00
4.2587757e+01	1.7013998e+00
4.2609566e+01	1.5154890e+00
4.2631375e+01	1.1390760e+00
4.2653184e+01	7.3481612e-01
4.2674993e+01	4.2363570e-01
4.2696802e+01	4.7255210e-01
4.2718610e+01	8.1092150e-03
4.2740419e+01	7.2344802e-02
4.2762228e+01	4.7145824e-02
4.2784037e+01	9.3380986e-02
4.2805846e+01	1.3349922e-01
4.2827655e+01	3.0347831e-03
4.2849464e+01	2.0860099e-01
4.2871273e+01	-2.8004385e-01
4.2893082e+01	2.5570532e-01
4.2914891e+01	3.1883495e-03
4.2936700e+01	-1.8275469e-01
4.2958509e+01	-5.5786798e-02
4.2980318e+01	1.8354079e-01
4.3002127e+01	2.4375098e-01
4.3023936e+01	1.5871762e-02
4.3045745e+01	-9.6043843e-02
4.3067553e+01	-5.2755584e-03
4.3089362e+01	2.4991215e-01
4.3111171e+01	3.8276435e-02
4.3132980e+01	3.1825488e-01
4.3154789e+01	3.0626770e-01
4.3176598e+01	9.2095051e-02
4.3198407e+01	-1.2805082e-01
4.3220216e+01	-6.3760464e-02
4.3242025e+01	-1.1450015e-01
4.3263834e+01	-6.5656209e-02
4.3285643e+01	1.6796358e-01
4.3307452e+01	3.5657258e-01
4.3329261e+01	-4.7804887e-02
4.3351070e+01	8.5138470e-03
4.3372879e+01	3.4045452e-02
4.3394688e+01	3.4075357e-02
4.3416496e+01	2.1114522e-01
4.3438305e+01	1.3051949e-02
4.3460114e+01	3.2228208e-01
4.3481923e+01	9.6072078e-02
4.3503732e+01	3.1456426e-01
4.3525541e+01	-9.8908108e-02
4.3547350e+01	4.5184960e-02
4.3569159e+01	-3.5726815e-02
4.3590968e+01	-3.2786201e-02
4.3612777e+01	3.4695738e-01
4.3634586e+01	7.3831282e-01
4.3656395e+01	9.8148110e-01
4.3678204e+01	1.7315902e+00
4.3700013e+01	2.3993372e+00
4.3721822e+01	2.9034559e+00
4.3743631e+01	3.5514944e+00
4.3765439e+01	4.0951108e+00
4.3787248e+01	4.5243778e+00
4.3809057e+01	4.8419936e+00
4.3830866e+01	5.2380752e+00
4.3852675e+01	5.5604445e+00
4.3874484e+01	5.1613665e+00
4.3896293e+01	4.8235451e+00
4.3918102e+01	4.4310505e+00
4.3939911e+01	3.8999045e+00
4.3961720e+01	3.3562012e+00
4.3983529e+01	2.4414955e+00
4.4005338e+01	1.8561344e+00
4.4027147e+01	1.1237800e+00
4.4048956e+01	1.1881141e+00
4.4070765e+01	9.4005082e-01
4.4092574e+01	7.3106410e-01
4.4114383e+01	1.4811694e-01
4.4136191e+01	-3.9881694e-02
4.4158000e+01	-9.1758928e-02
4.4179809e+01	-2.2131705e-01
4.4201618e+01	1.3069904e-01
4.4223427e+01	8.2368708e-02
4.4245236e+01	6.4915713e-02
4.4267045e+01	7.6091661e-02
4.4288854e+01	-2.3038639e-01
4.4310663e+01	5.2663397e-02
4.4332472e+01	-1.7481592e-02
4.4354281e+01	1.5115194e-01
4.4376090e+01	7.1334537e-02
4.4397899e+01	-1.1621168e-01
4.4419708e+01	-6.8279848e-02
4.4441517e+01	2.3184484e-02
4.4463326e+01	5.0690401e-02
4.4485134e+01	-6.1588399e-02
4.4506943e+01	-1.0918924e-02
4.4528752e+01	1.5468836e-01
4.4550561e+01	6.3203957e-01
4.4572370e+01	5.2837505e-01
4.4594179e+01	4.2391414e-01
4.4615988e+01	4.4793980e-01
4.4637797e+01	6.0260158e-01
4.4659606e+01	8.0128453e-01
4.4681415e+01	7.6746765e-01
4.4703224e+01	6.0694293e-01
4.4725033e+01	4.6527939e-01
4.4746842e+01	7.0596992e-02
4.4768651e+01	-1.6646698e-01
4.4790460e+01	-4.2420964e-03
4.4812269e+01	3.4932591e-01
4.4834077e+01	4.8272655e-01
4.4855886e+01	7.0411876e-01
4.4877695e+01	-1.0105707e-01
4.4899504e+01	1.6591444e-01
4.4921313e+01	3.7640064e-02
4.4943122e+01	-1.0676851e-01
4.4964931e+01	3.4023905e-01
4.4986740e+01	8.3461892e-02