Image file: \\Gfs05\g45\SAXS\2020_12\HDF5\2020-12.10_Kevin_day2_SN\2020-12-10_Max_Cu123_SN_000017_data_000119.h5
ImageIntegration1d_chi_output; Output_Directory= \\Gfs05\g45\SAXS\2020_12\Processed\2020-12-09_Kevin_day1_SN\Chi-Sample-7
Profile = Radial, StartAzimuth = 0.0, EndAzimuth = 360.0, Sam_Det_distance = 250.818474293, InnerRadius = 15.0, OuterRadius = 2400.0, Lambda = 30, Ratio = 0.001, Itermax = 100
2400
2.0013229e+00	-4.2337024e-02
2.0231319e+00	7.4753926e-02
2.0449408e+00	-9.6771960e-02
2.0667497e+00	-7.2361523e-03
2.0885587e+00	8.0076627e-02
2.1103676e+00	-2.2904290e-02
2.1321765e+00	1.3634821e-02
2.1539855e+00	1.5213285e-02
2.1757944e+00	-5.4248332e-02
2.1976034e+00	6.3673534e-02
2.2194123e+00	3.2697351e-01
2.2412212e+00	3.7395541e-01
2.2630302e+00	4.5218929e-01
2.2848391e+00	3.7950563e-01
2.3066480e+00	1.1874418e-01
2.3284570e+00	4.1451547e-01
2.3502659e+00	4.9308071e-01
2.3720749e+00	2.4691928e-01
2.3938838e+00	-1.7705390e-01
2.4156927e+00	-1.8141498e-01
2.4375017e+00	-5.4959271e-02
2.4593106e+00	1.2890183e-02
2.4811196e+00	9.5114703e-02
2.5029285e+00	-8.4803954e-03
2.5247374e+00	2.0003043e-02
2.5465464e+00	8.2295268e-02
2.5683553e+00	1.8827166e-01
2.5901642e+00	1.1241448e-01
2.6119732e+00	-2.0738784e-01
2.6337821e+00	8.1064112e-02
2.6555911e+00	-4.4513306e-03
2.6774000e+00	7.6634789e-02
2.6992089e+00	-1.7789336e-01
2.7210179e+00	9.0426953e-03
2.7428268e+00	9.8747191e-02
2.7646358e+00	-5.8206527e-02
2.7864447e+00	-7.0680207e-02
2.8082536e+00	5.2223236e-02
2.8300626e+00	3.7022585e-02
2.8518715e+00	1.2712479e-02
2.8736804e+00	-3.3471061e-02
2.8954894e+00	1.1426083e-02
2.9172983e+00	-5.7822763e-02
2.9391073e+00	2.4055591e-02
2.9609162e+00	-3.1950627e-02
2.9827251e+00	7.6646286e-02
3.0045341e+00	-1.2773044e-01
3.0263430e+00	-4.0956419e-03
3.0481519e+00	1.0465946e-01
3.0699609e+00	8.8855977e-02
3.0917698e+00	3.9172378e-02
3.1135788e+00	-1.8185778e-02
3.1353877e+00	1.9731532e-02
3.1571966e+00	-7.6747921e-02
3.1790056e+00	-4.2477425e-02
3.2008145e+00	-1.5502328e-01
3.2226235e+00	9.9591657e-02
3.2444324e+00	-3.5989068e-02
3.2662413e+00	4.7916654e-03
3.2880503e+00	1.0708512e-01
3.3098592e+00	-1.2267191e-01
3.3316681e+00	1.0744898e-01
3.3534771e+00	6.2225175e-02
3.3752860e+00	7.1919760e-02
3.3970950e+00	-8.5359521e-02
3.4189039e+00	-9.7915355e-02
3.4407128e+00	1.4857654e-02
3.4625218e+00	8.9851573e-02
3.4843307e+00	4.2260278e-02
3.5061396e+00	-1.9513363e-02
3.5279486e+00	4.2931239e-02
3.5497575e+00	-9.1732336e-02
3.5715665e+00	-1.7333087e-01
3.5933754e+00	4.8749397e-02
3.6151843e+00	1.8187189e-01
3.6369933e+00	8.0770612e-02
3.6588022e+00	8.2325126e-04
3.6806112e+00	-9.3471713e-02
3.7024201e+00	-1.7777021e-01
3.7242290e+00	-7.1136491e-03
3.7460380e+00	9.9444225e-02
3.7678469e+00	5.9562532e-02
3.7896558e+00	1.2318321e-01
3.8114648e+00	5.3230755e-03
3.8332737e+00	-4.6772195e-03
3.8550827e+00	-1.6357417e-01
3.8768916e+00	9.1947103e-04
3.8987005e+00	9.6146366e-02
3.9205095e+00	8.0299584e-02
3.9423184e+00	1.2506794e-02
3.9641273e+00	4.3465104e-02
3.9859363e+00	-6.7300440e-02
4.0077452e+00	-7.2356720e-02
4.0295542e+00	-6.5498596e-02
4.0513631e+00	4.9692659e-02
4.0731720e+00	-1.8020281e-02
4.0949810e+00	-6.0272092e-02
4.1167899e+00	3.5482784e-02
4.1385989e+00	9.9896025e-03
4.1604078e+00	-1.4365616e-01
4.1822167e+00	1.2487608e-02
4.2040257e+00	1.1832548e-01
4.2258346e+00	7.8543622e-02
4.2476435e+00	3.0763138e-02
4.2694525e+00	1.5068749e-01
4.2912614e+00	-7.6311607e-02
4.3130704e+00	-1.3327603e-01
4.3348793e+00	-1.4021212e-02
4.3566882e+00	1.0621585e-01
4.3784972e+00	7.1265173e-02
4.4003061e+00	-3.8168880e-02
4.4221151e+00	-1.9381514e-02
4.4439240e+00	-9.6968125e-02
4.4657329e+00	-3.0913518e-02
4.4875419e+00	-1.3261340e-01
4.5093508e+00	2.0668460e-02
4.5311597e+00	1.1049682e-02
4.5529687e+00	8.3164717e-02
4.5747776e+00	1.0607140e-01
4.5965866e+00	5.2091992e-02
4.6183955e+00	8.9842117e-02
4.6402044e+00	-1.3342467e-02
4.6620134e+00	-1.4729072e-01
4.6838223e+00	4.6297614e-03
4.7056312e+00	1.1083103e-01
4.7274402e+00	-4.7535963e-02
4.7492491e+00	-3.3113982e-02
4.7710581e+00	3.3978291e-02
4.7928670e+00	-9.9016524e-02
4.8146759e+00	-1.2076187e-01
4.8364849e+00	-7.1153815e-02
4.8582938e+00	1.2152987e-01
4.8801028e+00	3.1973891e-02
4.9019117e+00	1.9220940e-01
4.9237206e+00	1.7719766e-02
4.9455296e+00	6.3442746e-03
4.9673385e+00	-4.1492039e-02
4.9891474e+00	1.2633728e-02
5.0109564e+00	6.9250072e-02
5.0327653e+00	5.5621208e-02
5.0545743e+00	-7.0529199e-03
5.0763832e+00	-7.9860387e-02
5.0981921e+00	-1.5415242e-01
5.1200011e+00	-1.1778649e-01
5.1418100e+00	2.2852309e-02
5.1636189e+00	1.0816797e-01
5.1854279e+00	7.8382879e-02
5.2072368e+00	-3.8363123e-03
5.2290458e+00	6.8176423e-02
5.2508547e+00	-1.9603157e-02
5.2726636e+00	-1.3288020e-01
5.2944726e+00	1.3953112e-01
5.3162815e+00	1.3731291e-01
5.3380905e+00	4.4150040e-04
5.3598994e+00	-1.0555512e-01
5.3817083e+00	-8.3323663e-02
5.4035173e+00	-8.0310481e-02
5.4253262e+00	3.1695286e-02
5.4471351e+00	8.8091255e-02
5.4689441e+00	1.5879469e-02
5.4907530e+00	-2.3387702e-02
5.5125620e+00	5.8294972e-02
5.5343709e+00	6.1438311e-03
5.5561798e+00	-2.1142782e-02
5.5779888e+00	-9.2987988e-02
5.5997977e+00	-1.0358562e-01
5.6216066e+00	-3.2710927e-03
5.6434156e+00	1.2373785e-01
5.6652245e+00	6.4623399e-02
5.6870335e+00	-4.7985784e-02
5.7088424e+00	9.5692218e-02
5.7306513e+00	8.4004405e-02
5.7524603e+00	-7.3661287e-02
5.7742692e+00	-5.2894128e-03
5.7960782e+00	-1.4948844e-01
5.8178871e+00	8.1290274e-02
5.8396960e+00	1.4829328e-01
5.8615050e+00	-3.3542922e-03
5.8833139e+00	-1.3048056e-01
5.9051228e+00	-1.5181796e-01
5.9269318e+00	-3.7122678e-02
5.9487407e+00	1.2035468e-01
5.9705497e+00	1.7004242e-01
5.9923586e+00	2.1968598e-02
6.0141675e+00	8.2666673e-02
6.0359765e+00	-3.6602198e-02
6.0577854e+00	-1.2401899e-01
6.0795944e+00	-1.0301083e-02
6.1014033e+00	-5.3342004e-02
6.1232122e+00	-2.3597223e-02
6.1450212e+00	1.1946144e-01
6.1668301e+00	5.2534258e-02
6.1886390e+00	-5.9137619e-03
6.2104480e+00	-9.1116917e-02
6.2322569e+00	3.4156405e-02
6.2540659e+00	3.3094842e-02
6.2758748e+00	-2.7083922e-02
6.2976837e+00	3.3970936e-02
6.3194927e+00	7.2146541e-02
6.3413016e+00	-1.7658281e-01
6.3631105e+00	-4.6744437e-03
6.3849195e+00	-6.2002645e-02
6.4067284e+00	1.4335958e-02
6.4285374e+00	7.4695123e-02
6.4503463e+00	2.6725757e-02
6.4721552e+00	6.0803281e-02
6.4939642e+00	6.1770786e-03
6.5157731e+00	2.4568117e-01
6.5375821e+00	2.4458502e-01
6.5593910e+00	2.9943515e-01
6.5811999e+00	-2.4226418e-02
6.6030089e+00	-1.8073533e-01
6.6248178e+00	-1.1868317e-01
6.6466267e+00	5.8262972e-02
6.6684357e+00	1.3516999e-01
6.6902446e+00	2.2104833e-02
6.7120536e+00	7.0640945e-02
6.7338625e+00	-1.3419105e-01
6.7556714e+00	-5.1261199e-02
6.7774804e+00	9.0783851e-03
6.7992893e+00	7.6644889e-02
6.8210982e+00	1.5509342e-01
6.8429072e+00	-3.3957910e-02
6.8647161e+00	-2.6207970e-01
6.8865251e+00	4.8173900e-02
6.9083340e+00	1.4597971e-01
6.9301429e+00	2.6317600e-01
6.9519519e+00	2.9463529e-02
6.9737608e+00	-4.9160021e-03
6.9955698e+00	5.6873373e-02
7.0173787e+00	-8.5982693e-02
7.0391876e+00	-6.4276330e-02
7.0609966e+00	-1.7273808e-02
7.0828055e+00	-1.0356920e-01
7.1046144e+00	4.9510783e-02
7.1264234e+00	3.8809575e-02
7.1482323e+00	3.0956225e-02
7.1700413e+00	1.4053620e-01
7.1918502e+00	2.7830838e-02
7.2136591e+00	-9.1568501e-02
7.2354681e+00	-7.9660110e-02
7.2572770e+00	1.2349980e-01
7.2790859e+00	-1.6763792e-01
7.3008949e+00	-3.6038546e-02
7.3227038e+00	1.7926651e-01
7.3445128e+00	2.1422166e-01
7.3663217e+00	1.0083405e-01
7.3881306e+00	-9.4966091e-02
7.4099396e+00	4.4891508e-02
7.4317485e+00	-6.7160532e-02
7.4535575e+00	-1.5767041e-01
7.4753664e+00	1.4803102e-01
7.4971753e+00	-1.2221845e-01
7.5189843e+00	9.2119707e-03
7.5407932e+00	-3.2639073e-02
7.5626021e+00	2.7314540e-02
7.5844111e+00	1.1115641e-01
7.6062200e+00	9.7252577e-02
7.6280290e+00	6.6775836e-02
7.6498379e+00	4.2890245e-02
7.6716468e+00	-1.3269412e-01
7.6934558e+00	-1.6677020e-01
7.7152647e+00	4.8620130e-02
7.7370737e+00	-1.0575703e-01
7.7588826e+00	3.5695213e-02
7.7806915e+00	1.4612683e-01
7.8025005e+00	2.0779302e-01
7.8243094e+00	1.5562291e-01
7.8461183e+00	-2.8963644e-01
7.8679273e+00	-2.0495447e-01
7.8897362e+00	1.1488968e-02
7.9115452e+00	1.9580278e-01
7.9333541e+00	1.1432768e-01
7.9551630e+00	1.7381467e-01
7.9769720e+00	2.1704155e-01
7.9987809e+00	6.9618648e-03
8.0205898e+00	4.7819717e-02
8.0423988e+00	-2.8784716e-03
8.0642077e+00	-1.9272225e-01
8.0860167e+00	-2.7204031e-01
8.1078256e+00	-3.3018332e-02
8.1296345e+00	1.0336606e-01
8.1514435e+00	3.6049337e-02
8.1732524e+00	4.3103381e-02
8.1950614e+00	8.7609593e-02
8.2168703e+00	6.3644348e-02
8.2386792e+00	1.7068303e-01
8.2604882e+00	1.7505285e-01
8.2822971e+00	-1.6256939e-01
8.3041060e+00	-3.0858250e-01
8.3259150e+00	-9.6956282e-02
8.3477239e+00	1.5613949e-01
8.3695329e+00	1.5229077e-01
8.3913418e+00	7.3029047e-02
8.4131507e+00	-1.4262247e-01
8.4349597e+00	-5.3145233e-02
8.4567686e+00	1.0430232e-01
8.4785775e+00	9.4353846e-02
8.5003865e+00	2.5520528e-01
8.5221954e+00	2.5903968e-02
8.5440044e+00	-5.9431966e-02
8.5658133e+00	-1.1509019e-01
8.5876222e+00	-8.1832677e-02
8.6094312e+00	8.9188047e-03
8.6312401e+00	8.0070005e-02
8.6530491e+00	3.7483090e-01
8.6748580e+00	3.1271008e-01
8.6966669e+00	8.8411133e-02
8.7184759e+00	2.4488561e-02
8.7402848e+00	4.4046482e-02
8.7620937e+00	-1.9955887e-01
8.7839027e+00	-2.9001319e-02
8.8057116e+00	5.7644283e-02
8.8275206e+00	1.2942328e-01
8.8493295e+00	3.4086217e-01
8.8711384e+00	2.2621860e-01
8.8929474e+00	-1.9227501e-01
8.9147563e+00	-3.8598138e-02
8.9365652e+00	-3.9001101e-02
8.9583742e+00	2.9389887e-02
8.9801831e+00	4.9298174e-02
9.0019921e+00	-1.0465417e-01
9.0238010e+00	8.2260494e-02
9.0456099e+00	2.0618114e-01
9.0674189e+00	4.5376181e-02
9.0892278e+00	1.8801902e-02
9.1110368e+00	-5.2284173e-02
9.1328457e+00	-1.5989971e-01
9.1546546e+00	1.5491700e-01
9.1764636e+00	2.6589364e-01
9.1982725e+00	1.0347476e-01
9.2200814e+00	-9.0574735e-02
9.2418904e+00	-5.7226563e-02
9.2636993e+00	-3.7960494e-02
9.2855083e+00	-3.8709131e-02
9.3073172e+00	7.5167826e-03
9.3291261e+00	4.2175733e-01
9.3509351e+00	3.1261945e-01
9.3727440e+00	4.3247141e-02
9.3945530e+00	1.6528865e-01
9.4163619e+00	1.2433548e-01
9.4381708e+00	-4.0250170e-02
9.4599798e+00	-2.6664674e-01
9.4817887e+00	-3.8404460e-02
9.5035976e+00	3.6738166e-01
9.5254066e+00	4.0013526e-01
9.5472155e+00	3.5918384e-01
9.5690245e+00	1.5680581e-01
9.5908334e+00	3.8478948e-02
9.6126423e+00	-7.2788018e-02
9.6344513e+00	3.5271986e-02
9.6562602e+00	1.3462500e-01
9.6780691e+00	2.5306425e-01
9.6998781e+00	3.2058087e-01
9.7216870e+00	-7.5166354e-02
9.7434960e+00	-3.5257312e-01
9.7653049e+00	1.5385613e-01
9.7871138e+00	2.7127838e-01
9.8089228e+00	1.1625856e-01
9.8307317e+00	2.1305274e-02
9.8525407e+00	4.9245654e-02
9.8743496e+00	-1.0678847e-01
9.8961585e+00	3.9240027e-02
9.9179675e+00	2.4747375e-01
9.9397764e+00	4.5742522e-02
9.9615853e+00	-6.8559468e-02
9.9833943e+00	-1.0936781e-01
1.0005203e+01	-2.1582117e-02
1.0027012e+01	5.0881477e-02
1.0048821e+01	-1.3933242e-02
1.0070630e+01	7.8315249e-02
1.0092439e+01	5.4215240e-03
1.0114248e+01	-3.5013341e-02
1.0136057e+01	1.2946530e-01
1.0157866e+01	3.3862071e-01
1.0179675e+01	3.0541841e-01
1.0201484e+01	2.0328349e-02
1.0223293e+01	2.8607409e-01
1.0245102e+01	1.3657833e-01
1.0266910e+01	-1.7363992e-01
1.0288719e+01	-1.6859134e-01
1.0310528e+01	-1.3526649e-02
1.0332337e+01	1.1112671e+00
1.0354146e+01	1.9684405e+00
1.0375955e+01	2.3435919e+00
1.0397764e+01	2.5404058e+00
1.0419573e+01	2.5657477e+00
1.0441382e+01	3.2265371e+00
1.0463191e+01	4.1670354e+00
1.0485000e+01	5.5182051e+00
1.0506809e+01	6.9215847e+00
1.0528618e+01	7.6662807e+00
1.0550427e+01	7.6452246e+00
1.0572236e+01	7.3095897e+00
1.0594045e+01	7.8907327e+00
1.0615853e+01	8.4360359e+00
1.0637662e+01	8.3780149e+00
1.0659471e+01	7.4896621e+00
1.0681280e+01	6.2321770e+00
1.0703089e+01	4.6051391e+00
1.0724898e+01	2.9019588e+00
1.0746707e+01	2.2697356e+00
1.0768516e+01	1.3372391e+00
1.0790325e+01	9.8059663e-01
1.0812134e+01	3.8033271e-01
1.0833943e+01	7.5047812e-02
1.0855752e+01	4.8870626e-01
1.0877561e+01	1.0800175e-01
1.0899370e+01	-1.1476346e-01
1.0921179e+01	-2.0562135e-01
1.0942988e+01	3.4097420e-02
1.0964796e+01	-2.9871768e-02
1.0986605e+01	1.0071546e-01
1.1008414e+01	1.2648371e-01
1.1030223e+01	1.0708900e-01
1.1052032e+01	5.0453949e-01
1.1073841e+01	5.4990092e-01
1.1095650e+01	8.1912513e-01
1.1117459e+01	9.8357875e-01
1.1139268e+01	8.2359941e-01
1.1161077e+01	1.1665227e+00
1.1182886e+01	1.7350274e+00
1.1204695e+01	2.0530229e+00
1.1226504e+01	2.5446240e+00
1.1248313e+01	2.6690053e+00
1.1270122e+01	1.4622875e+00
1.1291931e+01	5.6514102e-01
1.1313740e+01	2.9595565e-01
1.1335548e+01	3.1679854e-02
1.1357357e+01	2.4353235e-02
1.1379166e+01	-2.0139566e-01
1.1400975e+01	2.5255321e-02
1.1422784e+01	7.3425061e-03
1.1444593e+01	9.2388921e-02
1.1466402e+01	-1.7847375e-01
1.1488211e+01	1.1076799e-01
1.1510020e+01	-7.3873287e-02
1.1531829e+01	-1.6007905e-01
1.1553638e+01	3.2798356e-02
1.1575447e+01	9.2135535e-02
1.1597256e+01	1.9529202e-01
1.1619065e+01	3.2947770e-01
1.1640874e+01	4.3083547e-01
1.1662683e+01	2.1796923e-01
1.1684491e+01	-3.4237462e-02
1.1706300e+01	-1.5715328e-01
1.1728109e+01	-4.2887153e-02
1.1749918e+01	-1.1576586e-02
1.1771727e+01	6.9346004e-02
1.1793536e+01	1.2819374e-01
1.1815345e+01	-2.0116592e-02
1.1837154e+01	-8.3958486e-02
1.1858963e+01	1.1783666e-01
1.1880772e+01	-1.8413180e-02
1.1902581e+01	1.0536753e-02
1.1924390e+01	-1.4083646e-01
1.1946199e+01	-1.6915311e-02
1.1968008e+01	2.3344920e-01
1.1989817e+01	9.0799497e-02
1.2011626e+01	6.2137536e-02
1.2033434e+01	1.1851974e-01
1.2055243e+01	-2.2339800e-01
1.2077052e+01	-8.9161504e-02
1.2098861e+01	1.1416500e-01
1.2120670e+01	-1.9756387e-01
1.2142479e+01	-4.6022445e-02
1.2164288e+01	1.6650740e-01
1.2186097e+01	1.5742941e-01
1.2207906e+01	4.2030036e-02
1.2229715e+01	2.5881918e-02
1.2251524e+01	7.6308991e-02
1.2273333e+01	4.1905712e-01
1.2295142e+01	2.1707177e-01
1.2316951e+01	-2.9022150e-01
1.2338760e+01	-1.5998373e-01
1.2360569e+01	1.0308520e-04
1.2382377e+01	2.4626701e-02
1.2404186e+01	1.0935044e-01
1.2425995e+01	4.0864177e-02
1.2447804e+01	7.4603295e-02
1.2469613e+01	5.6096888e-02
1.2491422e+01	-7.1674525e-02
1.2513231e+01	-5.0600937e-02
1.2535040e+01	6.8048508e-02
1.2556849e+01	3.3289933e-02
1.2578658e+01	-2.4773499e-03
1.2600467e+01	-5.3473404e-03
1.2622276e+01	-1.2320756e-01
1.2644085e+01	-8.3815491e-02
1.2665894e+01	3.5521766e-04
1.2687703e+01	9.2937518e-02
1.2709512e+01	3.1273454e-01
1.2731320e+01	1.5417686e-01
1.2753129e+01	-2.8405771e-02
1.2774938e+01	1.5154913e-02
1.2796747e+01	4.4845558e-02
1.2818556e+01	-1.2377926e-01
1.2840365e+01	-1.6369028e-01
1.2862174e+01	-5.3566362e-02
1.2883983e+01	3.6740945e-02
1.2905792e+01	1.4783722e-01
1.2927601e+01	3.9337474e-01
1.2949410e+01	3.6685256e-01
1.2971219e+01	1.3303399e-01
1.2993028e+01	4.7400325e-01
1.3014837e+01	5.2244859e-01
1.3036646e+01	5.2165900e-01
1.3058455e+01	8.3900597e-01
1.3080264e+01	7.4205047e-01
1.3102072e+01	4.7681149e-01
1.3123881e+01	-1.5080000e-01
1.3145690e+01	1.0202691e-01
1.3167499e+01	1.6404278e-01
1.3189308e+01	-1.7754681e-02
1.3211117e+01	1.6406058e-01
1.3232926e+01	9.0481979e-02
1.3254735e+01	5.9612517e-03
1.3276544e+01	-1.0481386e-01
1.3298353e+01	-1.9331301e-01
1.3320162e+01	-9.1110189e-02
1.3341971e+01	-1.9793966e-01
1.3363780e+01	3.8638713e-01
1.3385589e+01	8.2701371e-01
1.3407398e+01	6.3327378e-01
1.3429207e+01	6.2745203e-01
1.3451015e+01	4.9978215e-01
1.3472824e+01	5.5451794e-02
1.3494633e+01	-2.7106382e-02
1.3516442e+01	2.2936277e-01
1.3538251e+01	5.9107459e-02
1.3560060e+01	4.1473656e-02
1.3581869e+01	1.7478697e-01
1.3603678e+01	1.4825764e-01
1.3625487e+01	3.1684064e-02
1.3647296e+01	1.2475844e-02
1.3669105e+01	-1.5082562e-01
1.3690914e+01	-2.2382398e-01
1.3712723e+01	9.5186240e-03
1.3734532e+01	1.5240781e-01
1.3756341e+01	3.2096482e-02
1.3778150e+01	4.8562444e-02
1.3799958e+01	7.1226336e-03
1.3821767e+01	-1.4098232e-01
1.3843576e+01	-1.2104681e-01
1.3865385e+01	1.1227110e-01
1.3887194e+01	3.1021758e-03
1.3909003e+01	-4.2457211e-02
1.3930812e+01	5.9683074e-02
1.3952621e+01	2.9745934e-02
1.3974430e+01	8.1213222e-02
1.3996239e+01	-3.2181274e-02
1.4018048e+01	-1.2240078e-01
1.4039857e+01	9.3609676e-02
1.4061666e+01	1.6601501e-01
1.4083475e+01	-2.6377395e-02
1.4105284e+01	-1.7741057e-02
1.4127093e+01	2.8182770e-03
1.4148901e+01	-1.0627622e-01
1.4170710e+01	-7.9212166e-02
1.4192519e+01	-1.8728044e-03
1.4214328e+01	-7.3262245e-03
1.4236137e+01	8.1109831e-02
1.4257946e+01	-1.1402943e-01
1.4279755e+01	-3.0523591e-02
1.4301564e+01	1.1122560e-01
1.4323373e+01	3.1659938e-01
1.4345182e+01	1.3072289e-01
1.4366991e+01	1.2517371e-01
1.4388800e+01	1.2986258e-02
1.4410609e+01	-1.1687797e-01
1.4432418e+01	-1.1659466e-02
1.4454227e+01	7.2888095e-02
1.4476036e+01	-1.3038767e-01
1.4497844e+01	-3.7705333e-02
1.4519653e+01	-1.3952831e-01
1.4541462e+01	5.8716348e-02
1.4563271e+01	1.5862348e-01
1.4585080e+01	2.3170722e-01
1.4606889e+01	8.2329195e-03
1.4628698e+01	-2.2899825e-01
1.4650507e+01	-1.3755047e-02
1.4672316e+01	2.9646022e-02
1.4694125e+01	1.1583658e-01
1.4715934e+01	1.4154704e-03
1.4737743e+01	-2.7661472e-02
1.4759552e+01	3.9918454e-02
1.4781361e+01	-3.4596492e-02
1.4803170e+01	2.5678809e-02
1.4824979e+01	4.4444020e-01
1.4846787e+01	7.8610118e-01
1.4868596e+01	1.2589027e+00
1.4890405e+01	1.1499169e+00
1.4912214e+01	1.1608916e+00
1.4934023e+01	1.0246579e+00
1.4955832e+01	9.6641382e-01
1.4977641e+01	1.1226043e+00
1.4999450e+01	1.6199103e+00
1.5021259e+01	2.0542519e+00
1.5043068e+01	1.9292441e+00
1.5064877e+01	1.9367638e+00
1.5086686e+01	1.3492001e+00
1.5108495e+01	8.3760896e-01
1.5130304e+01	4.7915037e-01
1.5152113e+01	1.1254634e-01
1.5173922e+01	1.4622942e-02
1.5195731e+01	-2.9064200e-02
1.5217539e+01	-2.0006868e-02
1.5239348e+01	-1.2314553e-01
1.5261157e+01	-2.4035230e-02
1.5282966e+01	-7.1718239e-02
1.5304775e+01	4.9481849e-02
1.5326584e+01	1.2544875e-01
1.5348393e+01	1.4981723e-02
1.5370202e+01	5.4070172e-02
1.5392011e+01	-5.2058264e-03
1.5413820e+01	2.4409359e-02
1.5435629e+01	-8.9709308e-02
1.5457438e+01	-4.3100121e-02
1.5479247e+01	6.2149727e-02
1.5501056e+01	-3.9532753e-02
1.5522865e+01	-3.9409470e-02
1.5544674e+01	-7.5762058e-02
1.5566482e+01	-7.8886981e-02
1.5588291e+01	9.6844418e-02
1.5610100e+01	9.1523096e-02
1.5631909e+01	1.9352188e-02
1.5653718e+01	3.7150536e-02
1.5675527e+01	8.2645514e-02
1.5697336e+01	-6.2065348e-02
1.5719145e+01	2.9836995e-02
1.5740954e+01	6.4087070e-02
1.5762763e+01	-2.2611675e-02
1.5784572e+01	-1.5339626e-01
1.5806381e+01	-1.7255047e-01
1.5828190e+01	9.5782089e-02
1.5849999e+01	1.0045045e-01
1.5871808e+01	4.5778959e-02
1.5893617e+01	5.2989575e-04
1.5915425e+01	-5.5154426e-02
1.5937234e+01	4.9379664e-02
1.5959043e+01	4.1965915e-02
1.5980852e+01	-1.2580702e-01
1.6002661e+01	-3.3761079e-02
1.6024470e+01	6.0516281e-02
1.6046279e+01	8.9226471e-02
1.6068088e+01	2.3463849e-02
1.6089897e+01	-9.0147341e-02
1.6111706e+01	-1.4278876e-01
1.6133515e+01	1.3940651e-02
1.6155324e+01	5.0732489e-02
1.6177133e+01	8.0683652e-02
1.6198942e+01	1.0991641e-02
1.6220751e+01	6.2679425e-02
1.6242560e+01	5.5232278e-02
1.6264368e+01	-1.1504568e-02
1.6286177e+01	-1.2160522e-01
1.6307986e+01	-2.2080666e-02
1.6329795e+01	1.1501534e-02
1.6351604e+01	3.4123570e-03
1.6373413e+01	-4.9742866e-02
1.6395222e+01	-2.0697378e-02
1.6417031e+01	1.0206124e-01
1.6438840e+01	3.1791852e-02
1.6460649e+01	1.0468948e-01
1.6482458e+01	2.5716385e-02
1.6504267e+01	-9.6536675e-02
1.6526076e+01	1.7172484e-02
1.6547885e+01	-2.3179249e-02
1.6569694e+01	-1.0324607e-01
1.6591503e+01	-6.4691028e-02
1.6613311e+01	3.2652291e-03
1.6635120e+01	7.9587061e-02
1.6656929e+01	-8.1801850e-02
1.6678738e+01	-1.3815917e-01
1.6700547e+01	-7.4729087e-02
1.6722356e+01	1.1650545e-01
1.6744165e+01	1.3146517e-01
1.6765974e+01	2.6502767e-01
1.6787783e+01	2.0227285e-01
1.6809592e+01	2.0178338e-01
1.6831401e+01	9.8930261e-02
1.6853210e+01	-1.1759885e-01
1.6875019e+01	-3.9861681e-02
1.6896828e+01	1.4216389e-01
1.6918637e+01	2.6029122e-01
1.6940446e+01	2.7285898e-02
1.6962254e+01	-2.8711253e-01
1.6984063e+01	-1.3601014e-01
1.7005872e+01	-1.2097158e-01
1.7027681e+01	6.8543096e-02
1.7049490e+01	8.1983128e-02
1.7071299e+01	-3.9070885e-02
1.7093108e+01	1.8941075e-01
1.7114917e+01	2.1866263e-01
1.7136726e+01	7.9367053e-02
1.7158535e+01	-2.4492304e-02
1.7180344e+01	1.4347818e-02
1.7202153e+01	-9.9823392e-02
1.7223962e+01	-3.1366994e-02
1.7245771e+01	8.3342229e-02
1.7267580e+01	-5.4518438e-02
1.7289389e+01	-5.1203754e-02
1.7311198e+01	3.3107397e-02
1.7333006e+01	6.1996500e-02
1.7354815e+01	-3.4139241e-02
1.7376624e+01	-8.5235867e-03
1.7398433e+01	3.4457180e-02
1.7420242e+01	-1.4359539e-01
1.7442051e+01	1.4983365e-02
1.7463860e+01	1.5352156e-01
1.7485669e+01	9.4917936e-02
1.7507478e+01	-1.0998643e-01
1.7529287e+01	-9.1702710e-02
1.7551096e+01	-3.8090196e-03
1.7572905e+01	-3.2629045e-03
1.7594714e+01	5.6999055e-03
1.7616523e+01	-2.6820686e-02
1.7638332e+01	9.5832532e-02
1.7660141e+01	1.3091530e-01
1.7681949e+01	8.9959173e-02
1.7703758e+01	-1.9874914e-01
1.7725567e+01	-1.0758418e-01
1.7747376e+01	1.3116472e-02
1.7769185e+01	1.5199723e-01
1.7790994e+01	7.8512189e-02
1.7812803e+01	4.7846132e-03
1.7834612e+01	-6.6673893e-02
1.7856421e+01	-1.5096968e-02
1.7878230e+01	-6.9353119e-02
1.7900039e+01	-3.1267031e-02
1.7921848e+01	-3.9071934e-02
1.7943657e+01	4.1096678e-02
1.7965466e+01	1.4111723e-01
1.7987275e+01	-5.6990831e-02
1.8009084e+01	4.3882052e-02
1.8030892e+01	8.1948721e-02
1.8052701e+01	-1.6396262e-01
1.8074510e+01	-1.0692763e-01
1.8096319e+01	8.5168407e-02
1.8118128e+01	5.3068315e-02
1.8139937e+01	5.5486602e-02
1.8161746e+01	-5.7564980e-02
1.8183555e+01	-2.1056306e-02
1.8205364e+01	1.8943190e-02
1.8227173e+01	1.3815548e-01
1.8248982e+01	9.0757668e-02
1.8270791e+01	-8.2300501e-02
1.8292600e+01	-1.3565755e-01
1.8314409e+01	-3.1919020e-03
1.8336218e+01	-1.4724136e-02
1.8358027e+01	1.9037441e-02
1.8379835e+01	-1.1070308e-01
1.8401644e+01	-9.7798612e-02
1.8423453e+01	-3.3621117e-02
1.8445262e+01	1.7671123e-01
1.8467071e+01	1.8274447e-01
1.8488880e+01	5.3385680e-02
1.8510689e+01	2.4731270e-01
1.8532498e+01	2.4360318e-01
1.8554307e+01	-5.5066832e-02
1.8576116e+01	-1.1845586e-01
1.8597925e+01	-6.2517281e-02
1.8619734e+01	4.8512957e-02
1.8641543e+01	1.0295945e-01
1.8663352e+01	2.1265210e-01
1.8685161e+01	3.2330354e-01
1.8706970e+01	1.6356876e-01
1.8728778e+01	1.7190668e-03
1.8750587e+01	-1.5620318e-01
1.8772396e+01	-1.7392784e-01
1.8794205e+01	-9.7726069e-02
1.8816014e+01	-9.5687418e-02
1.8837823e+01	6.1010900e-02
1.8859632e+01	7.6312069e-02
1.8881441e+01	6.9506201e-02
1.8903250e+01	8.2269884e-02
1.8925059e+01	1.2510325e-01
1.8946868e+01	-3.0600422e-02
1.8968677e+01	-7.7575256e-02
1.8990486e+01	-8.2551873e-02
1.9012295e+01	-1.6513204e-03
1.9034104e+01	3.3244838e-02
1.9055913e+01	-7.9690988e-02
1.9077721e+01	-6.3347208e-02
1.9099530e+01	1.1759587e-01
1.9121339e+01	2.0339417e-01
1.9143148e+01	1.3766429e-01
1.9164957e+01	4.8180526e-02
1.9186766e+01	-1.2906557e-01
1.9208575e+01	-4.3210242e-02
1.9230384e+01	-9.6320644e-02
1.9252193e+01	-1.4621204e-01
1.9274002e+01	-2.9441210e-02
1.9295811e+01	4.6079774e-02
1.9317620e+01	-2.2214302e-02
1.9339429e+01	8.7972494e-02
1.9361238e+01	1.5173909e-01
1.9383047e+01	2.7817371e-02
1.9404856e+01	-3.6111222e-03
1.9426665e+01	1.4569952e-02
1.9448473e+01	3.6707163e-02
1.9470282e+01	1.3176453e-02
1.9492091e+01	1.6145538e-03
1.9513900e+01	6.9951876e-02
1.9535709e+01	-9.4771913e-02
1.9557518e+01	-8.4623843e-02
1.9579327e+01	-5.5520074e-02
1.9601136e+01	4.3761796e-02
1.9622945e+01	-4.0057561e-02
1.9644754e+01	1.0731839e-02
1.9666563e+01	2.3447570e-03
1.9688372e+01	8.5660898e-02
1.9710181e+01	4.4614920e-02
1.9731990e+01	-1.6607197e-01
1.9753799e+01	-5.3624292e-02
1.9775608e+01	3.3322123e-02
1.9797416e+01	1.6454516e-02
1.9819225e+01	1.1513575e-01
1.9841034e+01	-5.4130546e-02
1.9862843e+01	-7.6224247e-02
1.9884652e+01	-5.7397276e-02
1.9906461e+01	1.8485597e-01
1.9928270e+01	4.0475954e-02
1.9950079e+01	9.9629927e-02
1.9971888e+01	4.1318638e-02
1.9993697e+01	1.1119334e-02
2.0015506e+01	3.2309902e-03
2.0037315e+01	-1.0465736e-01
2.0059124e+01	5.1730791e-02
2.0080933e+01	2.2041935e-01
2.0102742e+01	-5.2448786e-02
2.0124551e+01	-1.2058684e-01
2.0146359e+01	4.1274876e-02
2.0168168e+01	-1.4631253e-01
2.0189977e+01	-1.5777075e-01
2.0211786e+01	9.6255327e-03
2.0233595e+01	6.0010630e-02
2.0255404e+01	-3.3874419e-02
2.0277213e+01	1.1098676e-01
2.0299022e+01	1.4038118e-01
2.0320831e+01	3.1545087e-02
2.0342640e+01	3.7247879e-02
2.0364449e+01	1.1730437e-01
2.0386258e+01	-4.5136683e-02
2.0408067e+01	-1.9181978e-01
2.0429876e+01	-1.3705133e-01
2.0451685e+01	2.9012246e-02
2.0473494e+01	1.0543484e-01
2.0495302e+01	1.5876556e-02
2.0517111e+01	2.4412038e-01
2.0538920e+01	2.2198624e-01
2.0560729e+01	1.0243961e-01
2.0582538e+01	5.3615584e-02
2.0604347e+01	-1.5069286e-02
2.0626156e+01	-9.7984058e-02
2.0647965e+01	-1.1519989e-01
2.0669774e+01	-7.0677975e-02
2.0691583e+01	8.6133620e-03
2.0713392e+01	8.6713426e-02
2.0735201e+01	1.8563910e-02
2.0757010e+01	-4.3943164e-02
2.0778819e+01	-8.5877071e-02
2.0800628e+01	-3.1733776e-02
2.0822437e+01	1.1772110e-01
2.0844245e+01	5.2701215e-02
2.0866054e+01	2.2083813e-02
2.0887863e+01	-1.0023363e-01
2.0909672e+01	-1.1125977e-01
2.0931481e+01	1.1081570e-01
2.0953290e+01	3.0729361e-01
2.0975099e+01	7.0271149e-01
2.0996908e+01	1.0209732e+00
2.1018717e+01	1.7474557e+00
2.1040526e+01	2.3909229e+00
2.1062335e+01	2.4429796e+00
2.1084144e+01	2.2305848e+00
2.1105953e+01	1.6628173e+00
2.1127762e+01	1.3997340e+00
2.1149571e+01	1.6903579e+00
2.1171380e+01	2.9895308e+00
2.1193188e+01	4.7430677e+00
2.1214997e+01	6.7517994e+00
2.1236806e+01	8.3976087e+00
2.1258615e+01	9.2353967e+00
2.1280424e+01	9.2937883e+00
2.1302233e+01	8.4663212e+00
2.1324042e+01	7.0052584e+00
2.1345851e+01	5.0949018e+00
2.1367660e+01	3.1878474e+00
2.1389469e+01	1.6090239e+00
2.1411278e+01	5.3495528e-01
2.1433087e+01	-1.4162528e-02
2.1454896e+01	2.5299937e-03
2.1476705e+01	1.7689093e-02
2.1498514e+01	2.2564280e-01
2.1520323e+01	5.9466490e-01
2.1542132e+01	7.1751317e-01
2.1563940e+01	8.7213033e-01
2.1585749e+01	8.8639111e-01
2.1607558e+01	6.4641121e-01
2.1629367e+01	4.3702638e-01
2.1651176e+01	3.0851330e-01
2.1672985e+01	5.5350807e-02
2.1694794e+01	-3.8678887e-02
2.1716603e+01	-3.9718768e-02
2.1738412e+01	-5.7190138e-03
2.1760221e+01	-3.2472319e-02
2.1782030e+01	1.7699044e-02
2.1803839e+01	3.9562718e-02
2.1825648e+01	-1.8196523e-01
2.1847457e+01	5.1218459e-03
2.1869266e+01	2.1165409e-01
2.1891075e+01	2.1160519e-01
2.1912883e+01	-1.3636450e-01
2.1934692e+01	-4.0089949e-02
2.1956501e+01	8.1275283e-02
2.1978310e+01	-6.1555137e-03
2.2000119e+01	1.3527301e-01
2.2021928e+01	-2.7498837e-02
2.2043737e+01	-5.9649926e-02
2.2065546e+01	-9.6149996e-02
2.2087355e+01	3.6593168e-02
2.2109164e+01	1.4365990e-03
2.2130973e+01	9.1761884e-02
2.2152782e+01	-6.7452211e-02
2.2174591e+01	7.0938628e-02
2.2196400e+01	1.6666795e-02
2.2218209e+01	3.8652498e-02
2.2240018e+01	-5.5326347e-02
2.2261826e+01	-7.9933223e-02
2.2283635e+01	-9.8679802e-02
2.2305444e+01	8.5454423e-02
2.2327253e+01	2.9722114e-02
2.2349062e+01	3.7031821e-02
2.2370871e+01	9.9234815e-02
2.2392680e+01	1.8806441e-02
2.2414489e+01	-2.2458113e-02
2.2436298e+01	-5.0394006e-02
2.2458107e+01	-5.8773273e-02
2.2479916e+01	-1.1384557e-01
2.2501725e+01	-2.5001842e-02
2.2523534e+01	1.7062972e-01
2.2545343e+01	3.9912809e-02
2.2567152e+01	-5.9330249e-02
2.2588961e+01	1.0394491e-01
2.2610769e+01	4.6780949e-02
2.2632578e+01	4.2076264e-04
2.2654387e+01	1.4608364e-02
2.2676196e+01	-1.1935241e-02
2.2698005e+01	-1.7231495e-01
2.2719814e+01	-4.3119181e-02
2.2741623e+01	2.2606458e-02
2.2763432e+01	1.2286320e-01
2.2785241e+01	-2.1782017e-03
2.2807050e+01	-1.3001892e-01
2.2828859e+01	1.8243748e-03
2.2850668e+01	1.5446389e-01
2.2872477e+01	-1.6919883e-02
2.2894286e+01	-1.0753299e-01
2.2916095e+01	1.3126111e-01
2.2937904e+01	5.6814213e-02
2.2959712e+01	-1.0748724e-01
2.2981521e+01	2.2671308e-02
2.3003330e+01	1.3007719e-01
2.3025139e+01	3.9066138e-02
2.3046948e+01	-1.9674850e-02
2.3068757e+01	-1.7472880e-01
2.3090566e+01	-2.3638371e-02
2.3112375e+01	1.6489505e-01
2.3134184e+01	1.1172524e-02
2.3155993e+01	-3.1037502e-02
2.3177802e+01	-4.6514301e-02
2.3199611e+01	3.7050943e-02
2.3221420e+01	6.3282071e-02
2.3243229e+01	4.9132370e-02
2.3265038e+01	-2.7762374e-02
2.3286847e+01	-6.0751373e-02
2.3308655e+01	-1.4358392e-01
2.3330464e+01	-5.4187624e-02
2.3352273e+01	3.2526964e-02
2.3374082e+01	2.4169149e-02
2.3395891e+01	-5.8058496e-03
2.3417700e+01	-4.3462104e-02
2.3439509e+01	-2.6861371e-02
2.3461318e+01	5.6599868e-02
2.3483127e+01	1.4158701e-01
2.3504936e+01	3.3622659e-01
2.3526745e+01	6.7243100e-01
2.3548554e+01	8.7466349e-01
2.3570363e+01	2.6977733e-01
2.3592172e+01	-1.0652123e-01
2.3613981e+01	-4.5388654e-02
2.3635790e+01	1.1047318e-01
2.3657599e+01	5.4191389e-01
2.3679407e+01	1.7281188e+00
2.3701216e+01	3.3608810e+00
2.3723025e+01	5.0508886e+00
2.3744834e+01	6.4999846e+00
2.3766643e+01	7.7376711e+00
2.3788452e+01	9.3359902e+00
2.3810261e+01	1.0039361e+01
2.3832070e+01	9.7753313e+00
2.3853879e+01	8.4450005e+00
2.3875688e+01	6.8161845e+00
2.3897497e+01	5.1449765e+00
2.3919306e+01	3.6017734e+00
2.3941115e+01	2.3399694e+00
2.3962924e+01	1.4418315e+00
2.3984733e+01	7.1540682e-01
2.4006542e+01	1.2235139e-01
2.4028350e+01	7.7759291e-02
2.4050159e+01	-4.0437651e-03
2.4071968e+01	-2.8317120e-02
2.4093777e+01	5.2945221e-03
2.4115586e+01	-1.3969134e-02
2.4137395e+01	-6.7303591e-02
2.4159204e+01	-1.5931410e-01
2.4181013e+01	-1.2453381e-01
2.4202822e+01	-2.1335396e-02
2.4224631e+01	2.6154455e-02
2.4246440e+01	3.5111791e-02
2.4268249e+01	1.2201755e-01
2.4290058e+01	-5.8747856e-02
2.4311867e+01	-4.4336807e-02
2.4333676e+01	7.2310196e-02
2.4355485e+01	2.4490832e-03
2.4377293e+01	7.7661942e-02
2.4399102e+01	5.9009342e-02
2.4420911e+01	-8.3051146e-02
2.4442720e+01	-4.3010138e-02
2.4464529e+01	1.2297488e-01
2.4486338e+01	2.9660361e-01
2.4508147e+01	3.7401430e-01
2.4529956e+01	6.2262735e-01
2.4551765e+01	7.5081604e-01
2.4573574e+01	7.3096766e-01
2.4595383e+01	8.4371746e-01
2.4617192e+01	1.0759067e+00
2.4639001e+01	1.1852697e+00
2.4660810e+01	4.8188075e-01
2.4682619e+01	3.4752803e-01
2.4704428e+01	4.1682111e-02
2.4726236e+01	-8.0052756e-02
2.4748045e+01	-1.1742355e-01
2.4769854e+01	1.3803992e-01
2.4791663e+01	1.2307084e-01
2.4813472e+01	-8.0492236e-02
2.4835281e+01	-8.5116353e-02
2.4857090e+01	4.4841260e-02
2.4878899e+01	-4.5986647e-02
2.4900708e+01	9.6567502e-02
2.4922517e+01	-1.2093628e-01
2.4944326e+01	2.7700293e-02
2.4966135e+01	5.2149612e-02
2.4987944e+01	3.3987744e-02
2.5009753e+01	-1.3271798e-01
2.5031562e+01	2.7818394e-02
2.5053371e+01	-3.9801329e-02
2.5075179e+01	-8.2537577e-02
2.5096988e+01	7.0214541e-03
2.5118797e+01	1.0984157e-01
2.5140606e+01	6.8338930e-02
2.5162415e+01	-9.9216878e-02
2.5184224e+01	1.0403663e-01
2.5206033e+01	4.3065996e-02
2.5227842e+01	2.0556417e-02
2.5249651e+01	3.2855295e-02
2.5271460e+01	-1.2425240e-01
2.5293269e+01	-4.8321659e-02
2.5315078e+01	1.1214221e-01
2.5336887e+01	3.0591493e-03
2.5358696e+01	5.6391149e-03
2.5380505e+01	-6.8451773e-02
2.5402314e+01	1.9117937e-02
2.5424123e+01	1.1612110e-01
2.5445931e+01	-1.8141911e-01
2.5467740e+01	-5.1460640e-02
2.5489549e+01	1.5796888e-01
2.5511358e+01	6.3249731e-02
2.5533167e+01	-4.6462387e-02
2.5554976e+01	4.7251778e-02
2.5576785e+01	-1.7439230e-02
2.5598594e+01	-1.8875196e-02
2.5620403e+01	-1.7045036e-02
2.5642212e+01	-3.5253941e-02
2.5664021e+01	-2.4174365e-02
2.5685830e+01	-3.5339125e-02
2.5707639e+01	-9.6884710e-02
2.5729448e+01	6.1445869e-02
2.5751257e+01	5.0392911e-02
2.5773066e+01	3.8955756e-01
2.5794874e+01	3.9749569e-01
2.5816683e+01	3.9167624e-01
2.5838492e+01	1.8907537e-01
2.5860301e+01	1.7422095e-02
2.5882110e+01	-9.0751622e-02
2.5903919e+01	3.1805799e-02
2.5925728e+01	4.3177679e-01
2.5947537e+01	8.2207555e-01
2.5969346e+01	1.3165732e+00
2.5991155e+01	1.8702598e+00
2.6012964e+01	2.2523226e+00
2.6034773e+01	2.5319266e+00
2.6056582e+01	2.9207000e+00
2.6078391e+01	2.9091108e+00
2.6100200e+01	2.6976822e+00
2.6122009e+01	2.5796143e+00
2.6143817e+01	1.9817632e+00
2.6165626e+01	1.4985280e+00
2.6187435e+01	9.5420793e-01
2.6209244e+01	6.5460699e-01
2.6231053e+01	4.2409433e-01
2.6252862e+01	1.3840606e-01
2.6274671e+01	-4.1029183e-03
2.6296480e+01	-8.0723856e-02
2.6318289e+01	-7.0403402e-02
2.6340098e+01	-1.1098067e-01
2.6361907e+01	-8.4270291e-02
2.6383716e+01	8.9223310e-02
2.6405525e+01	1.3529349e-01
2.6427334e+01	1.6411460e-01
2.6449143e+01	1.6178367e-02
2.6470952e+01	-1.7721733e-01
2.6492760e+01	-1.7656571e-01
2.6514569e+01	-6.6364745e-02
2.6536378e+01	8.8349069e-02
2.6558187e+01	6.6384070e-02
2.6579996e+01	6.9642173e-02
2.6601805e+01	3.5741943e-02
2.6623614e+01	1.6328524e-01
2.6645423e+01	3.7698760e-01
2.6667232e+01	1.8539362e-01
2.6689041e+01	2.4409008e-02
2.6710850e+01	2.3336275e-03
2.6732659e+01	-4.1389879e-02
2.6754468e+01	-1.4208755e-01
2.6776277e+01	-1.1045022e-01
2.6798086e+01	-3.1785559e-02
2.6819895e+01	-9.4665673e-02
2.6841703e+01	-8.5529646e-02
2.6863512e+01	6.4144777e-02
2.6885321e+01	2.3325962e-01
2.6907130e+01	2.6340029e-01
2.6928939e+01	2.4210194e-01
2.6950748e+01	1.3855689e-02
2.6972557e+01	9.3669069e-02
2.6994366e+01	1.9402164e-01
2.7016175e+01	-9.0758872e-03
2.7037984e+01	9.0445957e-03
2.7059793e+01	-4.8072546e-02
2.7081602e+01	-3.1320910e-02
2.7103411e+01	-1.2908412e-01
2.7125220e+01	-1.9768425e-01
2.7147029e+01	7.2986339e-02
2.7168838e+01	1.6799974e-01
2.7190646e+01	9.6795832e-02
2.7212455e+01	5.4284175e-02
2.7234264e+01	-4.1825760e-02
2.7256073e+01	-2.2088894e-02
2.7277882e+01	-8.9357425e-02
2.7299691e+01	-4.6981730e-02
2.7321500e+01	3.5264179e-02
2.7343309e+01	-8.9425098e-02
2.7365118e+01	3.1309484e-02
2.7386927e+01	1.9372159e-01
2.7408736e+01	8.1877085e-02
2.7430545e+01	-1.6679387e-02
2.7452354e+01	-8.2396828e-02
2.7474163e+01	6.1339315e-02
2.7495972e+01	-2.4690954e-03
2.7517781e+01	5.5925098e-02
2.7539590e+01	1.2727253e-02
2.7561398e+01	-4.6699187e-02
2.7583207e+01	-2.1940317e-01
2.7605016e+01	-4.4181460e-02
2.7626825e+01	4.1189623e-02
2.7648634e+01	-6.6867996e-02
2.7670443e+01	-1.1667841e-01
2.7692252e+01	2.1822877e-02
2.7714061e+01	2.2275754e-01
2.7735870e+01	1.0868879e-01
2.7757679e+01	7.6421279e-02
2.7779488e+01	1.6194798e-01
2.7801297e+01	1.5978093e-01
2.7823106e+01	1.4703578e-01
2.7844915e+01	1.2776396e-01
2.7866724e+01	-1.2989781e-02
2.7888533e+01	-1.4649808e-01
2.7910341e+01	-2.1799094e-01
2.7932150e+01	-1.1426175e-02
2.7953959e+01	3.2560777e-02
2.7975768e+01	-9.4462001e-02
2.7997577e+01	-5.8665632e-02
2.8019386e+01	-6.2678692e-02
2.8041195e+01	-1.3476206e-03
2.8063004e+01	2.9176076e-02
2.8084813e+01	5.4379756e-02
2.8106622e+01	-1.1894423e-02
2.8128431e+01	-5.1756855e-02
2.8150240e+01	-5.7016811e-02
2.8172049e+01	2.1386246e-02
2.8193858e+01	2.6584022e-02
2.8215667e+01	9.8654249e-02
2.8237476e+01	2.2417933e-01
2.8259284e+01	1.9326566e-01
2.8281093e+01	1.0529552e-01
2.8302902e+01	-1.1672720e-01
2.8324711e+01	-1.4984734e-01
2.8346520e+01	-1.3089095e-01
2.8368329e+01	-3.3402065e-03
2.8390138e+01	-2.2467346e-02
2.8411947e+01	5.7061006e-04
2.8433756e+01	3.2624079e-02
2.8455565e+01	2.1570748e-01
2.8477374e+01	3.2308986e-01
2.8499183e+01	4.4166492e-01
2.8520992e+01	4.9217825e-01
2.8542801e+01	6.5252022e-01
2.8564610e+01	7.1340785e-01
2.8586419e+01	6.3083017e-01
2.8608227e+01	2.2064719e-01
2.8630036e+01	1.3379290e-01
2.8651845e+01	9.4901440e-02
2.8673654e+01	2.0085952e-02
2.8695463e+01	-6.8139714e-02
2.8717272e+01	-6.2732557e-02
2.8739081e+01	-1.3255857e-01
2.8760890e+01	3.2579970e-02
2.8782699e+01	-2.8332654e-02
2.8804508e+01	-1.1017701e-01
2.8826317e+01	-4.9076721e-02
2.8848126e+01	-2.6540999e-02
2.8869935e+01	7.0033410e-02
2.8891744e+01	1.9148196e-01
2.8913553e+01	-9.2951139e-02
2.8935362e+01	1.3945919e-02
2.8957170e+01	3.9390132e-02
2.8978979e+01	-1.1743397e-02
2.9000788e+01	7.0344710e-02
2.9022597e+01	1.0151928e-02
2.9044406e+01	3.0694888e-03
2.9066215e+01	-1.5330145e-02
2.9088024e+01	-7.1821679e-02
2.9109833e+01	-1.3912247e-03
2.9131642e+01	-4.5437140e-02
2.9153451e+01	2.7525308e-03
2.9175260e+01	9.1222861e-02
2.9197069e+01	1.1327306e-02
2.9218878e+01	4.8267025e-02
2.9240687e+01	4.2849327e-02
2.9262496e+01	-1.7405114e-02
2.9284305e+01	-3.4712287e-02
2.9306113e+01	-7.3974449e-02
2.9327922e+01	-2.7649272e-02
2.9349731e+01	-5.3780906e-02
2.9371540e+01	5.7501646e-02
2.9393349e+01	5.7613668e-02
2.9415158e+01	-5.7346771e-02
2.9436967e+01	8.4258536e-02
2.9458776e+01	6.2895970e-02
2.9480585e+01	5.3134582e-02
2.9502394e+01	-1.4825361e-01
2.9524203e+01	1.6433488e-02
2.9546012e+01	9.8612723e-02
2.9567821e+01	-1.8249612e-02
2.9589630e+01	-2.4684431e-02
2.9611439e+01	-6.8695770e-02
2.9633248e+01	-7.7962340e-02
2.9655057e+01	-1.3941531e-01
2.9676865e+01	-6.9721385e-02
2.9698674e+01	6.0863857e-02
2.9720483e+01	1.3868956e-01
2.9742292e+01	2.8344955e-01
2.9764101e+01	4.4912823e-01
2.9785910e+01	3.8161210e-01
2.9807719e+01	3.0904187e-01
2.9829528e+01	1.4168356e-01
2.9851337e+01	1.6491376e-02
2.9873146e+01	-7.4346824e-02
2.9894955e+01	1.3799336e-02
2.9916764e+01	3.3788518e-01
2.9938573e+01	7.0969999e-01
2.9960382e+01	1.6153766e+00
2.9982191e+01	2.6088948e+00
3.0004000e+01	3.6443705e+00
3.0025808e+01	4.8999705e+00
3.0047617e+01	5.7954756e+00
3.0069426e+01	6.8309785e+00
3.0091235e+01	7.5029422e+00
3.0113044e+01	7.7852715e+00
3.0134853e+01	7.2588452e+00
3.0156662e+01	6.4167911e+00
3.0178471e+01	5.1132920e+00
3.0200280e+01	3.5449348e+00
3.0222089e+01	2.1667602e+00
3.0243898e+01	1.1596232e+00
3.0265707e+01	6.3832047e-01
3.0287516e+01	4.2344591e-01
3.0309325e+01	1.5271931e-01
3.0331134e+01	1.9819087e-02
3.0352943e+01	-9.4493978e-02
3.0374751e+01	-1.8869705e-01
3.0396560e+01	7.9560307e-02
3.0418369e+01	1.2730742e-01
3.0440178e+01	-3.5097871e-02
3.0461987e+01	9.5276224e-02
3.0483796e+01	-8.2105088e-02
3.0505605e+01	-2.5779421e-02
3.0527414e+01	4.4091197e-02
3.0549223e+01	-4.1557439e-02
3.0571032e+01	-2.3613048e-02
3.0592841e+01	-1.7073576e-02
3.0614650e+01	-1.9968935e-01
3.0636459e+01	-1.5136900e-01
3.0658268e+01	7.8874120e-02
3.0680077e+01	1.0883727e-01
3.0701886e+01	2.4498670e-02
3.0723694e+01	3.4144825e-02
3.0745503e+01	7.7210006e-02
3.0767312e+01	8.2687918e-02
3.0789121e+01	8.4212475e-02
3.0810930e+01	7.5526793e-02
3.0832739e+01	-1.2682920e-02
3.0854548e+01	-1.2466209e-02
3.0876357e+01	-5.9396230e-02
3.0898166e+01	-1.3025296e-01
3.0919975e+01	3.1693110e-02
3.0941784e+01	4.4987190e-02
3.0963593e+01	4.0036973e-02
3.0985402e+01	4.2416188e-02
3.1007211e+01	3.0906517e-02
3.1029020e+01	-1.3986777e-01
3.1050829e+01	-7.9301887e-02
3.1072637e+01	-8.0553841e-02
3.1094446e+01	2.8322485e-02
3.1116255e+01	2.7644084e-02
3.1138064e+01	-1.0527986e-02
3.1159873e+01	8.1932872e-02
3.1181682e+01	-1.0337414e-01
3.1203491e+01	5.2181781e-02
3.1225300e+01	4.6936105e-02
3.1247109e+01	3.0195501e-02
3.1268918e+01	6.6880670e-02
3.1290727e+01	5.7429363e-02
3.1312536e+01	-7.8186022e-02
3.1334345e+01	-8.0245953e-02
3.1356154e+01	4.9613033e-02
3.1377963e+01	5.1679008e-02
3.1399772e+01	-2.0770701e-02
3.1421580e+01	-1.1812114e-02
3.1443389e+01	-9.3342364e-02
3.1465198e+01	-6.7029200e-02
3.1487007e+01	-3.9206154e-02
3.1508816e+01	1.0230622e-01
3.1530625e+01	4.5304574e-01
3.1552434e+01	6.3569449e-01
3.1574243e+01	5.1587229e-01
3.1596052e+01	5.0863695e-01
3.1617861e+01	5.1188468e-01
3.1639670e+01	2.4916288e-01
3.1661479e+01	4.4690292e-02
3.1683288e+01	-1.0621365e-01
3.1705097e+01	-4.1011713e-02
3.1726906e+01	1.2244565e-01
3.1748715e+01	5.5581355e-01
3.1770524e+01	1.2182036e+00
3.1792332e+01	2.0446413e+00
3.1814141e+01	2.8515991e+00
3.1835950e+01	3.8561164e+00
3.1857759e+01	4.9019366e+00
3.1879568e+01	5.8297463e+00
3.1901377e+01	6.6035248e+00
3.1923186e+01	7.3161186e+00
3.1944995e+01	7.3929352e+00
3.1966804e+01	6.8695419e+00
3.1988613e+01	5.9564623e+00
3.2010422e+01	4.6513268e+00
3.2032231e+01	3.4045399e+00
3.2054040e+01	2.1098639e+00
3.2075849e+01	1.0818574e+00
3.2097658e+01	5.7639170e-01
3.2119467e+01	2.8473437e-01
3.2141275e+01	4.1770722e-02
3.2163084e+01	7.7139637e-02
3.2184893e+01	1.2097984e-01
3.2206702e+01	-6.7583506e-02
3.2228511e+01	-1.6429617e-01
3.2250320e+01	4.3335698e-03
3.2272129e+01	5.8540908e-02
3.2293938e+01	-1.0559017e-01
3.2315747e+01	-1.2184368e-01
3.2337556e+01	3.1047898e-02
3.2359365e+01	2.1996644e-01
3.2381174e+01	1.0683673e-02
3.2402983e+01	-2.9710389e-02
3.2424792e+01	-5.2498167e-02
3.2446601e+01	2.7412762e-02
3.2468410e+01	9.2246342e-02
3.2490218e+01	-1.0047528e-01
3.2512027e+01	-1.6457907e-02
3.2533836e+01	2.9670685e-02
3.2555645e+01	-4.7659121e-02
3.2577454e+01	7.1965487e-02
3.2599263e+01	5.7182514e-02
3.2621072e+01	1.6523909e-01
3.2642881e+01	3.9571501e-02
3.2664690e+01	-9.5387618e-02
3.2686499e+01	-1.0152434e-01
3.2708308e+01	1.1842265e-01
3.2730117e+01	-7.4339328e-02
3.2751926e+01	4.9156632e-02
3.2773735e+01	-5.8162873e-02
3.2795544e+01	-3.9769037e-02
3.2817353e+01	-3.6405672e-02
3.2839161e+01	6.6015562e-02
3.2860970e+01	-3.4049625e-03
3.2882779e+01	1.6971568e-02
3.2904588e+01	9.5191329e-02
3.2926397e+01	-3.7022917e-02
3.2948206e+01	-1.1587746e-02
3.2970015e+01	-1.9084122e-02
3.2991824e+01	-3.1701105e-02
3.3013633e+01	-1.8015007e-01
3.3035442e+01	-8.2901708e-03
3.3057251e+01	9.6363921e-03
3.3079060e+01	9.0191497e-02
3.3100869e+01	1.3845739e-01
3.3122678e+01	6.6361048e-02
3.3144487e+01	7.8451478e-02
3.3166296e+01	-4.4534988e-02
3.3188104e+01	-7.2689783e-02
3.3209913e+01	-4.6932298e-02
3.3231722e+01	9.6817680e-03
3.3253531e+01	-3.8228320e-02
3.3275340e+01	-7.1354386e-03
3.3297149e+01	1.3331833e-01
3.3318958e+01	-8.6914944e-03
3.3340767e+01	-1.5449368e-01
3.3362576e+01	3.8356444e-02
3.3384385e+01	1.0721328e-01
3.3406194e+01	-6.5996382e-02
3.3428003e+01	-7.7498652e-02
3.3449812e+01	-1.2463008e-01
3.3471621e+01	-6.8110213e-02
3.3493430e+01	7.9496660e-02
3.3515239e+01	7.6442254e-02
3.3537047e+01	1.6287481e-01
3.3558856e+01	3.6963295e-01
3.3580665e+01	6.7427767e-01
3.3602474e+01	6.4192547e-01
3.3624283e+01	7.0181382e-01
3.3646092e+01	8.6858019e-01
3.3667901e+01	8.3888606e-01
3.3689710e+01	8.3578988e-01
3.3711519e+01	7.7503114e-01
3.3733328e+01	5.5837528e-01
3.3755137e+01	2.9804879e-01
3.3776946e+01	1.8189960e-02
3.3798755e+01	-5.2478378e-02
3.3820564e+01	-2.3158270e-02
3.3842373e+01	1.0580510e-01
3.3864182e+01	-1.3775001e-02
3.3885991e+01	6.9267367e-02
3.3907799e+01	-2.3183092e-02
3.3929608e+01	-1.0820150e-01
3.3951417e+01	4.5898320e-02
3.3973226e+01	-6.0971889e-02
3.3995035e+01	-1.6421280e-02
3.4016844e+01	7.5750201e-03
3.4038653e+01	-3.0174162e-02
3.4060462e+01	-1.7363072e-02
3.4082271e+01	-1.5905650e-02
3.4104080e+01	9.5917499e-02
3.4125889e+01	2.7210541e-02
3.4147698e+01	4.1114955e-02
3.4169507e+01	-1.3083088e-01
3.4191316e+01	6.3917846e-02
3.4213125e+01	-5.5459100e-02
3.4234934e+01	2.9612030e-02
3.4256742e+01	1.3594622e-01
3.4278551e+01	-1.8337171e-02
3.4300360e+01	-1.0202620e-01
3.4322169e+01	-5.1126877e-05
3.4343978e+01	-3.7090495e-02
3.4365787e+01	4.0711849e-02
3.4387596e+01	2.1694092e-01
3.4409405e+01	-4.7012538e-02
3.4431214e+01	-1.1389825e-01
3.4453023e+01	1.4621720e-02
3.4474832e+01	-2.3896221e-02
3.4496641e+01	1.8039885e-03
3.4518450e+01	1.0576447e-01
3.4540259e+01	1.3515929e-01
3.4562068e+01	2.0893161e-03
3.4583877e+01	8.7671342e-03
3.4605685e+01	-1.4185921e-01
3.4627494e+01	-7.4724378e-02
3.4649303e+01	-3.4186478e-02
3.4671112e+01	-1.5771076e-02
3.4692921e+01	9.6186313e-02
3.4714730e+01	1.0531146e-01
3.4736539e+01	2.9691570e-02
3.4758348e+01	5.0641113e-02
3.4780157e+01	-1.6498070e-01
3.4801966e+01	-1.1696208e-01
3.4823775e+01	1.1215313e-01
3.4845584e+01	5.4247660e-02
3.4867393e+01	-3.0063022e-02
3.4889202e+01	-2.3506699e-02
3.4911011e+01	-7.5705511e-03
3.4932820e+01	3.1500317e-02
3.4954628e+01	9.9572892e-02
3.4976437e+01	1.4739803e-01
3.4998246e+01	-1.1669027e-01
3.5020055e+01	-1.4709733e-01
3.5041864e+01	-4.9448926e-02
3.5063673e+01	9.2223379e-02
3.5085482e+01	1.3568876e-02
3.5107291e+01	-5.6137390e-02
3.5129100e+01	-1.0364574e-01
3.5150909e+01	1.5826536e-01
3.5172718e+01	6.4893151e-02
3.5194527e+01	-2.0561942e-02
3.5216336e+01	6.1420808e-03
3.5238145e+01	8.8161474e-03
3.5259954e+01	-1.6069922e-01
3.5281763e+01	-1.1799842e-02
3.5303571e+01	1.4261605e-01
3.5325380e+01	9.5175205e-02
3.5347189e+01	6.2441058e-02
3.5368998e+01	3.6974193e-02
3.5390807e+01	-1.4797414e-01
3.5412616e+01	-9.1924713e-02
3.5434425e+01	2.6340119e-02
3.5456234e+01	7.8097959e-02
3.5478043e+01	-1.2830849e-02
3.5499852e+01	-2.5445647e-02
3.5521661e+01	-1.6630545e-01
3.5543470e+01	-1.9671587e-02
3.5565279e+01	2.4770113e-02
3.5587088e+01	1.2929007e-01
3.5608897e+01	-8.6235036e-03
3.5630706e+01	8.1981314e-02
3.5652514e+01	3.6442612e-02
3.5674323e+01	5.3132589e-02
3.5696132e+01	1.6960970e-02
3.5717941e+01	-4.1695367e-02
3.5739750e+01	-5.1105609e-02
3.5761559e+01	-4.4073568e-02
3.5783368e+01	-8.5309634e-03
3.5805177e+01	6.4386145e-02
3.5826986e+01	1.1533078e-01
3.5848795e+01	2.9849842e-02
3.5870604e+01	-4.3409160e-02
3.5892413e+01	2.3076775e-04
3.5914222e+01	-6.9938727e-03
3.5936031e+01	-5.7026004e-04
3.5957840e+01	-9.4849690e-02
3.5979649e+01	-1.8126548e-01
3.6001458e+01	3.6866054e-01
3.6023266e+01	6.0626167e-01
3.6045075e+01	7.0811615e-01
3.6066884e+01	7.9126817e-01
3.6088693e+01	8.4308391e-01
3.6110502e+01	7.4983856e-01
3.6132311e+01	7.4952232e-01
3.6154120e+01	4.6368938e-01
3.6175929e+01	4.0209591e-01
3.6197738e+01	3.8220105e-01
3.6219547e+01	1.1524109e-01
3.6241356e+01	9.8589236e-02
3.6263165e+01	5.0224557e-02
3.6284974e+01	-4.4559395e-02
3.6306783e+01	-1.3063184e-01
3.6328592e+01	-4.6149130e-02
3.6350401e+01	4.4749678e-02
3.6372209e+01	9.6288392e-02
3.6394018e+01	-3.9223455e-03
3.6415827e+01	-1.4883545e-01
3.6437636e+01	7.6466762e-02
3.6459445e+01	-8.1831904e-02
3.6481254e+01	9.1034974e-02
3.6503063e+01	1.4195529e-01
3.6524872e+01	1.7097534e-01
3.6546681e+01	-6.8682392e-02
3.6568490e+01	-1.2478874e-01
3.6590299e+01	-1.2689646e-01
3.6612108e+01	-1.8245785e-02
3.6633917e+01	8.0559861e-02
3.6655726e+01	2.5429779e-01
3.6677535e+01	3.8143161e-01
3.6699344e+01	5.7357482e-01
3.6721152e+01	8.8819897e-01
3.6742961e+01	1.2407055e+00
3.6764770e+01	1.7164938e+00
3.6786579e+01	1.9026123e+00
3.6808388e+01	2.1584886e+00
3.6830197e+01	2.4077748e+00
3.6852006e+01	2.6912047e+00
3.6873815e+01	2.9592014e+00
3.6895624e+01	3.1179936e+00
3.6917433e+01	2.8365516e+00
3.6939242e+01	2.6414768e+00
3.6961051e+01	2.2711857e+00
3.6982860e+01	1.8220957e+00
3.7004669e+01	1.4462682e+00
3.7026478e+01	1.1810138e+00
3.7048287e+01	1.0502217e+00
3.7070095e+01	7.8736044e-01
3.7091904e+01	5.1733465e-02
3.7113713e+01	-3.5581604e-04
3.7135522e+01	2.5400896e-02
3.7157331e+01	-5.4773259e-02
3.7179140e+01	2.1089734e-02
3.7200949e+01	7.1261259e-02
3.7222758e+01	-2.1544399e-03
3.7244567e+01	1.9721420e-02
3.7266376e+01	-3.1800653e-02
3.7288185e+01	-3.3639875e-02
3.7309994e+01	-8.3857939e-02
3.7331803e+01	-1.0795370e-01
3.7353612e+01	-1.1268199e-01
3.7375421e+01	3.4083668e-02
3.7397230e+01	1.1173871e-01
3.7419038e+01	7.9357001e-02
3.7440847e+01	3.5511793e-01
3.7462656e+01	5.8252675e-01
3.7484465e+01	1.0382358e+00
3.7506274e+01	8.0961049e-01
3.7528083e+01	4.1791400e-01
3.7549892e+01	9.9910667e-02
3.7571701e+01	1.3251348e-01
3.7593510e+01	2.3383873e-02
3.7615319e+01	-1.0284641e-01
3.7637128e+01	-1.2608489e-01
3.7658937e+01	-1.4353999e-01
3.7680746e+01	1.4910557e-02
3.7702555e+01	7.6750662e-02
3.7724364e+01	-7.3403728e-02
3.7746173e+01	3.9583997e-02
3.7767981e+01	1.5242940e-02
3.7789790e+01	-4.7132910e-02
3.7811599e+01	-5.1722555e-02
3.7833408e+01	-1.5204348e-02
3.7855217e+01	3.7616022e-02
3.7877026e+01	1.5614727e-01
3.7898835e+01	2.0383990e-01
3.7920644e+01	1.1769353e-01
3.7942453e+01	1.5704209e-01
3.7964262e+01	1.9594574e-01
3.7986071e+01	-9.9144042e-02
3.8007880e+01	-2.1513495e-01
3.8029689e+01	-1.0792804e-01
3.8051498e+01	3.9273783e-02
3.8073307e+01	-1.7955192e-01
3.8095116e+01	-4.6438495e-02
3.8116925e+01	3.3565784e-02
3.8138733e+01	6.2231122e-02
3.8160542e+01	6.3677297e-02
3.8182351e+01	3.3730353e-01
3.8204160e+01	1.0592058e+00
3.8225969e+01	1.2842953e+00
3.8247778e+01	1.6951041e+00
3.8269587e+01	1.7553556e+00
3.8291396e+01	2.3329727e+00
3.8313205e+01	2.8003098e+00
3.8335014e+01	3.0941979e+00
3.8356823e+01	3.2806153e+00
3.8378632e+01	3.1734251e+00
3.8400441e+01	3.1369285e+00
3.8422250e+01	2.6987177e+00
3.8444059e+01	2.2393709e+00
3.8465868e+01	1.7265522e+00
3.8487676e+01	1.3938328e+00
3.8509485e+01	9.3400285e-01
3.8531294e+01	4.6756558e-01
3.8553103e+01	3.2464913e-01
3.8574912e+01	1.0661896e-01
3.8596721e+01	1.4324712e-02
3.8618530e+01	-4.7626646e-02
3.8640339e+01	1.4128939e-01
3.8662148e+01	-5.0145729e-03
3.8683957e+01	-6.7192116e-02
3.8705766e+01	-1.3114286e-01
3.8727575e+01	6.3054980e-02
3.8749384e+01	1.0772954e-01
3.8771193e+01	-9.1541211e-02
3.8793002e+01	-2.3375419e-01
3.8814811e+01	1.1654850e-02
3.8836619e+01	6.2268969e-02
3.8858428e+01	7.8101478e-02
3.8880237e+01	-8.4277085e-02
3.8902046e+01	1.5891703e-01
3.8923855e+01	2.8642358e-01
3.8945664e+01	8.1381379e-02
3.8967473e+01	2.6650159e-02
3.8989282e+01	-9.7597593e-02
3.9011091e+01	-2.0397692e-01
3.9032900e+01	8.4129215e-02
3.9054709e+01	7.6825056e-02
3.9076518e+01	4.7697521e-02
3.9098327e+01	1.3285284e-01
3.9120136e+01	9.5693058e-03
3.9141945e+01	-1.6742671e-01
3.9163754e+01	-1.0443237e-02
3.9185562e+01	-7.6643423e-02
3.9207371e+01	-1.4301652e-02
3.9229180e+01	3.1324198e-02
3.9250989e+01	3.1886576e-02
3.9272798e+01	-9.1345369e-02
3.9294607e+01	9.8612612e-02
3.9316416e+01	5.9192406e-02
3.9338225e+01	-4.7380285e-02
3.9360034e+01	1.7701511e-01
3.9381843e+01	4.0414069e-02
3.9403652e+01	-1.4513276e-01
3.9425461e+01	1.0997283e-01
3.9447270e+01	2.5259872e-01
3.9469079e+01	-1.8162420e-01
3.9490888e+01	4.0127726e-02
3.9512697e+01	-5.1807756e-02
3.9534505e+01	-8.1288925e-02
3.9556314e+01	1.5220443e-02
3.9578123e+01	1.0112795e-01
3.9599932e+01	3.1379295e-01
3.9621741e+01	5.2562440e-01
3.9643550e+01	5.9911160e-01
3.9665359e+01	1.1300684e+00
3.9687168e+01	1.0961845e+00
3.9708977e+01	1.2413617e+00
3.9730786e+01	1.5494488e+00
3.9752595e+01	1.8602807e+00
3.9774404e+01	1.9797970e+00
3.9796213e+01	2.2536705e+00
3.9818022e+01	2.2902631e+00
3.9839831e+01	2.0772025e+00
3.9861640e+01	1.8653125e+00
3.9883449e+01	1.7256269e+00
3.9905257e+01	1.3816024e+00
3.9927066e+01	1.2550228e+00
3.9948875e+01	9.4248500e-01
3.9970684e+01	4.1168367e-01
3.9992493e+01	1.9553760e-01
4.0014302e+01	1.2133672e-01
4.0036111e+01	3.0880105e-02
4.0057920e+01	-8.2536527e-02
4.0079729e+01	-1.8434507e-01
4.0101538e+01	-1.4460846e-01
4.0123347e+01	6.8527203e-02
4.0145156e+01	1.5854004e-01
4.0166965e+01	1.8142302e-01
4.0188774e+01	-7.7547471e-02
4.0210583e+01	1.6391283e-02
4.0232392e+01	-1.0884835e-01
4.0254200e+01	-1.2492214e-01
4.0276009e+01	3.2235928e-01
4.0297818e+01	1.5998525e-01
4.0319627e+01	5.4305785e-02
4.0341436e+01	3.3959954e-01
4.0363245e+01	4.6951906e-01
4.0385054e+01	3.6590103e-01
4.0406863e+01	5.7539456e-01
4.0428672e+01	3.3300105e-01
4.0450481e+01	-1.4572193e-02
4.0472290e+01	-1.8204200e-01
4.0494099e+01	-1.2664088e-01
4.0515908e+01	1.2152572e-01
4.0537717e+01	1.3937064e-01
4.0559526e+01	8.0735213e-02
4.0581335e+01	-1.9261571e-02
4.0603143e+01	1.7776014e-01
4.0624952e+01	-1.2786021e-01
4.0646761e+01	-3.2633622e-02
4.0668570e+01	1.8756479e-01
4.0690379e+01	6.9879237e-02
4.0712188e+01	-8.4352381e-02
4.0733997e+01	-1.9469452e-01
4.0755806e+01	-2.2551182e-03
4.0777615e+01	2.6276067e-01
4.0799424e+01	3.9969278e-01
4.0821233e+01	6.6142860e-02
4.0843042e+01	1.3661240e-02
4.0864851e+01	-1.2800407e-02
4.0886660e+01	1.4900916e-01
4.0908469e+01	2.0876492e-02
4.0930278e+01	5.6652912e-02
4.0952086e+01	-2.6459232e-01
4.0973895e+01	-1.4085053e-01
4.0995704e+01	2.3421654e-02
4.1017513e+01	1.3398860e-01
4.1039322e+01	2.6511158e-02
4.1061131e+01	3.3877307e-01
4.1082940e+01	1.1263517e-01
4.1104749e+01	-9.1597734e-02
4.1126558e+01	-6.6749571e-02
4.1148367e+01	1.2128178e-01
4.1170176e+01	1.1814008e-01
4.1191985e+01	1.1213240e-02
4.1213794e+01	-6.7883421e-02
4.1235603e+01	9.4623584e-03
4.1257412e+01	-1.7092070e-01
4.1279221e+01	-3.6309737e-02
4.1301029e+01	2.6304046e-01
4.1322838e+01	3.1786933e-02
4.1344647e+01	5.2695866e-02
4.1366456e+01	1.2285885e-01
4.1388265e+01	-7.8862111e-02
4.1410074e+01	-4.7824855e-02
4.1431883e+01	8.9569249e-02
4.1453692e+01	2.4194055e-01
4.1475501e+01	6.1715936e-02
4.1497310e+01	-1.8863293e-01
4.1519119e+01	7.3276723e-02
4.1540928e+01	-1.8115658e-01
4.1562737e+01	-3.7795845e-02
4.1584546e+01	5.4470431e-02
4.1606355e+01	2.5980414e-01
4.1628164e+01	8.3681670e-02
4.1649972e+01	-1.3439157e-01
4.1671781e+01	-3.5847696e-02
4.1693590e+01	1.6940583e-01
4.1715399e+01	4.0708396e-01
4.1737208e+01	3.9446436e-01
4.1759017e+01	3.4894663e-01
4.1780826e+01	4.5326638e-01
4.1802635e+01	2.7022614e-01
4.1824444e+01	1.0146920e-01
4.1846253e+01	6.7231628e-01
4.1868062e+01	4.2745697e-01
4.1889871e+01	-9.1363106e-02
4.1911680e+01	3.1960435e-02
4.1933489e+01	-1.6015678e-01
4.1955298e+01	-4.7886485e-02
4.1977107e+01	1.0072013e-01
4.1998916e+01	1.5051962e-01
4.2020724e+01	3.0143877e-02
4.2042533e+01	1.9807558e-01
4.2064342e+01	5.5866167e-02
4.2086151e+01	-1.6603014e-01
4.2107960e+01	-1.6836814e-01
4.2129769e+01	2.6108720e-02
4.2151578e+01	-1.1020381e-01
4.2173387e+01	1.0548346e-01
4.2195196e+01	1.0374604e-01
4.2217005e+01	-1.3269696e-01
4.2238814e+01	1.0418436e-01
4.2260623e+01	2.8344604e-01
4.2282432e+01	7.3341376e-02
4.2304241e+01	-9.1345986e-02
4.2326050e+01	-1.2062125e-01
4.2347859e+01	2.0508806e-01
4.2369667e+01	4.3662200e-01
4.2391476e+01	9.0669550e-01
4.2413285e+01	1.1661483e+00
4.2435094e+01	1.3734163e+00
4.2456903e+01	1.8987651e+00
4.2478712e+01	2.1290766e+00
4.2500521e+01	2.2396126e+00
4.2522330e+01	2.4916128e+00
4.2544139e+01	2.7826389e+00
4.2565948e+01	2.9969769e+00
4.2587757e+01	3.2727354e+00
4.2609566e+01	3.0580323e+00
4.2631375e+01	2.8184092e+00
4.2653184e+01	2.3937891e+00
4.2674993e+01	2.1173396e+00
4.2696802e+01	2.2616876e+00
4.2718610e+01	1.4364728e+00
4.2740419e+01	1.1749570e+00
4.2762228e+01	1.2324910e+00
4.2784037e+01	8.1601560e-01
4.2805846e+01	4.7625249e-01
4.2827655e+01	5.5727250e-01
4.2849464e+01	6.3167730e-01
4.2871273e+01	5.2422438e-01
4.2893082e+01	8.8957241e-02
4.2914891e+01	2.2708717e-03
4.2936700e+01	1.0446177e-02
4.2958509e+01	6.5053470e-02
4.2980318e+01	-2.0448049e-01
4.3002127e+01	3.5281448e-02
4.3023936e+01	-1.6067455e-01
4.3045745e+01	1.2739955e-01
4.3067553e+01	1.8924157e-01
4.3089362e+01	1.7719870e-01
4.3111171e+01	5.2299334e-02
4.3132980e+01	2.1007407e-02
4.3154789e+01	-2.6922977e-01
4.3176598e+01	-4.5902782e-03
4.3198407e+01	1.7607311e-01
4.3220216e+01	-3.3232354e-01
4.3242025e+01	3.9159415e-02
4.3263834e+01	1.7351504e-01
4.3285643e+01	1.6140317e-02
4.3307452e+01	2.4757883e-02
4.3329261e+01	-8.1646411e-02
4.3351070e+01	-5.1149529e-02
4.3372879e+01	1.7385486e-01
4.3394688e+01	3.6854065e-01
4.3416496e+01	4.3717515e-01
4.3438305e+01	9.9785401e-02
4.3460114e+01	1.1621660e-01
4.3481923e+01	3.5906998e-01
4.3503732e+01	-8.2929691e-02
4.3525541e+01	-1.3480356e-01
4.3547350e+01	-5.0857694e-02
4.3569159e+01	-2.9458801e-02
4.3590968e+01	1.3488326e-01
4.3612777e+01	3.4460608e-01
4.3634586e+01	4.8045968e-01
4.3656395e+01	9.5400077e-01
4.3678204e+01	1.5828822e+00
4.3700013e+01	2.1433647e+00
4.3721822e+01	2.7873103e+00
4.3743631e+01	3.4963427e+00
4.3765439e+01	4.3018909e+00
4.3787248e+01	4.9426745e+00
4.3809057e+01	5.8016656e+00
4.3830866e+01	6.3370159e+00
4.3852675e+01	6.8889653e+00
4.3874484e+01	6.9426257e+00
4.3896293e+01	7.2089658e+00
4.3918102e+01	6.5867655e+00
4.3939911e+01	5.2866758e+00
4.3961720e+01	4.2041233e+00
4.3983529e+01	3.1668980e+00
4.4005338e+01	2.4000067e+00
4.4027147e+01	1.4794713e+00
4.4048956e+01	8.6000054e-01
4.4070765e+01	6.1844337e-01
4.4092574e+01	6.5124559e-01
4.4114383e+01	6.4490021e-02
4.4136191e+01	-1.2802252e-01
4.4158000e+01	1.5302329e-02
4.4179809e+01	2.0968325e-01
4.4201618e+01	1.3486956e-02
4.4223427e+01	-2.1219508e-02
4.4245236e+01	1.0831124e-01
4.4267045e+01	-1.4903655e-01
4.4288854e+01	1.6968480e-01
4.4310663e+01	-1.6542518e-01
4.4332472e+01	1.1304077e-01
4.4354281e+01	-1.6899993e-01
4.4376090e+01	4.0348915e-02
4.4397899e+01	3.8870801e-02
4.4419708e+01	-3.4581100e-02
4.4441517e+01	1.4483278e-01
4.4463326e+01	-2.7692976e-01
4.4485134e+01	1.2791448e-01
4.4506943e+01	3.8925731e-02
4.4528752e+01	2.0388606e-02
4.4550561e+01	-3.8052694e-02
4.4572370e+01	8.5433164e-02
4.4594179e+01	1.6688045e-01
4.4615988e+01	3.6493216e-01
4.4637797e+01	-5.4485473e-02
4.4659606e+01	4.5094973e-01
4.4681415e+01	5.5474072e-01
4.4703224e+01	1.9810797e-01
4.4725033e+01	-1.5537725e-01
4.4746842e+01	3.0815285e-01
4.4768651e+01	5.1338323e-01
4.4790460e+01	1.1847960e-01
4.4812269e+01	2.7145033e-02
4.4834077e+01	-1.6883077e-01
4.4855886e+01	-6.0607018e-02
4.4877695e+01	-1.6486826e-01
4.4899504e+01	-8.0300191e-02
4.4921313e+01	1.6828110e-01
4.4943122e+01	2.3487992e-01
4.4964931e+01	2.0753886e-01
4.4986740e+01	6.1749955e-05