Image file: \\Gfs05\g45\SAXS\2020_12\HDF5\2020-12.10_Kevin_day2_SN\2020-12-10_Max_Cu123_SN_000017_data_000174.h5
ImageIntegration1d_chi_output; Output_Directory= \\Gfs05\g45\SAXS\2020_12\Processed\2020-12-09_Kevin_day1_SN\Chi-Sample-7
Profile = Radial, StartAzimuth = 0.0, EndAzimuth = 360.0, Sam_Det_distance = 250.818474293, InnerRadius = 15.0, OuterRadius = 2400.0, Lambda = 30, Ratio = 0.001, Itermax = 100
2400
2.0013229e+00	-4.2926164e-02
2.0231319e+00	-7.0845972e-02
2.0449408e+00	3.9269474e-02
2.0667497e+00	1.6895286e-03
2.0885587e+00	-3.7095546e-02
2.1103676e+00	1.0566729e-01
2.1321765e+00	1.0497696e-01
2.1539855e+00	-3.5310048e-02
2.1757944e+00	-1.6941256e-02
2.1976034e+00	-3.9790834e-02
2.2194123e+00	1.6553922e-01
2.2412212e+00	1.2439865e-01
2.2630302e+00	-1.1845086e-01
2.2848391e+00	-1.5214946e-01
2.3066480e+00	-6.2406054e-02
2.3284570e+00	1.1167699e-01
2.3502659e+00	4.3205007e-02
2.3720749e+00	-1.8403319e-01
2.3938838e+00	-3.3378445e-02
2.4156927e+00	1.8699582e-01
2.4375017e+00	1.3927144e-02
2.4593106e+00	-5.6748033e-02
2.4811196e+00	1.7023862e-01
2.5029285e+00	1.6107949e-01
2.5247374e+00	-3.8990025e-02
2.5465464e+00	-2.8645095e-01
2.5683553e+00	1.1597715e-02
2.5901642e+00	2.2428834e-01
2.6119732e+00	-1.1521943e-01
2.6337821e+00	6.2971995e-02
2.6555911e+00	4.5317676e-02
2.6774000e+00	4.8866215e-02
2.6992089e+00	-4.7934823e-02
2.7210179e+00	5.0059717e-02
2.7428268e+00	1.0927623e-01
2.7646358e+00	-8.9046374e-02
2.7864447e+00	1.6617432e-02
2.8082536e+00	9.2622064e-02
2.8300626e+00	3.8796487e-02
2.8518715e+00	-6.0115711e-02
2.8736804e+00	-3.5280451e-02
2.8954894e+00	-8.3714303e-02
2.9172983e+00	-5.6627467e-02
2.9391073e+00	-2.1036301e-01
2.9609162e+00	3.0328048e-02
2.9827251e+00	2.4787077e-01
3.0045341e+00	8.4999324e-02
3.0263430e+00	8.5784782e-02
3.0481519e+00	5.8249061e-02
3.0699609e+00	-4.3967266e-02
3.0917698e+00	1.4665890e-02
3.1135788e+00	9.1670582e-02
3.1353877e+00	1.1828218e-02
3.1571966e+00	-3.4350550e-02
3.1790056e+00	1.3826560e-02
3.2008145e+00	1.0461921e-01
3.2226235e+00	-9.0956722e-02
3.2444324e+00	-2.3613721e-01
3.2662413e+00	-7.1274642e-02
3.2880503e+00	9.2092804e-02
3.3098592e+00	1.2405036e-01
3.3316681e+00	7.9933764e-02
3.3534771e+00	-1.0432374e-01
3.3752860e+00	-7.6824510e-02
3.3970950e+00	1.5619330e-02
3.4189039e+00	-1.2756925e-02
3.4407128e+00	9.3233716e-02
3.4625218e+00	6.7330134e-03
3.4843307e+00	1.6379391e-01
3.5061396e+00	1.5485436e-01
3.5279486e+00	-7.4164147e-02
3.5497575e+00	-1.3230683e-01
3.5715665e+00	-1.6231718e-01
3.5933754e+00	-8.4460098e-04
3.6151843e+00	1.0899803e-01
3.6369933e+00	2.9438951e-02
3.6588022e+00	-3.9348453e-02
3.6806112e+00	-1.4419625e-01
3.7024201e+00	-7.7367520e-02
3.7242290e+00	9.7954095e-02
3.7460380e+00	1.6517149e-01
3.7678469e+00	8.1635700e-02
3.7896558e+00	7.5088977e-03
3.8114648e+00	6.9437482e-02
3.8332737e+00	-9.1710942e-02
3.8550827e+00	-1.4022101e-01
3.8768916e+00	9.2799357e-02
3.8987005e+00	-1.2503681e-01
3.9205095e+00	4.7074754e-02
3.9423184e+00	1.0551403e-01
3.9641273e+00	2.1051233e-01
3.9859363e+00	-9.1403668e-03
4.0077452e+00	-2.5545551e-01
4.0295542e+00	2.7971767e-02
4.0513631e+00	1.2316751e-01
4.0731720e+00	1.8907884e-01
4.0949810e+00	-1.0875141e-01
4.1167899e+00	-2.3908863e-01
4.1385989e+00	1.5682763e-01
4.1604078e+00	1.5034342e-01
4.1822167e+00	1.5023386e-01
4.2040257e+00	-8.5694748e-02
4.2258346e+00	-2.1460557e-01
4.2476435e+00	-6.9835607e-02
4.2694525e+00	1.1077562e-01
4.2912614e+00	1.9873202e-01
4.3130704e+00	4.1710479e-03
4.3348793e+00	3.2063867e-02
4.3566882e+00	1.2417385e-01
4.3784972e+00	-1.5725916e-02
4.4003061e+00	-2.0462296e-01
4.4221151e+00	-1.3094012e-01
4.4439240e+00	-8.9905282e-03
4.4657329e+00	1.6458627e-01
4.4875419e+00	5.0923013e-02
4.5093508e+00	-1.4475947e-01
4.5311597e+00	1.6193690e-01
4.5529687e+00	2.3369436e-02
4.5747776e+00	-1.8702588e-04
4.5965866e+00	-3.3371113e-02
4.6183955e+00	-1.8304225e-02
4.6402044e+00	-4.4976033e-02
4.6620134e+00	3.2233769e-03
4.6838223e+00	6.2426513e-02
4.7056312e+00	1.6285162e-01
4.7274402e+00	1.9298813e-01
4.7492491e+00	-1.3468109e-01
4.7710581e+00	-2.7202216e-01
4.7928670e+00	-6.3862908e-02
4.8146759e+00	1.2319920e-01
4.8364849e+00	7.4962988e-02
4.8582938e+00	3.5805446e-02
4.8801028e+00	5.9685406e-02
4.9019117e+00	2.4458183e-01
4.9237206e+00	1.6559256e-01
4.9455296e+00	-1.7006800e-01
4.9673385e+00	-1.7573588e-01
4.9891474e+00	-3.7642249e-02
5.0109564e+00	9.1708567e-02
5.0327653e+00	4.7997334e-02
5.0545743e+00	-8.3554151e-02
5.0763832e+00	1.5256964e-02
5.0981921e+00	2.4303532e-01
5.1200011e+00	2.3725285e-02
5.1418100e+00	-4.7405632e-02
5.1636189e+00	-8.6034171e-02
5.1854279e+00	5.2499524e-02
5.2072368e+00	3.3537782e-02
5.2290458e+00	4.2709703e-02
5.2508547e+00	-6.5273596e-02
5.2726636e+00	-2.8385333e-02
5.2944726e+00	8.7298583e-02
5.3162815e+00	1.6066787e-02
5.3380905e+00	2.4955002e-01
5.3598994e+00	-7.3616135e-02
5.3817083e+00	-1.3707054e-01
5.4035173e+00	1.8259139e-01
5.4253262e+00	3.3245518e-01
5.4471351e+00	3.0804310e-01
5.4689441e+00	3.8333403e-02
5.4907530e+00	-9.3937903e-02
5.5125620e+00	-1.3453706e-01
5.5343709e+00	1.9203565e-01
5.5561798e+00	1.5314543e-01
5.5779888e+00	-1.1255359e-02
5.5997977e+00	-5.1224228e-02
5.6216066e+00	8.9081054e-02
5.6434156e+00	-1.5426338e-01
5.6652245e+00	-9.8907675e-02
5.6870335e+00	-2.9956963e-02
5.7088424e+00	1.1665031e-01
5.7306513e+00	5.7682603e-02
5.7524603e+00	-2.8354739e-03
5.7742692e+00	-7.9409397e-02
5.7960782e+00	1.3046774e-01
5.8178871e+00	9.1400445e-02
5.8396960e+00	-5.7901283e-02
5.8615050e+00	-2.2411105e-01
5.8833139e+00	4.9719058e-02
5.9051228e+00	1.3097830e-01
5.9269318e+00	7.3034626e-02
5.9487407e+00	-6.6293334e-02
5.9705497e+00	-6.3720874e-02
5.9923586e+00	3.0298902e-01
6.0141675e+00	3.6317790e-01
6.0359765e+00	3.6124581e-02
6.0577854e+00	9.1418426e-03
6.0795944e+00	-3.2512920e-02
6.1014033e+00	-1.8282940e-01
6.1232122e+00	1.9072983e-01
6.1450212e+00	1.1056948e-01
6.1668301e+00	9.6198083e-04
6.1886390e+00	-3.2734116e-02
6.2104480e+00	-1.5342927e-01
6.2322569e+00	1.8266156e-01
6.2540659e+00	3.3734864e-01
6.2758748e+00	4.7732950e-02
6.2976837e+00	1.4559898e-01
6.3194927e+00	-1.4238708e-01
6.3413016e+00	-7.9835467e-02
6.3631105e+00	1.0494373e-01
6.3849195e+00	-4.9594793e-02
6.4067284e+00	-3.3591477e-02
6.4285374e+00	-1.2514020e-01
6.4503463e+00	1.4123324e-01
6.4721552e+00	2.3351023e-01
6.4939642e+00	-2.5224954e-02
6.5157731e+00	-2.7661843e-02
6.5375821e+00	1.3871826e-01
6.5593910e+00	-1.5378154e-01
6.5811999e+00	-1.5333763e-01
6.6030089e+00	6.3668554e-02
6.6248178e+00	7.9166752e-02
6.6466267e+00	1.2994080e-01
6.6684357e+00	3.3308597e-01
6.6902446e+00	-2.7448723e-03
6.7120536e+00	-1.6365730e-01
6.7338625e+00	6.7557440e-02
6.7556714e+00	7.7343173e-03
6.7774804e+00	2.2355273e-02
6.7992893e+00	8.9229635e-03
6.8210982e+00	-2.6449785e-02
6.8429072e+00	-4.5961954e-02
6.8647161e+00	-1.4674953e-03
6.8865251e+00	4.4230105e-02
6.9083340e+00	7.7838201e-02
6.9301429e+00	2.7208681e-01
6.9519519e+00	3.0369893e-01
6.9737608e+00	2.2082286e-01
6.9955698e+00	-1.7049010e-01
7.0173787e+00	-1.3254563e-01
7.0391876e+00	-1.1084483e-02
7.0609966e+00	-4.9465351e-02
7.0828055e+00	2.4598148e-02
7.1046144e+00	1.1872566e-01
7.1264234e+00	-9.2006361e-02
7.1482323e+00	1.0975906e-01
7.1700413e+00	1.9841473e-02
7.1918502e+00	8.9101840e-02
7.2136591e+00	-7.0207321e-02
7.2354681e+00	-9.5181365e-02
7.2572770e+00	-5.0500843e-02
7.2790859e+00	1.2750513e-01
7.3008949e+00	6.4994224e-02
7.3227038e+00	-4.8715360e-02
7.3445128e+00	-4.4527068e-02
7.3663217e+00	2.0266991e-01
7.3881306e+00	4.3709017e-02
7.4099396e+00	-1.3692535e-01
7.4317485e+00	-3.2994975e-02
7.4535575e+00	-1.2027760e-01
7.4753664e+00	4.4123241e-02
7.4971753e+00	1.1003510e-01
7.5189843e+00	-4.7126294e-02
7.5407932e+00	2.0637252e-01
7.5626021e+00	-2.4079745e-02
7.5844111e+00	-7.5107858e-02
7.6062200e+00	-1.3436656e-01
7.6280290e+00	8.8602615e-02
7.6498379e+00	9.5604877e-02
7.6716468e+00	5.3539747e-02
7.6934558e+00	6.2715204e-02
7.7152647e+00	-1.8067896e-01
7.7370737e+00	1.2093691e-01
7.7588826e+00	1.9127905e-01
7.7806915e+00	-1.7393663e-01
7.8025005e+00	-2.6768306e-02
7.8243094e+00	3.0259653e-02
7.8461183e+00	-2.4706454e-02
7.8679273e+00	-1.1308995e-01
7.8897362e+00	2.0247764e-02
7.9115452e+00	7.3328775e-02
7.9333541e+00	-4.5531771e-02
7.9551630e+00	1.0297899e-01
7.9769720e+00	1.7199204e-01
7.9987809e+00	-7.6217014e-02
8.0205898e+00	-4.8669143e-02
8.0423988e+00	9.6968543e-03
8.0642077e+00	3.9810190e-01
8.0860167e+00	3.3697136e-01
8.1078256e+00	-8.9892444e-02
8.1296345e+00	3.0361234e-02
8.1514435e+00	-1.2831735e-02
8.1732524e+00	-1.5525846e-01
8.1950614e+00	-1.0375773e-02
8.2168703e+00	6.3505678e-02
8.2386792e+00	1.1787472e-01
8.2604882e+00	1.2205353e-01
8.2822971e+00	6.5576218e-02
8.3041060e+00	-3.7420262e-02
8.3259150e+00	-1.7092833e-01
8.3477239e+00	-4.8848715e-02
8.3695329e+00	4.7914413e-03
8.3913418e+00	1.7392869e-01
8.4131507e+00	4.7454147e-02
8.4349597e+00	-9.3369971e-02
8.4567686e+00	1.5447393e-02
8.4785775e+00	-5.1191652e-02
8.5003865e+00	9.8139403e-02
8.5221954e+00	7.8778844e-03
8.5440044e+00	1.2861864e-02
8.5658133e+00	-1.8770565e-01
8.5876222e+00	-1.3740367e-02
8.6094312e+00	1.5775583e-01
8.6312401e+00	4.4871577e-02
8.6530491e+00	-3.4410688e-02
8.6748580e+00	-7.9914925e-02
8.6966669e+00	6.6295290e-02
8.7184759e+00	-7.3841612e-03
8.7402848e+00	-9.9429891e-02
8.7620937e+00	1.5416315e-02
8.7839027e+00	-5.3110257e-02
8.8057116e+00	1.7637611e-01
8.8275206e+00	3.3515193e-01
8.8493295e+00	5.6245134e-02
8.8711384e+00	8.2291463e-03
8.8929474e+00	-1.5865947e-02
8.9147563e+00	4.9308196e-02
8.9365652e+00	2.8900262e-02
8.9583742e+00	-1.2305794e-01
8.9801831e+00	-9.2212247e-02
9.0019921e+00	2.1177288e-02
9.0238010e+00	4.6702057e-02
9.0456099e+00	2.6251068e-01
9.0674189e+00	1.7529329e-01
9.0892278e+00	-1.5200679e-01
9.1110368e+00	-6.7544026e-02
9.1328457e+00	2.9205892e-01
9.1546546e+00	4.1312941e-01
9.1764636e+00	1.3349624e-01
9.1982725e+00	-1.0412382e-01
9.2200814e+00	-2.9660275e-02
9.2418904e+00	3.9880094e-01
9.2636993e+00	4.2105291e-01
9.2855083e+00	1.5644745e-01
9.3073172e+00	-9.1678930e-03
9.3291261e+00	-1.3953499e-01
9.3509351e+00	2.8598754e-01
9.3727440e+00	2.6239709e-01
9.3945530e+00	4.3585684e-02
9.4163619e+00	8.2497049e-02
9.4381708e+00	-2.1833222e-02
9.4599798e+00	-1.2433217e-01
9.4817887e+00	-3.3497676e-02
9.5035976e+00	-1.2562334e-01
9.5254066e+00	9.0282175e-02
9.5472155e+00	6.3483500e-02
9.5690245e+00	1.1631451e-01
9.5908334e+00	-3.1678729e-03
9.6126423e+00	-1.9089907e-01
9.6344513e+00	-1.5996083e-02
9.6562602e+00	2.1402538e-01
9.6780691e+00	3.6717276e-02
9.6998781e+00	3.0979696e-02
9.7216870e+00	8.8146772e-02
9.7434960e+00	3.3175320e-01
9.7653049e+00	4.4538876e-02
9.7871138e+00	-5.6967490e-02
9.8089228e+00	-6.3200641e-02
9.8307317e+00	-1.2047594e-01
9.8525407e+00	-2.3253544e-02
9.8743496e+00	2.8430800e-03
9.8961585e+00	-5.0079017e-02
9.9179675e+00	-8.9276392e-02
9.9397764e+00	1.2374812e-01
9.9615853e+00	6.5781257e-02
9.9833943e+00	1.6195310e-01
1.0005203e+01	1.1556874e-01
1.0027012e+01	1.7285808e-01
1.0048821e+01	-1.4773834e-01
1.0070630e+01	-2.6961921e-01
1.0092439e+01	4.7641296e-02
1.0114248e+01	5.3391303e-02
1.0136057e+01	9.2638662e-02
1.0157866e+01	3.1814688e-01
1.0179675e+01	1.2130551e-01
1.0201484e+01	5.6030978e-01
1.0223293e+01	4.4746674e-01
1.0245102e+01	-1.9030198e-01
1.0266910e+01	-2.2841779e-01
1.0288719e+01	-1.6473850e-04
1.0310528e+01	1.1426506e-01
1.0332337e+01	1.1034660e+00
1.0354146e+01	1.6234892e+00
1.0375955e+01	2.2100371e+00
1.0397764e+01	2.7850819e+00
1.0419573e+01	3.2055179e+00
1.0441382e+01	4.4738593e+00
1.0463191e+01	6.7750425e+00
1.0485000e+01	1.0941140e+01
1.0506809e+01	1.6470961e+01
1.0528618e+01	2.1487039e+01
1.0550427e+01	2.2585448e+01
1.0572236e+01	2.0522909e+01
1.0594045e+01	1.9784457e+01
1.0615853e+01	2.0787106e+01
1.0637662e+01	2.2074822e+01
1.0659471e+01	2.2666508e+01
1.0681280e+01	2.0099493e+01
1.0703089e+01	1.4070323e+01
1.0724898e+01	8.3332538e+00
1.0746707e+01	4.3210303e+00
1.0768516e+01	2.2883183e+00
1.0790325e+01	1.3344739e+00
1.0812134e+01	8.4368856e-01
1.0833943e+01	4.0653643e-01
1.0855752e+01	8.7940799e-02
1.0877561e+01	5.3890115e-02
1.0899370e+01	6.6022359e-02
1.0921179e+01	3.8563090e-01
1.0942988e+01	3.0395438e-01
1.0964796e+01	-1.7245296e-01
1.0986605e+01	3.7545362e-02
1.1008414e+01	3.7346221e-01
1.1030223e+01	7.8023018e-01
1.1052032e+01	1.0094734e+00
1.1073841e+01	8.9293109e-01
1.1095650e+01	1.1987613e+00
1.1117459e+01	1.2954383e+00
1.1139268e+01	1.7057972e+00
1.1161077e+01	1.6950111e+00
1.1182886e+01	2.2587062e+00
1.1204695e+01	2.6417477e+00
1.1226504e+01	2.5513107e+00
1.1248313e+01	2.4879273e+00
1.1270122e+01	1.0173097e+00
1.1291931e+01	1.6644814e-01
1.1313740e+01	6.0173662e-02
1.1335548e+01	-7.7860036e-02
1.1357357e+01	-1.2082621e-01
1.1379166e+01	7.0896816e-02
1.1400975e+01	1.3957112e-01
1.1422784e+01	1.8840888e-02
1.1444593e+01	7.4230496e-02
1.1466402e+01	-1.5435195e-01
1.1488211e+01	-2.8758822e-01
1.1510020e+01	1.6441895e-02
1.1531829e+01	6.8809866e-02
1.1553638e+01	2.5523656e-01
1.1575447e+01	-5.0946380e-02
1.1597256e+01	3.0899135e-01
1.1619065e+01	4.7662068e-01
1.1640874e+01	-7.2349365e-02
1.1662683e+01	8.3004222e-03
1.1684491e+01	4.7906846e-01
1.1706300e+01	5.3846060e-02
1.1728109e+01	-4.5481974e-02
1.1749918e+01	9.9216990e-02
1.1771727e+01	3.0959042e-02
1.1793536e+01	-9.9494574e-03
1.1815345e+01	4.3122102e-02
1.1837154e+01	-6.6434411e-02
1.1858963e+01	-4.0822022e-02
1.1880772e+01	1.8908258e-02
1.1902581e+01	-2.2339477e-02
1.1924390e+01	3.2988383e-02
1.1946199e+01	6.3700495e-02
1.1968008e+01	3.3868369e-01
1.1989817e+01	1.6051084e-01
1.2011626e+01	-1.8725099e-02
1.2033434e+01	-6.4449944e-02
1.2055243e+01	-7.9519082e-03
1.2077052e+01	-5.4556352e-02
1.2098861e+01	-1.1287990e-01
1.2120670e+01	-2.3816620e-01
1.2142479e+01	1.7414361e-01
1.2164288e+01	7.1787216e-02
1.2186097e+01	-1.2744983e-01
1.2207906e+01	1.4181970e-01
1.2229715e+01	1.3137027e-01
1.2251524e+01	1.5530463e-01
1.2273333e+01	1.7924646e-01
1.2295142e+01	3.4497340e-02
1.2316951e+01	-2.6483013e-01
1.2338760e+01	-1.1179405e-01
1.2360569e+01	6.9632145e-02
1.2382377e+01	3.3130947e-04
1.2404186e+01	-8.7164197e-02
1.2425995e+01	2.3363965e-02
1.2447804e+01	5.0007280e-02
1.2469613e+01	4.7721964e-02
1.2491422e+01	1.8497647e-01
1.2513231e+01	-1.5229868e-01
1.2535040e+01	-1.4312851e-01
1.2556849e+01	1.4710049e-01
1.2578658e+01	1.3440667e-02
1.2600467e+01	-4.8267856e-02
1.2622276e+01	7.1877081e-02
1.2644085e+01	-1.7032602e-01
1.2665894e+01	1.2369123e-01
1.2687703e+01	2.6065712e-02
1.2709512e+01	-5.4322855e-02
1.2731320e+01	3.8494465e-02
1.2753129e+01	3.1306482e-01
1.2774938e+01	1.4458279e-01
1.2796747e+01	4.2153272e-02
1.2818556e+01	-2.4386647e-02
1.2840365e+01	-2.3466891e-01
1.2862174e+01	-4.9457184e-02
1.2883983e+01	-8.0732860e-02
1.2905792e+01	1.5901167e-01
1.2927601e+01	2.8845374e-01
1.2949410e+01	-9.8962504e-03
1.2971219e+01	1.2020991e-01
1.2993028e+01	6.0670793e-01
1.3014837e+01	6.5023493e-01
1.3036646e+01	6.8816492e-01
1.3058455e+01	6.2295986e-01
1.3080264e+01	8.3204272e-01
1.3102072e+01	7.8391037e-01
1.3123881e+01	9.7561717e-02
1.3145690e+01	-9.4193645e-03
1.3167499e+01	-5.2860277e-02
1.3189308e+01	6.7026177e-02
1.3211117e+01	4.6537643e-02
1.3232926e+01	2.0198781e-02
1.3254735e+01	2.3130216e-01
1.3276544e+01	1.3030506e-01
1.3298353e+01	-1.1482911e-02
1.3320162e+01	-3.8562806e-01
1.3341971e+01	-4.7896639e-01
1.3363780e+01	1.9000439e-01
1.3385589e+01	6.7285411e-01
1.3407398e+01	6.3260243e-01
1.3429207e+01	4.7884804e-01
1.3451015e+01	1.7934353e-01
1.3472824e+01	8.0735941e-02
1.3494633e+01	2.3509196e-01
1.3516442e+01	1.5727523e-01
1.3538251e+01	-1.3062817e-01
1.3560060e+01	1.2015559e-01
1.3581869e+01	7.2225474e-02
1.3603678e+01	3.2919869e-02
1.3625487e+01	4.7389921e-02
1.3647296e+01	-4.9992795e-02
1.3669105e+01	-1.2578673e-01
1.3690914e+01	6.0228503e-02
1.3712723e+01	6.5784052e-02
1.3734532e+01	-1.9431564e-01
1.3756341e+01	-1.9647921e-01
1.3778150e+01	2.0036386e-01
1.3799958e+01	4.1286237e-01
1.3821767e+01	3.7447216e-01
1.3843576e+01	2.1777172e-01
1.3865385e+01	9.1382170e-02
1.3887194e+01	1.0434870e-01
1.3909003e+01	1.2363124e-02
1.3930812e+01	-2.0926843e-01
1.3952621e+01	-5.9973994e-02
1.3974430e+01	1.8041502e-01
1.3996239e+01	-7.4209840e-05
1.4018048e+01	3.3519940e-02
1.4039857e+01	-1.9793945e-01
1.4061666e+01	-1.6721710e-02
1.4083475e+01	2.5671781e-01
1.4105284e+01	1.3729262e-01
1.4127093e+01	6.9062935e-02
1.4148901e+01	-4.7550850e-03
1.4170710e+01	-3.7265589e-02
1.4192519e+01	5.7429563e-02
1.4214328e+01	-1.7492994e-01
1.4236137e+01	-2.0463259e-02
1.4257946e+01	-6.7836172e-03
1.4279755e+01	3.2847130e-01
1.4301564e+01	4.2588263e-01
1.4323373e+01	1.9322817e-01
1.4345182e+01	1.6948447e-02
1.4366991e+01	-5.0213034e-02
1.4388800e+01	-4.8030215e-02
1.4410609e+01	5.2218156e-02
1.4432418e+01	-1.1206254e-02
1.4454227e+01	1.5484918e-01
1.4476036e+01	-3.2868156e-03
1.4497844e+01	-2.9119801e-02
1.4519653e+01	-8.1874948e-02
1.4541462e+01	-9.1326405e-02
1.4563271e+01	1.7549050e-04
1.4585080e+01	1.1005631e-01
1.4606889e+01	-4.7347213e-02
1.4628698e+01	2.9069989e-02
1.4650507e+01	-3.6561371e-02
1.4672316e+01	-1.4879884e-01
1.4694125e+01	3.6500120e-02
1.4715934e+01	1.0939691e-01
1.4737743e+01	1.1602159e-02
1.4759552e+01	3.8804775e-01
1.4781361e+01	6.7631471e-01
1.4803170e+01	6.1626673e-01
1.4824979e+01	1.1072305e+00
1.4846787e+01	2.4211896e+00
1.4868596e+01	3.7801745e+00
1.4890405e+01	4.8464890e+00
1.4912214e+01	4.6548726e+00
1.4934023e+01	4.1929768e+00
1.4955832e+01	3.8721972e+00
1.4977641e+01	3.6214885e+00
1.4999450e+01	4.0535523e+00
1.5021259e+01	4.4007790e+00
1.5043068e+01	4.8725384e+00
1.5064877e+01	4.9723349e+00
1.5086686e+01	4.6390812e+00
1.5108495e+01	3.7346189e+00
1.5130304e+01	2.5690175e+00
1.5152113e+01	1.5408637e+00
1.5173922e+01	6.8232194e-01
1.5195731e+01	3.8927392e-01
1.5217539e+01	1.5928518e-01
1.5239348e+01	6.9870817e-02
1.5261157e+01	6.4449560e-02
1.5282966e+01	-1.9256501e-01
1.5304775e+01	-1.5442240e-01
1.5326584e+01	2.0032660e-02
1.5348393e+01	5.4082810e-02
1.5370202e+01	1.5353878e-02
1.5392011e+01	4.9625805e-02
1.5413820e+01	2.3154040e-02
1.5435629e+01	-5.2987237e-02
1.5457438e+01	-1.1249816e-01
1.5479247e+01	2.3906832e-02
1.5501056e+01	4.7928024e-02
1.5522865e+01	-1.3107549e-02
1.5544674e+01	3.2303484e-02
1.5566482e+01	-8.3091056e-02
1.5588291e+01	1.6833458e-02
1.5610100e+01	1.9200323e-04
1.5631909e+01	1.1142194e-01
1.5653718e+01	-3.6018770e-02
1.5675527e+01	8.4344254e-02
1.5697336e+01	3.5529375e-02
1.5719145e+01	-6.6311874e-02
1.5740954e+01	-8.2782705e-02
1.5762763e+01	-1.2839971e-04
1.5784572e+01	1.5819828e-02
1.5806381e+01	-3.8392961e-02
1.5828190e+01	3.4131327e-02
1.5849999e+01	1.3603092e-01
1.5871808e+01	-4.1136543e-02
1.5893617e+01	2.2197190e-02
1.5915425e+01	-9.2800038e-02
1.5937234e+01	-1.4930597e-01
1.5959043e+01	4.5055700e-02
1.5980852e+01	-4.2099506e-03
1.6002661e+01	6.1147730e-02
1.6024470e+01	1.3015853e-01
1.6046279e+01	-5.3832236e-03
1.6068088e+01	-7.3141390e-03
1.6089897e+01	1.1283236e-01
1.6111706e+01	-2.4040665e-02
1.6133515e+01	-6.5548434e-02
1.6155324e+01	-1.0788244e-01
1.6177133e+01	-1.3541770e-01
1.6198942e+01	-8.9783470e-03
1.6220751e+01	1.0821827e-01
1.6242560e+01	1.9437372e-01
1.6264368e+01	1.2711703e-01
1.6286177e+01	-1.7677152e-03
1.6307986e+01	-7.3136516e-02
1.6329795e+01	-1.4640554e-01
1.6351604e+01	-3.5218475e-02
1.6373413e+01	1.4075006e-01
1.6395222e+01	-5.2323221e-02
1.6417031e+01	5.1638301e-03
1.6438840e+01	2.4523911e-02
1.6460649e+01	-8.2954089e-02
1.6482458e+01	-9.3329994e-02
1.6504267e+01	7.1892157e-02
1.6526076e+01	1.3492004e-01
1.6547885e+01	7.1015732e-02
1.6569694e+01	3.9843035e-02
1.6591503e+01	3.9724084e-02
1.6613311e+01	-1.6549680e-03
1.6635120e+01	-1.0612504e-01
1.6656929e+01	-1.0225295e-01
1.6678738e+01	-9.2036274e-02
1.6700547e+01	-1.8095136e-01
1.6722356e+01	1.7992700e-01
1.6744165e+01	7.4465713e-02
1.6765974e+01	5.4599371e-02
1.6787783e+01	3.4003210e-02
1.6809592e+01	1.9198710e-02
1.6831401e+01	1.7324599e-01
1.6853210e+01	-2.3739948e-02
1.6875019e+01	-1.3615213e-01
1.6896828e+01	1.3424162e-02
1.6918637e+01	1.0028692e-01
1.6940446e+01	1.5573255e-04
1.6962254e+01	6.8992348e-02
1.6984063e+01	8.0053151e-03
1.7005872e+01	1.8250196e-02
1.7027681e+01	-8.9708751e-02
1.7049490e+01	-1.3704891e-01
1.7071299e+01	-1.0488670e-01
1.7093108e+01	-3.0769329e-02
1.7114917e+01	1.2015497e-01
1.7136726e+01	4.0225984e-02
1.7158535e+01	-1.3224662e-01
1.7180344e+01	1.9287722e-01
1.7202153e+01	1.4704868e-01
1.7223962e+01	-5.9880425e-02
1.7245771e+01	3.0767709e-02
1.7267580e+01	2.5863838e-03
1.7289389e+01	-7.0556524e-02
1.7311198e+01	-6.8057201e-02
1.7333006e+01	6.4737614e-02
1.7354815e+01	1.8701030e-01
1.7376624e+01	-4.0211497e-03
1.7398433e+01	-3.0349177e-02
1.7420242e+01	-1.1653937e-01
1.7442051e+01	6.1977676e-02
1.7463860e+01	-9.7652158e-02
1.7485669e+01	-7.8234294e-02
1.7507478e+01	4.1491654e-02
1.7529287e+01	1.1550650e-01
1.7551096e+01	9.1872795e-02
1.7572905e+01	-8.7173355e-03
1.7594714e+01	-1.4164360e-01
1.7616523e+01	-3.9907486e-02
1.7638332e+01	2.5922872e-02
1.7660141e+01	8.1600960e-02
1.7681949e+01	6.2462200e-02
1.7703758e+01	1.4567367e-02
1.7725567e+01	-5.9788720e-02
1.7747376e+01	-4.9319613e-02
1.7769185e+01	6.5009579e-02
1.7790994e+01	2.7255515e-01
1.7812803e+01	5.9046263e-02
1.7834612e+01	-3.3473182e-02
1.7856421e+01	-4.1264193e-04
1.7878230e+01	-1.5323344e-01
1.7900039e+01	-1.0174318e-01
1.7921848e+01	-1.2913731e-02
1.7943657e+01	1.9175620e-01
1.7965466e+01	2.0825992e-01
1.7987275e+01	5.2380574e-02
1.8009084e+01	-1.2587362e-01
1.8030892e+01	5.1993214e-02
1.8052701e+01	-4.4414437e-02
1.8074510e+01	5.1492224e-02
1.8096319e+01	-4.8403140e-02
1.8118128e+01	-3.7300190e-02
1.8139937e+01	-1.1421174e-01
1.8161746e+01	8.9681108e-02
1.8183555e+01	8.8093111e-02
1.8205364e+01	1.3508542e-02
1.8227173e+01	-8.3194152e-03
1.8248982e+01	9.4609219e-02
1.8270791e+01	-3.6455603e-02
1.8292600e+01	-4.7845783e-02
1.8314409e+01	-5.4340671e-02
1.8336218e+01	4.6496467e-03
1.8358027e+01	-7.8153109e-02
1.8379835e+01	-1.1916923e-02
1.8401644e+01	-1.3624057e-02
1.8423453e+01	5.2480140e-03
1.8445262e+01	2.3785474e-02
1.8467071e+01	1.1834890e-01
1.8488880e+01	3.3600962e-01
1.8510689e+01	3.0389380e-01
1.8532498e+01	3.2806360e-01
1.8554307e+01	6.6359311e-02
1.8576116e+01	-8.5426297e-02
1.8597925e+01	-4.5181019e-02
1.8619734e+01	3.4958556e-02
1.8641543e+01	5.1142687e-03
1.8663352e+01	5.9548052e-02
1.8685161e+01	2.6919768e-01
1.8706970e+01	6.4491295e-02
1.8728778e+01	-8.7514404e-02
1.8750587e+01	-1.5657115e-01
1.8772396e+01	-1.1656387e-01
1.8794205e+01	5.3352497e-02
1.8816014e+01	5.2739286e-02
1.8837823e+01	4.1737650e-03
1.8859632e+01	9.8881478e-03
1.8881441e+01	4.5454775e-02
1.8903250e+01	7.6283092e-02
1.8925059e+01	6.4669011e-02
1.8946868e+01	2.5707633e-02
1.8968677e+01	-1.5921509e-01
1.8990486e+01	-8.1791491e-03
1.9012295e+01	1.1033758e-01
1.9034104e+01	-1.5427447e-01
1.9055913e+01	-7.7424227e-02
1.9077721e+01	1.1309827e-02
1.9099530e+01	2.2969610e-02
1.9121339e+01	1.1111390e-01
1.9143148e+01	1.7218626e-01
1.9164957e+01	-6.6768108e-02
1.9186766e+01	2.7562631e-02
1.9208575e+01	-6.6284521e-02
1.9230384e+01	-2.5928936e-02
1.9252193e+01	-7.9365969e-02
1.9274002e+01	-1.4680630e-01
1.9295811e+01	1.9051544e-02
1.9317620e+01	-1.8665038e-03
1.9339429e+01	1.7534824e-01
1.9361238e+01	1.8451758e-01
1.9383047e+01	2.6569588e-02
1.9404856e+01	1.1687556e-02
1.9426665e+01	1.8168930e-01
1.9448473e+01	6.8479931e-02
1.9470282e+01	-7.7321365e-02
1.9492091e+01	-1.0429804e-01
1.9513900e+01	-1.7301756e-01
1.9535709e+01	-1.3123503e-01
1.9557518e+01	-1.4496312e-02
1.9579327e+01	1.2015306e-01
1.9601136e+01	1.3195129e-01
1.9622945e+01	8.1102682e-02
1.9644754e+01	-1.5653686e-01
1.9666563e+01	2.5632458e-02
1.9688372e+01	-2.4185742e-02
1.9710181e+01	4.2542714e-02
1.9731990e+01	1.2345758e-01
1.9753799e+01	2.7969750e-02
1.9775608e+01	-1.0376042e-01
1.9797416e+01	9.9705527e-03
1.9819225e+01	-4.3018378e-02
1.9841034e+01	-9.3486904e-02
1.9862843e+01	1.0722615e-02
1.9884652e+01	-1.2052238e-02
1.9906461e+01	-8.4912510e-02
1.9928270e+01	7.9471050e-02
1.9950079e+01	9.2516768e-02
1.9971888e+01	1.1499888e-01
1.9993697e+01	8.7964389e-02
2.0015506e+01	-2.5560964e-02
2.0037315e+01	-1.3620460e-01
2.0059124e+01	-4.2362546e-02
2.0080933e+01	8.5006228e-02
2.0102742e+01	3.6950206e-02
2.0124551e+01	-2.7209398e-02
2.0146359e+01	-1.2383900e-01
2.0168168e+01	4.4263396e-03
2.0189977e+01	4.9338365e-02
2.0211786e+01	-5.0804485e-03
2.0233595e+01	-8.7506491e-02
2.0255404e+01	-5.9846038e-02
2.0277213e+01	1.4079520e-01
2.0299022e+01	3.0106885e-01
2.0320831e+01	3.4621243e-01
2.0342640e+01	5.2301064e-01
2.0364449e+01	2.8310442e-01
2.0386258e+01	9.4649428e-02
2.0408067e+01	-8.3238320e-02
2.0429876e+01	-8.1611055e-02
2.0451685e+01	3.1872521e-03
2.0473494e+01	1.1389639e-02
2.0495302e+01	-2.0949113e-03
2.0517111e+01	-5.6927215e-02
2.0538920e+01	-4.3573613e-03
2.0560729e+01	1.6096560e-01
2.0582538e+01	1.5805966e-01
2.0604347e+01	-6.6818729e-02
2.0626156e+01	3.7075573e-02
2.0647965e+01	1.2021536e-02
2.0669774e+01	-1.1556064e-01
2.0691583e+01	-4.8035544e-02
2.0713392e+01	-1.4735394e-01
2.0735201e+01	8.0660027e-02
2.0757010e+01	2.4296893e-02
2.0778819e+01	-1.2239124e-02
2.0800628e+01	1.9810100e-01
2.0822437e+01	1.4250380e-01
2.0844245e+01	-4.0689754e-02
2.0866054e+01	-1.4985085e-01
2.0887863e+01	-9.7537994e-02
2.0909672e+01	1.0393628e-01
2.0931481e+01	5.4158441e-01
2.0953290e+01	9.1102928e-01
2.0975099e+01	1.8135950e+00
2.0996908e+01	3.2580697e+00
2.1018717e+01	5.4733214e+00
2.1040526e+01	8.1147614e+00
2.1062335e+01	9.6360216e+00
2.1084144e+01	9.6802643e+00
2.1105953e+01	8.6925884e+00
2.1127762e+01	7.3743133e+00
2.1149571e+01	6.7413249e+00
2.1171380e+01	7.3916293e+00
2.1193188e+01	8.6444518e+00
2.1214997e+01	1.0059435e+01
2.1236806e+01	1.1484991e+01
2.1258615e+01	1.3209587e+01
2.1280424e+01	1.4600379e+01
2.1302233e+01	1.4811356e+01
2.1324042e+01	1.3745479e+01
2.1345851e+01	1.1618521e+01
2.1367660e+01	8.4472576e+00
2.1389469e+01	5.2378601e+00
2.1411278e+01	2.7511467e+00
2.1433087e+01	1.1502945e+00
2.1454896e+01	4.1887367e-01
2.1476705e+01	2.9941316e-02
2.1498514e+01	-1.4810809e-01
2.1520323e+01	-9.4316179e-02
2.1542132e+01	1.3089530e-01
2.1563940e+01	2.7143916e-01
2.1585749e+01	9.9151864e-02
2.1607558e+01	1.5981171e-01
2.1629367e+01	1.9529376e-01
2.1651176e+01	7.4900714e-02
2.1672985e+01	2.0701107e-02
2.1694794e+01	-3.6297744e-02
2.1716603e+01	-1.6811050e-01
2.1738412e+01	-3.3244054e-01
2.1760221e+01	-1.3767460e-01
2.1782030e+01	1.2715392e-01
2.1803839e+01	4.7650677e-02
2.1825648e+01	1.2983676e-01
2.1847457e+01	-7.9219306e-02
2.1869266e+01	-4.1264123e-02
2.1891075e+01	5.6380980e-02
2.1912883e+01	4.6797521e-02
2.1934692e+01	4.7999266e-02
2.1956501e+01	8.4419387e-02
2.1978310e+01	4.8832056e-02
2.2000119e+01	-4.5833704e-02
2.2021928e+01	-2.0804151e-02
2.2043737e+01	-1.0973636e-01
2.2065546e+01	-1.6476250e-01
2.2087355e+01	6.8245891e-02
2.2109164e+01	8.4612341e-02
2.2130973e+01	8.9106270e-02
2.2152782e+01	2.7236988e-02
2.2174591e+01	-4.7752209e-02
2.2196400e+01	2.2662395e-02
2.2218209e+01	-6.1035339e-02
2.2240018e+01	-5.9625558e-02
2.2261826e+01	1.0601959e-01
2.2283635e+01	-1.1039020e-02
2.2305444e+01	-3.9575809e-02
2.2327253e+01	6.4037366e-02
2.2349062e+01	-2.9571791e-02
2.2370871e+01	-6.0663728e-03
2.2392680e+01	-3.1166381e-02
2.2414489e+01	4.1891124e-02
2.2436298e+01	-4.4796782e-03
2.2458107e+01	-2.1021018e-02
2.2479916e+01	-4.4536010e-02
2.2501725e+01	-3.2626589e-03
2.2523534e+01	3.4926956e-02
2.2545343e+01	1.0077135e-01
2.2567152e+01	4.6634192e-02
2.2588961e+01	-1.6989273e-01
2.2610769e+01	-7.5638380e-03
2.2632578e+01	6.0028456e-02
2.2654387e+01	6.2016567e-02
2.2676196e+01	5.6373711e-02
2.2698005e+01	7.4761559e-02
2.2719814e+01	-2.2986873e-01
2.2741623e+01	-1.3996371e-01
2.2763432e+01	4.1717353e-02
2.2785241e+01	1.2445854e-01
2.2807050e+01	3.4278252e-02
2.2828859e+01	-6.9138331e-02
2.2850668e+01	3.4835547e-02
2.2872477e+01	2.2325480e-01
2.2894286e+01	6.4917505e-02
2.2916095e+01	-6.3277033e-02
2.2937904e+01	-6.8350690e-02
2.2959712e+01	1.2802399e-02
2.2981521e+01	-1.3977399e-01
2.3003330e+01	-1.3238375e-03
2.3025139e+01	1.2578992e-01
2.3046948e+01	3.1128403e-02
2.3068757e+01	3.3340992e-02
2.3090566e+01	-5.2275270e-02
2.3112375e+01	-7.8446824e-02
2.3134184e+01	7.5399836e-02
2.3155993e+01	9.4585728e-02
2.3177802e+01	6.9583963e-02
2.3199611e+01	2.9932494e-02
2.3221420e+01	-2.2464648e-02
2.3243229e+01	-5.4672218e-03
2.3265038e+01	-1.7928077e-01
2.3286847e+01	-1.3929784e-01
2.3308655e+01	-3.7796987e-02
2.3330464e+01	4.4120375e-02
2.3352273e+01	7.2929109e-02
2.3374082e+01	6.2093633e-03
2.3395891e+01	5.9431721e-02
2.3417700e+01	3.9034418e-01
2.3439509e+01	9.7226089e-01
2.3461318e+01	1.6983243e+00
2.3483127e+01	2.6475437e+00
2.3504936e+01	4.3466647e+00
2.3526745e+01	6.3048305e+00
2.3548554e+01	7.6585717e+00
2.3570363e+01	7.7665256e+00
2.3592172e+01	7.2103357e+00
2.3613981e+01	6.2150353e+00
2.3635790e+01	5.5336670e+00
2.3657599e+01	5.6882030e+00
2.3679407e+01	6.3938429e+00
2.3701216e+01	7.7989089e+00
2.3723025e+01	9.1257597e+00
2.3744834e+01	1.0398134e+01
2.3766643e+01	1.1776795e+01
2.3788452e+01	1.3981567e+01
2.3810261e+01	1.5469388e+01
2.3832070e+01	1.5311892e+01
2.3853879e+01	1.3987800e+01
2.3875688e+01	1.1441070e+01
2.3897497e+01	8.5362896e+00
2.3919306e+01	5.5626709e+00
2.3941115e+01	3.5409539e+00
2.3962924e+01	2.2881522e+00
2.3984733e+01	1.5717381e+00
2.4006542e+01	8.9095100e-01
2.4028350e+01	3.1449039e-01
2.4050159e+01	9.3966663e-02
2.4071968e+01	5.8895537e-02
2.4093777e+01	-3.8257171e-02
2.4115586e+01	-1.1283814e-01
2.4137395e+01	1.4676657e-01
2.4159204e+01	1.6076895e-01
2.4181013e+01	-6.3309754e-02
2.4202822e+01	-1.8816762e-01
2.4224631e+01	-2.2788390e-01
2.4246440e+01	-1.5089590e-02
2.4268249e+01	6.5399401e-02
2.4290058e+01	-4.1893477e-03
2.4311867e+01	4.4631243e-02
2.4333676e+01	-1.4216300e-02
2.4355485e+01	-2.6613943e-02
2.4377293e+01	9.7307739e-02
2.4399102e+01	4.3464688e-02
2.4420911e+01	6.9814003e-02
2.4442720e+01	3.8356604e-01
2.4464529e+01	2.9437996e-01
2.4486338e+01	4.8711745e-01
2.4508147e+01	6.4724557e-01
2.4529956e+01	7.4863509e-01
2.4551765e+01	7.6932475e-01
2.4573574e+01	9.7073527e-01
2.4595383e+01	1.0274044e+00
2.4617192e+01	1.2367798e+00
2.4639001e+01	1.5019203e+00
2.4660810e+01	7.8338754e-01
2.4682619e+01	4.2100730e-01
2.4704428e+01	9.4765283e-02
2.4726236e+01	-1.4158436e-01
2.4748045e+01	-5.8583172e-02
2.4769854e+01	9.7358654e-02
2.4791663e+01	-4.7326797e-02
2.4813472e+01	-2.3065011e-02
2.4835281e+01	-9.3651508e-02
2.4857090e+01	1.0375415e-02
2.4878899e+01	7.8824891e-02
2.4900708e+01	1.9483896e-01
2.4922517e+01	1.4077106e-01
2.4944326e+01	-1.3013393e-01
2.4966135e+01	-1.0013556e-01
2.4987944e+01	-1.2655470e-01
2.5009753e+01	3.8598394e-02
2.5031562e+01	-3.9682213e-02
2.5053371e+01	8.1681586e-02
2.5075179e+01	1.4915500e-01
2.5096988e+01	5.7407068e-02
2.5118797e+01	-1.4833456e-01
2.5140606e+01	1.2896666e-02
2.5162415e+01	-3.7492323e-02
2.5184224e+01	-2.7325461e-02
2.5206033e+01	-9.2137574e-02
2.5227842e+01	1.8749873e-01
2.5249651e+01	-3.8886211e-02
2.5271460e+01	-3.3896336e-02
2.5293269e+01	4.8724979e-02
2.5315078e+01	1.2827960e-01
2.5336887e+01	1.3900960e-01
2.5358696e+01	-1.0107567e-02
2.5380505e+01	-7.3393703e-02
2.5402314e+01	1.4639108e-03
2.5424123e+01	-6.7038966e-02
2.5445931e+01	-2.2316289e-02
2.5467740e+01	9.9851571e-03
2.5489549e+01	7.4808862e-02
2.5511358e+01	-8.5657803e-02
2.5533167e+01	6.0281307e-02
2.5554976e+01	1.2476226e-01
2.5576785e+01	2.1778873e-01
2.5598594e+01	-1.5890309e-01
2.5620403e+01	-3.1261755e-01
2.5642212e+01	-6.2812321e-02
2.5664021e+01	2.7600517e-02
2.5685830e+01	5.0799136e-02
2.5707639e+01	5.1710844e-03
2.5729448e+01	-9.1248764e-02
2.5751257e+01	1.7881342e-01
2.5773066e+01	5.7824078e-01
2.5794874e+01	8.5962882e-01
2.5816683e+01	7.5261679e-01
2.5838492e+01	4.2245292e-01
2.5860301e+01	2.9662746e-01
2.5882110e+01	1.3090929e-01
2.5903919e+01	6.8495299e-03
2.5925728e+01	5.6759824e-02
2.5947537e+01	3.9065193e-01
2.5969346e+01	6.2488653e-01
2.5991155e+01	1.2275090e+00
2.6012964e+01	1.8302546e+00
2.6034773e+01	2.4835478e+00
2.6056582e+01	3.0195987e+00
2.6078391e+01	3.3515658e+00
2.6100200e+01	3.2112203e+00
2.6122009e+01	2.9168326e+00
2.6143817e+01	2.4443479e+00
2.6165626e+01	1.6605696e+00
2.6187435e+01	8.8275407e-01
2.6209244e+01	4.1991451e-01
2.6231053e+01	4.9780275e-02
2.6252862e+01	-4.1182242e-02
2.6274671e+01	-3.1855985e-02
2.6296480e+01	-6.0666778e-02
2.6318289e+01	1.3877964e-04
2.6340098e+01	-2.9421918e-03
2.6361907e+01	-1.0308819e-01
2.6383716e+01	7.9088210e-02
2.6405525e+01	-4.7762520e-02
2.6427334e+01	2.3219010e-02
2.6449143e+01	7.2946802e-03
2.6470952e+01	7.0539908e-02
2.6492760e+01	-7.3104560e-02
2.6514569e+01	-1.3115437e-02
2.6536378e+01	5.7513966e-02
2.6558187e+01	-1.3073295e-01
2.6579996e+01	2.7030612e-02
2.6601805e+01	-1.6997909e-02
2.6623614e+01	2.4958517e-01
2.6645423e+01	5.6642577e-02
2.6667232e+01	1.3894756e-02
2.6689041e+01	1.9961881e-01
2.6710850e+01	1.7155583e-01
2.6732659e+01	5.4939090e-02
2.6754468e+01	-1.8637572e-01
2.6776277e+01	-1.5078574e-01
2.6798086e+01	6.7553449e-03
2.6819895e+01	-4.5589008e-02
2.6841703e+01	7.1117906e-02
2.6863512e+01	-2.0258173e-02
2.6885321e+01	-1.3239042e-01
2.6907130e+01	-9.1527299e-02
2.6928939e+01	8.8025587e-02
2.6950748e+01	1.0816127e-01
2.6972557e+01	1.2530572e-01
2.6994366e+01	8.1868123e-02
2.7016175e+01	7.4445008e-02
2.7037984e+01	-2.2056077e-02
2.7059793e+01	-1.8017627e-01
2.7081602e+01	-2.4944102e-02
2.7103411e+01	4.1172991e-04
2.7125220e+01	-1.5150620e-02
2.7147029e+01	-3.8796700e-02
2.7168838e+01	6.0292453e-02
2.7190646e+01	2.5712396e-02
2.7212455e+01	-3.7914064e-02
2.7234264e+01	3.7697793e-02
2.7256073e+01	9.6188513e-03
2.7277882e+01	-1.1491287e-02
2.7299691e+01	-2.8488963e-02
2.7321500e+01	1.2819093e-02
2.7343309e+01	-6.7362851e-02
2.7365118e+01	-5.9054823e-02
2.7386927e+01	1.3079012e-01
2.7408736e+01	1.0082988e-01
2.7430545e+01	-2.3069042e-03
2.7452354e+01	8.3287812e-02
2.7474163e+01	-9.4308140e-02
2.7495972e+01	-1.8989004e-01
2.7517781e+01	1.5641149e-02
2.7539590e+01	-6.6258922e-03
2.7561398e+01	1.3740848e-01
2.7583207e+01	-5.5122519e-02
2.7605016e+01	-1.1892862e-01
2.7626825e+01	1.8098229e-01
2.7648634e+01	6.4109490e-02
2.7670443e+01	-3.8294128e-02
2.7692252e+01	2.2031206e-02
2.7714061e+01	-7.7744906e-02
2.7735870e+01	-2.9472947e-02
2.7757679e+01	9.8775711e-02
2.7779488e+01	2.8672749e-01
2.7801297e+01	4.1848082e-01
2.7823106e+01	4.2112942e-01
2.7844915e+01	3.2167108e-01
2.7866724e+01	8.4971416e-02
2.7888533e+01	-3.8912929e-02
2.7910341e+01	-1.0277756e-01
2.7932150e+01	-3.4440631e-02
2.7953959e+01	8.8720401e-02
2.7975768e+01	-1.1928552e-02
2.7997577e+01	-7.4398838e-02
2.8019386e+01	1.1787937e-01
2.8041195e+01	4.3924463e-02
2.8063004e+01	-1.1121132e-01
2.8084813e+01	-9.9676994e-02
2.8106622e+01	1.0048526e-01
2.8128431e+01	-6.4462418e-02
2.8150240e+01	-5.7380487e-02
2.8172049e+01	1.1774286e-01
2.8193858e+01	-2.5612406e-02
2.8215667e+01	1.2351982e-02
2.8237476e+01	3.4234424e-02
2.8259284e+01	-7.6454580e-03
2.8281093e+01	7.0883967e-02
2.8302902e+01	3.6185762e-04
2.8324711e+01	-5.3653068e-02
2.8346520e+01	-3.0863132e-02
2.8368329e+01	-9.5557786e-03
2.8390138e+01	2.5947678e-02
2.8411947e+01	-8.4793928e-02
2.8433756e+01	7.2909351e-02
2.8455565e+01	3.5370588e-02
2.8477374e+01	-1.8354909e-01
2.8499183e+01	-2.2506059e-02
2.8520992e+01	5.1035638e-03
2.8542801e+01	1.2823727e-01
2.8564610e+01	2.2229673e-01
2.8586419e+01	1.6053675e-02
2.8608227e+01	4.4411202e-02
2.8630036e+01	6.0454698e-02
2.8651845e+01	7.3278270e-02
2.8673654e+01	-4.1135002e-02
2.8695463e+01	-1.0380172e-01
2.8717272e+01	-7.5041944e-02
2.8739081e+01	-3.0676911e-02
2.8760890e+01	4.1731135e-02
2.8782699e+01	-6.8781124e-02
2.8804508e+01	5.6632846e-02
2.8826317e+01	9.2052836e-02
2.8848126e+01	-2.8904304e-02
2.8869935e+01	-9.5015977e-02
2.8891744e+01	-3.8690748e-02
2.8913553e+01	-3.5299259e-02
2.8935362e+01	9.9342906e-02
2.8957170e+01	4.2262163e-02
2.8978979e+01	-8.8865488e-02
2.9000788e+01	-1.4940567e-01
2.9022597e+01	1.6293875e-02
2.9044406e+01	1.8242249e-01
2.9066215e+01	5.6519828e-02
2.9088024e+01	4.1873896e-02
2.9109833e+01	3.9661421e-02
2.9131642e+01	-3.4237242e-03
2.9153451e+01	-3.5656764e-03
2.9175260e+01	1.4865339e-01
2.9197069e+01	2.8584976e-02
2.9218878e+01	-1.4570436e-01
2.9240687e+01	-1.6465528e-01
2.9262496e+01	-1.0833372e-01
2.9284305e+01	8.8038243e-03
2.9306113e+01	8.9493783e-02
2.9327922e+01	4.1905731e-02
2.9349731e+01	1.2277656e-02
2.9371540e+01	4.4733706e-02
2.9393349e+01	1.7391173e-01
2.9415158e+01	-9.3311445e-03
2.9436967e+01	-6.0626179e-02
2.9458776e+01	-1.9489856e-03
2.9480585e+01	2.9687173e-02
2.9502394e+01	-1.1018910e-01
2.9524203e+01	-5.8817758e-02
2.9546012e+01	2.2295002e-02
2.9567821e+01	1.8708058e-02
2.9589630e+01	-3.3060618e-02
2.9611439e+01	-7.4736041e-02
2.9633248e+01	1.4201825e-01
2.9655057e+01	3.6588260e-01
2.9676865e+01	4.3400279e-01
2.9698674e+01	7.2182219e-01
2.9720483e+01	1.4833307e+00
2.9742292e+01	2.2867411e+00
2.9764101e+01	3.1616522e+00
2.9785910e+01	3.8792420e+00
2.9807719e+01	4.0135623e+00
2.9829528e+01	4.0156408e+00
2.9851337e+01	3.7431495e+00
2.9873146e+01	3.2712322e+00
2.9894955e+01	2.9956857e+00
2.9916764e+01	3.1446720e+00
2.9938573e+01	3.4916877e+00
2.9960382e+01	4.0342189e+00
2.9982191e+01	4.6058643e+00
3.0004000e+01	5.3853578e+00
3.0025808e+01	6.2574022e+00
3.0047617e+01	7.1462654e+00
3.0069426e+01	8.3746612e+00
3.0091235e+01	9.5111054e+00
3.0113044e+01	1.0359813e+01
3.0134853e+01	1.0390333e+01
3.0156662e+01	9.5984665e+00
3.0178471e+01	8.1047171e+00
3.0200280e+01	6.1283064e+00
3.0222089e+01	4.0214693e+00
3.0243898e+01	2.3750415e+00
3.0265707e+01	1.4024630e+00
3.0287516e+01	9.3894255e-01
3.0309325e+01	3.6410106e-01
3.0331134e+01	1.1552834e-01
3.0352943e+01	-1.4306618e-01
3.0374751e+01	9.6753451e-02
3.0396560e+01	4.3129986e-02
3.0418369e+01	1.1867044e-02
3.0440178e+01	-1.7279484e-03
3.0461987e+01	1.7886777e-02
3.0483796e+01	-5.8790500e-02
3.0505605e+01	-1.2816807e-01
3.0527414e+01	2.1119246e-03
3.0549223e+01	1.2903488e-02
3.0571032e+01	-6.7988664e-02
3.0592841e+01	6.2215093e-02
3.0614650e+01	-2.9643786e-02
3.0636459e+01	-1.5820785e-02
3.0658268e+01	3.6863101e-02
3.0680077e+01	5.9383713e-02
3.0701886e+01	-6.2917861e-02
3.0723694e+01	1.2326168e-02
3.0745503e+01	5.2903583e-03
3.0767312e+01	8.2604351e-02
3.0789121e+01	2.9720773e-02
3.0810930e+01	-1.7713635e-02
3.0832739e+01	-1.1204920e-02
3.0854548e+01	-7.4288225e-02
3.0876357e+01	2.4053824e-03
3.0898166e+01	-1.3553021e-03
3.0919975e+01	-4.8775249e-03
3.0941784e+01	4.5764575e-02
3.0963593e+01	5.8059221e-02
3.0985402e+01	-2.7517077e-02
3.1007211e+01	1.9055087e-01
3.1029020e+01	4.8518507e-03
3.1050829e+01	-1.9433635e-01
3.1072637e+01	-5.8827386e-02
3.1094446e+01	1.8299695e-01
3.1116255e+01	8.4692373e-03
3.1138064e+01	-6.0667367e-02
3.1159873e+01	2.7769547e-02
3.1181682e+01	-1.5886349e-04
3.1203491e+01	-6.6245662e-02
3.1225300e+01	-9.7236229e-03
3.1247109e+01	-3.0501800e-02
3.1268918e+01	1.5996149e-01
3.1290727e+01	9.4927017e-02
3.1312536e+01	4.2907142e-02
3.1334345e+01	-1.5192914e-01
3.1356154e+01	9.0294332e-02
3.1377963e+01	4.7658948e-02
3.1399772e+01	-1.2117003e-01
3.1421580e+01	-2.2850184e-02
3.1443389e+01	-2.7976255e-02
3.1465198e+01	-1.1506892e-01
3.1487007e+01	-1.2191994e-01
3.1508816e+01	8.7167365e-02
3.1530625e+01	3.4253651e-01
3.1552434e+01	1.0399282e+00
3.1574243e+01	1.6114048e+00
3.1596052e+01	1.8244123e+00
3.1617861e+01	2.0424939e+00
3.1639670e+01	1.6187789e+00
3.1661479e+01	1.1440885e+00
3.1683288e+01	6.2793882e-01
3.1705097e+01	8.9223076e-02
3.1726906e+01	1.1588393e-02
3.1748715e+01	1.8146716e-01
3.1770524e+01	5.0818135e-01
3.1792332e+01	1.2565568e+00
3.1814141e+01	2.1906683e+00
3.1835950e+01	2.9206927e+00
3.1857759e+01	3.9005008e+00
3.1879568e+01	5.0430875e+00
3.1901377e+01	6.0098446e+00
3.1923186e+01	7.1183030e+00
3.1944995e+01	7.9505774e+00
3.1966804e+01	8.1183308e+00
3.1988613e+01	7.5923969e+00
3.2010422e+01	6.1293286e+00
3.2032231e+01	4.3088627e+00
3.2054040e+01	2.5701861e+00
3.2075849e+01	1.3677855e+00
3.2097658e+01	5.2043489e-01
3.2119467e+01	1.6338803e-01
3.2141275e+01	-1.0573163e-01
3.2163084e+01	5.7041583e-02
3.2184893e+01	2.9898492e-02
3.2206702e+01	-6.0273326e-02
3.2228511e+01	-7.3848966e-02
3.2250320e+01	-8.7526922e-02
3.2272129e+01	-2.7640469e-02
3.2293938e+01	-1.6816643e-02
3.2315747e+01	-9.1540762e-02
3.2337556e+01	-4.0374126e-02
3.2359365e+01	7.6333025e-02
3.2381174e+01	8.0172629e-02
3.2402983e+01	-9.4572763e-02
3.2424792e+01	1.1074535e-01
3.2446601e+01	8.7893612e-02
3.2468410e+01	4.8946321e-02
3.2490218e+01	-6.4151230e-02
3.2512027e+01	-5.3381771e-02
3.2533836e+01	3.0225856e-02
3.2555645e+01	-1.7386354e-02
3.2577454e+01	-9.3494905e-02
3.2599263e+01	1.9530698e-02
3.2621072e+01	1.8900316e-01
3.2642881e+01	1.6756705e-01
3.2664690e+01	-6.5853096e-02
3.2686499e+01	-8.8886888e-02
3.2708308e+01	-6.8075312e-02
3.2730117e+01	-7.1213771e-02
3.2751926e+01	1.1715605e-01
3.2773735e+01	1.0095784e-01
3.2795544e+01	3.8588409e-02
3.2817353e+01	-1.0100472e-01
3.2839161e+01	-2.1526661e-03
3.2860970e+01	-2.0697969e-02
3.2882779e+01	-8.8850525e-02
3.2904588e+01	1.2299712e-01
3.2926397e+01	8.3838786e-02
3.2948206e+01	-4.2994366e-02
3.2970015e+01	-3.4209365e-02
3.2991824e+01	-9.1044710e-02
3.3013633e+01	-1.2413229e-02
3.3035442e+01	1.1725677e-01
3.3057251e+01	5.0959306e-02
3.3079060e+01	-5.0936959e-02
3.3100869e+01	-4.7194256e-02
3.3122678e+01	8.5555509e-02
3.3144487e+01	-8.1656025e-02
3.3166296e+01	5.4617562e-02
3.3188104e+01	-1.0586680e-01
3.3209913e+01	-2.1574052e-01
3.3231722e+01	4.8492691e-02
3.3253531e+01	6.4645433e-02
3.3275340e+01	1.0588815e-01
3.3297149e+01	9.9896874e-02
3.3318958e+01	7.7702009e-02
3.3340767e+01	1.5566138e-01
3.3362576e+01	6.3879259e-02
3.3384385e+01	-7.7316581e-02
3.3406194e+01	-2.1630307e-01
3.3428003e+01	-3.6012298e-02
3.3449812e+01	1.3943714e-02
3.3471621e+01	-1.0362227e-01
3.3493430e+01	-1.6110115e-01
3.3515239e+01	1.0785901e-01
3.3537047e+01	1.3102145e-02
3.3558856e+01	4.7556660e-02
3.3580665e+01	1.5336127e-01
3.3602474e+01	4.8072720e-01
3.3624283e+01	6.1091457e-01
3.3646092e+01	7.6775520e-01
3.3667901e+01	9.1983281e-01
3.3689710e+01	8.6998114e-01
3.3711519e+01	8.2921490e-01
3.3733328e+01	6.3220781e-01
3.3755137e+01	4.4487960e-01
3.3776946e+01	1.1866993e-01
3.3798755e+01	-5.5483386e-02
3.3820564e+01	6.3689320e-02
3.3842373e+01	-3.1654367e-02
3.3864182e+01	-3.0946442e-02
3.3885991e+01	-8.0554396e-02
3.3907799e+01	3.7159189e-02
3.3929608e+01	1.9995509e-02
3.3951417e+01	1.1492375e-03
3.3973226e+01	3.8459487e-02
3.3995035e+01	-7.5963875e-02
3.4016844e+01	-4.8829377e-02
3.4038653e+01	-8.2531816e-02
3.4060462e+01	3.8531070e-02
3.4082271e+01	-6.9670750e-02
3.4104080e+01	7.2144934e-02
3.4125889e+01	1.0787225e-01
3.4147698e+01	-5.3675317e-02
3.4169507e+01	4.0497751e-03
3.4191316e+01	1.3457693e-02
3.4213125e+01	2.6222285e-01
3.4234934e+01	2.6644616e-01
3.4256742e+01	3.3746533e-02
3.4278551e+01	-8.9437850e-02
3.4300360e+01	-7.7196711e-02
3.4322169e+01	3.1541179e-02
3.4343978e+01	2.9149887e-02
3.4365787e+01	-7.6468520e-02
3.4387596e+01	5.7123262e-05
3.4409405e+01	8.2602536e-02
3.4431214e+01	1.3347554e-01
3.4453023e+01	-5.5642878e-02
3.4474832e+01	-1.0458578e-01
3.4496641e+01	2.9980005e-02
3.4518450e+01	5.7319587e-02
3.4540259e+01	3.7421728e-02
3.4562068e+01	-7.0981087e-02
3.4583877e+01	-1.1000055e-01
3.4605685e+01	-6.8869762e-02
3.4627494e+01	4.9266675e-02
3.4649303e+01	-2.2446455e-03
3.4671112e+01	4.1038356e-02
3.4692921e+01	1.8492347e-01
3.4714730e+01	4.6847123e-02
3.4736539e+01	2.7317487e-02
3.4758348e+01	-2.4218514e-02
3.4780157e+01	-1.0798520e-01
3.4801966e+01	-1.4235231e-02
3.4823775e+01	-5.3207962e-02
3.4845584e+01	3.9092634e-03
3.4867393e+01	2.3564140e-02
3.4889202e+01	-3.5204709e-02
3.4911011e+01	8.3305434e-02
3.4932820e+01	5.2269135e-02
3.4954628e+01	2.1964317e-02
3.4976437e+01	-1.1514080e-01
3.4998246e+01	4.3358146e-02
3.5020055e+01	3.1630349e-02
3.5041864e+01	-7.6711643e-02
3.5063673e+01	1.0625677e-01
3.5085482e+01	-4.8818148e-02
3.5107291e+01	1.2339612e-03
3.5129100e+01	-2.9775857e-02
3.5150909e+01	-2.2387620e-02
3.5172718e+01	-9.5185460e-02
3.5194527e+01	2.4205148e-02
3.5216336e+01	8.6751296e-02
3.5238145e+01	3.1353928e-02
3.5259954e+01	1.0828991e-02
3.5281763e+01	8.5723626e-02
3.5303571e+01	-5.2887191e-02
3.5325380e+01	-1.1648988e-01
3.5347189e+01	5.1093480e-02
3.5368998e+01	2.8480631e-02
3.5390807e+01	1.0659803e-01
3.5412616e+01	-6.9635612e-02
3.5434425e+01	-6.8473022e-02
3.5456234e+01	2.9411826e-02
3.5478043e+01	3.5180937e-02
3.5499852e+01	4.5708748e-02
3.5521661e+01	3.7312454e-02
3.5543470e+01	-1.7968462e-01
3.5565279e+01	-9.4876736e-02
3.5587088e+01	-1.6952570e-01
3.5608897e+01	7.6219968e-02
3.5630706e+01	1.6041553e-01
3.5652514e+01	6.6452410e-02
3.5674323e+01	1.0987626e-01
3.5696132e+01	1.7118515e-01
3.5717941e+01	3.9462058e-03
3.5739750e+01	-6.5629720e-02
3.5761559e+01	1.2146938e-02
3.5783368e+01	-5.8550070e-02
3.5805177e+01	-1.1645961e-02
3.5826986e+01	-2.5554801e-02
3.5848795e+01	3.7255104e-02
3.5870604e+01	7.7453653e-02
3.5892413e+01	1.3886306e-01
3.5914222e+01	-1.4219619e-01
3.5936031e+01	1.3043842e-02
3.5957840e+01	-1.7268915e-01
3.5979649e+01	-2.1275122e-01
3.6001458e+01	3.2158684e-01
3.6023266e+01	4.7581690e-01
3.6045075e+01	5.3305099e-01
3.6066884e+01	6.4256619e-01
3.6088693e+01	5.2271962e-01
3.6110502e+01	4.8428534e-01
3.6132311e+01	1.2001012e-01
3.6154120e+01	1.9358483e-01
3.6175929e+01	8.4920400e-02
3.6197738e+01	-4.9792559e-02
3.6219547e+01	1.8245824e-02
3.6241356e+01	-5.8062408e-02
3.6263165e+01	9.5506278e-02
3.6284974e+01	9.6438306e-02
3.6306783e+01	-1.8370482e-02
3.6328592e+01	-1.1401942e-01
3.6350401e+01	-9.0166032e-02
3.6372209e+01	-1.0166408e-02
3.6394018e+01	-1.3288439e-01
3.6415827e+01	3.0762646e-02
3.6437636e+01	2.8092700e-02
3.6459445e+01	3.6329751e-01
3.6481254e+01	4.7605991e-01
3.6503063e+01	6.2365329e-01
3.6524872e+01	4.6292115e-01
3.6546681e+01	1.5431691e-01
3.6568490e+01	9.6346888e-02
3.6590299e+01	5.5946098e-02
3.6612108e+01	-1.0973391e-01
3.6633917e+01	-1.3234222e-01
3.6655726e+01	-5.1665283e-02
3.6677535e+01	-6.6456304e-02
3.6699344e+01	2.1575914e-01
3.6721152e+01	1.7315422e-01
3.6742961e+01	4.5011851e-01
3.6764770e+01	9.1120820e-01
3.6786579e+01	1.2498650e+00
3.6808388e+01	1.7842218e+00
3.6830197e+01	2.2309651e+00
3.6852006e+01	2.5285109e+00
3.6873815e+01	3.0426798e+00
3.6895624e+01	3.2798456e+00
3.6917433e+01	3.2181741e+00
3.6939242e+01	2.9322919e+00
3.6961051e+01	2.5094329e+00
3.6982860e+01	2.1462258e+00
3.7004669e+01	1.6824983e+00
3.7026478e+01	1.4204552e+00
3.7048287e+01	1.2762292e+00
3.7070095e+01	1.0913821e+00
3.7091904e+01	3.3759967e-01
3.7113713e+01	-1.1799539e-01
3.7135522e+01	-4.3671773e-02
3.7157331e+01	9.6621820e-02
3.7179140e+01	8.9816800e-02
3.7200949e+01	3.4986938e-02
3.7222758e+01	4.4363700e-03
3.7244567e+01	-8.6106036e-03
3.7266376e+01	-9.5879293e-02
3.7288185e+01	-3.1924340e-02
3.7309994e+01	5.8357315e-02
3.7331803e+01	-4.1672764e-02
3.7353612e+01	-1.3752399e-01
3.7375421e+01	-2.6276325e-02
3.7397230e+01	5.3321320e-02
3.7419038e+01	-1.0587341e-03
3.7440847e+01	1.2706778e-01
3.7462656e+01	6.0422738e-01
3.7484465e+01	1.0159579e+00
3.7506274e+01	6.6430304e-01
3.7528083e+01	3.3615351e-01
3.7549892e+01	1.3087999e-02
3.7571701e+01	1.3922392e-02
3.7593510e+01	3.5162338e-02
3.7615319e+01	-5.3996462e-02
3.7637128e+01	-5.6068938e-02
3.7658937e+01	1.2944731e-01
3.7680746e+01	3.9768106e-02
3.7702555e+01	-2.9911469e-02
3.7724364e+01	1.0610146e-02
3.7746173e+01	-1.0260074e-02
3.7767981e+01	-6.4754049e-02
3.7789790e+01	-6.3267095e-02
3.7811599e+01	-8.3830539e-02
3.7833408e+01	-6.6554292e-02
3.7855217e+01	1.0626739e-02
3.7877026e+01	-1.5705340e-02
3.7898835e+01	1.0076813e-01
3.7920644e+01	2.4194580e-01
3.7942453e+01	6.5918525e-01
3.7964262e+01	4.3414055e-01
3.7986071e+01	3.2581173e-01
3.8007880e+01	1.2796776e-01
3.8029689e+01	8.0168045e-02
3.8051498e+01	3.7614744e-02
3.8073307e+01	-1.0601797e-01
3.8095116e+01	-1.6658947e-01
3.8116925e+01	-7.6300451e-02
3.8138733e+01	9.7801360e-02
3.8160542e+01	2.7540162e-02
3.8182351e+01	3.2910684e-01
3.8204160e+01	5.3049965e-01
3.8225969e+01	6.4856697e-01
3.8247778e+01	1.2205271e+00
3.8269587e+01	1.5457324e+00
3.8291396e+01	2.1086520e+00
3.8313205e+01	2.3956264e+00
3.8335014e+01	2.7801557e+00
3.8356823e+01	3.1737054e+00
3.8378632e+01	3.5658936e+00
3.8400441e+01	3.7475176e+00
3.8422250e+01	3.4371998e+00
3.8444059e+01	3.0065464e+00
3.8465868e+01	2.4425328e+00
3.8487676e+01	1.5245102e+00
3.8509485e+01	7.2130291e-01
3.8531294e+01	4.2671221e-01
3.8553103e+01	3.0355394e-02
3.8574912e+01	-6.7430220e-03
3.8596721e+01	1.1702669e-01
3.8618530e+01	1.2672180e-04
3.8640339e+01	1.1638077e-01
3.8662148e+01	-1.9395070e-01
3.8683957e+01	-1.3178419e-01
3.8705766e+01	-2.1573237e-02
3.8727575e+01	-7.0620662e-02
3.8749384e+01	7.7212206e-02
3.8771193e+01	9.6178631e-02
3.8793002e+01	5.4034760e-02
3.8814811e+01	-5.2042738e-02
3.8836619e+01	-2.4960519e-02
3.8858428e+01	-7.4408049e-02
3.8880237e+01	7.6009607e-02
3.8902046e+01	1.5705624e-01
3.8923855e+01	5.0391444e-02
3.8945664e+01	-3.1058149e-02
3.8967473e+01	-5.5299242e-02
3.8989282e+01	-2.6332591e-01
3.9011091e+01	5.3178553e-02
3.9032900e+01	9.2504351e-02
3.9054709e+01	7.4263305e-02
3.9076518e+01	1.8181631e-01
3.9098327e+01	-3.7877213e-03
3.9120136e+01	-1.4024882e-02
3.9141945e+01	-8.6279206e-02
3.9163754e+01	7.0228677e-04
3.9185562e+01	2.3464122e-01
3.9207371e+01	-2.0654915e-01
3.9229180e+01	-5.8551704e-02
3.9250989e+01	1.3414162e-01
3.9272798e+01	-2.6379083e-03
3.9294607e+01	-3.2476553e-02
3.9316416e+01	-1.8499778e-01
3.9338225e+01	-2.1619154e-02
3.9360034e+01	3.2351334e-02
3.9381843e+01	5.8487727e-02
3.9403652e+01	4.5308291e-02
3.9425461e+01	1.0671806e-01
3.9447270e+01	1.7315635e-01
3.9469079e+01	1.4360651e-01
3.9490888e+01	7.7077090e-02
3.9512697e+01	-2.8481105e-02
3.9534505e+01	-1.5982615e-01
3.9556314e+01	-1.6506840e-01
3.9578123e+01	-6.1198718e-02
3.9599932e+01	8.2879242e-02
3.9621741e+01	5.2077028e-01
3.9643550e+01	5.4561379e-01
3.9665359e+01	9.9895877e-01
3.9687168e+01	1.3135856e+00
3.9708977e+01	1.4528035e+00
3.9730786e+01	1.6089589e+00
3.9752595e+01	1.9876741e+00
3.9774404e+01	1.9733045e+00
3.9796213e+01	2.7134044e+00
3.9818022e+01	3.1803460e+00
3.9839831e+01	3.1889859e+00
3.9861640e+01	2.7250902e+00
3.9883449e+01	2.4896174e+00
3.9905257e+01	2.0820428e+00
3.9927066e+01	1.5371516e+00
3.9948875e+01	9.0492932e-01
3.9970684e+01	4.7096819e-01
3.9992493e+01	1.3582257e-01
4.0014302e+01	1.0327414e-01
4.0036111e+01	1.0265185e-01
4.0057920e+01	-1.1917910e-01
4.0079729e+01	-1.8260657e-01
4.0101538e+01	-1.3301491e-01
4.0123347e+01	1.0110734e-01
4.0145156e+01	3.0852838e-01
4.0166965e+01	4.2345074e-01
4.0188774e+01	1.3957156e-01
4.0210583e+01	-5.7124700e-02
4.0232392e+01	-7.6482633e-02
4.0254200e+01	-1.5863206e-02
4.0276009e+01	-9.0027359e-02
4.0297818e+01	2.8605722e-01
4.0319627e+01	9.7778452e-02
4.0341436e+01	-2.3458909e-02
4.0363245e+01	-1.9502799e-02
4.0385054e+01	9.2282196e-02
4.0406863e+01	-4.0375988e-02
4.0428672e+01	7.3024018e-03
4.0450481e+01	9.1093356e-02
4.0472290e+01	-6.2357063e-02
4.0494099e+01	-4.0851112e-02
4.0515908e+01	-3.1764975e-02
4.0537717e+01	-6.9299758e-02
4.0559526e+01	-4.4052376e-02
4.0581335e+01	1.9994180e-01
4.0603143e+01	9.3013217e-02
4.0624952e+01	9.3718164e-02
4.0646761e+01	-9.5412880e-03
4.0668570e+01	-1.0270342e-01
4.0690379e+01	2.0598166e-02
4.0712188e+01	1.0127006e-01
4.0733997e+01	-1.9618471e-01
4.0755806e+01	-5.3250381e-02
4.0777615e+01	7.3785231e-02
4.0799424e+01	1.3005787e-02
4.0821233e+01	1.6936116e-01
4.0843042e+01	-1.0421128e-01
4.0864851e+01	-1.3023952e-02
4.0886660e+01	1.8130418e-01
4.0908469e+01	-1.2001216e-01
4.0930278e+01	-1.5155759e-01
4.0952086e+01	5.5894511e-02
4.0973895e+01	6.7099615e-02
4.0995704e+01	3.3121525e-01
4.1017513e+01	-6.8388526e-05
4.1039322e+01	-1.0837726e-01
4.1061131e+01	8.1547947e-02
4.1082940e+01	1.8133293e-01
4.1104749e+01	3.5826325e-02
4.1126558e+01	-1.1187176e-01
4.1148367e+01	-1.3255769e-02
4.1170176e+01	1.3026773e-01
4.1191985e+01	-5.6411446e-02
4.1213794e+01	-1.3555588e-01
4.1235603e+01	-1.2840285e-02
4.1257412e+01	5.9952011e-02
4.1279221e+01	-2.0105754e-02
4.1301029e+01	6.5545935e-02
4.1322838e+01	9.0648207e-02
4.1344647e+01	2.8518802e-02
4.1366456e+01	-2.2597138e-01
4.1388265e+01	-4.2445454e-02
4.1410074e+01	1.2709183e-01
4.1431883e+01	-4.8767045e-02
4.1453692e+01	3.2831231e-02
4.1475501e+01	1.3073495e-01
4.1497310e+01	1.1102278e-01
4.1519119e+01	-1.0326827e-02
4.1540928e+01	-1.0787831e-01
4.1562737e+01	-1.3802928e-01
4.1584546e+01	2.7636378e-02
4.1606355e+01	2.9513765e-01
4.1628164e+01	7.4616718e-02
4.1649972e+01	-1.6697526e-01
4.1671781e+01	-9.2560241e-02
4.1693590e+01	9.6428575e-02
4.1715399e+01	1.2976906e-01
4.1737208e+01	3.0383811e-01
4.1759017e+01	7.3206592e-02
4.1780826e+01	-1.4470146e-01
4.1802635e+01	2.7594548e-02
4.1824444e+01	2.7128448e-01
4.1846253e+01	-1.1453223e-02
4.1868062e+01	2.8069196e-01
4.1889871e+01	3.9135190e-01
4.1911680e+01	3.8826752e-01
4.1933489e+01	1.2277939e-01
4.1955298e+01	1.6277020e-02
4.1977107e+01	-8.6907070e-02
4.1998916e+01	-2.3045051e-01
4.2020724e+01	7.3922653e-02
4.2042533e+01	2.4744904e-01
4.2064342e+01	-1.3210931e-02
4.2086151e+01	-1.8640515e-01
4.2107960e+01	-5.3115632e-02
4.2129769e+01	1.7841809e-01
4.2151578e+01	1.2986245e-01
4.2173387e+01	2.2756598e-01
4.2195196e+01	1.0186394e-01
4.2217005e+01	2.7006119e-01
4.2238814e+01	7.7392647e-02
4.2260623e+01	-1.2447293e-01
4.2282432e+01	-4.5949719e-02
4.2304241e+01	2.2827035e-02
4.2326050e+01	-1.1943084e-01
4.2347859e+01	-3.6847100e-01
4.2369667e+01	1.4370761e-02
4.2391476e+01	6.4852033e-02
4.2413285e+01	1.6148354e-01
4.2435094e+01	1.5436493e-01
4.2456903e+01	4.9777789e-01
4.2478712e+01	5.4915341e-01
4.2500521e+01	8.1282182e-01
4.2522330e+01	1.3490538e+00
4.2544139e+01	1.6888902e+00
4.2565948e+01	1.8680536e+00
4.2587757e+01	2.0654067e+00
4.2609566e+01	1.9954994e+00
4.2631375e+01	1.5994273e+00
4.2653184e+01	1.3545040e+00
4.2674993e+01	6.4781046e-01
4.2696802e+01	5.1326624e-01
4.2718610e+01	1.9366707e-01
4.2740419e+01	-3.6800985e-03
4.2762228e+01	-1.4742487e-01
4.2784037e+01	2.1567965e-01
4.2805846e+01	5.1393431e-02
4.2827655e+01	1.9963253e-01
4.2849464e+01	2.7881879e-01
4.2871273e+01	-6.2563583e-02
4.2893082e+01	-2.1718693e-01
4.2914891e+01	-1.3649864e-01
4.2936700e+01	3.7365547e-01
4.2958509e+01	1.6028841e-01
4.2980318e+01	-1.8038399e-01
4.3002127e+01	1.1673340e-01
4.3023936e+01	3.0045446e-01
4.3045745e+01	2.6686359e-01
4.3067553e+01	4.6671130e-02
4.3089362e+01	5.5180122e-02
4.3111171e+01	2.6965150e-02
4.3132980e+01	2.2803119e-02
4.3154789e+01	-1.4820365e-01
4.3176598e+01	8.6275498e-02
4.3198407e+01	1.1823523e-01
4.3220216e+01	-2.0651169e-02
4.3242025e+01	-5.2479577e-02
4.3263834e+01	-2.8798109e-01
4.3285643e+01	2.8782597e-01
4.3307452e+01	-1.0216379e-02
4.3329261e+01	1.9942707e-02
4.3351070e+01	1.2623621e-01
4.3372879e+01	4.4433731e-01
4.3394688e+01	8.7355113e-01
4.3416496e+01	1.0624917e+00
4.3438305e+01	8.9734220e-01
4.3460114e+01	1.1508476e+00
4.3481923e+01	1.0330730e+00
4.3503732e+01	8.0634553e-01
4.3525541e+01	6.5667821e-01
4.3547350e+01	4.1201128e-02
4.3569159e+01	-6.6583666e-02
4.3590968e+01	-6.6788273e-03
4.3612777e+01	3.7419798e-01
4.3634586e+01	8.7068421e-02
4.3656395e+01	4.7661859e-01
4.3678204e+01	1.1816168e+00
4.3700013e+01	1.3768827e+00
4.3721822e+01	1.8800377e+00
4.3743631e+01	2.0647264e+00
4.3765439e+01	3.3702922e+00
4.3787248e+01	4.0167177e+00
4.3809057e+01	4.7154545e+00
4.3830866e+01	5.5118961e+00
4.3852675e+01	6.8639009e+00
4.3874484e+01	6.5979536e+00
4.3896293e+01	6.8011176e+00
4.3918102e+01	6.7391045e+00
4.3939911e+01	5.9305488e+00
4.3961720e+01	4.5723600e+00
4.3983529e+01	3.2751946e+00
4.4005338e+01	2.5237153e+00
4.4027147e+01	1.5425794e+00
4.4048956e+01	7.2331056e-01
4.4070765e+01	1.1964328e-01
4.4092574e+01	-5.4009316e-03
4.4114383e+01	-2.8402113e-02
4.4136191e+01	1.9687647e-01
4.4158000e+01	-7.4977347e-02
4.4179809e+01	-1.7142712e-01
4.4201618e+01	-2.0145256e-01
4.4223427e+01	2.8616804e-02
4.4245236e+01	5.2069503e-02
4.4267045e+01	8.3386812e-02
4.4288854e+01	5.8725822e-02
4.4310663e+01	-6.0666565e-02
4.4332472e+01	1.3851460e-01
4.4354281e+01	-1.5326015e-02
4.4376090e+01	-2.7776207e-02
4.4397899e+01	-3.9214409e-02
4.4419708e+01	1.3356518e-01
4.4441517e+01	-1.9912105e-02
4.4463326e+01	1.1713313e-01
4.4485134e+01	-1.0083525e-02
4.4506943e+01	-6.7323790e-02
4.4528752e+01	-3.2322464e-01
4.4550561e+01	5.4129611e-02
4.4572370e+01	7.4804803e-02
4.4594179e+01	2.3263233e-01
4.4615988e+01	3.5316744e-01
4.4637797e+01	-1.7405603e-01
4.4659606e+01	6.5427901e-02
4.4681415e+01	3.6300403e-01
4.4703224e+01	6.4084450e-01
4.4725033e+01	1.3188865e-01
4.4746842e+01	3.6086180e-01
4.4768651e+01	4.9835342e-02
4.4790460e+01	1.9934786e-01
4.4812269e+01	4.5033764e-02
4.4834077e+01	3.9581468e-02
4.4855886e+01	-3.0165134e-01
4.4877695e+01	-9.8000365e-02
4.4899504e+01	6.5871755e-02
4.4921313e+01	-2.0062176e-03
4.4943122e+01	9.9350600e-02
4.4964931e+01	-1.5863414e-01
4.4986740e+01	1.6881448e-01