Image file: \\Gfs05\g45\SAXS\2020_12\HDF5\2020-12.10_Kevin_day2_SN\2020-12-10_Max_Cu123_SN_000017_data_000056.h5
ImageIntegration1d_chi_output; Output_Directory= \\Gfs05\g45\SAXS\2020_12\Processed\2020-12-09_Kevin_day1_SN\Chi-Sample-7
Profile = Radial, StartAzimuth = 0.0, EndAzimuth = 360.0, Sam_Det_distance = 250.818474293, InnerRadius = 15.0, OuterRadius = 2400.0, Lambda = 30, Ratio = 0.001, Itermax = 100
2400
2.0013229e+00	2.0431835e-02
2.0231319e+00	5.0293462e-02
2.0449408e+00	5.2189674e-02
2.0667497e+00	-1.8843426e-01
2.0885587e+00	-1.2740060e-01
2.1103676e+00	4.9360542e-02
2.1321765e+00	1.1020061e-01
2.1539855e+00	7.6070357e-02
2.1757944e+00	1.3941654e-01
2.1976034e+00	-7.1157081e-02
2.2194123e+00	-1.3319029e-01
2.2412212e+00	-7.3501292e-02
2.2630302e+00	1.2252286e-02
2.2848391e+00	1.5326953e-01
2.3066480e+00	6.2576891e-02
2.3284570e+00	-4.8733573e-02
2.3502659e+00	-6.3926333e-02
2.3720749e+00	-3.5698878e-02
2.3938838e+00	-1.6549200e-02
2.4156927e+00	5.5641606e-03
2.4375017e+00	1.2464588e-01
2.4593106e+00	2.8328243e-01
2.4811196e+00	9.2762194e-02
2.5029285e+00	-1.5158866e-01
2.5247374e+00	5.0589051e-02
2.5465464e+00	6.3003379e-02
2.5683553e+00	-1.3644363e-01
2.5901642e+00	-1.0657531e-01
2.6119732e+00	2.6506401e-01
2.6337821e+00	8.8281367e-02
2.6555911e+00	-1.6893280e-01
2.6774000e+00	4.1272843e-02
2.6992089e+00	4.9483656e-02
2.7210179e+00	6.7355562e-02
2.7428268e+00	9.1097452e-03
2.7646358e+00	-1.0043993e-01
2.7864447e+00	1.5358725e-01
2.8082536e+00	1.9724830e-02
2.8300626e+00	-1.1816744e-02
2.8518715e+00	-1.7239944e-02
2.8736804e+00	-1.2908871e-01
2.8954894e+00	-8.1882746e-02
2.9172983e+00	8.4785086e-02
2.9391073e+00	6.6904076e-02
2.9609162e+00	4.1824241e-02
2.9827251e+00	6.3975863e-02
3.0045341e+00	1.9962580e-02
3.0263430e+00	-5.2677911e-02
3.0481519e+00	8.3796253e-02
3.0699609e+00	6.1031419e-02
3.0917698e+00	-2.5086337e-01
3.1135788e+00	4.6852619e-02
3.1353877e+00	6.2922239e-02
3.1571966e+00	-2.9663892e-01
3.1790056e+00	-6.0000364e-03
3.2008145e+00	1.5898570e-01
3.2226235e+00	1.3286087e-01
3.2444324e+00	-3.0071798e-03
3.2662413e+00	-1.5166233e-02
3.2880503e+00	-5.3464938e-02
3.3098592e+00	2.6523183e-02
3.3316681e+00	1.9976033e-01
3.3534771e+00	1.7894419e-01
3.3752860e+00	-1.4247110e-01
3.3970950e+00	-1.0368862e-01
3.4189039e+00	-1.8363491e-02
3.4407128e+00	-1.4110729e-02
3.4625218e+00	-6.6416862e-03
3.4843307e+00	2.6446025e-01
3.5061396e+00	1.4902586e-01
3.5279486e+00	-8.0524869e-03
3.5497575e+00	-2.2963108e-01
3.5715665e+00	-7.3227061e-02
3.5933754e+00	9.3446783e-02
3.6151843e+00	-1.8967573e-03
3.6369933e+00	1.6536524e-01
3.6588022e+00	-1.1892217e-01
3.6806112e+00	1.0997886e-01
3.7024201e+00	1.1186807e-01
3.7242290e+00	-2.2129533e-02
3.7460380e+00	-5.6920483e-02
3.7678469e+00	-4.4808128e-02
3.7896558e+00	-2.1609893e-02
3.8114648e+00	-8.9689085e-02
3.8332737e+00	1.4089285e-01
3.8550827e+00	-1.3017162e-02
3.8768916e+00	7.2355584e-02
3.8987005e+00	8.4077303e-02
3.9205095e+00	-9.2519027e-02
3.9423184e+00	-1.1967755e-01
3.9641273e+00	-1.2643365e-01
3.9859363e+00	4.7663376e-02
4.0077452e+00	7.1106608e-02
4.0295542e+00	3.1780319e-01
4.0513631e+00	1.2046711e-01
4.0731720e+00	-1.3177158e-01
4.0949810e+00	2.5637331e-02
4.1167899e+00	8.3943328e-02
4.1385989e+00	-1.0741925e-01
4.1604078e+00	-5.6726987e-02
4.1822167e+00	1.0028201e-01
4.2040257e+00	9.6968115e-02
4.2258346e+00	-7.8561764e-02
4.2476435e+00	9.6305809e-02
4.2694525e+00	-6.9308312e-02
4.2912614e+00	3.4003189e-02
4.3130704e+00	6.1349548e-02
4.3348793e+00	-1.3111528e-01
4.3566882e+00	-1.9204098e-01
4.3784972e+00	1.3634515e-01
4.4003061e+00	3.9154179e-02
4.4221151e+00	9.1949396e-02
4.4439240e+00	1.3316455e-01
4.4657329e+00	-1.5776970e-01
4.4875419e+00	-7.7371450e-02
4.5093508e+00	2.7448173e-02
4.5311597e+00	4.8154774e-02
4.5529687e+00	4.4675881e-04
4.5747776e+00	1.6295546e-01
4.5965866e+00	-3.8511647e-02
4.6183955e+00	-8.1542760e-02
4.6402044e+00	-1.5819385e-01
4.6620134e+00	-2.4215066e-02
4.6838223e+00	2.2201496e-02
4.7056312e+00	8.3859429e-02
4.7274402e+00	2.7747163e-02
4.7492491e+00	8.4716841e-02
4.7710581e+00	-1.4042850e-01
4.7928670e+00	-6.8335956e-02
4.8146759e+00	1.2554225e-01
4.8364849e+00	1.7166240e-01
4.8582938e+00	-7.2293168e-02
4.8801028e+00	1.1491947e-01
4.9019117e+00	7.4883685e-02
4.9237206e+00	-4.3593310e-02
4.9455296e+00	-1.6773244e-01
4.9673385e+00	-7.2648003e-02
4.9891474e+00	-9.8210267e-02
5.0109564e+00	-7.8991228e-02
5.0327653e+00	1.4061759e-01
5.0545743e+00	1.3459407e-02
5.0763832e+00	1.0758729e-01
5.0981921e+00	1.7789453e-01
5.1200011e+00	-3.5327679e-02
5.1418100e+00	4.3608316e-02
5.1636189e+00	-1.8972477e-01
5.1854279e+00	-9.3977668e-02
5.2072368e+00	2.2600802e-01
5.2290458e+00	3.1138406e-01
5.2508547e+00	1.2878816e-01
5.2726636e+00	-4.4365680e-02
5.2944726e+00	1.8021025e-02
5.3162815e+00	-1.7635985e-01
5.3380905e+00	5.6598212e-02
5.3598994e+00	-6.6621642e-02
5.3817083e+00	5.2369521e-03
5.4035173e+00	1.7825171e-01
5.4253262e+00	9.1812058e-02
5.4471351e+00	2.3417138e-01
5.4689441e+00	-4.9581879e-02
5.4907530e+00	-2.7084953e-01
5.5125620e+00	-3.4654147e-02
5.5343709e+00	6.0438044e-02
5.5561798e+00	-6.4305776e-03
5.5779888e+00	1.2120138e-01
5.5997977e+00	3.1590743e-01
5.6216066e+00	1.4448371e-02
5.6434156e+00	-7.3492360e-02
5.6652245e+00	2.9570118e-03
5.6870335e+00	6.5881685e-02
5.7088424e+00	7.7502429e-02
5.7306513e+00	1.9837336e-02
5.7524603e+00	-2.2767608e-01
5.7742692e+00	2.1273013e-02
5.7960782e+00	3.3780165e-01
5.8178871e+00	1.1861452e-01
5.8396960e+00	-4.1686844e-02
5.8615050e+00	-6.5263595e-02
5.8833139e+00	6.0345174e-02
5.9051228e+00	3.6661344e-01
5.9269318e+00	1.5138923e-01
5.9487407e+00	-4.1182355e-02
5.9705497e+00	-2.7884630e-02
5.9923586e+00	7.7171347e-02
6.0141675e+00	-1.2703251e-01
6.0359765e+00	-1.2272132e-01
6.0577854e+00	-7.9032932e-02
6.0795944e+00	7.4984438e-02
6.1014033e+00	3.0219683e-02
6.1232122e+00	6.3181336e-02
6.1450212e+00	-3.6717106e-02
6.1668301e+00	-3.9710311e-02
6.1886390e+00	7.7163445e-02
6.2104480e+00	2.3180207e-01
6.2322569e+00	2.4061641e-02
6.2540659e+00	6.6084292e-02
6.2758748e+00	-4.4290750e-02
6.2976837e+00	-9.4805490e-02
6.3194927e+00	-5.1734058e-02
6.3413016e+00	1.6970376e-02
6.3631105e+00	-9.4420337e-02
6.3849195e+00	5.7812010e-03
6.4067284e+00	-2.0792487e-02
6.4285374e+00	3.7620710e-02
6.4503463e+00	1.3543752e-01
6.4721552e+00	6.6006775e-02
6.4939642e+00	5.7115256e-02
6.5157731e+00	-2.5826986e-02
6.5375821e+00	-1.1553556e-01
6.5593910e+00	-1.6598068e-01
6.5811999e+00	-4.7715095e-03
6.6030089e+00	1.3973429e-02
6.6248178e+00	9.4905490e-02
6.6466267e+00	1.3862217e-01
6.6684357e+00	-8.3990249e-02
6.6902446e+00	1.8888316e-02
6.7120536e+00	4.8224341e-02
6.7338625e+00	3.4116142e-02
6.7556714e+00	-1.4339232e-01
6.7774804e+00	8.1886889e-02
6.7992893e+00	1.3685738e-01
6.8210982e+00	-1.3820254e-01
6.8429072e+00	-3.8027941e-03
6.8647161e+00	-3.4301609e-02
6.8865251e+00	4.9696385e-02
6.9083340e+00	2.8947044e-01
6.9301429e+00	4.5157074e-02
6.9519519e+00	-1.3332563e-01
6.9737608e+00	-1.4459094e-02
6.9955698e+00	-1.5688261e-01
7.0173787e+00	3.2196807e-01
7.0391876e+00	3.2241159e-01
7.0609966e+00	1.7688223e-01
7.0828055e+00	8.2946540e-02
7.1046144e+00	-8.7827097e-02
7.1264234e+00	5.1232045e-02
7.1482323e+00	1.6142013e-02
7.1700413e+00	7.7987737e-02
7.1918502e+00	2.1996219e-02
7.2136591e+00	-1.8925536e-02
7.2354681e+00	-9.7289871e-02
7.2572770e+00	-9.2357331e-03
7.2790859e+00	6.6073719e-02
7.3008949e+00	-2.4117115e-02
7.3227038e+00	-1.3727572e-01
7.3445128e+00	1.7098820e-02
7.3663217e+00	1.7194821e-01
7.3881306e+00	8.4605420e-02
7.4099396e+00	-2.1660347e-02
7.4317485e+00	-2.8853833e-04
7.4535575e+00	-2.6066606e-01
7.4753664e+00	-5.1962230e-03
7.4971753e+00	1.1412154e-01
7.5189843e+00	5.6828064e-03
7.5407932e+00	-5.3370369e-02
7.5626021e+00	6.5874932e-02
7.5844111e+00	2.8946520e-01
7.6062200e+00	3.0157745e-01
7.6280290e+00	-3.3654374e-03
7.6498379e+00	-1.9007459e-01
7.6716468e+00	-1.0433079e-02
7.6934558e+00	1.9462981e-01
7.7152647e+00	1.6397925e-01
7.7370737e+00	2.3676627e-02
7.7588826e+00	5.8727214e-02
7.7806915e+00	2.3252016e-01
7.8025005e+00	-1.5889669e-02
7.8243094e+00	-2.1851226e-01
7.8461183e+00	1.2151629e-02
7.8679273e+00	4.5311097e-01
7.8897362e+00	3.2167343e-01
7.9115452e+00	-2.0200137e-01
7.9333541e+00	-7.7925843e-03
7.9551630e+00	4.6907598e-01
7.9769720e+00	5.0954019e-02
7.9987809e+00	2.8792184e-01
8.0205898e+00	7.0088071e-01
8.0423988e+00	3.4385972e-01
8.0642077e+00	1.9013394e-01
8.0860167e+00	1.7487716e-01
8.1078256e+00	-2.1571537e-02
8.1296345e+00	-1.4921261e-01
8.1514435e+00	-1.2831093e-01
8.1732524e+00	6.7199294e-02
8.1950614e+00	6.1840803e-02
8.2168703e+00	-6.5111966e-02
8.2386792e+00	-3.1052201e-02
8.2604882e+00	1.0534393e-01
8.2822971e+00	-1.6805718e-01
8.3041060e+00	1.6569617e-01
8.3259150e+00	1.9446453e-01
8.3477239e+00	-1.0646530e-01
8.3695329e+00	1.7884942e-01
8.3913418e+00	3.1226308e-01
8.4131507e+00	-6.7426551e-02
8.4349597e+00	-1.6179161e-01
8.4567686e+00	-3.7250210e-03
8.4785775e+00	-2.8154718e-02
8.5003865e+00	1.3550140e-01
8.5221954e+00	-2.4505593e-02
8.5440044e+00	-2.3641050e-02
8.5658133e+00	-7.2296975e-02
8.5876222e+00	-6.0147826e-02
8.6094312e+00	3.2165505e-02
8.6312401e+00	8.4543650e-02
8.6530491e+00	-6.0338231e-02
8.6748580e+00	7.3569311e-02
8.6966669e+00	8.1137593e-02
8.7184759e+00	9.7413806e-02
8.7402848e+00	4.4639745e-01
8.7620937e+00	4.2764415e-01
8.7839027e+00	6.4373509e-03
8.8057116e+00	-7.8313255e-02
8.8275206e+00	-5.6051230e-02
8.8493295e+00	-1.9976599e-01
8.8711384e+00	-2.5946009e-02
8.8929474e+00	1.2861509e-01
8.9147563e+00	5.4032056e-02
8.9365652e+00	-7.0017581e-02
8.9583742e+00	9.3068857e-02
8.9801831e+00	5.9663615e-02
9.0019921e+00	-1.4600641e-01
9.0238010e+00	-7.6688101e-02
9.0456099e+00	1.0217848e-01
9.0674189e+00	2.5564821e-01
9.0892278e+00	1.3137353e-01
9.1110368e+00	1.1110665e-01
9.1328457e+00	9.3967398e-02
9.1546546e+00	-1.6976378e-01
9.1764636e+00	-2.3156217e-01
9.1982725e+00	-3.5583332e-02
9.2200814e+00	2.3828193e-01
9.2418904e+00	2.7472398e-02
9.2636993e+00	-2.3495648e-02
9.2855083e+00	5.3659068e-02
9.3073172e+00	-8.9827480e-02
9.3291261e+00	4.6824303e-01
9.3509351e+00	3.2992892e-01
9.3727440e+00	1.0154801e-01
9.3945530e+00	1.3077619e-01
9.4163619e+00	-9.5627536e-02
9.4381708e+00	-6.3103013e-02
9.4599798e+00	-9.1708708e-02
9.4817887e+00	1.3461695e-01
9.5035976e+00	-1.3665732e-02
9.5254066e+00	-2.4462362e-02
9.5472155e+00	2.4954560e-01
9.5690245e+00	3.9572619e-02
9.5908334e+00	-9.9450226e-02
9.6126423e+00	-3.6166194e-02
9.6344513e+00	2.5803261e-02
9.6562602e+00	4.4760771e-01
9.6780691e+00	3.2770308e-01
9.6998781e+00	9.9769523e-02
9.7216870e+00	-2.4667416e-02
9.7434960e+00	-7.7197475e-02
9.7653049e+00	2.6002436e-01
9.7871138e+00	3.7297103e-01
9.8089228e+00	1.0900502e-01
9.8307317e+00	-3.4387355e-02
9.8525407e+00	-2.5553181e-02
9.8743496e+00	-2.2647382e-01
9.8961585e+00	-1.3426237e-01
9.9179675e+00	1.2618620e-01
9.9397764e+00	1.4663225e-01
9.9615853e+00	4.9183565e-02
9.9833943e+00	-1.7775909e-02
1.0005203e+01	-1.9371108e-02
1.0027012e+01	1.4203912e-01
1.0048821e+01	-1.2635814e-02
1.0070630e+01	1.3381451e-02
1.0092439e+01	5.3932212e-01
1.0114248e+01	3.7005220e-01
1.0136057e+01	1.6648788e-01
1.0157866e+01	4.5891018e-02
1.0179675e+01	-2.1518274e-01
1.0201484e+01	-1.5332035e-01
1.0223293e+01	1.4141595e-01
1.0245102e+01	-1.4545442e-01
1.0266910e+01	3.2777100e-02
1.0288719e+01	-8.8930489e-02
1.0310528e+01	9.2191091e-02
1.0332337e+01	8.9946222e-01
1.0354146e+01	1.2498248e+00
1.0375955e+01	1.6543826e+00
1.0397764e+01	2.1462725e+00
1.0419573e+01	2.5442165e+00
1.0441382e+01	3.3144623e+00
1.0463191e+01	3.8081278e+00
1.0485000e+01	4.8388049e+00
1.0506809e+01	6.0517375e+00
1.0528618e+01	6.8916083e+00
1.0550427e+01	7.7705974e+00
1.0572236e+01	8.3080924e+00
1.0594045e+01	8.7039853e+00
1.0615853e+01	9.5870270e+00
1.0637662e+01	9.0015603e+00
1.0659471e+01	7.9184061e+00
1.0681280e+01	6.9896222e+00
1.0703089e+01	5.5194615e+00
1.0724898e+01	4.2764759e+00
1.0746707e+01	2.6514752e+00
1.0768516e+01	1.9713132e+00
1.0790325e+01	1.6044699e+00
1.0812134e+01	1.0777421e+00
1.0833943e+01	9.7922171e-01
1.0855752e+01	4.5657752e-01
1.0877561e+01	1.2084441e-01
1.0899370e+01	5.0010154e-02
1.0921179e+01	4.4390993e-02
1.0942988e+01	-6.5539853e-02
1.0964796e+01	-1.5994840e-01
1.0986605e+01	-1.3474538e-01
1.1008414e+01	6.4450513e-03
1.1030223e+01	3.4746714e-01
1.1052032e+01	1.4710566e-01
1.1073841e+01	1.3266264e-01
1.1095650e+01	5.6606296e-01
1.1117459e+01	9.1671173e-01
1.1139268e+01	1.1257847e+00
1.1161077e+01	1.4172195e+00
1.1182886e+01	1.7263169e+00
1.1204695e+01	1.8934387e+00
1.1226504e+01	2.3111245e+00
1.1248313e+01	1.8652200e+00
1.1270122e+01	4.2366108e-01
1.1291931e+01	5.7482352e-02
1.1313740e+01	1.0276629e-01
1.1335548e+01	-6.1364278e-02
1.1357357e+01	9.8797788e-02
1.1379166e+01	1.1710972e-01
1.1400975e+01	-7.4423565e-02
1.1422784e+01	-1.5553107e-01
1.1444593e+01	-1.2919437e-01
1.1466402e+01	-7.3339686e-02
1.1488211e+01	-1.6476790e-01
1.1510020e+01	4.0116458e-02
1.1531829e+01	1.4091206e-01
1.1553638e+01	5.0568293e-02
1.1575447e+01	-6.5153068e-02
1.1597256e+01	-1.2759258e-01
1.1619065e+01	1.5691860e-01
1.1640874e+01	8.5556291e-02
1.1662683e+01	-2.2345640e-01
1.1684491e+01	1.1141929e-01
1.1706300e+01	2.1699363e-01
1.1728109e+01	9.4085787e-02
1.1749918e+01	1.7108995e-01
1.1771727e+01	-7.9576072e-02
1.1793536e+01	-1.8710347e-01
1.1815345e+01	-1.4866221e-01
1.1837154e+01	3.3266050e-01
1.1858963e+01	1.3628681e-01
1.1880772e+01	2.1522402e-02
1.1902581e+01	2.8714311e-02
1.1924390e+01	8.2301956e-02
1.1946199e+01	4.9381595e-02
1.1968008e+01	-9.2174888e-02
1.1989817e+01	9.8090119e-03
1.2011626e+01	1.1164506e-01
1.2033434e+01	-4.9089360e-02
1.2055243e+01	-5.4733220e-02
1.2077052e+01	-2.4407163e-01
1.2098861e+01	-1.4020069e-01
1.2120670e+01	1.5325020e-01
1.2142479e+01	1.2319793e-01
1.2164288e+01	-1.3517732e-02
1.2186097e+01	7.6408872e-02
1.2207906e+01	3.4282598e-02
1.2229715e+01	-3.1644475e-02
1.2251524e+01	1.6311920e-01
1.2273333e+01	1.1334648e-01
1.2295142e+01	-3.7433300e-02
1.2316951e+01	-1.4294214e-01
1.2338760e+01	-4.2954752e-02
1.2360569e+01	2.6670181e-01
1.2382377e+01	3.9786781e-01
1.2404186e+01	3.5715466e-01
1.2425995e+01	-1.2783572e-02
1.2447804e+01	-1.8030660e-01
1.2469613e+01	-2.0455377e-02
1.2491422e+01	1.4570533e-01
1.2513231e+01	3.2625412e-01
1.2535040e+01	3.6298713e-01
1.2556849e+01	-1.1145391e-02
1.2578658e+01	-9.6442421e-02
1.2600467e+01	4.5717228e-02
1.2622276e+01	1.3559628e-01
1.2644085e+01	2.8440255e-01
1.2665894e+01	-9.6739580e-02
1.2687703e+01	-5.9039191e-02
1.2709512e+01	5.2463092e-02
1.2731320e+01	1.1801220e-01
1.2753129e+01	3.1427602e-02
1.2774938e+01	-1.6295710e-01
1.2796747e+01	-6.5025336e-02
1.2818556e+01	9.7272329e-02
1.2840365e+01	2.6668458e-02
1.2862174e+01	-3.0059010e-02
1.2883983e+01	-1.5722448e-01
1.2905792e+01	1.7352090e-02
1.2927601e+01	4.3541518e-02
1.2949410e+01	6.5487480e-02
1.2971219e+01	2.0320398e-02
1.2993028e+01	2.3674675e-01
1.3014837e+01	5.5085628e-01
1.3036646e+01	6.5528051e-01
1.3058455e+01	6.5374435e-01
1.3080264e+01	8.4755067e-01
1.3102072e+01	6.0123833e-01
1.3123881e+01	-5.2836823e-02
1.3145690e+01	1.2061092e-01
1.3167499e+01	3.4449050e-02
1.3189308e+01	2.6454399e-01
1.3211117e+01	5.5436110e-01
1.3232926e+01	6.1427326e-01
1.3254735e+01	5.1242882e-01
1.3276544e+01	1.9464801e-01
1.3298353e+01	-2.2481676e-01
1.3320162e+01	-1.2253568e-01
1.3341971e+01	-1.7357005e-01
1.3363780e+01	6.3268219e-01
1.3385589e+01	7.9080080e-01
1.3407398e+01	7.1690842e-01
1.3429207e+01	8.2828774e-01
1.3451015e+01	6.2787940e-01
1.3472824e+01	6.0646009e-01
1.3494633e+01	5.6054739e-01
1.3516442e+01	4.4392879e-01
1.3538251e+01	1.1281231e-01
1.3560060e+01	4.9966925e-02
1.3581869e+01	1.0645799e-01
1.3603678e+01	2.1877628e-01
1.3625487e+01	-6.4650248e-02
1.3647296e+01	-1.1549006e-01
1.3669105e+01	-7.9216007e-02
1.3690914e+01	7.6994586e-02
1.3712723e+01	1.5620863e-01
1.3734532e+01	-5.9734375e-02
1.3756341e+01	-7.6863812e-02
1.3778150e+01	1.4054370e-01
1.3799958e+01	5.9386336e-02
1.3821767e+01	-1.5347547e-01
1.3843576e+01	9.5941956e-02
1.3865385e+01	8.2754085e-02
1.3887194e+01	-1.7524917e-01
1.3909003e+01	-1.5605650e-01
1.3930812e+01	3.6585033e-02
1.3952621e+01	1.3931518e-01
1.3974430e+01	-1.5563896e-01
1.3996239e+01	-8.3712883e-02
1.4018048e+01	-5.8433182e-02
1.4039857e+01	5.3083716e-02
1.4061666e+01	1.3331874e-01
1.4083475e+01	1.2037200e-01
1.4105284e+01	7.8874610e-02
1.4127093e+01	5.6664300e-02
1.4148901e+01	3.5200691e-02
1.4170710e+01	-3.5907530e-02
1.4192519e+01	-1.1570757e-01
1.4214328e+01	-4.8977233e-02
1.4236137e+01	-5.2495386e-03
1.4257946e+01	3.9036001e-03
1.4279755e+01	3.1995806e-01
1.4301564e+01	4.8820580e-01
1.4323373e+01	3.5242937e-01
1.4345182e+01	2.2724163e-01
1.4366991e+01	7.5020425e-02
1.4388800e+01	-1.5528104e-01
1.4410609e+01	-1.9012213e-01
1.4432418e+01	2.0122776e-02
1.4454227e+01	7.3198679e-02
1.4476036e+01	8.1689423e-02
1.4497844e+01	1.4462577e-02
1.4519653e+01	1.0646562e-01
1.4541462e+01	1.9222908e-02
1.4563271e+01	-4.0434178e-02
1.4585080e+01	-2.5015341e-03
1.4606889e+01	7.1732250e-02
1.4628698e+01	-2.3071130e-02
1.4650507e+01	-5.4213221e-02
1.4672316e+01	1.6369398e-01
1.4694125e+01	-3.6793863e-02
1.4715934e+01	-2.4527504e-01
1.4737743e+01	-9.7816896e-02
1.4759552e+01	-1.7022395e-01
1.4781361e+01	-2.3251235e-01
1.4803170e+01	7.6248320e-03
1.4824979e+01	1.6028594e-01
1.4846787e+01	1.3542855e-01
1.4868596e+01	8.2762974e-02
1.4890405e+01	1.9320827e-01
1.4912214e+01	6.7520584e-02
1.4934023e+01	1.2399189e-01
1.4955832e+01	2.9881645e-01
1.4977641e+01	2.9321889e-02
1.4999450e+01	2.8506442e-01
1.5021259e+01	5.5947298e-01
1.5043068e+01	4.8747216e-01
1.5064877e+01	5.2728610e-01
1.5086686e+01	3.1671816e-01
1.5108495e+01	3.0385530e-02
1.5130304e+01	1.0630352e-01
1.5152113e+01	-1.2054307e-01
1.5173922e+01	-1.1759596e-01
1.5195731e+01	-1.2890488e-01
1.5217539e+01	-9.8520832e-02
1.5239348e+01	-6.0275093e-02
1.5261157e+01	4.3884706e-05
1.5282966e+01	-3.9766586e-02
1.5304775e+01	1.0063035e-01
1.5326584e+01	1.8505159e-01
1.5348393e+01	3.4337319e-01
1.5370202e+01	3.1074142e-01
1.5392011e+01	3.2547519e-01
1.5413820e+01	9.0049724e-02
1.5435629e+01	-1.0756736e-01
1.5457438e+01	-2.4348247e-02
1.5479247e+01	1.4978287e-02
1.5501056e+01	1.8495058e-01
1.5522865e+01	5.2847110e-03
1.5544674e+01	-2.6107817e-01
1.5566482e+01	-1.3139781e-01
1.5588291e+01	4.6388666e-02
1.5610100e+01	8.0660931e-02
1.5631909e+01	1.3962368e-01
1.5653718e+01	-3.3699023e-02
1.5675527e+01	1.0640041e-01
1.5697336e+01	8.5966392e-02
1.5719145e+01	1.2920420e-01
1.5740954e+01	-3.0608018e-02
1.5762763e+01	-2.1175700e-01
1.5784572e+01	2.0902289e-02
1.5806381e+01	-1.7714858e-01
1.5828190e+01	-2.6521077e-02
1.5849999e+01	9.4223275e-02
1.5871808e+01	1.2787464e-02
1.5893617e+01	2.0863983e-02
1.5915425e+01	-4.0315113e-02
1.5937234e+01	-1.0177532e-02
1.5959043e+01	1.0330355e-02
1.5980852e+01	-3.8847889e-02
1.6002661e+01	9.7126560e-02
1.6024470e+01	1.9073495e-01
1.6046279e+01	1.8788295e-02
1.6068088e+01	-8.6567598e-02
1.6089897e+01	-8.7455748e-02
1.6111706e+01	3.9763152e-02
1.6133515e+01	-5.9006535e-03
1.6155324e+01	1.1574422e-03
1.6177133e+01	-8.2861478e-02
1.6198942e+01	3.7541138e-02
1.6220751e+01	3.2194618e-02
1.6242560e+01	1.2149203e-01
1.6264368e+01	-3.5730993e-02
1.6286177e+01	-1.5913390e-01
1.6307986e+01	8.9388366e-02
1.6329795e+01	2.7832292e-02
1.6351604e+01	-2.6463994e-02
1.6373413e+01	9.2047051e-03
1.6395222e+01	1.4650022e-01
1.6417031e+01	-1.5023916e-02
1.6438840e+01	-5.6821017e-02
1.6460649e+01	4.3899960e-03
1.6482458e+01	-1.9982187e-02
1.6504267e+01	-8.7134995e-02
1.6526076e+01	-7.1893246e-02
1.6547885e+01	-5.4871516e-02
1.6569694e+01	-6.3831274e-02
1.6591503e+01	-9.5957374e-02
1.6613311e+01	1.4163966e-01
1.6635120e+01	1.1630265e-01
1.6656929e+01	-1.2963427e-02
1.6678738e+01	4.5797981e-02
1.6700547e+01	1.0303517e-01
1.6722356e+01	3.6959988e-01
1.6744165e+01	5.1206130e-01
1.6765974e+01	7.5066496e-01
1.6787783e+01	9.7533257e-01
1.6809592e+01	9.7868380e-01
1.6831401e+01	6.9644034e-01
1.6853210e+01	5.2989587e-01
1.6875019e+01	1.6677308e-01
1.6896828e+01	-2.7594498e-03
1.6918637e+01	8.9140087e-02
1.6940446e+01	-1.9746861e-01
1.6962254e+01	-1.9509453e-01
1.6984063e+01	-5.6388393e-02
1.7005872e+01	2.9494224e-02
1.7027681e+01	3.4953919e-02
1.7049490e+01	1.2220129e-01
1.7071299e+01	8.7412207e-02
1.7093108e+01	1.0309845e-01
1.7114917e+01	2.4081663e-02
1.7136726e+01	-2.1111994e-01
1.7158535e+01	-2.4305968e-01
1.7180344e+01	3.2985424e-02
1.7202153e+01	1.2109135e-01
1.7223962e+01	2.0731444e-01
1.7245771e+01	2.2611680e-01
1.7267580e+01	-3.6842249e-03
1.7289389e+01	-2.8383201e-02
1.7311198e+01	-1.6146102e-01
1.7333006e+01	-7.7225974e-02
1.7354815e+01	3.2089625e-02
1.7376624e+01	1.0573536e-01
1.7398433e+01	6.2172863e-02
1.7420242e+01	3.0257498e-03
1.7442051e+01	-4.8621767e-02
1.7463860e+01	3.8328042e-03
1.7485669e+01	-9.7791783e-02
1.7507478e+01	3.8218647e-02
1.7529287e+01	2.0752792e-02
1.7551096e+01	-5.4117290e-02
1.7572905e+01	2.9420387e-02
1.7594714e+01	7.0421281e-02
1.7616523e+01	6.9291293e-02
1.7638332e+01	1.1330920e-01
1.7660141e+01	1.0573006e-02
1.7681949e+01	-9.5521532e-02
1.7703758e+01	-1.1871348e-01
1.7725567e+01	-8.8552058e-02
1.7747376e+01	-9.3336510e-02
1.7769185e+01	5.4735412e-02
1.7790994e+01	1.3467594e-01
1.7812803e+01	1.3304445e-01
1.7834612e+01	-3.2634799e-02
1.7856421e+01	-5.7160617e-02
1.7878230e+01	7.9018484e-02
1.7900039e+01	-4.6987074e-02
1.7921848e+01	-1.3879956e-01
1.7943657e+01	1.4633532e-02
1.7965466e+01	5.1795255e-02
1.7987275e+01	-7.6731121e-02
1.8009084e+01	9.8888085e-02
1.8030892e+01	1.5499595e-01
1.8052701e+01	-4.3260467e-02
1.8074510e+01	-5.4105788e-02
1.8096319e+01	2.0515886e-02
1.8118128e+01	-1.7137459e-02
1.8139937e+01	-9.1501042e-02
1.8161746e+01	-3.9282673e-03
1.8183555e+01	2.5412598e-03
1.8205364e+01	-6.1593273e-02
1.8227173e+01	1.0956732e-02
1.8248982e+01	1.3169458e-01
1.8270791e+01	9.1442026e-02
1.8292600e+01	3.8355812e-02
1.8314409e+01	-2.6517613e-02
1.8336218e+01	4.5549039e-02
1.8358027e+01	-1.2177953e-01
1.8379835e+01	-1.6651606e-01
1.8401644e+01	1.9889898e-02
1.8423453e+01	3.2969228e-01
1.8445262e+01	4.4428252e-01
1.8467071e+01	4.6618052e-01
1.8488880e+01	3.8849591e-01
1.8510689e+01	3.8789558e-01
1.8532498e+01	2.2484729e-01
1.8554307e+01	4.4644380e-03
1.8576116e+01	-1.2706258e-01
1.8597925e+01	-8.0141963e-02
1.8619734e+01	8.7626395e-02
1.8641543e+01	1.2014773e-01
1.8663352e+01	2.6470670e-01
1.8685161e+01	2.9416366e-01
1.8706970e+01	1.3199210e-01
1.8728778e+01	6.5574452e-02
1.8750587e+01	2.6101246e-02
1.8772396e+01	-9.1147674e-02
1.8794205e+01	-1.8961199e-01
1.8816014e+01	-3.7650380e-02
1.8837823e+01	-1.2224122e-02
1.8859632e+01	8.5245993e-02
1.8881441e+01	-2.5035709e-02
1.8903250e+01	-2.4221529e-02
1.8925059e+01	-1.0148874e-01
1.8946868e+01	-3.7927314e-03
1.8968677e+01	1.0299189e-01
1.8990486e+01	-2.4742226e-02
1.9012295e+01	-7.5121697e-02
1.9034104e+01	-2.0291913e-02
1.9055913e+01	-4.9849518e-02
1.9077721e+01	9.4545770e-02
1.9099530e+01	1.3475743e-01
1.9121339e+01	3.1492630e-02
1.9143148e+01	-7.8272498e-03
1.9164957e+01	3.2949665e-03
1.9186766e+01	1.7215610e-01
1.9208575e+01	-2.3506948e-03
1.9230384e+01	-1.4249061e-01
1.9252193e+01	-1.5524656e-01
1.9274002e+01	-1.3603087e-01
1.9295811e+01	7.7111988e-02
1.9317620e+01	3.4002181e-01
1.9339429e+01	6.1234321e-01
1.9361238e+01	3.5340863e-01
1.9383047e+01	1.2487743e-01
1.9404856e+01	1.8176881e-01
1.9426665e+01	1.3249923e-01
1.9448473e+01	-1.1203064e-02
1.9470282e+01	-3.1157048e-02
1.9492091e+01	1.0021389e-02
1.9513900e+01	-1.3668759e-01
1.9535709e+01	-1.5904227e-01
1.9557518e+01	-9.9732792e-02
1.9579327e+01	4.9623084e-02
1.9601136e+01	1.4392981e-01
1.9622945e+01	-3.7276451e-02
1.9644754e+01	1.5831464e-02
1.9666563e+01	8.5754774e-02
1.9688372e+01	1.4715309e-01
1.9710181e+01	-5.1168542e-02
1.9731990e+01	-9.9189513e-03
1.9753799e+01	-6.2847812e-02
1.9775608e+01	-1.5318648e-01
1.9797416e+01	-9.6213770e-02
1.9819225e+01	-1.0027334e-01
1.9841034e+01	4.0970556e-03
1.9862843e+01	1.0709893e-01
1.9884652e+01	1.4918540e-01
1.9906461e+01	8.7569486e-02
1.9928270e+01	1.1234447e-01
1.9950079e+01	1.9633962e-01
1.9971888e+01	1.2078950e-01
1.9993697e+01	-1.2540655e-01
2.0015506e+01	-1.1440032e-01
2.0037315e+01	-1.1350347e-01
2.0059124e+01	1.4553511e-02
2.0080933e+01	-1.0931054e-01
2.0102742e+01	-3.1117945e-02
2.0124551e+01	-4.3174487e-02
2.0146359e+01	8.9694794e-02
2.0168168e+01	1.8186652e-01
2.0189977e+01	-6.4962487e-02
2.0211786e+01	-1.0304916e-01
2.0233595e+01	-8.0750372e-02
2.0255404e+01	6.1037767e-02
2.0277213e+01	2.9320055e-01
2.0299022e+01	7.1138276e-01
2.0320831e+01	6.0498400e-01
2.0342640e+01	4.0098685e-01
2.0364449e+01	6.7340278e-01
2.0386258e+01	3.7976598e-01
2.0408067e+01	1.2406963e-01
2.0429876e+01	-1.5161465e-01
2.0451685e+01	5.8140933e-03
2.0473494e+01	1.8665454e-01
2.0495302e+01	4.5850089e-01
2.0517111e+01	4.1898994e-01
2.0538920e+01	3.0618779e-01
2.0560729e+01	2.6214170e-01
2.0582538e+01	1.2100080e-01
2.0604347e+01	-9.3960515e-04
2.0626156e+01	5.6877635e-02
2.0647965e+01	2.5467954e-02
2.0669774e+01	-2.1793177e-02
2.0691583e+01	-1.7410783e-01
2.0713392e+01	-9.2280120e-02
2.0735201e+01	2.6896406e-02
2.0757010e+01	-9.8377031e-02
2.0778819e+01	4.8168888e-02
2.0800628e+01	5.6510509e-02
2.0822437e+01	-1.5631835e-01
2.0844245e+01	7.5816219e-02
2.0866054e+01	-2.5933318e-02
2.0887863e+01	-1.0222839e-01
2.0909672e+01	9.4911498e-02
2.0931481e+01	2.1704293e-02
2.0953290e+01	2.9769247e-01
2.0975099e+01	4.2818386e-01
2.0996908e+01	8.7290782e-01
2.1018717e+01	1.2752302e+00
2.1040526e+01	1.7334039e+00
2.1062335e+01	2.1365407e+00
2.1084144e+01	2.3959605e+00
2.1105953e+01	2.3312322e+00
2.1127762e+01	2.5509476e+00
2.1149571e+01	3.1468056e+00
2.1171380e+01	4.0889721e+00
2.1193188e+01	5.4496869e+00
2.1214997e+01	6.6672099e+00
2.1236806e+01	7.6852139e+00
2.1258615e+01	8.1606888e+00
2.1280424e+01	7.7984715e+00
2.1302233e+01	6.9556378e+00
2.1324042e+01	5.8612116e+00
2.1345851e+01	4.4053187e+00
2.1367660e+01	2.9994240e+00
2.1389469e+01	1.7052514e+00
2.1411278e+01	1.0855438e+00
2.1433087e+01	3.8032190e-01
2.1454896e+01	2.9858683e-02
2.1476705e+01	1.2115188e-01
2.1498514e+01	6.3942320e-01
2.1520323e+01	9.9337190e-01
2.1542132e+01	1.3642362e+00
2.1563940e+01	1.8073713e+00
2.1585749e+01	1.8175325e+00
2.1607558e+01	1.7546360e+00
2.1629367e+01	1.3284469e+00
2.1651176e+01	8.4223663e-01
2.1672985e+01	6.0349326e-01
2.1694794e+01	1.2802007e-01
2.1716603e+01	-8.0092851e-02
2.1738412e+01	-8.9262646e-02
2.1760221e+01	-1.3870998e-01
2.1782030e+01	-4.5499335e-02
2.1803839e+01	1.5895373e-02
2.1825648e+01	1.3273403e-02
2.1847457e+01	-2.3157720e-02
2.1869266e+01	-5.3079061e-02
2.1891075e+01	2.8505751e-02
2.1912883e+01	3.7782945e-02
2.1934692e+01	4.8667501e-02
2.1956501e+01	1.0413715e-01
2.1978310e+01	7.6868714e-02
2.2000119e+01	8.6543049e-03
2.2021928e+01	2.9004622e-02
2.2043737e+01	-9.2583631e-02
2.2065546e+01	-1.2944853e-01
2.2087355e+01	-9.9660254e-02
2.2109164e+01	-1.3196146e-02
2.2130973e+01	1.5953827e-01
2.2152782e+01	8.0904965e-02
2.2174591e+01	2.5116313e-01
2.2196400e+01	1.2324860e-01
2.2218209e+01	1.2203040e-02
2.2240018e+01	-1.8098440e-01
2.2261826e+01	-2.1351558e-01
2.2283635e+01	7.1946423e-02
2.2305444e+01	2.6413569e-01
2.2327253e+01	-8.0916808e-02
2.2349062e+01	2.8240250e-02
2.2370871e+01	5.4179131e-02
2.2392680e+01	-1.4197349e-02
2.2414489e+01	1.5891095e-01
2.2436298e+01	-3.2215996e-02
2.2458107e+01	2.0618088e-02
2.2479916e+01	-4.0613187e-02
2.2501725e+01	8.4826196e-02
2.2523534e+01	1.5639529e-02
2.2545343e+01	-1.8741645e-01
2.2567152e+01	-1.7834424e-01
2.2588961e+01	1.2222987e-01
2.2610769e+01	1.6947835e-01
2.2632578e+01	6.1627884e-02
2.2654387e+01	-2.6404877e-02
2.2676196e+01	2.6983025e-02
2.2698005e+01	-2.1021979e-01
2.2719814e+01	1.2128051e-01
2.2741623e+01	9.9257083e-02
2.2763432e+01	1.3311395e-02
2.2785241e+01	3.1079917e-02
2.2807050e+01	6.9178268e-02
2.2828859e+01	-9.5827455e-02
2.2850668e+01	-1.2435328e-01
2.2872477e+01	-7.4527181e-02
2.2894286e+01	-1.1473917e-01
2.2916095e+01	6.9473693e-02
2.2937904e+01	1.9340181e-01
2.2959712e+01	1.4315398e-01
2.2981521e+01	1.2969325e-01
2.3003330e+01	-1.1732603e-01
2.3025139e+01	-1.0192160e-01
2.3046948e+01	-7.1357529e-02
2.3068757e+01	-7.1453647e-02
2.3090566e+01	8.0773443e-02
2.3112375e+01	3.7264589e-02
2.3134184e+01	1.8363845e-01
2.3155993e+01	1.6001855e-01
2.3177802e+01	-7.2810928e-02
2.3199611e+01	-1.4792676e-01
2.3221420e+01	4.1753988e-02
2.3243229e+01	-1.5560494e-01
2.3265038e+01	-1.3360911e-01
2.3286847e+01	7.3704686e-02
2.3308655e+01	1.3688419e-01
2.3330464e+01	1.7364371e-01
2.3352273e+01	-3.7376819e-02
2.3374082e+01	-1.1985503e-01
2.3395891e+01	1.6288415e-03
2.3417700e+01	6.8446014e-03
2.3439509e+01	-6.6157169e-02
2.3461318e+01	-1.6198680e-02
2.3483127e+01	-4.3358268e-02
2.3504936e+01	6.4650261e-02
2.3526745e+01	2.2215389e-01
2.3548554e+01	4.5223260e-01
2.3570363e+01	7.8235819e-01
2.3592172e+01	1.1536680e+00
2.3613981e+01	1.2369334e+00
2.3635790e+01	1.7837968e+00
2.3657599e+01	2.5489684e+00
2.3679407e+01	3.3171546e+00
2.3701216e+01	4.4720038e+00
2.3723025e+01	5.4866692e+00
2.3744834e+01	6.4924673e+00
2.3766643e+01	7.0624164e+00
2.3788452e+01	8.1905958e+00
2.3810261e+01	8.9877978e+00
2.3832070e+01	8.7743779e+00
2.3853879e+01	8.2322363e+00
2.3875688e+01	7.3670004e+00
2.3897497e+01	6.1236685e+00
2.3919306e+01	4.8145151e+00
2.3941115e+01	3.8096363e+00
2.3962924e+01	2.6762186e+00
2.3984733e+01	1.7998503e+00
2.4006542e+01	8.9002870e-01
2.4028350e+01	3.6605623e-01
2.4050159e+01	9.7148189e-02
2.4071968e+01	2.3969843e-02
2.4093777e+01	-4.8885593e-02
2.4115586e+01	-4.2477510e-03
2.4137395e+01	2.5866793e-02
2.4159204e+01	6.2267892e-02
2.4181013e+01	1.4024637e-02
2.4202822e+01	-3.2491638e-01
2.4224631e+01	-7.6182118e-02
2.4246440e+01	1.2326300e-01
2.4268249e+01	-2.1980363e-02
2.4290058e+01	6.9659739e-02
2.4311867e+01	1.2595344e-01
2.4333676e+01	-1.1648274e-01
2.4355485e+01	-1.1356320e-01
2.4377293e+01	-9.7466704e-02
2.4399102e+01	7.9324258e-02
2.4420911e+01	7.9569891e-02
2.4442720e+01	1.2659301e-01
2.4464529e+01	-4.1752720e-02
2.4486338e+01	-1.5455417e-01
2.4508147e+01	1.9357808e-01
2.4529956e+01	1.3451817e-01
2.4551765e+01	1.7499963e-01
2.4573574e+01	3.6881456e-01
2.4595383e+01	3.6855996e-01
2.4617192e+01	5.2076057e-01
2.4639001e+01	7.9099305e-01
2.4660810e+01	3.6861564e-01
2.4682619e+01	-4.2564489e-03
2.4704428e+01	-9.6724758e-02
2.4726236e+01	-1.3429812e-01
2.4748045e+01	-1.7432042e-01
2.4769854e+01	1.5465696e-01
2.4791663e+01	7.9744309e-02
2.4813472e+01	1.6549811e-03
2.4835281e+01	1.7825367e-01
2.4857090e+01	-1.9740043e-03
2.4878899e+01	-2.3083175e-01
2.4900708e+01	-9.1315536e-02
2.4922517e+01	9.0677045e-02
2.4944326e+01	6.7874020e-02
2.4966135e+01	1.0691135e-01
2.4987944e+01	-3.1839056e-02
2.5009753e+01	-1.8320206e-01
2.5031562e+01	8.0475253e-02
2.5053371e+01	7.6602529e-02
2.5075179e+01	-9.6705383e-02
2.5096988e+01	-7.9225587e-02
2.5118797e+01	8.4890118e-02
2.5140606e+01	2.1202449e-01
2.5162415e+01	-2.2232283e-02
2.5184224e+01	-1.1689442e-01
2.5206033e+01	3.7301424e-02
2.5227842e+01	9.2728965e-02
2.5249651e+01	-7.0572433e-02
2.5271460e+01	-3.1206372e-02
2.5293269e+01	1.2363162e-01
2.5315078e+01	-1.6037304e-02
2.5336887e+01	1.1741007e-01
2.5358696e+01	-3.7683918e-02
2.5380505e+01	-8.2188229e-03
2.5402314e+01	-1.6900590e-02
2.5424123e+01	-7.9369474e-02
2.5445931e+01	-9.8793807e-02
2.5467740e+01	1.6198943e-01
2.5489549e+01	3.4211186e-02
2.5511358e+01	-2.4215134e-02
2.5533167e+01	-9.8822285e-02
2.5554976e+01	4.3248656e-02
2.5576785e+01	4.2687485e-02
2.5598594e+01	9.1882395e-02
2.5620403e+01	4.3631475e-02
2.5642212e+01	-8.8581256e-02
2.5664021e+01	-1.5487600e-01
2.5685830e+01	-3.7070492e-02
2.5707639e+01	-3.8578998e-02
2.5729448e+01	-4.4997602e-02
2.5751257e+01	6.2912069e-02
2.5773066e+01	2.2820828e-02
2.5794874e+01	1.2222065e-02
2.5816683e+01	1.5112446e-01
2.5838492e+01	1.3859038e-02
2.5860301e+01	-9.7167073e-02
2.5882110e+01	-5.0388157e-03
2.5903919e+01	-2.9718438e-02
2.5925728e+01	1.0723659e-01
2.5947537e+01	4.1878890e-01
2.5969346e+01	7.5017492e-01
2.5991155e+01	1.0458203e+00
2.6012964e+01	1.2584418e+00
2.6034773e+01	1.6239191e+00
2.6056582e+01	1.4184807e+00
2.6078391e+01	1.5007685e+00
2.6100200e+01	1.4001241e+00
2.6122009e+01	1.0610951e+00
2.6143817e+01	8.6831326e-01
2.6165626e+01	5.7622824e-01
2.6187435e+01	2.1935170e-01
2.6209244e+01	9.1221057e-02
2.6231053e+01	1.5706285e-02
2.6252862e+01	-2.1896301e-03
2.6274671e+01	-1.7557416e-01
2.6296480e+01	-5.5523876e-02
2.6318289e+01	-1.1419891e-01
2.6340098e+01	-4.9599033e-02
2.6361907e+01	-8.8692526e-02
2.6383716e+01	-5.6046834e-02
2.6405525e+01	3.5688771e-02
2.6427334e+01	1.7156681e-01
2.6449143e+01	1.5079578e-01
2.6470952e+01	1.7448679e-01
2.6492760e+01	-1.0020160e-01
2.6514569e+01	-9.1339614e-02
2.6536378e+01	4.6290377e-02
2.6558187e+01	3.6082416e-02
2.6579996e+01	6.5541786e-02
2.6601805e+01	5.7342972e-01
2.6623614e+01	6.2396780e-01
2.6645423e+01	6.6093528e-01
2.6667232e+01	7.7918535e-01
2.6689041e+01	6.6972317e-01
2.6710850e+01	6.1765890e-01
2.6732659e+01	2.1611770e-01
2.6754468e+01	-5.6113387e-02
2.6776277e+01	-1.2087331e-01
2.6798086e+01	-1.4207302e-01
2.6819895e+01	-1.8270647e-01
2.6841703e+01	1.2275076e-02
2.6863512e+01	7.9361541e-02
2.6885321e+01	-5.3725563e-03
2.6907130e+01	1.6315456e-01
2.6928939e+01	2.3362956e-01
2.6950748e+01	2.2811012e-01
2.6972557e+01	1.2773873e-01
2.6994366e+01	1.2515641e-01
2.7016175e+01	-1.4223643e-01
2.7037984e+01	6.2112569e-02
2.7059793e+01	-8.0092093e-02
2.7081602e+01	-1.5765043e-01
2.7103411e+01	-1.4256499e-01
2.7125220e+01	6.6173612e-02
2.7147029e+01	6.5415870e-02
2.7168838e+01	-1.4333484e-01
2.7190646e+01	1.2540326e-01
2.7212455e+01	1.1959572e-01
2.7234264e+01	-4.9452428e-02
2.7256073e+01	1.2110065e-01
2.7277882e+01	-1.2073626e-01
2.7299691e+01	-6.3810461e-02
2.7321500e+01	-3.5835808e-02
2.7343309e+01	6.5382459e-02
2.7365118e+01	2.2618112e-01
2.7386927e+01	-3.2858570e-02
2.7408736e+01	-1.9593543e-02
2.7430545e+01	-6.5942964e-02
2.7452354e+01	-1.7415834e-01
2.7474163e+01	-6.4881440e-02
2.7495972e+01	4.5530193e-02
2.7517781e+01	1.8789936e-01
2.7539590e+01	8.2322131e-02
2.7561398e+01	2.7348701e-02
2.7583207e+01	-2.9629723e-02
2.7605016e+01	-8.1773835e-02
2.7626825e+01	-5.7694184e-02
2.7648634e+01	1.2946919e-01
2.7670443e+01	4.8547982e-02
2.7692252e+01	3.1412880e-01
2.7714061e+01	5.3727027e-01
2.7735870e+01	7.0583452e-01
2.7757679e+01	8.2234679e-01
2.7779488e+01	9.0437932e-01
2.7801297e+01	9.0223334e-01
2.7823106e+01	7.7391909e-01
2.7844915e+01	7.2645780e-01
2.7866724e+01	4.1652670e-01
2.7888533e+01	1.1474903e-01
2.7910341e+01	9.5545524e-02
2.7932150e+01	8.0213725e-03
2.7953959e+01	-1.3185383e-01
2.7975768e+01	-4.3768423e-02
2.7997577e+01	4.3051278e-02
2.8019386e+01	-2.8606577e-02
2.8041195e+01	-5.3716940e-02
2.8063004e+01	-4.4997156e-03
2.8084813e+01	-1.7521069e-01
2.8106622e+01	-1.2191813e-02
2.8128431e+01	-5.5284732e-02
2.8150240e+01	-1.6524049e-02
2.8172049e+01	-8.6729732e-03
2.8193858e+01	-5.0493343e-02
2.8215667e+01	1.2330482e-01
2.8237476e+01	1.1407915e-01
2.8259284e+01	5.9456446e-02
2.8281093e+01	7.2010208e-02
2.8302902e+01	6.1517898e-02
2.8324711e+01	3.9388118e-03
2.8346520e+01	-2.0211877e-02
2.8368329e+01	-6.7795099e-02
2.8390138e+01	-1.6953252e-01
2.8411947e+01	2.0466674e-02
2.8433756e+01	1.4943533e-01
2.8455565e+01	3.6897474e-01
2.8477374e+01	5.5349089e-01
2.8499183e+01	7.3011522e-01
2.8520992e+01	1.0489406e+00
2.8542801e+01	1.2139190e+00
2.8564610e+01	1.2952572e+00
2.8586419e+01	1.4715391e+00
2.8608227e+01	1.1736897e+00
2.8630036e+01	1.1222777e+00
2.8651845e+01	8.4743116e-01
2.8673654e+01	5.1475487e-01
2.8695463e+01	3.6320473e-01
2.8717272e+01	6.8567921e-02
2.8739081e+01	-1.0645281e-01
2.8760890e+01	1.2854982e-01
2.8782699e+01	-2.9800640e-02
2.8804508e+01	-9.8246337e-02
2.8826317e+01	3.1481422e-02
2.8848126e+01	-5.5259970e-03
2.8869935e+01	-5.3152046e-02
2.8891744e+01	1.7957820e-02
2.8913553e+01	-5.4115559e-02
2.8935362e+01	-4.2076600e-02
2.8957170e+01	7.2842693e-02
2.8978979e+01	1.2347638e-01
2.9000788e+01	6.6861648e-02
2.9022597e+01	-5.2954407e-02
2.9044406e+01	-1.7153607e-01
2.9066215e+01	-7.7632911e-02
2.9088024e+01	3.1410320e-02
2.9109833e+01	6.5763339e-02
2.9131642e+01	5.6654395e-02
2.9153451e+01	1.0847789e-01
2.9175260e+01	6.7108612e-02
2.9197069e+01	-9.5903068e-02
2.9218878e+01	-1.1063412e-01
2.9240687e+01	-8.0292970e-02
2.9262496e+01	1.6034962e-01
2.9284305e+01	1.6847701e-01
2.9306113e+01	-5.2213643e-02
2.9327922e+01	-1.1117005e-01
2.9349731e+01	-5.9971940e-02
2.9371540e+01	-7.5485067e-03
2.9393349e+01	2.5545702e-02
2.9415158e+01	9.1948502e-02
2.9436967e+01	7.2480592e-02
2.9458776e+01	1.4776579e-02
2.9480585e+01	6.1316813e-02
2.9502394e+01	-1.8156591e-01
2.9524203e+01	-1.1062437e-01
2.9546012e+01	1.2039782e-01
2.9567821e+01	1.6009235e-01
2.9589630e+01	1.4657391e-01
2.9611439e+01	-1.5615622e-01
2.9633248e+01	-2.6426269e-01
2.9655057e+01	-3.3326976e-02
2.9676865e+01	8.0007171e-02
2.9698674e+01	2.2414035e-03
2.9720483e+01	-4.9392616e-02
2.9742292e+01	5.4482167e-02
2.9764101e+01	-3.9748238e-02
2.9785910e+01	-7.1666412e-02
2.9807719e+01	1.6134550e-01
2.9829528e+01	2.8648955e-03
2.9851337e+01	-5.2292578e-02
2.9873146e+01	7.1502360e-02
2.9894955e+01	1.0283263e-01
2.9916764e+01	3.6562629e-01
2.9938573e+01	6.8465076e-01
2.9960382e+01	1.3046623e+00
2.9982191e+01	2.0287713e+00
3.0004000e+01	2.6688250e+00
3.0025808e+01	3.3632456e+00
3.0047617e+01	3.8431754e+00
3.0069426e+01	4.2757207e+00
3.0091235e+01	4.6768378e+00
3.0113044e+01	4.5036770e+00
3.0134853e+01	4.1749735e+00
3.0156662e+01	3.5984237e+00
3.0178471e+01	3.0020698e+00
3.0200280e+01	2.1354270e+00
3.0222089e+01	1.3027937e+00
3.0243898e+01	9.2701918e-01
3.0265707e+01	4.8005666e-01
3.0287516e+01	1.6682445e-01
3.0309325e+01	-1.1174821e-02
3.0331134e+01	-1.8729335e-01
3.0352943e+01	1.0364682e-01
3.0374751e+01	9.9780706e-02
3.0396560e+01	-1.0424104e-01
3.0418369e+01	-3.9173370e-02
3.0440178e+01	-8.2830686e-02
3.0461987e+01	-5.0390130e-02
3.0483796e+01	-1.0153510e-01
3.0505605e+01	1.3753224e-01
3.0527414e+01	3.4753600e-01
3.0549223e+01	1.7403957e-01
3.0571032e+01	-4.0200014e-02
3.0592841e+01	-1.7070878e-01
3.0614650e+01	-3.3838255e-02
3.0636459e+01	2.8676293e-02
3.0658268e+01	1.4865022e-02
3.0680077e+01	-2.0080810e-02
3.0701886e+01	6.8585629e-03
3.0723694e+01	-2.7190198e-02
3.0745503e+01	5.1387315e-02
3.0767312e+01	5.9546342e-02
3.0789121e+01	1.7673092e-01
3.0810930e+01	1.8375913e-01
3.0832739e+01	-1.6938545e-02
3.0854548e+01	-5.8574434e-02
3.0876357e+01	5.5043309e-02
3.0898166e+01	-8.4093401e-02
3.0919975e+01	-5.0019600e-02
3.0941784e+01	1.0388252e-01
3.0963593e+01	2.5839625e-02
3.0985402e+01	-1.8229290e-01
3.1007211e+01	6.2880472e-02
3.1029020e+01	-8.9684339e-02
3.1050829e+01	4.6008197e-02
3.1072637e+01	-7.4358160e-02
3.1094446e+01	-8.2864125e-02
3.1116255e+01	8.3748866e-02
3.1138064e+01	5.9610239e-02
3.1159873e+01	8.0472598e-02
3.1181682e+01	-1.2735849e-01
3.1203491e+01	-9.0603154e-02
3.1225300e+01	-5.3555355e-02
3.1247109e+01	8.2208820e-02
3.1268918e+01	1.0526202e-01
3.1290727e+01	2.3756944e-01
3.1312536e+01	3.7191007e-02
3.1334345e+01	7.5920388e-02
3.1356154e+01	3.3900576e-02
3.1377963e+01	-1.0697964e-01
3.1399772e+01	-4.0477358e-02
3.1421580e+01	-9.4838547e-03
3.1443389e+01	1.6331335e-02
3.1465198e+01	-1.8881850e-01
3.1487007e+01	-1.0900128e-01
3.1508816e+01	-1.1768702e-01
3.1530625e+01	9.7230499e-02
3.1552434e+01	7.0205257e-02
3.1574243e+01	-8.1489601e-03
3.1596052e+01	2.0074607e-01
3.1617861e+01	2.3593193e-01
3.1639670e+01	2.3701308e-01
3.1661479e+01	3.0467583e-02
3.1683288e+01	-1.0727955e-01
3.1705097e+01	-1.4993460e-01
3.1726906e+01	1.3542593e-01
3.1748715e+01	3.7089633e-01
3.1770524e+01	1.0413967e+00
3.1792332e+01	1.7056657e+00
3.1814141e+01	2.3201332e+00
3.1835950e+01	2.8444371e+00
3.1857759e+01	3.5258390e+00
3.1879568e+01	3.7900027e+00
3.1901377e+01	4.2184011e+00
3.1923186e+01	4.3920499e+00
3.1944995e+01	4.3375539e+00
3.1966804e+01	4.1452639e+00
3.1988613e+01	3.5089468e+00
3.2010422e+01	2.6398211e+00
3.2032231e+01	1.9762769e+00
3.2054040e+01	1.4116507e+00
3.2075849e+01	8.1038254e-01
3.2097658e+01	4.4564006e-01
3.2119467e+01	1.5818108e-01
3.2141275e+01	-1.3859023e-02
3.2163084e+01	-1.9784411e-03
3.2184893e+01	6.8553206e-02
3.2206702e+01	-6.4865834e-02
3.2228511e+01	-6.5394276e-02
3.2250320e+01	-7.4365019e-02
3.2272129e+01	-9.8854526e-02
3.2293938e+01	2.0178925e-01
3.2315747e+01	5.8759302e-02
3.2337556e+01	-1.1258810e-01
3.2359365e+01	-2.0144201e-01
3.2381174e+01	9.3373314e-02
3.2402983e+01	5.0536338e-02
3.2424792e+01	9.6811885e-02
3.2446601e+01	1.6115049e-01
3.2468410e+01	-1.3030409e-01
3.2490218e+01	-5.9284600e-02
3.2512027e+01	3.5053562e-02
3.2533836e+01	-4.4192245e-02
3.2555645e+01	-6.3395690e-02
3.2577454e+01	-3.2942856e-02
3.2599263e+01	1.4375298e-01
3.2621072e+01	5.6320119e-02
3.2642881e+01	-2.3961208e-03
3.2664690e+01	6.5388886e-02
3.2686499e+01	-5.6525461e-02
3.2708308e+01	8.0077514e-02
3.2730117e+01	4.1224240e-02
3.2751926e+01	-3.9423062e-02
3.2773735e+01	-5.2665023e-02
3.2795544e+01	-1.4358468e-01
3.2817353e+01	-3.1980007e-02
3.2839161e+01	5.5016095e-02
3.2860970e+01	-2.8870782e-02
3.2882779e+01	1.0002890e-02
3.2904588e+01	9.9053489e-02
3.2926397e+01	7.7799548e-02
3.2948206e+01	1.5068667e-02
3.2970015e+01	-3.0102571e-02
3.2991824e+01	-8.8076846e-02
3.3013633e+01	2.1198607e-01
3.3035442e+01	-3.5419458e-03
3.3057251e+01	-8.4398855e-02
3.3079060e+01	-2.5503687e-02
3.3100869e+01	-1.0934445e-01
3.3122678e+01	-5.2138510e-02
3.3144487e+01	2.3398391e-02
3.3166296e+01	1.6368303e-01
3.3188104e+01	2.0148331e-01
3.3209913e+01	1.7210907e-02
3.3231722e+01	-1.3561306e-01
3.3253531e+01	1.8910083e-02
3.3275340e+01	2.1339345e-02
3.3297149e+01	6.3155860e-02
3.3318958e+01	2.4760022e-01
3.3340767e+01	-4.1027344e-02
3.3362576e+01	-3.9209997e-02
3.3384385e+01	-1.3923884e-01
3.3406194e+01	1.5195526e-02
3.3428003e+01	3.4064713e-02
3.3449812e+01	-1.5033114e-01
3.3471621e+01	-9.8725220e-02
3.3493430e+01	-1.5106733e-02
3.3515239e+01	7.7654751e-02
3.3537047e+01	5.6389812e-02
3.3558856e+01	-1.4766388e-02
3.3580665e+01	2.1634469e-04
3.3602474e+01	9.3802013e-02
3.3624283e+01	4.6583419e-02
3.3646092e+01	1.4417568e-01
3.3667901e+01	1.0165951e-01
3.3689710e+01	1.3040485e-02
3.3711519e+01	4.2832051e-02
3.3733328e+01	-1.0980421e-01
3.3755137e+01	-7.4873579e-02
3.3776946e+01	-3.2172359e-02
3.3798755e+01	1.9987613e-02
3.3820564e+01	-1.6137260e-01
3.3842373e+01	1.9577395e-02
3.3864182e+01	1.3060004e-01
3.3885991e+01	3.5965716e-02
3.3907799e+01	9.4249698e-03
3.3929608e+01	-1.8998521e-03
3.3951417e+01	-5.9080243e-03
3.3973226e+01	-1.1532757e-01
3.3995035e+01	-4.6525792e-02
3.4016844e+01	-1.3462788e-01
3.4038653e+01	4.1994363e-02
3.4060462e+01	6.6204629e-02
3.4082271e+01	1.0592337e-01
3.4104080e+01	5.6347893e-02
3.4125889e+01	-4.9138629e-03
3.4147698e+01	8.8972424e-02
3.4169507e+01	5.5476946e-03
3.4191316e+01	-1.5914161e-01
3.4213125e+01	-2.1651703e-02
3.4234934e+01	-1.2642105e-02
3.4256742e+01	2.4711894e-02
3.4278551e+01	2.9023004e-01
3.4300360e+01	9.8018631e-02
3.4322169e+01	-9.5485740e-02
3.4343978e+01	-1.0907500e-02
3.4365787e+01	-1.8276435e-02
3.4387596e+01	-9.1008129e-04
3.4409405e+01	7.8197900e-03
3.4431214e+01	1.0215707e-02
3.4453023e+01	6.0497966e-02
3.4474832e+01	-5.8858062e-02
3.4496641e+01	-9.1715947e-02
3.4518450e+01	1.9058263e-02
3.4540259e+01	-3.0320516e-02
3.4562068e+01	1.3928783e-01
3.4583877e+01	4.5634587e-02
3.4605685e+01	2.8037959e-02
3.4627494e+01	9.4165971e-02
3.4649303e+01	-9.4603099e-02
3.4671112e+01	-3.4682732e-02
3.4692921e+01	-3.5920192e-02
3.4714730e+01	-1.7663716e-01
3.4736539e+01	5.9944499e-02
3.4758348e+01	7.5923810e-02
3.4780157e+01	1.5471865e-02
3.4801966e+01	-4.1491578e-02
3.4823775e+01	-1.1696417e-02
3.4845584e+01	1.0907700e-01
3.4867393e+01	2.5408870e-02
3.4889202e+01	-5.3263018e-02
3.4911011e+01	-3.8935441e-02
3.4932820e+01	6.9155814e-02
3.4954628e+01	6.9906302e-02
3.4976437e+01	-8.7864815e-02
3.4998246e+01	-1.1552893e-01
3.5020055e+01	1.4537612e-01
3.5041864e+01	1.8627362e-02
3.5063673e+01	-5.3508187e-02
3.5085482e+01	4.3494020e-02
3.5107291e+01	-5.9418310e-02
3.5129100e+01	-8.7543158e-02
3.5150909e+01	4.3382695e-02
3.5172718e+01	2.0146322e-02
3.5194527e+01	1.4804777e-02
3.5216336e+01	-3.7555825e-02
3.5238145e+01	1.8841435e-03
3.5259954e+01	4.4801664e-02
3.5281763e+01	6.5279998e-02
3.5303571e+01	4.3571644e-02
3.5325380e+01	-8.7525097e-02
3.5347189e+01	5.0468277e-03
3.5368998e+01	1.5769072e-01
3.5390807e+01	5.5035916e-02
3.5412616e+01	-1.0322180e-01
3.5434425e+01	-1.3710035e-01
3.5456234e+01	-6.5844107e-02
3.5478043e+01	4.1384754e-03
3.5499852e+01	-6.3734623e-02
3.5521661e+01	-4.4717035e-04
3.5543470e+01	1.1335170e-02
3.5565279e+01	3.1943620e-02
3.5587088e+01	-2.0192747e-02
3.5608897e+01	1.2547402e-01
3.5630706e+01	8.5661498e-02
3.5652514e+01	-2.6415054e-02
3.5674323e+01	3.5160976e-02
3.5696132e+01	-2.3338800e-02
3.5717941e+01	1.1011965e-01
3.5739750e+01	4.6178829e-02
3.5761559e+01	2.8164913e-03
3.5783368e+01	6.6299299e-02
3.5805177e+01	-5.0402839e-02
3.5826986e+01	-2.4241197e-02
3.5848795e+01	2.8712586e-02
3.5870604e+01	-4.9230584e-02
3.5892413e+01	-1.3821290e-01
3.5914222e+01	-1.6256008e-02
3.5936031e+01	2.5066469e-02
3.5957840e+01	-9.7345655e-02
3.5979649e+01	-3.9068979e-01
3.6001458e+01	-1.7732680e-02
3.6023266e+01	1.9972790e-01
3.6045075e+01	1.5084882e-01
3.6066884e+01	2.4504068e-02
3.6088693e+01	9.0305188e-02
3.6110502e+01	3.3480180e-02
3.6132311e+01	1.4656342e-01
3.6154120e+01	1.1030531e-01
3.6175929e+01	-8.3685641e-03
3.6197738e+01	-7.2472542e-02
3.6219547e+01	-9.5523027e-03
3.6241356e+01	-3.1661025e-03
3.6263165e+01	9.7721905e-02
3.6284974e+01	-1.0111702e-01
3.6306783e+01	-1.5056574e-01
3.6328592e+01	-8.1862731e-02
3.6350401e+01	3.9998304e-02
3.6372209e+01	9.9552155e-02
3.6394018e+01	-8.3566794e-02
3.6415827e+01	1.0595060e-02
3.6437636e+01	-9.2230393e-02
3.6459445e+01	9.1017201e-02
3.6481254e+01	1.9367307e-02
3.6503063e+01	1.8291186e-01
3.6524872e+01	3.1599574e-01
3.6546681e+01	1.0156008e-01
3.6568490e+01	2.0972716e-02
3.6590299e+01	1.1257624e-01
3.6612108e+01	8.1388604e-03
3.6633917e+01	-2.0270331e-01
3.6655726e+01	-1.5559003e-01
3.6677535e+01	-1.2725827e-01
3.6699344e+01	-1.0418276e-01
3.6721152e+01	-5.4292364e-02
3.6742961e+01	-1.0248038e-01
3.6764770e+01	9.5606208e-02
3.6786579e+01	1.8795723e-01
3.6808388e+01	-3.2164884e-02
3.6830197e+01	1.0430554e-01
3.6852006e+01	1.5095982e-01
3.6873815e+01	1.3585573e-01
3.6895624e+01	3.9618257e-02
3.6917433e+01	1.7136175e-01
3.6939242e+01	2.9533666e-02
3.6961051e+01	-1.7346550e-01
3.6982860e+01	-3.7372592e-02
3.7004669e+01	9.7382713e-02
3.7026478e+01	1.6107097e-01
3.7048287e+01	3.5092481e-01
3.7070095e+01	5.6180978e-01
3.7091904e+01	-1.4837747e-01
3.7113713e+01	-3.4135073e-01
3.7135522e+01	5.6588067e-02
3.7157331e+01	1.9674633e-01
3.7179140e+01	-1.0506957e-02
3.7200949e+01	-1.2606312e-01
3.7222758e+01	-4.4306553e-02
3.7244567e+01	8.4478314e-02
3.7266376e+01	3.4488468e-02
3.7288185e+01	6.2409225e-02
3.7309994e+01	-1.1710944e-01
3.7331803e+01	-3.6845633e-02
3.7353612e+01	7.4423037e-02
3.7375421e+01	-4.5962349e-02
3.7397230e+01	9.6708484e-03
3.7419038e+01	-1.4127313e-01
3.7440847e+01	1.5798115e-01
3.7462656e+01	6.1384614e-01
3.7484465e+01	9.4984629e-01
3.7506274e+01	6.9169191e-01
3.7528083e+01	2.5275034e-01
3.7549892e+01	8.6730894e-02
3.7571701e+01	8.5696030e-02
3.7593510e+01	1.4828511e-01
3.7615319e+01	1.8947269e-01
3.7637128e+01	-1.0698931e-01
3.7658937e+01	-1.7684683e-01
3.7680746e+01	-2.6381465e-01
3.7702555e+01	-1.3747671e-01
3.7724364e+01	3.4257897e-02
3.7746173e+01	1.3930952e-01
3.7767981e+01	-6.2274178e-02
3.7789790e+01	3.4559959e-02
3.7811599e+01	-2.0976486e-02
3.7833408e+01	-7.9443636e-02
3.7855217e+01	4.5878131e-02
3.7877026e+01	1.9571026e-01
3.7898835e+01	1.2360201e-01
3.7920644e+01	1.5040198e-01
3.7942453e+01	7.1020554e-02
3.7964262e+01	1.7736565e-01
3.7986071e+01	5.3107784e-02
3.8007880e+01	-7.6146767e-02
3.8029689e+01	-1.2296533e-01
3.8051498e+01	-1.9706532e-01
3.8073307e+01	-1.6744343e-01
3.8095116e+01	-1.7950152e-01
3.8116925e+01	1.7667962e-02
3.8138733e+01	8.6248899e-02
3.8160542e+01	9.3889566e-02
3.8182351e+01	9.9689271e-02
3.8204160e+01	5.0400597e-01
3.8225969e+01	7.3588878e-01
3.8247778e+01	9.8927046e-01
3.8269587e+01	1.3541808e+00
3.8291396e+01	1.4858446e+00
3.8313205e+01	1.6618186e+00
3.8335014e+01	1.4784875e+00
3.8356823e+01	1.2525722e+00
3.8378632e+01	1.3431155e+00
3.8400441e+01	1.5145401e+00
3.8422250e+01	1.1415067e+00
3.8444059e+01	9.2391227e-01
3.8465868e+01	8.5016144e-01
3.8487676e+01	4.2385502e-01
3.8509485e+01	5.9512790e-02
3.8531294e+01	6.1020395e-02
3.8553103e+01	1.2607616e-02
3.8574912e+01	-2.5447712e-02
3.8596721e+01	3.9668791e-02
3.8618530e+01	3.8912659e-03
3.8640339e+01	1.8217326e-02
3.8662148e+01	-5.4748935e-02
3.8683957e+01	-2.4034230e-01
3.8705766e+01	-6.5016007e-02
3.8727575e+01	-2.1059169e-03
3.8749384e+01	4.8829953e-02
3.8771193e+01	9.0737690e-02
3.8793002e+01	1.0655713e-01
3.8814811e+01	6.5604155e-02
3.8836619e+01	6.3945060e-02
3.8858428e+01	-3.6634575e-02
3.8880237e+01	-9.0489106e-02
3.8902046e+01	-2.3728245e-02
3.8923855e+01	9.2716361e-02
3.8945664e+01	-1.8806487e-02
3.8967473e+01	-1.5358057e-01
3.8989282e+01	-2.7115241e-02
3.9011091e+01	-6.4369557e-02
3.9032900e+01	1.2410576e-01
3.9054709e+01	-4.2169742e-02
3.9076518e+01	-7.3372392e-03
3.9098327e+01	1.7890125e-01
3.9120136e+01	3.8107038e-02
3.9141945e+01	3.9019291e-02
3.9163754e+01	4.0235225e-02
3.9185562e+01	-9.4359019e-02
3.9207371e+01	-3.5121527e-02
3.9229180e+01	-1.1362299e-02
3.9250989e+01	-9.5814134e-02
3.9272798e+01	-4.6692428e-02
3.9294607e+01	5.3140101e-03
3.9316416e+01	-6.4912688e-02
3.9338225e+01	9.3926743e-02
3.9360034e+01	-2.6313052e-02
3.9381843e+01	1.2282508e-01
3.9403652e+01	6.8063883e-02
3.9425461e+01	3.9069221e-02
3.9447270e+01	1.4100375e-01
3.9469079e+01	2.4619240e-01
3.9490888e+01	1.7842744e-01
3.9512697e+01	-1.1303385e-01
3.9534505e+01	-2.7824740e-01
3.9556314e+01	-1.6589146e-01
3.9578123e+01	-1.0715042e-01
3.9599932e+01	-8.4247967e-02
3.9621741e+01	1.6087232e-03
3.9643550e+01	7.3150462e-02
3.9665359e+01	-1.0979349e-01
3.9687168e+01	9.0503413e-02
3.9708977e+01	4.6403333e-01
3.9730786e+01	4.9613866e-01
3.9752595e+01	1.1944640e-03
3.9774404e+01	1.5770787e-01
3.9796213e+01	1.6557125e-01
3.9818022e+01	1.7727613e-01
3.9839831e+01	1.6676448e-01
3.9861640e+01	1.9805510e-01
3.9883449e+01	-7.2202782e-02
3.9905257e+01	-4.0260651e-02
3.9927066e+01	8.3276441e-02
3.9948875e+01	-1.0300004e-01
3.9970684e+01	-7.0845659e-02
3.9992493e+01	3.0518163e-02
4.0014302e+01	-8.0718115e-03
4.0036111e+01	-2.9694675e-01
4.0057920e+01	-1.5470801e-01
4.0079729e+01	2.5186924e-01
4.0101538e+01	2.5828373e-01
4.0123347e+01	-9.1514125e-02
4.0145156e+01	-3.7271878e-02
4.0166965e+01	6.5103176e-02
4.0188774e+01	2.1647663e-01
4.0210583e+01	8.3039541e-02
4.0232392e+01	3.4288810e-02
4.0254200e+01	1.3386770e-01
4.0276009e+01	-1.4707325e-01
4.0297818e+01	-2.6112063e-01
4.0319627e+01	1.9408036e-01
4.0341436e+01	1.4443853e-01
4.0363245e+01	1.6725057e-02
4.0385054e+01	-7.0403938e-03
4.0406863e+01	-1.1459445e-01
4.0428672e+01	1.5502768e-01
4.0450481e+01	4.0405497e-02
4.0472290e+01	1.3721650e-02
4.0494099e+01	-1.3282103e-01
4.0515908e+01	-5.2780216e-02
4.0537717e+01	1.0527771e-01
4.0559526e+01	-1.4373745e-02
4.0581335e+01	7.5602145e-02
4.0603143e+01	-1.7134915e-01
4.0624952e+01	-8.7594263e-02
4.0646761e+01	1.9736380e-01
4.0668570e+01	3.1835657e-01
4.0690379e+01	8.6112416e-02
4.0712188e+01	4.9568026e-02
4.0733997e+01	-7.4972617e-02
4.0755806e+01	5.1048960e-02
4.0777615e+01	-1.0150000e-01
4.0799424e+01	-3.1244366e-02
4.0821233e+01	1.1896814e-01
4.0843042e+01	1.3005876e-01
4.0864851e+01	-1.8421221e-01
4.0886660e+01	-4.8278988e-02
4.0908469e+01	-3.5141544e-04
4.0930278e+01	-1.2131151e-01
4.0952086e+01	-8.4009577e-02
4.0973895e+01	8.8920654e-02
4.0995704e+01	1.4078852e-01
4.1017513e+01	1.4404644e-01
4.1039322e+01	1.0398860e-01
4.1061131e+01	-8.5707786e-03
4.1082940e+01	-1.8017478e-01
4.1104749e+01	-1.5071710e-01
4.1126558e+01	8.1755370e-02
4.1148367e+01	1.5999257e-01
4.1170176e+01	-4.5599706e-02
4.1191985e+01	9.4685597e-02
4.1213794e+01	-7.8726955e-02
4.1235603e+01	1.3956167e-01
4.1257412e+01	-3.8110549e-02
4.1279221e+01	-8.3446978e-02
4.1301029e+01	-5.6700122e-02
4.1322838e+01	-9.0280199e-02
4.1344647e+01	2.3808416e-01
4.1366456e+01	-5.1193597e-02
4.1388265e+01	8.2674115e-02
4.1410074e+01	2.9995862e-02
4.1431883e+01	2.1903128e-02
4.1453692e+01	1.4248779e-02
4.1475501e+01	-1.3680258e-01
4.1497310e+01	8.3234649e-02
4.1519119e+01	8.4010057e-02
4.1540928e+01	4.4014559e-02
4.1562737e+01	1.6707006e-01
4.1584546e+01	-2.5359836e-01
4.1606355e+01	-2.1495814e-01
4.1628164e+01	1.9695454e-01
4.1649972e+01	5.8139803e-02
4.1671781e+01	-2.0784875e-01
4.1693590e+01	-1.5980761e-01
4.1715399e+01	2.0882799e-01
4.1737208e+01	3.8690270e-01
4.1759017e+01	1.5312029e-01
4.1780826e+01	2.4715594e-02
4.1802635e+01	1.7568095e-01
4.1824444e+01	1.8313711e-01
4.1846253e+01	3.3243632e-03
4.1868062e+01	-1.4721864e-01
4.1889871e+01	2.3230909e-01
4.1911680e+01	4.6839753e-02
4.1933489e+01	1.6682071e-01
4.1955298e+01	-2.6081540e-02
4.1977107e+01	-5.7413687e-02
4.1998916e+01	-1.4835055e-01
4.2020724e+01	-4.5874559e-02
4.2042533e+01	4.5454478e-01
4.2064342e+01	4.2925566e-01
4.2086151e+01	-1.0049040e-01
4.2107960e+01	7.9892329e-02
4.2129769e+01	8.9800157e-03
4.2151578e+01	-3.1327500e-02
4.2173387e+01	2.7011790e-02
4.2195196e+01	2.1997634e-02
4.2217005e+01	-4.4060952e-02
4.2238814e+01	1.0349365e-01
4.2260623e+01	5.9949285e-02
4.2282432e+01	3.4397083e-01
4.2304241e+01	-2.9911903e-02
4.2326050e+01	-2.2026361e-01
4.2347859e+01	-3.6389428e-02
4.2369667e+01	-1.4216239e-01
4.2391476e+01	-1.2755907e-01
4.2413285e+01	7.0534657e-02
4.2435094e+01	1.5855775e-01
4.2456903e+01	3.0589941e-01
4.2478712e+01	6.6971609e-02
4.2500521e+01	-6.3482406e-02
4.2522330e+01	1.7234868e-01
4.2544139e+01	3.9088986e-01
4.2565948e+01	3.6115324e-01
4.2587757e+01	3.6661408e-01
4.2609566e+01	9.0779586e-02
4.2631375e+01	5.1901923e-02
4.2653184e+01	2.3570595e-01
4.2674993e+01	-1.2568561e-02
4.2696802e+01	-1.1910840e-01
4.2718610e+01	1.1094222e-01
4.2740419e+01	8.3166246e-02
4.2762228e+01	3.5712679e-01
4.2784037e+01	-7.2630602e-02
4.2805846e+01	-1.2687187e-02
4.2827655e+01	-4.4379545e-02
4.2849464e+01	-1.9707671e-01
4.2871273e+01	-6.1349023e-03
4.2893082e+01	1.1308589e-01
4.2914891e+01	-1.9550606e-01
4.2936700e+01	8.6192400e-02
4.2958509e+01	1.5971528e-01
4.2980318e+01	1.7571338e-01
4.3002127e+01	-7.2001589e-03
4.3023936e+01	-1.2018490e-01
4.3045745e+01	-2.3144649e-02
4.3067553e+01	7.2859848e-02
4.3089362e+01	3.5509483e-01
4.3111171e+01	-3.3467880e-02
4.3132980e+01	-1.1234095e-01
4.3154789e+01	-3.1521698e-01
4.3176598e+01	1.1598099e-01
4.3198407e+01	2.7100213e-01
4.3220216e+01	4.4581822e-02
4.3242025e+01	4.0415124e-02
4.3263834e+01	1.4607659e-01
4.3285643e+01	9.9800622e-02
4.3307452e+01	-1.7808656e-01
4.3329261e+01	4.5756104e-02
4.3351070e+01	1.7309888e-01
4.3372879e+01	-1.2227416e-01
4.3394688e+01	4.6422523e-02
4.3416496e+01	-9.1588680e-03
4.3438305e+01	4.3006577e-01
4.3460114e+01	6.1623454e-01
4.3481923e+01	1.6883137e-02
4.3503732e+01	-1.0382284e-01
4.3525541e+01	2.9846165e-01
4.3547350e+01	2.4445824e-01
4.3569159e+01	-1.1709578e-01
4.3590968e+01	6.9568721e-02
4.3612777e+01	3.7793290e-01
4.3634586e+01	7.5392717e-01
4.3656395e+01	8.5720111e-01
4.3678204e+01	1.0786243e+00
4.3700013e+01	1.3000824e+00
4.3721822e+01	1.7544728e+00
4.3743631e+01	2.3432263e+00
4.3765439e+01	2.6281405e+00
4.3787248e+01	2.5618798e+00
4.3809057e+01	3.1431029e+00
4.3830866e+01	3.5438303e+00
4.3852675e+01	3.5616887e+00
4.3874484e+01	3.4219337e+00
4.3896293e+01	3.0616608e+00
4.3918102e+01	2.5414306e+00
4.3939911e+01	2.2637917e+00
4.3961720e+01	1.9413027e+00
4.3983529e+01	1.2048852e+00
4.4005338e+01	3.6450571e-01
4.4027147e+01	5.9418591e-01
4.4048956e+01	7.9608374e-02
4.4070765e+01	5.1612549e-02
4.4092574e+01	-8.3672502e-02
4.4114383e+01	1.0956895e-03
4.4136191e+01	-1.3439360e-01
4.4158000e+01	5.1932442e-02
4.4179809e+01	2.1893931e-01
4.4201618e+01	-7.3896586e-02
4.4223427e+01	-2.1978101e-03
4.4245236e+01	4.1658395e-01
4.4267045e+01	1.6015519e-01
4.4288854e+01	3.3040967e-02
4.4310663e+01	1.6733228e-03
4.4332472e+01	-1.2997814e-01
4.4354281e+01	4.7753350e-01
4.4376090e+01	8.1546207e-03
4.4397899e+01	-2.3024934e-01
4.4419708e+01	-7.5059347e-02
4.4441517e+01	8.3983623e-02
4.4463326e+01	4.3701244e-02
4.4485134e+01	2.3212700e-01
4.4506943e+01	9.9054858e-02
4.4528752e+01	-3.0244252e-02
4.4550561e+01	-5.4282401e-02
4.4572370e+01	-3.0987031e-02
4.4594179e+01	4.4782739e-01
4.4615988e+01	6.6146793e-02
4.4637797e+01	1.1405413e-02
4.4659606e+01	1.0277024e-01
4.4681415e+01	1.6526800e-02
4.4703224e+01	2.3139288e-01
4.4725033e+01	-4.5003434e-02
4.4746842e+01	1.1739434e-01
4.4768651e+01	-2.2783871e-01
4.4790460e+01	1.6759633e-01
4.4812269e+01	3.7404991e-02
4.4834077e+01	-2.9664601e-01
4.4855886e+01	-2.3777869e-01
4.4877695e+01	1.2258113e-01
4.4899504e+01	3.1016568e-02
4.4921313e+01	1.9438219e-01
4.4943122e+01	-8.7245881e-02
4.4964931e+01	1.1082715e-01
4.4986740e+01	3.1038205e-01