Image file: \\Gfs05\g45\SAXS\2020_12\HDF5\2020-12.10_Kevin_day2_SN\2020-12-10_Max_Cu123_SN_000017_data_000166.h5
ImageIntegration1d_chi_output; Output_Directory= \\Gfs05\g45\SAXS\2020_12\Processed\2020-12-09_Kevin_day1_SN\Chi-Sample-7
Profile = Radial, StartAzimuth = 0.0, EndAzimuth = 360.0, Sam_Det_distance = 250.818474293, InnerRadius = 15.0, OuterRadius = 2400.0, Lambda = 30, Ratio = 0.001, Itermax = 100
2400
2.0013229e+00	-1.5551529e-02
2.0231319e+00	-1.2818778e-02
2.0449408e+00	-3.1829103e-02
2.0667497e+00	-2.1882703e-02
2.0885587e+00	1.0806765e-01
2.1103676e+00	3.3368007e-01
2.1321765e+00	2.0746812e-01
2.1539855e+00	5.7556665e-02
2.1757944e+00	-8.2487262e-02
2.1976034e+00	-1.9846523e-02
2.2194123e+00	-1.9676366e-01
2.2412212e+00	1.5228482e-01
2.2630302e+00	3.0556719e-01
2.2848391e+00	-2.7897267e-03
2.3066480e+00	-8.8372203e-02
2.3284570e+00	2.1243353e-02
2.3502659e+00	2.8729204e-01
2.3720749e+00	3.0342303e-01
2.3938838e+00	1.4395790e-01
2.4156927e+00	4.5571046e-02
2.4375017e+00	-4.0063099e-02
2.4593106e+00	-6.2402641e-02
2.4811196e+00	-2.2008770e-02
2.5029285e+00	9.0849026e-02
2.5247374e+00	-7.2235635e-02
2.5465464e+00	-7.8053029e-02
2.5683553e+00	7.8901090e-03
2.5901642e+00	4.3574537e-02
2.6119732e+00	2.9436450e-01
2.6337821e+00	2.2689558e-01
2.6555911e+00	2.1820637e-01
2.6774000e+00	2.9620907e-01
2.6992089e+00	-1.8289057e-01
2.7210179e+00	6.1120636e-02
2.7428268e+00	2.7482181e-02
2.7646358e+00	4.3685068e-01
2.7864447e+00	3.5467900e-01
2.8082536e+00	4.9781816e-02
2.8300626e+00	-3.9743395e-02
2.8518715e+00	-1.3895349e-01
2.8736804e+00	3.6657940e-02
2.8954894e+00	2.5640101e-01
2.9172983e+00	3.5965819e-01
2.9391073e+00	3.2984297e-01
2.9609162e+00	1.5313100e-01
2.9827251e+00	-3.7537296e-02
3.0045341e+00	-1.7690498e-02
3.0263430e+00	-2.8219484e-02
3.0481519e+00	5.0261069e-02
3.0699609e+00	-1.2999742e-01
3.0917698e+00	-1.7270399e-02
3.1135788e+00	2.5301383e-01
3.1353877e+00	8.2229173e-02
3.1571966e+00	-1.6363527e-01
3.1790056e+00	3.0991149e-02
3.2008145e+00	2.5734554e-01
3.2226235e+00	1.3146735e-01
3.2444324e+00	1.2039019e-01
3.2662413e+00	1.1285403e-01
3.2880503e+00	-9.5902075e-02
3.3098592e+00	-1.3408465e-01
3.3316681e+00	-8.9576741e-03
3.3534771e+00	1.8201273e-02
3.3752860e+00	4.5941881e-02
3.3970950e+00	-1.4529920e-01
3.4189039e+00	-6.2468044e-02
3.4407128e+00	2.5605185e-03
3.4625218e+00	-1.8544450e-02
3.4843307e+00	9.1543899e-02
3.5061396e+00	8.7617065e-02
3.5279486e+00	7.7790322e-03
3.5497575e+00	6.0040127e-03
3.5715665e+00	6.2229421e-02
3.5933754e+00	5.1129023e-03
3.6151843e+00	-1.6079536e-01
3.6369933e+00	2.6500694e-02
3.6588022e+00	1.2382692e-01
3.6806112e+00	-1.9003944e-02
3.7024201e+00	-4.0829162e-02
3.7242290e+00	2.1643984e-02
3.7460380e+00	2.6078566e-01
3.7678469e+00	-5.3359190e-02
3.7896558e+00	-1.5978796e-04
3.8114648e+00	-5.4533143e-02
3.8332737e+00	7.9098049e-02
3.8550827e+00	6.3086429e-02
3.8768916e+00	-2.2716780e-01
3.8987005e+00	-4.8999414e-02
3.9205095e+00	6.2271094e-02
3.9423184e+00	5.2105309e-04
3.9641273e+00	1.1851200e-01
3.9859363e+00	-2.9349886e-02
4.0077452e+00	3.4281923e-02
4.0295542e+00	8.7118721e-02
4.0513631e+00	-2.1995330e-03
4.0731720e+00	-2.9644796e-02
4.0949810e+00	9.8399190e-02
4.1167899e+00	3.7504295e-02
4.1385989e+00	-4.0571808e-02
4.1604078e+00	-2.8678202e-01
4.1822167e+00	-1.0180137e-01
4.2040257e+00	2.0151152e-01
4.2258346e+00	7.1679242e-02
4.2476435e+00	1.8635263e-01
4.2694525e+00	1.3898435e-01
4.2912614e+00	-6.5388044e-02
4.3130704e+00	-5.4126930e-02
4.3348793e+00	-5.4123447e-02
4.3566882e+00	1.3835006e-01
4.3784972e+00	9.5650906e-02
4.4003061e+00	-7.4279587e-02
4.4221151e+00	-1.7459095e-01
4.4439240e+00	-4.0166022e-02
4.4657329e+00	7.3441024e-02
4.4875419e+00	-1.0167864e-01
4.5093508e+00	1.4862365e-01
4.5311597e+00	6.5283654e-02
4.5529687e+00	-9.4228726e-02
4.5747776e+00	1.0453814e-01
4.5965866e+00	1.3708644e-02
4.6183955e+00	-6.5588779e-02
4.6402044e+00	-1.7789562e-02
4.6620134e+00	8.3349796e-02
4.6838223e+00	-5.6885710e-02
4.7056312e+00	4.9385431e-02
4.7274402e+00	1.1650363e-04
4.7492491e+00	-1.1762453e-01
4.7710581e+00	2.7158429e-02
4.7928670e+00	-4.4828364e-03
4.8146759e+00	1.0183356e-01
4.8364849e+00	-8.5394279e-02
4.8582938e+00	-1.1088785e-01
4.8801028e+00	1.3986857e-01
4.9019117e+00	2.9101983e-01
4.9237206e+00	3.8314297e-01
4.9455296e+00	2.3776569e-01
4.9673385e+00	1.3469798e-02
4.9891474e+00	3.1342954e-01
5.0109564e+00	1.3283721e-01
5.0327653e+00	-3.4650161e-02
5.0545743e+00	-9.2773439e-02
5.0763832e+00	3.9096961e-02
5.0981921e+00	1.1325870e-02
5.1200011e+00	-2.1271389e-01
5.1418100e+00	-1.5451019e-01
5.1636189e+00	5.9145530e-02
5.1854279e+00	1.1847415e-01
5.2072368e+00	9.9691348e-02
5.2290458e+00	1.8749015e-03
5.2508547e+00	4.8540565e-02
5.2726636e+00	2.3772369e-01
5.2944726e+00	2.0515913e-02
5.3162815e+00	-1.2451414e-01
5.3380905e+00	-1.5945671e-02
5.3598994e+00	1.1702151e-01
5.3817083e+00	1.9068644e-02
5.4035173e+00	6.4600075e-02
5.4253262e+00	-7.4257660e-02
5.4471351e+00	-1.9811846e-01
5.4689441e+00	6.1287228e-03
5.4907530e+00	1.1620388e-01
5.5125620e+00	2.7147808e-01
5.5343709e+00	3.6966389e-01
5.5561798e+00	9.7067935e-02
5.5779888e+00	-1.1762430e-01
5.5997977e+00	-1.0037527e-01
5.6216066e+00	5.0437284e-02
5.6434156e+00	3.9909727e-01
5.6652245e+00	4.0189798e-01
5.6870335e+00	3.6952339e-02
5.7088424e+00	2.3801005e-01
5.7306513e+00	3.1804844e-01
5.7524603e+00	8.1305135e-02
5.7742692e+00	-3.8638805e-02
5.7960782e+00	2.4224430e-03
5.8178871e+00	-1.8005865e-02
5.8396960e+00	-5.8739089e-02
5.8615050e+00	-3.8077885e-02
5.8833139e+00	7.2046542e-03
5.9051228e+00	-6.0097832e-02
5.9269318e+00	-4.6905402e-02
5.9487407e+00	3.0528751e-02
5.9705497e+00	9.1330459e-02
5.9923586e+00	6.6833167e-02
6.0141675e+00	4.1285033e-02
6.0359765e+00	-2.7792464e-02
6.0577854e+00	-8.9978807e-02
6.0795944e+00	1.1515439e-01
6.1014033e+00	9.6310593e-02
6.1232122e+00	-1.4696926e-01
6.1450212e+00	4.7051240e-02
6.1668301e+00	3.9762440e-01
6.1886390e+00	2.2826252e-01
6.2104480e+00	-6.7808109e-02
6.2322569e+00	-2.7963351e-01
6.2540659e+00	9.0661910e-03
6.2758748e+00	5.6314001e-02
6.2976837e+00	4.4192323e-02
6.3194927e+00	1.6416890e-01
6.3413016e+00	1.7640306e-01
6.3631105e+00	5.7356126e-02
6.3849195e+00	-1.3890259e-01
6.4067284e+00	-8.0138286e-05
6.4285374e+00	8.7314424e-02
6.4503463e+00	-1.8534279e-02
6.4721552e+00	-2.8189740e-01
6.4939642e+00	6.9187228e-02
6.5157731e+00	1.6792334e-01
6.5375821e+00	-4.6540776e-02
6.5593910e+00	3.0445817e-02
6.5811999e+00	6.6877924e-02
6.6030089e+00	4.1367703e-02
6.6248178e+00	1.9414205e-02
6.6466267e+00	-2.1159198e-02
6.6684357e+00	-3.2324416e-02
6.6902446e+00	-6.3680571e-02
6.7120536e+00	1.5724149e-02
6.7338625e+00	-5.3817132e-02
6.7556714e+00	-2.3896099e-02
6.7774804e+00	4.2314026e-02
6.7992893e+00	-1.3800198e-01
6.8210982e+00	1.5463191e-01
6.8429072e+00	4.2565570e-01
6.8647161e+00	-6.7329485e-02
6.8865251e+00	1.0728064e-01
6.9083340e+00	2.7807232e-01
6.9301429e+00	1.3688341e-01
6.9519519e+00	-5.3635758e-02
6.9737608e+00	-4.9024353e-03
6.9955698e+00	7.1533529e-02
7.0173787e+00	-2.0405503e-02
7.0391876e+00	-1.8077775e-01
7.0609966e+00	-8.5191755e-02
7.0828055e+00	-1.1138163e-02
7.1046144e+00	1.3560687e-01
7.1264234e+00	7.0851063e-02
7.1482323e+00	1.0313201e-02
7.1700413e+00	5.6640998e-02
7.1918502e+00	5.4039126e-02
7.2136591e+00	-1.6926999e-01
7.2354681e+00	-7.4908810e-02
7.2572770e+00	2.5750453e-01
7.2790859e+00	4.0135482e-03
7.3008949e+00	3.7021007e-02
7.3227038e+00	1.7810312e-01
7.3445128e+00	-3.2071548e-02
7.3663217e+00	5.0305094e-02
7.3881306e+00	-1.1726235e-01
7.4099396e+00	6.6070396e-02
7.4317485e+00	5.1743235e-02
7.4535575e+00	-7.9470308e-02
7.4753664e+00	-1.0782590e-01
7.4971753e+00	-5.5888486e-02
7.5189843e+00	2.3606059e-02
7.5407932e+00	2.7832374e-02
7.5626021e+00	2.2879082e-01
7.5844111e+00	1.5703756e-01
7.6062200e+00	6.0352239e-02
7.6280290e+00	-8.8087558e-02
7.6498379e+00	-6.3762363e-02
7.6716468e+00	2.6714531e-01
7.6934558e+00	2.0589000e-01
7.7152647e+00	1.9080098e-02
7.7370737e+00	-1.3371918e-01
7.7588826e+00	-1.0364480e-01
7.7806915e+00	1.0836450e-01
7.8025005e+00	2.5838638e-02
7.8243094e+00	1.3514523e-02
7.8461183e+00	-9.0388158e-02
7.8679273e+00	-2.7838144e-02
7.8897362e+00	1.7096551e-02
7.9115452e+00	-2.9400699e-02
7.9333541e+00	3.8423112e-02
7.9551630e+00	1.7764946e-01
7.9769720e+00	3.7980006e-02
7.9987809e+00	3.5160186e-04
8.0205898e+00	-4.2517127e-02
8.0423988e+00	7.0047736e-02
8.0642077e+00	7.7115841e-02
8.0860167e+00	-7.4561849e-02
8.1078256e+00	-1.0472051e-01
8.1296345e+00	-1.3639924e-01
8.1514435e+00	1.7988409e-02
8.1732524e+00	8.2781447e-02
8.1950614e+00	5.9572911e-02
8.2168703e+00	-8.7812381e-02
8.2386792e+00	-1.1632594e-02
8.2604882e+00	3.4994958e-02
8.2822971e+00	6.5150320e-02
8.3041060e+00	-1.7563215e-03
8.3259150e+00	-2.1504795e-02
8.3477239e+00	1.3670533e-02
8.3695329e+00	-1.5624140e-01
8.3913418e+00	5.7881748e-02
8.4131507e+00	4.5044305e-02
8.4349597e+00	1.1563823e-01
8.4567686e+00	1.8018313e-01
8.4785775e+00	-6.2072023e-02
8.5003865e+00	-4.6029209e-02
8.5221954e+00	3.5640129e-01
8.5440044e+00	3.3807799e-01
8.5658133e+00	-2.4221395e-02
8.5876222e+00	-1.0216735e-01
8.6094312e+00	-4.4359493e-02
8.6312401e+00	6.1353952e-02
8.6530491e+00	5.6565922e-02
8.6748580e+00	7.6418019e-02
8.6966669e+00	-1.1624297e-01
8.7184759e+00	-1.7529475e-01
8.7402848e+00	4.1213652e-02
8.7620937e+00	1.8103132e-01
8.7839027e+00	1.8281719e-02
8.8057116e+00	1.2690025e-01
8.8275206e+00	6.1082588e-02
8.8493295e+00	-3.1220643e-02
8.8711384e+00	-1.4953543e-01
8.8929474e+00	6.7192381e-02
8.9147563e+00	-1.6245159e-01
8.9365652e+00	-4.3658338e-03
8.9583742e+00	2.7227167e-02
8.9801831e+00	3.8485276e-02
9.0019921e+00	1.6466717e-01
9.0238010e+00	-2.7343368e-02
9.0456099e+00	-2.1374126e-02
9.0674189e+00	-4.4521008e-02
9.0892278e+00	1.6305603e-01
9.1110368e+00	4.3345588e-02
9.1328457e+00	2.4348696e-02
9.1546546e+00	-9.7602221e-02
9.1764636e+00	-1.4103262e-01
9.1982725e+00	3.5966267e-02
9.2200814e+00	3.9146023e-01
9.2418904e+00	1.6897718e-01
9.2636993e+00	-1.8531390e-01
9.2855083e+00	4.3119770e-02
9.3073172e+00	1.0504306e-01
9.3291261e+00	1.0278265e-01
9.3509351e+00	1.2331090e-01
9.3727440e+00	-1.3990102e-01
9.3945530e+00	-1.3998597e-01
9.4163619e+00	2.2247250e-01
9.4381708e+00	2.8262965e-02
9.4599798e+00	-1.4700102e-01
9.4817887e+00	2.7876035e-03
9.5035976e+00	1.6494190e-01
9.5254066e+00	4.2716163e-02
9.5472155e+00	1.4067436e-02
9.5690245e+00	-1.1628920e-01
9.5908334e+00	-6.1780437e-02
9.6126423e+00	4.7515197e-02
9.6344513e+00	8.8059151e-02
9.6562602e+00	2.0837657e-02
9.6780691e+00	-1.1195497e-01
9.6998781e+00	-5.0453925e-02
9.7216870e+00	1.6715931e-01
9.7434960e+00	7.2004591e-02
9.7653049e+00	-4.1325201e-05
9.7871138e+00	-9.6988083e-02
9.8089228e+00	1.0229905e-01
9.8307317e+00	1.0128539e-02
9.8525407e+00	-1.3650738e-01
9.8743496e+00	5.5716125e-03
9.8961585e+00	1.9686600e-01
9.9179675e+00	1.8946590e-01
9.9397764e+00	3.0241744e-01
9.9615853e+00	2.3019359e-02
9.9833943e+00	-1.3827184e-01
1.0005203e+01	-1.6341049e-01
1.0027012e+01	-4.3458897e-02
1.0048821e+01	4.5847583e-02
1.0070630e+01	1.2645174e-01
1.0092439e+01	5.8942707e-02
1.0114248e+01	2.3608910e-02
1.0136057e+01	1.1195713e-01
1.0157866e+01	3.2995788e-02
1.0179675e+01	9.2134848e-02
1.0201484e+01	-1.2099360e-01
1.0223293e+01	2.2696010e-01
1.0245102e+01	-1.1768037e-01
1.0266910e+01	-2.3386238e-01
1.0288719e+01	-7.2351768e-02
1.0310528e+01	1.2744807e-01
1.0332337e+01	8.6645713e-01
1.0354146e+01	1.6382066e+00
1.0375955e+01	2.0461507e+00
1.0397764e+01	2.4626736e+00
1.0419573e+01	3.3200075e+00
1.0441382e+01	4.4371336e+00
1.0463191e+01	6.2310911e+00
1.0485000e+01	9.1617271e+00
1.0506809e+01	1.4012351e+01
1.0528618e+01	1.8068220e+01
1.0550427e+01	1.8460452e+01
1.0572236e+01	1.7014022e+01
1.0594045e+01	1.5783214e+01
1.0615853e+01	1.5942047e+01
1.0637662e+01	1.7033811e+01
1.0659471e+01	1.7060383e+01
1.0681280e+01	1.5276256e+01
1.0703089e+01	1.1125685e+01
1.0724898e+01	6.8333841e+00
1.0746707e+01	3.6727702e+00
1.0768516e+01	2.0658773e+00
1.0790325e+01	8.5518375e-01
1.0812134e+01	2.9033767e-01
1.0833943e+01	2.9528254e-02
1.0855752e+01	2.3722163e-01
1.0877561e+01	5.7982093e-02
1.0899370e+01	-1.2319773e-01
1.0921179e+01	5.1410613e-02
1.0942988e+01	-1.1637910e-02
1.0964796e+01	1.2133289e-01
1.0986605e+01	-3.8287259e-02
1.1008414e+01	4.0105648e-01
1.1030223e+01	6.7846163e-01
1.1052032e+01	4.9566850e-01
1.1073841e+01	1.0860174e+00
1.1095650e+01	1.4180940e+00
1.1117459e+01	1.6961319e+00
1.1139268e+01	2.0431799e+00
1.1161077e+01	2.3088906e+00
1.1182886e+01	2.2044547e+00
1.1204695e+01	2.5061128e+00
1.1226504e+01	3.0615917e+00
1.1248313e+01	3.1921470e+00
1.1270122e+01	1.6932704e+00
1.1291931e+01	1.2410896e+00
1.1313740e+01	4.7590825e-01
1.1335548e+01	5.3177992e-02
1.1357357e+01	-1.0275663e-02
1.1379166e+01	-3.1513024e-02
1.1400975e+01	-6.6462241e-02
1.1422784e+01	3.4506426e-02
1.1444593e+01	9.5553764e-02
1.1466402e+01	1.5938682e-01
1.1488211e+01	-1.2127659e-01
1.1510020e+01	-3.1760096e-01
1.1531829e+01	-3.1163332e-02
1.1553638e+01	2.5222293e-01
1.1575447e+01	2.5569700e-02
1.1597256e+01	8.6246101e-02
1.1619065e+01	3.2524993e-01
1.1640874e+01	4.2906097e-02
1.1662683e+01	-9.3944004e-02
1.1684491e+01	1.2487881e-01
1.1706300e+01	1.3540797e-01
1.1728109e+01	8.0929898e-02
1.1749918e+01	-7.1129490e-02
1.1771727e+01	-9.1839988e-02
1.1793536e+01	-1.5936473e-01
1.1815345e+01	8.1622255e-02
1.1837154e+01	1.6745609e-01
1.1858963e+01	-9.2652043e-02
1.1880772e+01	-5.8418770e-02
1.1902581e+01	4.7014466e-02
1.1924390e+01	1.9743511e-01
1.1946199e+01	3.7017592e-03
1.1968008e+01	1.2526169e-01
1.1989817e+01	-1.2014202e-01
1.2011626e+01	-1.1590356e-01
1.2033434e+01	-2.4441503e-02
1.2055243e+01	-3.8442078e-02
1.2077052e+01	8.7921660e-02
1.2098861e+01	3.0175533e-02
1.2120670e+01	1.1098524e-02
1.2142479e+01	6.6959904e-02
1.2164288e+01	-1.6362038e-03
1.2186097e+01	-8.1845392e-02
1.2207906e+01	1.2883621e-01
1.2229715e+01	-5.2574611e-02
1.2251524e+01	-1.6483433e-02
1.2273333e+01	-1.2480380e-01
1.2295142e+01	2.6337721e-02
1.2316951e+01	4.5585948e-03
1.2338760e+01	1.2676538e-02
1.2360569e+01	4.0708658e-01
1.2382377e+01	8.1223167e-02
1.2404186e+01	-8.2513662e-02
1.2425995e+01	7.8436440e-02
1.2447804e+01	1.4351202e-01
1.2469613e+01	1.1285858e-01
1.2491422e+01	-1.5466679e-01
1.2513231e+01	-5.0984669e-02
1.2535040e+01	-5.9583090e-02
1.2556849e+01	4.8497930e-02
1.2578658e+01	-1.0193692e-01
1.2600467e+01	-5.9334299e-02
1.2622276e+01	1.7849890e-02
1.2644085e+01	8.4296132e-02
1.2665894e+01	3.0643054e-01
1.2687703e+01	1.6543707e-01
1.2709512e+01	-1.4224379e-01
1.2731320e+01	-5.0331300e-02
1.2753129e+01	4.8405721e-02
1.2774938e+01	4.4612679e-02
1.2796747e+01	-2.8710336e-02
1.2818556e+01	1.1961585e-02
1.2840365e+01	-7.4393184e-02
1.2862174e+01	8.9923903e-02
1.2883983e+01	2.2292861e-02
1.2905792e+01	-8.0420354e-02
1.2927601e+01	6.2504655e-03
1.2949410e+01	1.0639394e-01
1.2971219e+01	1.7191717e-02
1.2993028e+01	3.8753194e-01
1.3014837e+01	4.8697920e-01
1.3036646e+01	9.1702001e-01
1.3058455e+01	8.9932703e-01
1.3080264e+01	7.6414190e-01
1.3102072e+01	8.8022929e-01
1.3123881e+01	2.0973284e-01
1.3145690e+01	-6.7408784e-02
1.3167499e+01	-3.1571818e-02
1.3189308e+01	6.0727120e-02
1.3211117e+01	9.4176260e-02
1.3232926e+01	6.6674655e-02
1.3254735e+01	-1.0881437e-01
1.3276544e+01	1.3858869e-03
1.3298353e+01	2.5565011e-01
1.3320162e+01	-4.8569134e-02
1.3341971e+01	-3.0773341e-01
1.3363780e+01	5.6529321e-01
1.3385589e+01	6.9570442e-01
1.3407398e+01	7.1019987e-01
1.3429207e+01	8.5066018e-01
1.3451015e+01	6.2029399e-01
1.3472824e+01	5.2253193e-01
1.3494633e+01	4.9951661e-01
1.3516442e+01	3.9213140e-01
1.3538251e+01	2.8229505e-01
1.3560060e+01	1.2912576e-01
1.3581869e+01	1.8701861e-02
1.3603678e+01	-6.3987341e-03
1.3625487e+01	1.3731626e-01
1.3647296e+01	1.1256117e-01
1.3669105e+01	7.3578732e-02
1.3690914e+01	9.0331533e-03
1.3712723e+01	-1.2696120e-01
1.3734532e+01	-1.3981246e-01
1.3756341e+01	-3.6502799e-02
1.3778150e+01	-8.4690538e-03
1.3799958e+01	-6.1778248e-03
1.3821767e+01	1.9934027e-01
1.3843576e+01	9.2342285e-02
1.3865385e+01	-1.1343390e-01
1.3887194e+01	-3.3930173e-02
1.3909003e+01	-8.4788439e-02
1.3930812e+01	-3.5170126e-02
1.3952621e+01	9.5745374e-02
1.3974430e+01	-8.0372536e-02
1.3996239e+01	1.1583302e-01
1.4018048e+01	2.2574173e-01
1.4039857e+01	4.9406148e-02
1.4061666e+01	3.1592586e-02
1.4083475e+01	-1.0831366e-01
1.4105284e+01	8.3183075e-05
1.4127093e+01	5.1194176e-02
1.4148901e+01	-3.4815373e-02
1.4170710e+01	5.6672531e-02
1.4192519e+01	8.9563855e-02
1.4214328e+01	-7.3621702e-02
1.4236137e+01	-1.7606490e-01
1.4257946e+01	-9.9529758e-02
1.4279755e+01	-2.8279481e-02
1.4301564e+01	1.5705321e-01
1.4323373e+01	2.6725168e-01
1.4345182e+01	1.1187677e-01
1.4366991e+01	-1.9074415e-03
1.4388800e+01	-5.8870960e-02
1.4410609e+01	-4.7852292e-02
1.4432418e+01	8.2829013e-02
1.4454227e+01	7.7151003e-02
1.4476036e+01	1.1675805e-01
1.4497844e+01	7.3175294e-02
1.4519653e+01	-3.7549090e-02
1.4541462e+01	-1.3673512e-01
1.4563271e+01	-2.0181571e-01
1.4585080e+01	-2.3918990e-02
1.4606889e+01	6.7302063e-02
1.4628698e+01	-5.6949747e-02
1.4650507e+01	2.3404779e-02
1.4672316e+01	6.4477744e-02
1.4694125e+01	7.7935651e-02
1.4715934e+01	-9.1259513e-02
1.4737743e+01	5.1998696e-02
1.4759552e+01	3.2366149e-01
1.4781361e+01	6.5413458e-01
1.4803170e+01	8.4457287e-01
1.4824979e+01	1.2440873e+00
1.4846787e+01	2.0661337e+00
1.4868596e+01	3.1137810e+00
1.4890405e+01	3.8934881e+00
1.4912214e+01	4.0503290e+00
1.4934023e+01	3.8401374e+00
1.4955832e+01	3.2158775e+00
1.4977641e+01	3.2702059e+00
1.4999450e+01	3.6710317e+00
1.5021259e+01	4.0182788e+00
1.5043068e+01	4.4897050e+00
1.5064877e+01	4.5336872e+00
1.5086686e+01	4.2982684e+00
1.5108495e+01	3.3422715e+00
1.5130304e+01	2.2866394e+00
1.5152113e+01	1.5075139e+00
1.5173922e+01	7.9112401e-01
1.5195731e+01	3.7081661e-01
1.5217539e+01	3.3938959e-01
1.5239348e+01	2.1163881e-02
1.5261157e+01	4.9854621e-02
1.5282966e+01	-2.5521351e-02
1.5304775e+01	-8.5976830e-02
1.5326584e+01	3.7744562e-02
1.5348393e+01	6.7281855e-02
1.5370202e+01	-6.6594041e-03
1.5392011e+01	-1.0353163e-01
1.5413820e+01	-8.8958526e-02
1.5435629e+01	2.5036104e-02
1.5457438e+01	1.7488351e-01
1.5479247e+01	5.9612307e-02
1.5501056e+01	-5.5936119e-02
1.5522865e+01	-3.9905631e-02
1.5544674e+01	4.5532018e-02
1.5566482e+01	3.9698739e-02
1.5588291e+01	-6.8320859e-02
1.5610100e+01	-2.4513976e-02
1.5631909e+01	5.3698208e-02
1.5653718e+01	4.6694106e-02
1.5675527e+01	4.2555341e-02
1.5697336e+01	-1.1043882e-01
1.5719145e+01	3.5156224e-02
1.5740954e+01	1.1052058e-03
1.5762763e+01	1.4569696e-02
1.5784572e+01	-1.1931752e-01
1.5806381e+01	-8.9373137e-02
1.5828190e+01	4.8690306e-02
1.5849999e+01	1.5167144e-02
1.5871808e+01	5.2422097e-02
1.5893617e+01	8.9035692e-03
1.5915425e+01	1.4076567e-01
1.5937234e+01	8.1044332e-02
1.5959043e+01	-1.2357230e-02
1.5980852e+01	2.3997986e-02
1.6002661e+01	-4.8971520e-02
1.6024470e+01	-1.3674550e-01
1.6046279e+01	-1.5271181e-01
1.6068088e+01	-5.7991178e-02
1.6089897e+01	1.0135302e-01
1.6111706e+01	8.9336027e-02
1.6133515e+01	4.9409545e-02
1.6155324e+01	1.4197544e-02
1.6177133e+01	1.1892589e-01
1.6198942e+01	4.6011331e-02
1.6220751e+01	-8.1416014e-02
1.6242560e+01	-1.3357604e-01
1.6264368e+01	-5.9693019e-02
1.6286177e+01	4.1310210e-02
1.6307986e+01	-1.1065808e-02
1.6329795e+01	9.7333679e-02
1.6351604e+01	1.1004090e-01
1.6373413e+01	-1.2844128e-01
1.6395222e+01	-9.5763035e-02
1.6417031e+01	1.4147677e-01
1.6438840e+01	1.0987719e-01
1.6460649e+01	-1.0349066e-01
1.6482458e+01	2.1944392e-03
1.6504267e+01	-4.6146804e-02
1.6526076e+01	-4.0726696e-02
1.6547885e+01	2.0398192e-02
1.6569694e+01	5.5273272e-03
1.6591503e+01	-3.5996745e-02
1.6613311e+01	3.8818607e-02
1.6635120e+01	-3.6523631e-02
1.6656929e+01	2.0574683e-02
1.6678738e+01	-1.1170539e-01
1.6700547e+01	5.9205425e-02
1.6722356e+01	1.5001880e-01
1.6744165e+01	-9.0473183e-04
1.6765974e+01	1.1439160e-01
1.6787783e+01	-7.5434322e-02
1.6809592e+01	-3.1586449e-02
1.6831401e+01	-3.7413561e-02
1.6853210e+01	1.7606290e-01
1.6875019e+01	3.8040856e-03
1.6896828e+01	-6.3941718e-02
1.6918637e+01	2.9599198e-02
1.6940446e+01	1.2306556e-01
1.6962254e+01	-1.1251758e-01
1.6984063e+01	-1.6461426e-01
1.7005872e+01	-7.0739071e-02
1.7027681e+01	7.3748492e-02
1.7049490e+01	5.0867589e-02
1.7071299e+01	-8.4966783e-02
1.7093108e+01	4.4780705e-02
1.7114917e+01	3.5902364e-02
1.7136726e+01	1.4500982e-01
1.7158535e+01	5.6906910e-02
1.7180344e+01	3.3935671e-02
1.7202153e+01	-9.8153725e-02
1.7223962e+01	-1.1528601e-01
1.7245771e+01	9.6845676e-02
1.7267580e+01	1.6900965e-02
1.7289389e+01	4.6224833e-02
1.7311198e+01	-8.0074621e-02
1.7333006e+01	-1.6891629e-01
1.7354815e+01	-4.3499179e-02
1.7376624e+01	1.2213621e-01
1.7398433e+01	6.7766860e-02
1.7420242e+01	2.6408160e-02
1.7442051e+01	8.4131262e-03
1.7463860e+01	-4.2013044e-03
1.7485669e+01	-2.1127077e-02
1.7507478e+01	1.2640872e-01
1.7529287e+01	1.1567324e-03
1.7551096e+01	-2.6080622e-02
1.7572905e+01	-3.3763409e-02
1.7594714e+01	-1.1514088e-01
1.7616523e+01	-1.6801240e-01
1.7638332e+01	1.9236861e-01
1.7660141e+01	7.2742067e-02
1.7681949e+01	9.8912891e-03
1.7703758e+01	4.6539727e-03
1.7725567e+01	2.6657795e-02
1.7747376e+01	4.9402573e-02
1.7769185e+01	5.5694779e-02
1.7790994e+01	1.0015001e-01
1.7812803e+01	1.0055262e-02
1.7834612e+01	-1.3263711e-01
1.7856421e+01	-1.0532723e-01
1.7878230e+01	-1.6523061e-02
1.7900039e+01	2.5181419e-01
1.7921848e+01	-1.7444390e-02
1.7943657e+01	-5.4595518e-02
1.7965466e+01	1.1705408e-01
1.7987275e+01	-8.4158899e-02
1.8009084e+01	1.3887860e-01
1.8030892e+01	5.3200692e-02
1.8052701e+01	-8.0533056e-02
1.8074510e+01	9.8963074e-03
1.8096319e+01	-3.4204103e-02
1.8118128e+01	-1.2571236e-01
1.8139937e+01	1.0957206e-01
1.8161746e+01	8.4230994e-02
1.8183555e+01	-8.6585064e-02
1.8205364e+01	1.6152419e-01
1.8227173e+01	1.0136701e-01
1.8248982e+01	-9.7677421e-02
1.8270791e+01	-1.1255384e-01
1.8292600e+01	-8.8703254e-02
1.8314409e+01	-3.3978010e-02
1.8336218e+01	6.9546099e-02
1.8358027e+01	1.1624534e-01
1.8379835e+01	-3.6284841e-02
1.8401644e+01	-1.2569420e-02
1.8423453e+01	-3.8859421e-02
1.8445262e+01	-1.1060730e-01
1.8467071e+01	2.1363528e-01
1.8488880e+01	1.1293943e-01
1.8510689e+01	1.3457916e-01
1.8532498e+01	1.2167782e-01
1.8554307e+01	-4.8658098e-02
1.8576116e+01	-1.0432551e-01
1.8597925e+01	-6.4517880e-02
1.8619734e+01	-8.6284288e-02
1.8641543e+01	1.7118395e-02
1.8663352e+01	-1.2576979e-01
1.8685161e+01	1.0278110e-01
1.8706970e+01	1.2290223e-01
1.8728778e+01	1.3068365e-01
1.8750587e+01	-1.1677651e-01
1.8772396e+01	8.8456606e-02
1.8794205e+01	-2.4568709e-02
1.8816014e+01	-4.0886892e-02
1.8837823e+01	-8.3283957e-02
1.8859632e+01	-5.7563541e-02
1.8881441e+01	8.5021600e-02
1.8903250e+01	-5.4111922e-02
1.8925059e+01	3.8536472e-02
1.8946868e+01	1.7544654e-02
1.8968677e+01	3.5729358e-03
1.8990486e+01	-4.6098618e-02
1.9012295e+01	-2.3806837e-02
1.9034104e+01	2.4732577e-02
1.9055913e+01	8.2549520e-03
1.9077721e+01	3.1772023e-02
1.9099530e+01	4.4127901e-02
1.9121339e+01	7.2229895e-05
1.9143148e+01	5.6775365e-02
1.9164957e+01	-2.0084738e-02
1.9186766e+01	3.2785275e-02
1.9208575e+01	-4.9875257e-02
1.9230384e+01	-3.9842933e-02
1.9252193e+01	-1.2989310e-02
1.9274002e+01	-1.5413637e-01
1.9295811e+01	-1.4358854e-01
1.9317620e+01	7.9110607e-02
1.9339429e+01	2.1133370e-01
1.9361238e+01	1.1502251e-01
1.9383047e+01	1.1413193e-01
1.9404856e+01	2.4112619e-01
1.9426665e+01	9.6055599e-02
1.9448473e+01	-4.5916433e-02
1.9470282e+01	2.4185116e-02
1.9492091e+01	-1.0727767e-01
1.9513900e+01	-1.5011317e-01
1.9535709e+01	-1.7129842e-03
1.9557518e+01	2.1519702e-01
1.9579327e+01	-2.5111026e-02
1.9601136e+01	-8.3900028e-02
1.9622945e+01	4.9039589e-02
1.9644754e+01	1.2952782e-01
1.9666563e+01	1.4977632e-02
1.9688372e+01	-2.3050856e-02
1.9710181e+01	3.2686453e-02
1.9731990e+01	-9.1637514e-02
1.9753799e+01	-7.1415019e-03
1.9775608e+01	-8.0394882e-02
1.9797416e+01	4.4733742e-02
1.9819225e+01	8.6031328e-02
1.9841034e+01	-5.6899313e-02
1.9862843e+01	-4.3716755e-02
1.9884652e+01	6.1006649e-02
1.9906461e+01	-6.9971728e-02
1.9928270e+01	2.1041324e-02
1.9950079e+01	1.8469071e-02
1.9971888e+01	7.5674531e-02
1.9993697e+01	1.1821779e-01
2.0015506e+01	7.3005614e-02
2.0037315e+01	-6.6666521e-02
2.0059124e+01	-4.4907998e-02
2.0080933e+01	-1.1188734e-01
2.0102742e+01	1.4239378e-02
2.0124551e+01	3.8165509e-02
2.0146359e+01	-9.9805081e-02
2.0168168e+01	1.5875124e-02
2.0189977e+01	1.5251230e-01
2.0211786e+01	-1.3792420e-01
2.0233595e+01	-1.6672960e-01
2.0255404e+01	-2.3956715e-02
2.0277213e+01	8.5540253e-02
2.0299022e+01	1.3382313e-01
2.0320831e+01	1.9452508e-01
2.0342640e+01	3.2744452e-01
2.0364449e+01	1.1650751e-01
2.0386258e+01	-3.0008204e-02
2.0408067e+01	-4.8073352e-02
2.0429876e+01	-1.1580492e-01
2.0451685e+01	-3.9561945e-02
2.0473494e+01	-7.5549393e-02
2.0495302e+01	1.8866896e-01
2.0517111e+01	6.5503361e-02
2.0538920e+01	1.1179549e-01
2.0560729e+01	-9.4211265e-02
2.0582538e+01	8.7093967e-03
2.0604347e+01	8.2626953e-02
2.0626156e+01	9.5425152e-02
2.0647965e+01	-3.7862788e-02
2.0669774e+01	-1.7467704e-01
2.0691583e+01	1.3577985e-04
2.0713392e+01	-1.3777394e-02
2.0735201e+01	4.3300850e-02
2.0757010e+01	2.6200736e-02
2.0778819e+01	-6.0668664e-02
2.0800628e+01	-1.1086549e-01
2.0822437e+01	-4.3154001e-02
2.0844245e+01	1.8721795e-01
2.0866054e+01	4.1747453e-02
2.0887863e+01	2.3024854e-02
2.0909672e+01	-1.9669660e-02
2.0931481e+01	3.6327709e-01
2.0953290e+01	5.4542942e-01
2.0975099e+01	1.1662053e+00
2.0996908e+01	2.3082186e+00
2.1018717e+01	4.2091831e+00
2.1040526e+01	6.3612597e+00
2.1062335e+01	7.4834982e+00
2.1084144e+01	7.3525734e+00
2.1105953e+01	6.1866952e+00
2.1127762e+01	5.3218393e+00
2.1149571e+01	5.1701898e+00
2.1171380e+01	5.6690233e+00
2.1193188e+01	6.8786907e+00
2.1214997e+01	8.7156269e+00
2.1236806e+01	1.0459429e+01
2.1258615e+01	1.1904326e+01
2.1280424e+01	1.3008545e+01
2.1302233e+01	1.2996361e+01
2.1324042e+01	1.1820365e+01
2.1345851e+01	9.7343106e+00
2.1367660e+01	6.9693015e+00
2.1389469e+01	4.3106877e+00
2.1411278e+01	2.1801473e+00
2.1433087e+01	7.4740797e-01
2.1454896e+01	2.8628659e-01
2.1476705e+01	1.2299099e-01
2.1498514e+01	-8.8251910e-02
2.1520323e+01	-9.3124005e-02
2.1542132e+01	1.3894333e-01
2.1563940e+01	4.3842864e-01
2.1585749e+01	5.5303204e-01
2.1607558e+01	5.4489770e-01
2.1629367e+01	2.4405771e-01
2.1651176e+01	9.4268024e-02
2.1672985e+01	7.4649587e-03
2.1694794e+01	-1.7076153e-01
2.1716603e+01	-3.2426844e-02
2.1738412e+01	3.1396390e-03
2.1760221e+01	-1.0035611e-01
2.1782030e+01	7.1329398e-02
2.1803839e+01	-9.5631151e-04
2.1825648e+01	5.4289141e-02
2.1847457e+01	7.6553969e-02
2.1869266e+01	9.4339741e-04
2.1891075e+01	2.8982956e-02
2.1912883e+01	-9.5076223e-02
2.1934692e+01	-1.7811429e-01
2.1956501e+01	-6.9128374e-02
2.1978310e+01	3.1395506e-02
2.2000119e+01	1.2200228e-01
2.2021928e+01	1.0632383e-01
2.2043737e+01	-2.5355819e-02
2.2065546e+01	5.8056661e-02
2.2087355e+01	2.5032259e-02
2.2109164e+01	-2.5098073e-02
2.2130973e+01	2.1577097e-02
2.2152782e+01	-1.9939738e-02
2.2174591e+01	-8.9350101e-02
2.2196400e+01	3.3008635e-02
2.2218209e+01	9.8990209e-02
2.2240018e+01	1.5854049e-02
2.2261826e+01	-2.6913030e-02
2.2283635e+01	-1.7976340e-02
2.2305444e+01	-1.0248063e-01
2.2327253e+01	-1.1730394e-01
2.2349062e+01	-1.4382440e-02
2.2370871e+01	6.4387714e-02
2.2392680e+01	1.2511934e-01
2.2414489e+01	1.3189960e-01
2.2436298e+01	1.9720156e-02
2.2458107e+01	-3.1257260e-02
2.2479916e+01	-7.4388345e-02
2.2501725e+01	-6.7660430e-02
2.2523534e+01	-1.0902254e-01
2.2545343e+01	3.5256289e-02
2.2567152e+01	2.4168998e-01
2.2588961e+01	4.3362976e-02
2.2610769e+01	8.6831374e-02
2.2632578e+01	9.8982087e-02
2.2654387e+01	-2.2001833e-01
2.2676196e+01	4.9875259e-02
2.2698005e+01	1.0289094e-01
2.2719814e+01	6.2031476e-02
2.2741623e+01	-9.0322448e-02
2.2763432e+01	-1.0990227e-01
2.2785241e+01	4.0686120e-02
2.2807050e+01	-3.0737916e-02
2.2828859e+01	6.1534719e-02
2.2850668e+01	1.6567717e-01
2.2872477e+01	-1.0353356e-01
2.2894286e+01	-6.5807844e-02
2.2916095e+01	-4.7830086e-02
2.2937904e+01	-8.3329460e-02
2.2959712e+01	3.6147717e-02
2.2981521e+01	1.5578152e-01
2.3003330e+01	5.8272170e-02
2.3025139e+01	3.1637835e-02
2.3046948e+01	-8.3606305e-02
2.3068757e+01	-1.2643112e-02
2.3090566e+01	8.7400177e-02
2.3112375e+01	1.5538835e-01
2.3134184e+01	1.8708656e-03
2.3155993e+01	-9.8331752e-03
2.3177802e+01	-1.1902494e-01
2.3199611e+01	1.3834818e-02
2.3221420e+01	9.7089746e-02
2.3243229e+01	-9.7886579e-02
2.3265038e+01	-1.4121904e-01
2.3286847e+01	-5.9200812e-02
2.3308655e+01	-1.2533834e-02
2.3330464e+01	-3.4015090e-02
2.3352273e+01	-6.1758176e-02
2.3374082e+01	5.9294602e-02
2.3395891e+01	1.0995316e-01
2.3417700e+01	1.8799339e-02
2.3439509e+01	2.2548811e-01
2.3461318e+01	6.2975056e-01
2.3483127e+01	1.5334345e+00
2.3504936e+01	3.0005769e+00
2.3526745e+01	4.5853494e+00
2.3548554e+01	5.5186380e+00
2.3570363e+01	5.5073485e+00
2.3592172e+01	4.8774688e+00
2.3613981e+01	4.1125066e+00
2.3635790e+01	3.9036978e+00
2.3657599e+01	4.2676803e+00
2.3679407e+01	4.8846799e+00
2.3701216e+01	6.0970774e+00
2.3723025e+01	7.6031057e+00
2.3744834e+01	9.2169656e+00
2.3766643e+01	1.0694721e+01
2.3788452e+01	1.2561580e+01
2.3810261e+01	1.3805168e+01
2.3832070e+01	1.3499293e+01
2.3853879e+01	1.2129815e+01
2.3875688e+01	9.9185446e+00
2.3897497e+01	7.3390955e+00
2.3919306e+01	4.9492888e+00
2.3941115e+01	3.1467092e+00
2.3962924e+01	1.9670917e+00
2.3984733e+01	1.1528411e+00
2.4006542e+01	6.8282524e-01
2.4028350e+01	1.5225193e-01
2.4050159e+01	7.9674029e-02
2.4071968e+01	-1.9818306e-03
2.4093777e+01	-1.3959257e-02
2.4115586e+01	-1.6892689e-01
2.4137395e+01	-1.2086649e-01
2.4159204e+01	5.3816028e-02
2.4181013e+01	6.7492558e-02
2.4202822e+01	-9.8955642e-02
2.4224631e+01	-3.9914964e-02
2.4246440e+01	1.0199654e-01
2.4268249e+01	-2.3448190e-02
2.4290058e+01	8.4877785e-02
2.4311867e+01	1.0524928e-03
2.4333676e+01	-1.7478674e-01
2.4355485e+01	-6.2784604e-02
2.4377293e+01	-1.7986607e-02
2.4399102e+01	-2.2603808e-02
2.4420911e+01	8.4851797e-02
2.4442720e+01	1.8472714e-01
2.4464529e+01	3.4967225e-02
2.4486338e+01	2.0582307e-02
2.4508147e+01	1.4406471e-01
2.4529956e+01	3.2965671e-01
2.4551765e+01	4.4065519e-01
2.4573574e+01	5.8544847e-01
2.4595383e+01	8.3449522e-01
2.4617192e+01	1.1677381e+00
2.4639001e+01	1.0975067e+00
2.4660810e+01	3.5424775e-01
2.4682619e+01	-7.2182496e-05
2.4704428e+01	-7.3354674e-02
2.4726236e+01	1.4206092e-02
2.4748045e+01	2.8752771e-02
2.4769854e+01	-8.5633375e-02
2.4791663e+01	-5.3297751e-02
2.4813472e+01	8.2486442e-02
2.4835281e+01	-2.6392850e-02
2.4857090e+01	1.8207830e-04
2.4878899e+01	-3.3132852e-02
2.4900708e+01	-3.4953779e-02
2.4922517e+01	-8.1495653e-04
2.4944326e+01	-6.7690507e-03
2.4966135e+01	5.7289397e-02
2.4987944e+01	1.6342021e-01
2.5009753e+01	-1.2660702e-01
2.5031562e+01	-1.1571221e-01
2.5053371e+01	-7.8661548e-03
2.5075179e+01	3.7892336e-02
2.5096988e+01	1.9646034e-01
2.5118797e+01	6.1823581e-02
2.5140606e+01	-4.3183653e-02
2.5162415e+01	5.4473487e-02
2.5184224e+01	-7.4151995e-03
2.5206033e+01	-6.3313889e-02
2.5227842e+01	-3.3453873e-02
2.5249651e+01	-5.9854357e-02
2.5271460e+01	4.1950395e-03
2.5293269e+01	9.4728441e-02
2.5315078e+01	8.4246380e-02
2.5336887e+01	5.0778765e-03
2.5358696e+01	-4.2691687e-02
2.5380505e+01	-6.6891890e-02
2.5402314e+01	-9.9907633e-03
2.5424123e+01	6.2475038e-02
2.5445931e+01	3.1070153e-01
2.5467740e+01	1.2851637e-01
2.5489549e+01	1.8123617e-02
2.5511358e+01	2.2211287e-02
2.5533167e+01	2.2087946e-02
2.5554976e+01	-1.5897688e-01
2.5576785e+01	-5.0758635e-02
2.5598594e+01	-7.5204549e-02
2.5620403e+01	3.2907627e-02
2.5642212e+01	-1.1723338e-02
2.5664021e+01	-4.0693650e-02
2.5685830e+01	-3.6001310e-03
2.5707639e+01	9.4493319e-03
2.5729448e+01	-1.0871130e-01
2.5751257e+01	2.7654960e-01
2.5773066e+01	7.6765722e-01
2.5794874e+01	8.4827079e-01
2.5816683e+01	7.0614849e-01
2.5838492e+01	2.7965453e-01
2.5860301e+01	1.3672911e-01
2.5882110e+01	4.9378166e-02
2.5903919e+01	1.1604704e-02
2.5925728e+01	-3.9437348e-02
2.5947537e+01	1.3250397e-01
2.5969346e+01	7.1979166e-01
2.5991155e+01	1.2351638e+00
2.6012964e+01	1.8157466e+00
2.6034773e+01	2.1793110e+00
2.6056582e+01	2.6906352e+00
2.6078391e+01	3.0266243e+00
2.6100200e+01	3.0933713e+00
2.6122009e+01	2.8455994e+00
2.6143817e+01	2.2808407e+00
2.6165626e+01	1.5427343e+00
2.6187435e+01	1.1326872e+00
2.6209244e+01	7.2214462e-01
2.6231053e+01	5.4217258e-01
2.6252862e+01	1.7324021e-01
2.6274671e+01	-7.7971543e-02
2.6296480e+01	-1.8238533e-01
2.6318289e+01	-9.6256031e-02
2.6340098e+01	-7.1680329e-03
2.6361907e+01	1.5760619e-02
2.6383716e+01	-6.7064668e-03
2.6405525e+01	4.2682299e-02
2.6427334e+01	6.8430787e-02
2.6449143e+01	1.1087401e-01
2.6470952e+01	7.1636537e-02
2.6492760e+01	-1.1588647e-02
2.6514569e+01	-8.5355360e-02
2.6536378e+01	-1.6990853e-01
2.6558187e+01	-1.3322414e-01
2.6579996e+01	1.1881240e-01
2.6601805e+01	2.0080843e-01
2.6623614e+01	3.4418934e-02
2.6645423e+01	-4.2532363e-02
2.6667232e+01	1.2537240e-01
2.6689041e+01	2.3905533e-01
2.6710850e+01	1.3066605e-01
2.6732659e+01	5.3357549e-02
2.6754468e+01	-3.2881421e-02
2.6776277e+01	-9.9203832e-02
2.6798086e+01	-7.0600154e-02
2.6819895e+01	-8.2395238e-02
2.6841703e+01	-1.5720393e-01
2.6863512e+01	-2.7136818e-02
2.6885321e+01	5.4669592e-02
2.6907130e+01	7.1184813e-02
2.6928939e+01	4.2318022e-02
2.6950748e+01	-4.5441886e-03
2.6972557e+01	5.4978800e-03
2.6994366e+01	-1.7544794e-02
2.7016175e+01	1.4370783e-01
2.7037984e+01	1.4490315e-01
2.7059793e+01	5.4940722e-02
2.7081602e+01	-4.0065141e-02
2.7103411e+01	-1.0289227e-01
2.7125220e+01	-6.8432518e-02
2.7147029e+01	-1.9702148e-02
2.7168838e+01	-5.0528688e-02
2.7190646e+01	-5.0189435e-02
2.7212455e+01	7.4517144e-02
2.7234264e+01	1.9667096e-02
2.7256073e+01	-8.7407448e-03
2.7277882e+01	-1.2712150e-03
2.7299691e+01	2.2590880e-02
2.7321500e+01	1.2723049e-02
2.7343309e+01	-5.4949827e-02
2.7365118e+01	1.5121007e-02
2.7386927e+01	3.9144530e-02
2.7408736e+01	-2.7130058e-02
2.7430545e+01	-1.2444130e-02
2.7452354e+01	2.5772731e-02
2.7474163e+01	9.9029339e-02
2.7495972e+01	-4.8336534e-02
2.7517781e+01	-7.4221820e-02
2.7539590e+01	4.7655294e-02
2.7561398e+01	6.0725373e-02
2.7583207e+01	-7.0875808e-02
2.7605016e+01	1.3614138e-03
2.7626825e+01	-2.8185099e-02
2.7648634e+01	5.2252091e-03
2.7670443e+01	-7.7886152e-02
2.7692252e+01	-1.1440453e-01
2.7714061e+01	-4.3478369e-02
2.7735870e+01	3.0468275e-02
2.7757679e+01	6.6774104e-02
2.7779488e+01	7.7177434e-02
2.7801297e+01	1.2019378e-01
2.7823106e+01	9.6456598e-02
2.7844915e+01	7.9384732e-02
2.7866724e+01	2.5535359e-02
2.7888533e+01	4.5678390e-02
2.7910341e+01	-2.7756446e-02
2.7932150e+01	-1.5062252e-01
2.7953959e+01	-3.4800523e-02
2.7975768e+01	-9.7134591e-03
2.7997577e+01	-7.4036845e-02
2.8019386e+01	-4.7568766e-02
2.8041195e+01	1.2717928e-01
2.8063004e+01	2.9732930e-02
2.8084813e+01	-1.1878208e-01
2.8106622e+01	-3.8736120e-02
2.8128431e+01	-7.6312245e-02
2.8150240e+01	-1.0133845e-02
2.8172049e+01	3.4035142e-02
2.8193858e+01	-4.9623789e-02
2.8215667e+01	7.0518664e-02
2.8237476e+01	2.3787460e-02
2.8259284e+01	1.0607000e-01
2.8281093e+01	6.9335398e-02
2.8302902e+01	1.1385669e-01
2.8324711e+01	-4.3189230e-02
2.8346520e+01	-1.3024741e-02
2.8368329e+01	-4.0671086e-02
2.8390138e+01	-2.1519770e-02
2.8411947e+01	-2.6305112e-02
2.8433756e+01	-3.9514629e-02
2.8455565e+01	-1.0584154e-01
2.8477374e+01	-9.1057442e-02
2.8499183e+01	-8.7732018e-02
2.8520992e+01	4.0584073e-02
2.8542801e+01	4.3285347e-02
2.8564610e+01	1.4369840e-01
2.8586419e+01	3.9405168e-02
2.8608227e+01	1.0931688e-01
2.8630036e+01	1.1759061e-01
2.8651845e+01	1.1814143e-01
2.8673654e+01	-5.5001067e-02
2.8695463e+01	-8.1724947e-02
2.8717272e+01	2.1445672e-02
2.8739081e+01	8.8927572e-02
2.8760890e+01	-1.2238612e-01
2.8782699e+01	-5.6899956e-02
2.8804508e+01	-5.8451035e-02
2.8826317e+01	-9.9561221e-02
2.8848126e+01	-7.2710416e-02
2.8869935e+01	-1.9843992e-02
2.8891744e+01	1.1035044e-02
2.8913553e+01	2.8467643e-02
2.8935362e+01	3.6174719e-02
2.8957170e+01	1.4030995e-01
2.8978979e+01	1.8422254e-02
2.9000788e+01	6.3224008e-02
2.9022597e+01	-2.2156783e-02
2.9044406e+01	-1.3106948e-01
2.9066215e+01	-1.0654288e-03
2.9088024e+01	4.6211953e-02
2.9109833e+01	7.8863695e-02
2.9131642e+01	-1.5261741e-02
2.9153451e+01	-5.7624100e-02
2.9175260e+01	-1.3889861e-02
2.9197069e+01	6.1127886e-02
2.9218878e+01	-8.2449389e-02
2.9240687e+01	7.6018723e-02
2.9262496e+01	-5.6933151e-03
2.9284305e+01	1.3847909e-02
2.9306113e+01	-3.6230649e-02
2.9327922e+01	-7.3536532e-02
2.9349731e+01	5.0426868e-02
2.9371540e+01	7.3852070e-02
2.9393349e+01	-8.0738708e-02
2.9415158e+01	5.2701352e-02
2.9436967e+01	3.6679088e-02
2.9458776e+01	-4.9909041e-02
2.9480585e+01	-3.7368962e-02
2.9502394e+01	4.2092568e-02
2.9524203e+01	-6.5744109e-02
2.9546012e+01	9.5072862e-02
2.9567821e+01	2.2588442e-02
2.9589630e+01	-1.4964376e-01
2.9611439e+01	-1.0026266e-01
2.9633248e+01	5.2389858e-02
2.9655057e+01	3.1059869e-02
2.9676865e+01	1.2590718e-01
2.9698674e+01	4.4565567e-01
2.9720483e+01	1.0100221e+00
2.9742292e+01	1.8125891e+00
2.9764101e+01	2.4416182e+00
2.9785910e+01	3.0591732e+00
2.9807719e+01	3.2972127e+00
2.9829528e+01	3.2401963e+00
2.9851337e+01	2.9442266e+00
2.9873146e+01	2.4924902e+00
2.9894955e+01	2.4015639e+00
2.9916764e+01	2.4572662e+00
2.9938573e+01	2.9787438e+00
2.9960382e+01	3.7820522e+00
2.9982191e+01	4.5374253e+00
3.0004000e+01	5.4010085e+00
3.0025808e+01	6.4096875e+00
3.0047617e+01	7.5052829e+00
3.0069426e+01	9.0000914e+00
3.0091235e+01	9.9000977e+00
3.0113044e+01	1.0467897e+01
3.0134853e+01	1.0508079e+01
3.0156662e+01	9.5561590e+00
3.0178471e+01	8.0478774e+00
3.0200280e+01	6.1163317e+00
3.0222089e+01	4.1828146e+00
3.0243898e+01	2.8363746e+00
3.0265707e+01	1.8249503e+00
3.0287516e+01	1.3403695e+00
3.0309325e+01	8.7197777e-01
3.0331134e+01	5.6256770e-01
3.0352943e+01	5.5834297e-01
3.0374751e+01	2.9526511e-01
3.0396560e+01	-3.9197390e-02
3.0418369e+01	4.2268912e-02
3.0440178e+01	3.9926535e-02
3.0461987e+01	-8.0935291e-02
3.0483796e+01	-6.6590635e-02
3.0505605e+01	8.3588011e-02
3.0527414e+01	-5.0930513e-02
3.0549223e+01	-1.8396084e-02
3.0571032e+01	1.0541465e-01
3.0592841e+01	1.9978574e-01
3.0614650e+01	-1.7863980e-01
3.0636459e+01	-3.1924205e-02
3.0658268e+01	1.2357390e-01
3.0680077e+01	-7.9849485e-04
3.0701886e+01	-7.5352568e-02
3.0723694e+01	-8.1468915e-02
3.0745503e+01	8.2548323e-02
3.0767312e+01	2.5076437e-01
3.0789121e+01	2.1146527e-01
3.0810930e+01	8.8946027e-03
3.0832739e+01	-1.4345598e-02
3.0854548e+01	-2.6291880e-03
3.0876357e+01	1.0581720e-02
3.0898166e+01	-4.4580464e-02
3.0919975e+01	1.6155769e-01
3.0941784e+01	-1.1889849e-02
3.0963593e+01	-2.3015700e-01
3.0985402e+01	5.9656284e-02
3.1007211e+01	1.5052592e-01
3.1029020e+01	1.1391115e-01
3.1050829e+01	-9.8164136e-02
3.1072637e+01	-1.4324963e-01
3.1094446e+01	-8.2140080e-02
3.1116255e+01	2.2727715e-02
3.1138064e+01	1.2928168e-01
3.1159873e+01	3.0959603e-02
3.1181682e+01	-4.5885557e-02
3.1203491e+01	-4.1716449e-02
3.1225300e+01	5.2097300e-02
3.1247109e+01	2.3638410e-01
3.1268918e+01	6.3635627e-02
3.1290727e+01	-1.0577338e-01
3.1312536e+01	7.8446264e-02
3.1334345e+01	2.0305341e-02
3.1356154e+01	1.1270324e-02
3.1377963e+01	-4.2455166e-02
3.1399772e+01	-1.1430737e-01
3.1421580e+01	-6.4105845e-02
3.1443389e+01	-6.1470557e-03
3.1465198e+01	1.6488804e-01
3.1487007e+01	4.4051715e-01
3.1508816e+01	7.3099086e-01
3.1530625e+01	1.0927291e+00
3.1552434e+01	1.5898949e+00
3.1574243e+01	2.3502871e+00
3.1596052e+01	2.8541747e+00
3.1617861e+01	2.9389926e+00
3.1639670e+01	2.6906747e+00
3.1661479e+01	2.3484321e+00
3.1683288e+01	2.0491186e+00
3.1705097e+01	1.6822492e+00
3.1726906e+01	1.9384079e+00
3.1748715e+01	2.3204615e+00
3.1770524e+01	2.6706260e+00
3.1792332e+01	3.2319654e+00
3.1814141e+01	3.8302586e+00
3.1835950e+01	4.8944316e+00
3.1857759e+01	6.0348232e+00
3.1879568e+01	7.0574374e+00
3.1901377e+01	8.2119912e+00
3.1923186e+01	9.2851796e+00
3.1944995e+01	9.4172294e+00
3.1966804e+01	9.1311965e+00
3.1988613e+01	8.4334381e+00
3.2010422e+01	6.7898558e+00
3.2032231e+01	4.9498939e+00
3.2054040e+01	3.1537000e+00
3.2075849e+01	1.8598783e+00
3.2097658e+01	1.0943177e+00
3.2119467e+01	5.8652400e-01
3.2141275e+01	1.3433426e-01
3.2163084e+01	7.3403535e-03
3.2184893e+01	9.4970234e-04
3.2206702e+01	1.1944751e-01
3.2228511e+01	-4.5836415e-03
3.2250320e+01	-1.4957698e-01
3.2272129e+01	1.2072839e-02
3.2293938e+01	-1.1713998e-01
3.2315747e+01	-2.8042770e-02
3.2337556e+01	6.8219705e-02
3.2359365e+01	-3.1915117e-02
3.2381174e+01	-2.5626560e-02
3.2402983e+01	-6.2230652e-02
3.2424792e+01	1.0525249e-04
3.2446601e+01	6.8894772e-02
3.2468410e+01	-1.3843979e-02
3.2490218e+01	3.2999366e-03
3.2512027e+01	-1.1617513e-02
3.2533836e+01	3.9566828e-02
3.2555645e+01	5.5940971e-02
3.2577454e+01	-1.9505538e-02
3.2599263e+01	3.2163275e-02
3.2621072e+01	-1.2728894e-01
3.2642881e+01	-2.4241925e-02
3.2664690e+01	1.1868945e-01
3.2686499e+01	6.5365855e-02
3.2708308e+01	5.6190407e-02
3.2730117e+01	1.0791034e-01
3.2751926e+01	-1.5524178e-01
3.2773735e+01	-6.5074801e-02
3.2795544e+01	-7.4150920e-02
3.2817353e+01	-5.8087520e-02
3.2839161e+01	8.7424403e-02
3.2860970e+01	3.6983691e-02
3.2882779e+01	1.6238614e-01
3.2904588e+01	-1.1272987e-01
3.2926397e+01	2.0026457e-02
3.2948206e+01	-3.8695263e-03
3.2970015e+01	-7.0274075e-02
3.2991824e+01	3.3817375e-02
3.3013633e+01	5.5181524e-02
3.3035442e+01	7.2788067e-02
3.3057251e+01	5.3774746e-02
3.3079060e+01	-5.6356729e-02
3.3100869e+01	-2.1940931e-02
3.3122678e+01	4.0065704e-02
3.3144487e+01	-1.1663242e-01
3.3166296e+01	-1.8820178e-01
3.3188104e+01	-1.9303213e-02
3.3209913e+01	7.3265813e-02
3.3231722e+01	-3.2585232e-02
3.3253531e+01	8.6558092e-02
3.3275340e+01	-3.0009146e-02
3.3297149e+01	7.8747948e-02
3.3318958e+01	1.6279703e-01
3.3340767e+01	-6.2309896e-02
3.3362576e+01	3.9762925e-02
3.3384385e+01	6.0317856e-02
3.3406194e+01	2.8485344e-02
3.3428003e+01	-2.3951554e-03
3.3449812e+01	-1.0531801e-01
3.3471621e+01	-1.2763785e-01
3.3493430e+01	-6.0927874e-02
3.3515239e+01	1.4260624e-01
3.3537047e+01	4.5619335e-01
3.3558856e+01	5.9687432e-01
3.3580665e+01	5.9437278e-01
3.3602474e+01	7.4794933e-01
3.3624283e+01	1.0167746e+00
3.3646092e+01	1.1944940e+00
3.3667901e+01	1.3260283e+00
3.3689710e+01	1.2705220e+00
3.3711519e+01	1.1141016e+00
3.3733328e+01	7.7883477e-01
3.3755137e+01	6.0456305e-01
3.3776946e+01	4.3267202e-01
3.3798755e+01	1.3910824e-01
3.3820564e+01	6.1042559e-02
3.3842373e+01	-1.0319056e-02
3.3864182e+01	-2.5076975e-02
3.3885991e+01	-8.3839630e-03
3.3907799e+01	-5.5368423e-02
3.3929608e+01	-1.6128609e-02
3.3951417e+01	-1.7732591e-02
3.3973226e+01	-7.8213288e-02
3.3995035e+01	-2.1471019e-02
3.4016844e+01	1.4465724e-02
3.4038653e+01	-5.3824374e-02
3.4060462e+01	7.4548356e-02
3.4082271e+01	1.4091529e-01
3.4104080e+01	-1.1525240e-01
3.4125889e+01	-8.5773566e-02
3.4147698e+01	2.1015543e-02
3.4169507e+01	1.4149557e-01
3.4191316e+01	4.8154752e-02
3.4213125e+01	2.8523284e-02
3.4234934e+01	-1.4196768e-02
3.4256742e+01	1.6852589e-02
3.4278551e+01	-1.1592086e-01
3.4300360e+01	6.9608378e-02
3.4322169e+01	1.9920732e-02
3.4343978e+01	-8.1396168e-02
3.4365787e+01	-2.3835772e-02
3.4387596e+01	-5.1486591e-02
3.4409405e+01	2.4188559e-03
3.4431214e+01	1.8355815e-02
3.4453023e+01	1.4556703e-01
3.4474832e+01	9.5224092e-02
3.4496641e+01	-9.2092746e-03
3.4518450e+01	-1.7485100e-01
3.4540259e+01	-1.3790140e-01
3.4562068e+01	6.5815585e-02
3.4583877e+01	5.0845635e-02
3.4605685e+01	3.6609187e-02
3.4627494e+01	7.5268729e-02
3.4649303e+01	3.1424668e-02
3.4671112e+01	-3.1847272e-02
3.4692921e+01	-5.5776364e-02
3.4714730e+01	1.5810153e-02
3.4736539e+01	4.4801820e-02
3.4758348e+01	4.8558515e-02
3.4780157e+01	-7.8710261e-02
3.4801966e+01	-5.6489321e-02
3.4823775e+01	6.8348919e-02
3.4845584e+01	-6.9814045e-03
3.4867393e+01	-1.0577002e-01
3.4889202e+01	-1.6582207e-02
3.4911011e+01	7.3212524e-03
3.4932820e+01	8.2015854e-02
3.4954628e+01	2.2776518e-02
3.4976437e+01	-1.7679745e-02
3.4998246e+01	-5.0838700e-02
3.5020055e+01	2.8254723e-02
3.5041864e+01	4.1866760e-02
3.5063673e+01	3.7072453e-02
3.5085482e+01	2.7469774e-02
3.5107291e+01	2.6672348e-02
3.5129100e+01	-2.2836419e-02
3.5150909e+01	2.8219056e-02
3.5172718e+01	-5.6152963e-02
3.5194527e+01	-1.2274122e-01
3.5216336e+01	-3.3821168e-03
3.5238145e+01	-5.2501787e-02
3.5259954e+01	-4.2038772e-02
3.5281763e+01	1.2186995e-02
3.5303571e+01	1.1550336e-01
3.5325380e+01	1.1906886e-01
3.5347189e+01	-5.0481502e-02
3.5368998e+01	1.9887590e-02
3.5390807e+01	4.0213688e-02
3.5412616e+01	3.2536363e-02
3.5434425e+01	3.1074441e-02
3.5456234e+01	-5.7527967e-02
3.5478043e+01	5.0027826e-02
3.5499852e+01	-1.1222831e-01
3.5521661e+01	-1.2495279e-01
3.5543470e+01	-8.7722060e-03
3.5565279e+01	-1.9920158e-02
3.5587088e+01	9.0825836e-02
3.5608897e+01	2.4806076e-01
3.5630706e+01	3.1159197e-01
3.5652514e+01	3.0251312e-01
3.5674323e+01	3.1543620e-01
3.5696132e+01	4.6425896e-02
3.5717941e+01	-7.9867781e-02
3.5739750e+01	-2.2287393e-02
3.5761559e+01	1.8705149e-01
3.5783368e+01	6.5613671e-02
3.5805177e+01	1.9594314e-02
3.5826986e+01	8.7753754e-02
3.5848795e+01	-1.4016930e-02
3.5870604e+01	2.3328483e-02
3.5892413e+01	9.2257009e-02
3.5914222e+01	-8.9025408e-02
3.5936031e+01	-6.7038100e-02
3.5957840e+01	-2.4384211e-01
3.5979649e+01	-4.4554023e-01
3.6001458e+01	5.3044809e-02
3.6023266e+01	1.9134463e-01
3.6045075e+01	1.1701330e-01
3.6066884e+01	1.0498079e-01
3.6088693e+01	1.9453314e-02
3.6110502e+01	8.2353453e-02
3.6132311e+01	1.6162193e-02
3.6154120e+01	7.2614317e-02
3.6175929e+01	9.6695255e-02
3.6197738e+01	7.5198855e-02
3.6219547e+01	1.2723156e-01
3.6241356e+01	3.4958323e-02
3.6263165e+01	-2.1519477e-01
3.6284974e+01	-1.3571426e-01
3.6306783e+01	4.5354447e-02
3.6328592e+01	-1.2912313e-02
3.6350401e+01	-1.8154688e-02
3.6372209e+01	-1.7837484e-01
3.6394018e+01	-1.6803825e-01
3.6415827e+01	-1.6362448e-04
3.6437636e+01	1.3679561e-01
3.6459445e+01	1.1761944e-01
3.6481254e+01	1.4909737e-01
3.6503063e+01	1.2268683e-02
3.6524872e+01	1.5630553e-01
3.6546681e+01	-2.2439967e-02
3.6568490e+01	7.2425402e-02
3.6590299e+01	-5.6193680e-02
3.6612108e+01	-1.1508418e-01
3.6633917e+01	-9.2157358e-02
3.6655726e+01	-3.7849469e-02
3.6677535e+01	1.4311195e-01
3.6699344e+01	3.0605546e-01
3.6721152e+01	8.2472367e-01
3.6742961e+01	1.0593830e+00
3.6764770e+01	1.3854880e+00
3.6786579e+01	1.8542700e+00
3.6808388e+01	2.3522126e+00
3.6830197e+01	2.6620061e+00
3.6852006e+01	3.1256332e+00
3.6873815e+01	3.3975641e+00
3.6895624e+01	3.4418044e+00
3.6917433e+01	3.3283016e+00
3.6939242e+01	3.0127130e+00
3.6961051e+01	2.6915483e+00
3.6982860e+01	2.1348187e+00
3.7004669e+01	1.7430298e+00
3.7026478e+01	1.2375701e+00
3.7048287e+01	1.0710680e+00
3.7070095e+01	8.6753996e-01
3.7091904e+01	2.4681345e-01
3.7113713e+01	-5.0217066e-02
3.7135522e+01	6.7457935e-02
3.7157331e+01	7.3624151e-03
3.7179140e+01	-3.2377244e-02
3.7200949e+01	1.0234039e-01
3.7222758e+01	-6.0731536e-02
3.7244567e+01	-1.9383195e-02
3.7266376e+01	-3.4428755e-02
3.7288185e+01	-1.0796478e-01
3.7309994e+01	5.7812234e-02
3.7331803e+01	-1.1334650e-01
3.7353612e+01	4.7961064e-02
3.7375421e+01	7.3457090e-02
3.7397230e+01	1.5742937e-02
3.7419038e+01	-2.6244058e-02
3.7440847e+01	5.1491901e-01
3.7462656e+01	8.1298630e-01
3.7484465e+01	7.5080961e-01
3.7506274e+01	7.8881178e-01
3.7528083e+01	4.0575259e-01
3.7549892e+01	1.5263868e-02
3.7571701e+01	1.5603957e-01
3.7593510e+01	-4.8764863e-02
3.7615319e+01	-5.4103004e-02
3.7637128e+01	7.8421600e-02
3.7658937e+01	4.7131394e-02
3.7680746e+01	-8.9478744e-02
3.7702555e+01	1.4688406e-02
3.7724364e+01	6.0263467e-02
3.7746173e+01	-5.3126353e-02
3.7767981e+01	3.1809171e-03
3.7789790e+01	-6.0775317e-02
3.7811599e+01	-1.2584751e-01
3.7833408e+01	-1.4940365e-01
3.7855217e+01	2.4948081e-02
3.7877026e+01	-4.2620421e-02
3.7898835e+01	7.0139013e-02
3.7920644e+01	2.0562722e-02
3.7942453e+01	1.1769948e-01
3.7964262e+01	1.4235667e-01
3.7986071e+01	7.7320784e-02
3.8007880e+01	1.2520527e-01
3.8029689e+01	1.2382010e-01
3.8051498e+01	-6.3438913e-02
3.8073307e+01	-5.5951780e-02
3.8095116e+01	-1.4631826e-01
3.8116925e+01	-8.3461493e-02
3.8138733e+01	-2.2855374e-02
3.8160542e+01	2.7064698e-01
3.8182351e+01	8.7156378e-01
3.8204160e+01	9.0742064e-01
3.8225969e+01	1.1007732e+00
3.8247778e+01	1.7923320e+00
3.8269587e+01	2.4538127e+00
3.8291396e+01	2.8230269e+00
3.8313205e+01	3.3198842e+00
3.8335014e+01	3.5123733e+00
3.8356823e+01	3.8684157e+00
3.8378632e+01	3.9532270e+00
3.8400441e+01	3.8995609e+00
3.8422250e+01	3.7288680e+00
3.8444059e+01	3.1870219e+00
3.8465868e+01	2.5544012e+00
3.8487676e+01	1.7545665e+00
3.8509485e+01	1.1555814e+00
3.8531294e+01	6.4149059e-01
3.8553103e+01	4.2299760e-01
3.8574912e+01	2.6839807e-01
3.8596721e+01	1.6324261e-02
3.8618530e+01	2.3386312e-02
3.8640339e+01	2.6148864e-01
3.8662148e+01	4.3814675e-02
3.8683957e+01	2.9375525e-02
3.8705766e+01	8.2032884e-03
3.8727575e+01	2.7579980e-01
3.8749384e+01	-9.5911015e-02
3.8771193e+01	-1.7069642e-01
3.8793002e+01	2.6886177e-02
3.8814811e+01	-1.0317804e-02
3.8836619e+01	5.0682217e-01
3.8858428e+01	3.6165920e-01
3.8880237e+01	5.2926912e-02
3.8902046e+01	4.5207552e-02
3.8923855e+01	6.7453642e-02
3.8945664e+01	-1.2096970e-02
3.8967473e+01	-1.8159986e-01
3.8989282e+01	1.0860823e-01
3.9011091e+01	7.7078863e-02
3.9032900e+01	-5.1038537e-02
3.9054709e+01	-6.4518543e-02
3.9076518e+01	1.4311910e-01
3.9098327e+01	4.1758950e-03
3.9120136e+01	5.0009652e-02
3.9141945e+01	-6.7029775e-02
3.9163754e+01	1.8981778e-02
3.9185562e+01	-2.1753855e-01
3.9207371e+01	-1.8926559e-02
3.9229180e+01	1.6854023e-01
3.9250989e+01	1.0605768e-01
3.9272798e+01	-1.3778776e-02
3.9294607e+01	-6.9875194e-03
3.9316416e+01	-3.2869054e-02
3.9338225e+01	-7.0487246e-02
3.9360034e+01	1.8691130e-02
3.9381843e+01	1.9778541e-02
3.9403652e+01	9.0078166e-02
3.9425461e+01	3.3966081e-01
3.9447270e+01	3.3685468e-01
3.9469079e+01	3.5623991e-01
3.9490888e+01	3.1950419e-01
3.9512697e+01	7.6482118e-02
3.9534505e+01	-2.4246740e-01
3.9556314e+01	-7.8082942e-02
3.9578123e+01	9.0721656e-03
3.9599932e+01	4.7054074e-02
3.9621741e+01	3.0904614e-01
3.9643550e+01	2.8317560e-01
3.9665359e+01	1.3904789e-01
3.9687168e+01	5.1603665e-01
3.9708977e+01	1.0339957e+00
3.9730786e+01	1.2446754e+00
3.9752595e+01	1.3853143e+00
3.9774404e+01	1.7348238e+00
3.9796213e+01	2.0544333e+00
3.9818022e+01	2.1171344e+00
3.9839831e+01	2.1952635e+00
3.9861640e+01	2.2542739e+00
3.9883449e+01	1.8710562e+00
3.9905257e+01	1.5088999e+00
3.9927066e+01	1.0787413e+00
3.9948875e+01	5.5130290e-01
3.9970684e+01	2.7143720e-01
3.9992493e+01	1.0322150e-01
4.0014302e+01	1.2488315e-01
4.0036111e+01	-2.8260584e-02
4.0057920e+01	-1.4664266e-01
4.0079729e+01	-1.3597557e-01
4.0101538e+01	4.5079216e-02
4.0123347e+01	7.9530696e-02
4.0145156e+01	-1.6509861e-01
4.0166965e+01	9.9874041e-02
4.0188774e+01	1.7382067e-01
4.0210583e+01	4.5432012e-03
4.0232392e+01	-5.6956198e-02
4.0254200e+01	-2.6272855e-01
4.0276009e+01	-7.2312747e-02
4.0297818e+01	1.3998192e-01
4.0319627e+01	1.1559229e-01
4.0341436e+01	1.2932867e-01
4.0363245e+01	1.0084677e-01
4.0385054e+01	-6.8647247e-02
4.0406863e+01	-1.3991598e-01
4.0428672e+01	7.2187873e-02
4.0450481e+01	7.3128416e-02
4.0472290e+01	7.1358578e-02
4.0494099e+01	-9.2480427e-02
4.0515908e+01	-2.1996945e-01
4.0537717e+01	-3.9678872e-02
4.0559526e+01	-8.0887551e-03
4.0581335e+01	8.1574937e-02
4.0603143e+01	1.0369056e-01
4.0624952e+01	1.9611100e-01
4.0646761e+01	1.1969763e-01
4.0668570e+01	-9.3943084e-03
4.0690379e+01	-1.8491285e-01
4.0712188e+01	3.2316780e-01
4.0733997e+01	4.7273015e-01
4.0755806e+01	9.8523901e-02
4.0777615e+01	-5.1929572e-02
4.0799424e+01	-3.6629590e-02
4.0821233e+01	1.8132067e-02
4.0843042e+01	-1.4127393e-01
4.0864851e+01	1.4402234e-01
4.0886660e+01	1.7600788e-01
4.0908469e+01	-1.4416634e-01
4.0930278e+01	-2.2235770e-01
4.0952086e+01	1.4102689e-01
4.0973895e+01	1.5192445e-01
4.0995704e+01	1.8549789e-02
4.1017513e+01	2.9245640e-02
4.1039322e+01	3.2715039e-04
4.1061131e+01	9.1185493e-02
4.1082940e+01	1.8490395e-01
4.1104749e+01	8.0405727e-02
4.1126558e+01	-2.7123890e-01
4.1148367e+01	-7.2406322e-02
4.1170176e+01	-2.9535627e-02
4.1191985e+01	-5.7046681e-02
4.1213794e+01	-1.0212038e-01
4.1235603e+01	1.4756653e-01
4.1257412e+01	3.0170814e-01
4.1279221e+01	5.5611866e-01
4.1301029e+01	1.2271206e-01
4.1322838e+01	1.0391318e-01
4.1344647e+01	2.0708362e-01
4.1366456e+01	-3.3752567e-02
4.1388265e+01	-2.6555376e-01
4.1410074e+01	-7.8500827e-02
4.1431883e+01	1.0592217e-01
4.1453692e+01	1.4328159e-01
4.1475501e+01	6.2284875e-03
4.1497310e+01	1.3843398e-01
4.1519119e+01	-4.5375035e-02
4.1540928e+01	-1.5554560e-01
4.1562737e+01	4.2262264e-02
4.1584546e+01	-4.4006654e-02
4.1606355e+01	2.1308037e-01
4.1628164e+01	1.6206444e-02
4.1649972e+01	1.7441150e-02
4.1671781e+01	-1.7872275e-01
4.1693590e+01	-1.7843231e-03
4.1715399e+01	2.2802979e-01
4.1737208e+01	8.5196336e-02
4.1759017e+01	-1.0266035e-01
4.1780826e+01	-4.8525263e-02
4.1802635e+01	4.2348246e-01
4.1824444e+01	1.6772271e-01
4.1846253e+01	1.0798413e-01
4.1868062e+01	-8.6841375e-02
4.1889871e+01	-2.0686276e-02
4.1911680e+01	1.0235844e-01
4.1933489e+01	7.7797987e-03
4.1955298e+01	-5.6445944e-02
4.1977107e+01	1.5676763e-01
4.1998916e+01	-2.1280940e-02
4.2020724e+01	-4.7663878e-02
4.2042533e+01	-1.2740255e-01
4.2064342e+01	-5.9181010e-02
4.2086151e+01	1.4470535e-01
4.2107960e+01	4.6506744e-01
4.2129769e+01	6.1125396e-01
4.2151578e+01	3.3825791e-01
4.2173387e+01	3.6659128e-01
4.2195196e+01	5.6087535e-01
4.2217005e+01	6.1806194e-01
4.2238814e+01	4.1925980e-01
4.2260623e+01	4.7561265e-01
4.2282432e+01	1.2205111e-01
4.2304241e+01	-2.0662944e-01
4.2326050e+01	-3.1287955e-01
4.2347859e+01	1.3919482e-01
4.2369667e+01	1.6620706e-01
4.2391476e+01	1.1327368e-01
4.2413285e+01	5.0687900e-02
4.2435094e+01	4.0862139e-01
4.2456903e+01	9.6341801e-01
4.2478712e+01	1.1994557e+00
4.2500521e+01	1.3372353e+00
4.2522330e+01	1.6516519e+00
4.2544139e+01	2.0515914e+00
4.2565948e+01	2.2663606e+00
4.2587757e+01	2.3323716e+00
4.2609566e+01	2.1860592e+00
4.2631375e+01	1.8428214e+00
4.2653184e+01	1.5304501e+00
4.2674993e+01	1.6578532e+00
4.2696802e+01	1.0870018e+00
4.2718610e+01	9.8266967e-01
4.2740419e+01	8.0257279e-01
4.2762228e+01	5.0333209e-01
4.2784037e+01	-7.1594824e-03
4.2805846e+01	-4.7222517e-02
4.2827655e+01	-1.0702166e-03
4.2849464e+01	1.6850481e-01
4.2871273e+01	3.4041594e-02
4.2893082e+01	1.4995300e-01
4.2914891e+01	-2.4436480e-02
4.2936700e+01	-2.5706614e-01
4.2958509e+01	-1.0817124e-01
4.2980318e+01	7.3800818e-02
4.3002127e+01	4.0015203e-02
4.3023936e+01	8.8558280e-02
4.3045745e+01	-2.2058062e-03
4.3067553e+01	-3.6961646e-02
4.3089362e+01	2.7127759e-01
4.3111171e+01	2.6696268e-02
4.3132980e+01	-3.4171541e-02
4.3154789e+01	4.3465631e-02
4.3176598e+01	8.6652759e-02
4.3198407e+01	-1.3506074e-01
4.3220216e+01	-1.4759646e-01
4.3242025e+01	1.1493696e-01
4.3263834e+01	8.7802732e-02
4.3285643e+01	-1.1222745e-01
4.3307452e+01	-1.5471020e-01
4.3329261e+01	1.2407465e-01
4.3351070e+01	1.6941325e-01
4.3372879e+01	3.3410779e-01
4.3394688e+01	6.1926894e-01
4.3416496e+01	8.3370294e-01
4.3438305e+01	8.8000704e-01
4.3460114e+01	7.9338849e-01
4.3481923e+01	7.8231851e-01
4.3503732e+01	6.3901835e-01
4.3525541e+01	2.5942626e-01
4.3547350e+01	-2.1384553e-01
4.3569159e+01	-7.1586569e-03
4.3590968e+01	8.7423447e-02
4.3612777e+01	-8.5362329e-02
4.3634586e+01	1.6245187e-01
4.3656395e+01	8.3849051e-02
4.3678204e+01	5.4737916e-01
4.3700013e+01	1.3913545e+00
4.3721822e+01	1.5447502e+00
4.3743631e+01	1.8910075e+00
4.3765439e+01	3.0274055e+00
4.3787248e+01	4.0270244e+00
4.3809057e+01	5.1276214e+00
4.3830866e+01	5.4146966e+00
4.3852675e+01	6.2362542e+00
4.3874484e+01	6.5580764e+00
4.3896293e+01	6.9012963e+00
4.3918102e+01	6.6642241e+00
4.3939911e+01	5.6985081e+00
4.3961720e+01	4.5249483e+00
4.3983529e+01	3.1164689e+00
4.4005338e+01	2.2860191e+00
4.4027147e+01	1.1883610e+00
4.4048956e+01	2.8692992e-01
4.4070765e+01	-9.2370918e-03
4.4092574e+01	1.5890164e-01
4.4114383e+01	-2.6876764e-03
4.4136191e+01	-1.2092751e-01
4.4158000e+01	-8.3083796e-04
4.4179809e+01	6.0951446e-03
4.4201618e+01	1.2943092e-01
4.4223427e+01	-1.7422085e-01
4.4245236e+01	1.0319526e-01
4.4267045e+01	-6.9483004e-02
4.4288854e+01	-9.7490190e-02
4.4310663e+01	1.9819193e-01
4.4332472e+01	-7.7907923e-02
4.4354281e+01	3.2013550e-01
4.4376090e+01	9.1720086e-02
4.4397899e+01	9.4451834e-02
4.4419708e+01	2.6918902e-01
4.4441517e+01	8.5442691e-03
4.4463326e+01	-3.1095592e-01
4.4485134e+01	4.1795717e-02
4.4506943e+01	-4.0300381e-02
4.4528752e+01	2.3377850e-01
4.4550561e+01	1.2924690e-01
4.4572370e+01	-4.4285784e-02
4.4594179e+01	1.9059515e-02
4.4615988e+01	-1.6530546e-01
4.4637797e+01	1.4082553e-01
4.4659606e+01	3.1727864e-02
4.4681415e+01	1.5034252e-01
4.4703224e+01	3.1548046e-01
4.4725033e+01	-1.0983672e-01
4.4746842e+01	6.3739267e-02
4.4768651e+01	2.9800782e-02
4.4790460e+01	1.9654831e-01
4.4812269e+01	-4.0634005e-02
4.4834077e+01	-7.3850090e-02
4.4855886e+01	-2.1493418e-04
4.4877695e+01	2.8208837e-02
4.4899504e+01	-6.0466248e-02
4.4921313e+01	7.0323267e-01
4.4943122e+01	1.2057056e+00
4.4964931e+01	8.7828049e-01
4.4986740e+01	1.4539954e+00