Image file: \\Gfs05\g45\SAXS\2020_12\HDF5\2020-12.10_Kevin_day2_SN\2020-12-10_Max_Cu123_SN_000017_data_000116.h5
ImageIntegration1d_chi_output; Output_Directory= \\Gfs05\g45\SAXS\2020_12\Processed\2020-12-09_Kevin_day1_SN\Chi-Sample-7
Profile = Radial, StartAzimuth = 0.0, EndAzimuth = 360.0, Sam_Det_distance = 250.818474293, InnerRadius = 15.0, OuterRadius = 2400.0, Lambda = 30, Ratio = 0.001, Itermax = 100
2400
2.0013229e+00	-5.6010492e-03
2.0231319e+00	-5.9319047e-02
2.0449408e+00	1.1427926e-01
2.0667497e+00	3.2695057e-02
2.0885587e+00	-1.7239815e-01
2.1103676e+00	-2.4051340e-02
2.1321765e+00	1.3787651e-01
2.1539855e+00	7.2083067e-02
2.1757944e+00	-3.5767465e-02
2.1976034e+00	8.2929396e-02
2.2194123e+00	2.7318951e-02
2.2412212e+00	-1.5450837e-01
2.2630302e+00	-1.8236697e-02
2.2848391e+00	-3.4600888e-02
2.3066480e+00	5.0842661e-02
2.3284570e+00	-6.1821519e-02
2.3502659e+00	1.0602474e-02
2.3720749e+00	5.7716958e-02
2.3938838e+00	1.6238850e-01
2.4156927e+00	5.2667228e-03
2.4375017e+00	-1.0672139e-01
2.4593106e+00	-4.5132148e-02
2.4811196e+00	4.5210430e-02
2.5029285e+00	-7.9865678e-02
2.5247374e+00	1.4372207e-01
2.5465464e+00	-5.2357793e-02
2.5683553e+00	-7.8461894e-03
2.5901642e+00	2.3434487e-01
2.6119732e+00	1.3526665e-01
2.6337821e+00	-9.5150052e-02
2.6555911e+00	-1.7177093e-01
2.6774000e+00	6.4417860e-02
2.6992089e+00	-2.2737171e-02
2.7210179e+00	1.1672896e-01
2.7428268e+00	-5.9373286e-02
2.7646358e+00	5.6832803e-02
2.7864447e+00	2.5970475e-01
2.8082536e+00	1.1847730e-02
2.8300626e+00	-2.5841802e-02
2.8518715e+00	-9.5015563e-03
2.8736804e+00	2.3895709e-02
2.8954894e+00	-2.9280341e-02
2.9172983e+00	1.3123829e-02
2.9391073e+00	-9.9358683e-02
2.9609162e+00	-4.6909344e-02
2.9827251e+00	1.6704221e-01
3.0045341e+00	1.5417460e-01
3.0263430e+00	1.4154938e-01
3.0481519e+00	-1.0828116e-01
3.0699609e+00	-2.7149688e-01
3.0917698e+00	-3.7524343e-02
3.1135788e+00	7.2583772e-02
3.1353877e+00	8.6511169e-02
3.1571966e+00	1.6692710e-01
3.1790056e+00	1.0888831e-01
3.2008145e+00	-5.0640960e-02
3.2226235e+00	-1.3338656e-01
3.2444324e+00	-7.6158693e-02
3.2662413e+00	7.7446315e-03
3.2880503e+00	7.6113786e-02
3.3098592e+00	1.1263343e-01
3.3316681e+00	-1.5432245e-01
3.3534771e+00	-7.5822215e-03
3.3752860e+00	2.8798579e-01
3.3970950e+00	1.4108075e-01
3.4189039e+00	-1.4755317e-01
3.4407128e+00	-5.7981781e-02
3.4625218e+00	8.6445492e-02
3.4843307e+00	3.1961640e-02
3.5061396e+00	1.7721809e-01
3.5279486e+00	1.2028311e-01
3.5497575e+00	9.1743162e-03
3.5715665e+00	1.0457136e-02
3.5933754e+00	-2.3708625e-01
3.6151843e+00	-2.2517957e-01
3.6369933e+00	1.5218229e-01
3.6588022e+00	7.2313455e-02
3.6806112e+00	-4.2842493e-02
3.7024201e+00	1.1634708e-01
3.7242290e+00	-9.4692504e-02
3.7460380e+00	6.6463531e-02
3.7678469e+00	1.2300425e-01
3.7896558e+00	-6.3253130e-02
3.8114648e+00	-3.6224277e-02
3.8332737e+00	1.5356727e-01
3.8550827e+00	-4.4762984e-02
3.8768916e+00	-9.7416753e-02
3.8987005e+00	-2.2705053e-02
3.9205095e+00	1.3153919e-01
3.9423184e+00	3.6889846e-01
3.9641273e+00	2.7720703e-01
3.9859363e+00	-1.2749558e-01
4.0077452e+00	-2.2633079e-02
4.0295542e+00	-4.6982414e-02
4.0513631e+00	6.7874484e-02
4.0731720e+00	6.6012373e-02
4.0949810e+00	6.9853302e-02
4.1167899e+00	-8.3089133e-02
4.1385989e+00	-4.8482758e-02
4.1604078e+00	2.6484605e-01
4.1822167e+00	3.8725063e-01
4.2040257e+00	1.9149716e-01
4.2258346e+00	-1.7675791e-03
4.2476435e+00	4.5125754e-02
4.2694525e+00	-2.9639645e-02
4.2912614e+00	2.2893750e-02
4.3130704e+00	-2.6940991e-02
4.3348793e+00	-4.8323715e-02
4.3566882e+00	-8.8836682e-02
4.3784972e+00	-1.2988974e-01
4.4003061e+00	-3.8252686e-02
4.4221151e+00	1.1082829e-01
4.4439240e+00	7.9639668e-02
4.4657329e+00	1.1625698e-01
4.4875419e+00	7.1570230e-02
4.5093508e+00	4.8611874e-02
4.5311597e+00	-3.5236185e-02
4.5529687e+00	-9.7926834e-02
4.5747776e+00	-4.3598602e-03
4.5965866e+00	-3.4650956e-02
4.6183955e+00	6.8422354e-02
4.6402044e+00	-5.2773864e-02
4.6620134e+00	-6.9199633e-02
4.6838223e+00	-9.2887205e-02
4.7056312e+00	1.3469957e-01
4.7274402e+00	-1.5687085e-02
4.7492491e+00	5.2318952e-02
4.7710581e+00	5.8394300e-02
4.7928670e+00	-2.8750156e-02
4.8146759e+00	2.8046630e-02
4.8364849e+00	-2.4838404e-02
4.8582938e+00	3.9510044e-02
4.8801028e+00	-7.8061226e-02
4.9019117e+00	7.5646447e-02
4.9237206e+00	-4.1266450e-02
4.9455296e+00	-1.1417652e-01
4.9673385e+00	3.9917734e-03
4.9891474e+00	1.1087560e-03
5.0109564e+00	1.3653790e-01
5.0327653e+00	8.1017554e-03
5.0545743e+00	-6.9288228e-02
5.0763832e+00	-6.6661208e-02
5.0981921e+00	-5.1046990e-02
5.1200011e+00	1.6850439e-01
5.1418100e+00	2.1379312e-01
5.1636189e+00	2.5247110e-01
5.1854279e+00	1.5877568e-01
5.2072368e+00	-2.3439455e-02
5.2290458e+00	-7.2031962e-02
5.2508547e+00	-1.5436462e-01
5.2726636e+00	1.8126616e-02
5.2944726e+00	8.4742530e-03
5.3162815e+00	-1.0051695e-01
5.3380905e+00	9.6567772e-02
5.3598994e+00	4.6871642e-02
5.3817083e+00	1.2949621e-02
5.4035173e+00	8.5261830e-02
5.4253262e+00	2.9256362e-01
5.4471351e+00	2.5549631e-01
5.4689441e+00	-3.6803019e-02
5.4907530e+00	-1.3750134e-01
5.5125620e+00	-5.2671303e-02
5.5343709e+00	5.7520795e-02
5.5561798e+00	1.0922800e-01
5.5779888e+00	-1.2475236e-02
5.5997977e+00	6.4987229e-02
5.6216066e+00	-1.1560197e-01
5.6434156e+00	-1.6270293e-01
5.6652245e+00	4.3695563e-02
5.6870335e+00	2.6511148e-02
5.7088424e+00	-7.9562907e-03
5.7306513e+00	1.2144634e-01
5.7524603e+00	1.9144508e-01
5.7742692e+00	6.4114032e-04
5.7960782e+00	-5.7050945e-02
5.8178871e+00	1.1955600e-01
5.8396960e+00	-3.7050475e-02
5.8615050e+00	-3.6209401e-02
5.8833139e+00	5.9456772e-02
5.9051228e+00	-5.5143858e-02
5.9269318e+00	-1.9834034e-01
5.9487407e+00	-1.7546921e-02
5.9705497e+00	1.1609547e-01
5.9923586e+00	-2.4409585e-02
6.0141675e+00	-5.6063542e-02
6.0359765e+00	1.0102836e-01
6.0577854e+00	3.1119337e-02
6.0795944e+00	2.7599331e-03
6.1014033e+00	1.2799840e-01
6.1232122e+00	-5.8840859e-02
6.1450212e+00	-1.3668890e-01
6.1668301e+00	1.1855628e-01
6.1886390e+00	4.2780935e-02
6.2104480e+00	-9.4014805e-02
6.2322569e+00	-1.0892652e-01
6.2540659e+00	7.9831910e-02
6.2758748e+00	4.9417358e-02
6.2976837e+00	1.5067262e-02
6.3194927e+00	3.8446946e-02
6.3413016e+00	3.0018598e-02
6.3631105e+00	2.4624266e-02
6.3849195e+00	-1.2823889e-01
6.4067284e+00	-1.2203300e-01
6.4285374e+00	1.0245439e-01
6.4503463e+00	2.5107419e-02
6.4721552e+00	-3.4213464e-02
6.4939642e+00	1.1018865e-03
6.5157731e+00	-8.4475370e-02
6.5375821e+00	9.3114242e-02
6.5593910e+00	1.0069786e-01
6.5811999e+00	1.6977502e-01
6.6030089e+00	2.4339429e-02
6.6248178e+00	-1.5053410e-01
6.6466267e+00	-8.2640580e-02
6.6684357e+00	-4.5457268e-02
6.6902446e+00	-6.5886921e-02
6.7120536e+00	2.4639553e-02
6.7338625e+00	1.9883220e-01
6.7556714e+00	1.4955127e-01
6.7774804e+00	7.5770026e-02
6.7992893e+00	1.3317997e-02
6.8210982e+00	-1.3064030e-01
6.8429072e+00	2.5231621e-02
6.8647161e+00	-1.2756512e-01
6.8865251e+00	1.2482019e-01
6.9083340e+00	1.2238370e-02
6.9301429e+00	-1.0989004e-01
6.9519519e+00	5.4057368e-02
6.9737608e+00	-6.5480084e-02
6.9955698e+00	-6.0944372e-02
7.0173787e+00	8.6824916e-02
7.0391876e+00	3.0853679e-03
7.0609966e+00	3.1859756e-02
7.0828055e+00	1.6207156e-02
7.1046144e+00	-3.4074128e-02
7.1264234e+00	1.5372821e-01
7.1482323e+00	3.0829983e-01
7.1700413e+00	3.5951211e-02
7.1918502e+00	-6.1869975e-02
7.2136591e+00	-9.0679121e-03
7.2354681e+00	-3.1097534e-03
7.2572770e+00	-3.6697674e-02
7.2790859e+00	-1.7955431e-01
7.3008949e+00	1.3105249e-03
7.3227038e+00	3.3552146e-02
7.3445128e+00	1.1884625e-01
7.3663217e+00	1.3694083e-01
7.3881306e+00	-2.4179183e-02
7.4099396e+00	-8.6137504e-02
7.4317485e+00	-7.9213211e-03
7.4535575e+00	-6.4567751e-02
7.4753664e+00	1.0353388e-01
7.4971753e+00	1.0093210e-02
7.5189843e+00	7.6957372e-03
7.5407932e+00	7.5431341e-03
7.5626021e+00	-5.6772015e-02
7.5844111e+00	-9.6163138e-02
7.6062200e+00	1.3290741e-01
7.6280290e+00	1.7268156e-01
7.6498379e+00	8.8763582e-02
7.6716468e+00	-1.8726499e-01
7.6934558e+00	-1.4742783e-01
7.7152647e+00	1.2582751e-01
7.7370737e+00	3.2671750e-02
7.7588826e+00	1.7811054e-02
7.7806915e+00	5.9644000e-02
7.8025005e+00	-1.3587610e-01
7.8243094e+00	2.4781878e-02
7.8461183e+00	-2.8907707e-03
7.8679273e+00	3.2084173e-01
7.8897362e+00	9.4230424e-02
7.9115452e+00	-2.0072059e-01
7.9333541e+00	1.5188933e-01
7.9551630e+00	2.5335946e-01
7.9769720e+00	4.2192016e-02
7.9987809e+00	-3.2266232e-02
8.0205898e+00	-1.4964688e-01
8.0423988e+00	1.0994158e-01
8.0642077e+00	2.2068425e-03
8.0860167e+00	4.3314911e-02
8.1078256e+00	-3.4096668e-03
8.1296345e+00	5.4066411e-02
8.1514435e+00	9.3599717e-03
8.1732524e+00	-5.3997741e-02
8.1950614e+00	-9.7911922e-02
8.2168703e+00	1.0318125e-03
8.2386792e+00	9.1515444e-02
8.2604882e+00	-9.3284393e-02
8.2822971e+00	1.4949040e-01
8.3041060e+00	-6.4754754e-02
8.3259150e+00	-1.6437536e-02
8.3477239e+00	9.8091571e-02
8.3695329e+00	-1.4613039e-01
8.3913418e+00	1.3518294e-01
8.4131507e+00	4.5639900e-02
8.4349597e+00	6.9538504e-02
8.4567686e+00	-5.1701746e-02
8.4785775e+00	-6.4003802e-02
8.5003865e+00	-6.1880584e-02
8.5221954e+00	-9.1262839e-02
8.5440044e+00	4.5458072e-02
8.5658133e+00	1.5574472e-01
8.5876222e+00	-3.0964859e-02
8.6094312e+00	-5.6891308e-02
8.6312401e+00	-4.2477538e-02
8.6530491e+00	8.1547584e-02
8.6748580e+00	3.1009370e-01
8.6966669e+00	2.9749754e-01
8.7184759e+00	2.6217117e-02
8.7402848e+00	5.6798800e-02
8.7620937e+00	-5.9651102e-02
8.7839027e+00	-6.0738508e-02
8.8057116e+00	7.2484721e-02
8.8275206e+00	-1.1296097e-01
8.8493295e+00	1.1038755e-01
8.8711384e+00	2.3984467e-01
8.8929474e+00	2.8934430e-01
8.9147563e+00	5.0774360e-02
8.9365652e+00	4.6230131e-03
8.9583742e+00	-1.6207298e-01
8.9801831e+00	-1.9715472e-01
9.0019921e+00	1.0240310e-01
9.0238010e+00	4.1181591e-02
9.0456099e+00	7.2727500e-02
9.0674189e+00	2.0449421e-02
9.0892278e+00	1.6235400e-01
9.1110368e+00	-1.2599938e-02
9.1328457e+00	-1.3252889e-01
9.1546546e+00	6.9357297e-02
9.1764636e+00	1.5636037e-01
9.1982725e+00	-1.0471667e-01
9.2200814e+00	-1.6773323e-02
9.2418904e+00	6.8573346e-02
9.2636993e+00	-1.2284201e-01
9.2855083e+00	-1.1277064e-01
9.3073172e+00	-9.1317110e-02
9.3291261e+00	1.1536593e-01
9.3509351e+00	2.5645360e-01
9.3727440e+00	1.0695779e-01
9.3945530e+00	1.0117582e-02
9.4163619e+00	1.5916286e-01
9.4381708e+00	4.5781874e-02
9.4599798e+00	1.1704007e-01
9.4817887e+00	-7.2555288e-02
9.5035976e+00	-8.9217369e-02
9.5254066e+00	-2.5672110e-01
9.5472155e+00	1.2361636e-01
9.5690245e+00	2.9569321e-01
9.5908334e+00	-2.9947376e-02
9.6126423e+00	8.1829284e-02
9.6344513e+00	-2.0087434e-01
9.6562602e+00	-2.0427240e-02
9.6780691e+00	1.0126337e-01
9.6998781e+00	6.5978782e-02
9.7216870e+00	-5.7007031e-03
9.7434960e+00	1.3562685e-01
9.7653049e+00	6.1427197e-02
9.7871138e+00	4.6266224e-02
9.8089228e+00	-7.3277788e-02
9.8307317e+00	-1.2834959e-01
9.8525407e+00	-1.5741592e-02
9.8743496e+00	1.1508608e-01
9.8961585e+00	-1.3414038e-01
9.9179675e+00	-1.1553753e-02
9.9397764e+00	-2.5333500e-02
9.9615853e+00	2.1112870e-01
9.9833943e+00	1.2662616e-01
1.0005203e+01	1.6970592e-02
1.0027012e+01	1.7646722e-02
1.0048821e+01	3.1103592e-01
1.0070630e+01	2.7295374e-01
1.0092439e+01	8.6690045e-03
1.0114248e+01	-1.3029913e-01
1.0136057e+01	-1.0896695e-01
1.0157866e+01	9.4965504e-02
1.0179675e+01	1.3053331e-01
1.0201484e+01	-2.9281747e-02
1.0223293e+01	-4.3229464e-02
1.0245102e+01	9.1986981e-02
1.0266910e+01	8.4298500e-04
1.0288719e+01	-1.2385822e-01
1.0310528e+01	-6.7214444e-02
1.0332337e+01	8.4047301e-01
1.0354146e+01	1.2500241e+00
1.0375955e+01	1.8601137e+00
1.0397764e+01	2.4718938e+00
1.0419573e+01	2.3708213e+00
1.0441382e+01	3.0739810e+00
1.0463191e+01	4.3020341e+00
1.0485000e+01	5.8787713e+00
1.0506809e+01	7.8019436e+00
1.0528618e+01	8.6987110e+00
1.0550427e+01	8.1214153e+00
1.0572236e+01	7.4717175e+00
1.0594045e+01	7.3926964e+00
1.0615853e+01	7.6743352e+00
1.0637662e+01	7.6084766e+00
1.0659471e+01	7.1561235e+00
1.0681280e+01	5.8680820e+00
1.0703089e+01	4.4036259e+00
1.0724898e+01	2.6821722e+00
1.0746707e+01	1.4616968e+00
1.0768516e+01	6.9649366e-01
1.0790325e+01	6.7324062e-01
1.0812134e+01	4.0093666e-01
1.0833943e+01	1.3655704e-02
1.0855752e+01	-1.1842462e-01
1.0877561e+01	1.2104108e-02
1.0899370e+01	9.1667687e-02
1.0921179e+01	1.5630726e-01
1.0942988e+01	3.0597700e-01
1.0964796e+01	6.2838890e-02
1.0986605e+01	-3.6293991e-02
1.1008414e+01	2.9656347e-01
1.1030223e+01	5.0032276e-01
1.1052032e+01	9.6577056e-01
1.1073841e+01	1.2042623e+00
1.1095650e+01	1.2957903e+00
1.1117459e+01	1.2515281e+00
1.1139268e+01	1.7087190e+00
1.1161077e+01	2.4668045e+00
1.1182886e+01	2.6629130e+00
1.1204695e+01	2.4070288e+00
1.1226504e+01	3.1122024e+00
1.1248313e+01	3.1937632e+00
1.1270122e+01	1.4741526e+00
1.1291931e+01	9.9144907e-01
1.1313740e+01	8.7138193e-01
1.1335548e+01	5.6766363e-01
1.1357357e+01	2.9247158e-01
1.1379166e+01	-6.9526845e-02
1.1400975e+01	-8.5679572e-02
1.1422784e+01	-5.6795226e-02
1.1444593e+01	1.5008237e-01
1.1466402e+01	-3.3706747e-02
1.1488211e+01	7.3028345e-02
1.1510020e+01	-1.6121298e-02
1.1531829e+01	-7.8208039e-02
1.1553638e+01	2.2331575e-01
1.1575447e+01	2.4915340e-01
1.1597256e+01	-8.0798276e-02
1.1619065e+01	-8.4716466e-03
1.1640874e+01	2.6002801e-01
1.1662683e+01	-5.4324685e-03
1.1684491e+01	3.8428275e-02
1.1706300e+01	8.9762490e-02
1.1728109e+01	2.8575989e-01
1.1749918e+01	1.3593165e-01
1.1771727e+01	-2.1764361e-01
1.1793536e+01	-1.5140839e-01
1.1815345e+01	5.4907570e-02
1.1837154e+01	-6.1373520e-02
1.1858963e+01	1.3252262e-01
1.1880772e+01	1.1854375e-01
1.1902581e+01	2.1118883e-02
1.1924390e+01	2.6403609e-01
1.1946199e+01	-1.1548357e-01
1.1968008e+01	3.0720978e-02
1.1989817e+01	1.1674821e-01
1.2011626e+01	-3.6092522e-02
1.2033434e+01	-6.6168047e-02
1.2055243e+01	3.8652647e-01
1.2077052e+01	7.9989173e-02
1.2098861e+01	-4.1840458e-02
1.2120670e+01	1.9033574e-01
1.2142479e+01	-1.3703481e-01
1.2164288e+01	-1.7064273e-01
1.2186097e+01	-6.1773847e-02
1.2207906e+01	-2.3381942e-02
1.2229715e+01	1.3700805e-01
1.2251524e+01	1.2215213e-01
1.2273333e+01	1.2108981e-01
1.2295142e+01	2.9521236e-01
1.2316951e+01	1.0364213e-01
1.2338760e+01	-1.5541838e-01
1.2360569e+01	1.2154224e-01
1.2382377e+01	2.5678899e-01
1.2404186e+01	1.1975279e-02
1.2425995e+01	-8.3123477e-02
1.2447804e+01	-2.2166325e-01
1.2469613e+01	-1.3210421e-02
1.2491422e+01	3.4206440e-01
1.2513231e+01	3.5063591e-02
1.2535040e+01	8.3993982e-02
1.2556849e+01	8.7258815e-02
1.2578658e+01	3.0259829e-01
1.2600467e+01	5.4589875e-02
1.2622276e+01	-2.4105137e-01
1.2644085e+01	-6.4368001e-02
1.2665894e+01	1.6308248e-01
1.2687703e+01	7.4940878e-02
1.2709512e+01	3.0599142e-02
1.2731320e+01	3.9250333e-03
1.2753129e+01	8.4286220e-02
1.2774938e+01	1.2233473e-01
1.2796747e+01	-3.3473258e-02
1.2818556e+01	-2.3542004e-01
1.2840365e+01	-2.0503958e-01
1.2862174e+01	9.8581503e-02
1.2883983e+01	3.9979422e-01
1.2905792e+01	3.4915544e-01
1.2927601e+01	-3.9847543e-02
1.2949410e+01	4.1809144e-02
1.2971219e+01	1.3801622e-01
1.2993028e+01	2.8264606e-02
1.3014837e+01	1.1778611e-01
1.3036646e+01	3.5878869e-01
1.3058455e+01	4.2921211e-01
1.3080264e+01	5.0341733e-01
1.3102072e+01	6.0139942e-01
1.3123881e+01	2.1516176e-02
1.3145690e+01	-5.7801570e-02
1.3167499e+01	8.0519764e-02
1.3189308e+01	8.3607160e-02
1.3211117e+01	-3.4376920e-02
1.3232926e+01	8.3399622e-02
1.3254735e+01	-6.3121659e-02
1.3276544e+01	3.1540688e-02
1.3298353e+01	-2.2348312e-01
1.3320162e+01	-1.5877310e-01
1.3341971e+01	-2.6070682e-01
1.3363780e+01	1.7835454e-01
1.3385589e+01	3.0974606e-01
1.3407398e+01	3.5825382e-01
1.3429207e+01	5.8864940e-01
1.3451015e+01	1.4091701e-01
1.3472824e+01	4.7256846e-02
1.3494633e+01	1.4084741e-01
1.3516442e+01	5.2296728e-02
1.3538251e+01	7.9097891e-02
1.3560060e+01	4.8653953e-02
1.3581869e+01	1.5277020e-02
1.3603678e+01	-1.6140597e-01
1.3625487e+01	-1.0321020e-01
1.3647296e+01	1.6232735e-01
1.3669105e+01	1.9821691e-01
1.3690914e+01	2.7939040e-02
1.3712723e+01	-1.2077424e-01
1.3734532e+01	-1.2000100e-01
1.3756341e+01	-4.6926581e-02
1.3778150e+01	3.3076639e-02
1.3799958e+01	-2.7883883e-02
1.3821767e+01	8.0319328e-02
1.3843576e+01	9.7819761e-02
1.3865385e+01	-1.1506549e-01
1.3887194e+01	5.3166534e-02
1.3909003e+01	7.2404210e-02
1.3930812e+01	3.0512596e-02
1.3952621e+01	4.9409619e-03
1.3974430e+01	1.4507335e-01
1.3996239e+01	-1.1282656e-02
1.4018048e+01	-2.4596551e-01
1.4039857e+01	-4.3286931e-02
1.4061666e+01	9.9393235e-02
1.4083475e+01	-1.6365379e-02
1.4105284e+01	-3.8739522e-02
1.4127093e+01	-4.1325827e-02
1.4148901e+01	-8.5715035e-02
1.4170710e+01	1.3934023e-01
1.4192519e+01	7.3591322e-02
1.4214328e+01	-1.1672979e-01
1.4236137e+01	4.2332842e-02
1.4257946e+01	3.6964078e-02
1.4279755e+01	8.5108792e-02
1.4301564e+01	1.0471858e-01
1.4323373e+01	3.2965849e-01
1.4345182e+01	-8.1244472e-03
1.4366991e+01	-2.2623702e-01
1.4388800e+01	5.3021541e-02
1.4410609e+01	1.3518421e-01
1.4432418e+01	-1.4826325e-03
1.4454227e+01	-5.4409895e-02
1.4476036e+01	3.8985869e-02
1.4497844e+01	-3.6257569e-02
1.4519653e+01	-1.7056633e-01
1.4541462e+01	1.0659661e-01
1.4563271e+01	8.5628112e-03
1.4585080e+01	1.6498830e-03
1.4606889e+01	3.9509504e-02
1.4628698e+01	-4.6694565e-02
1.4650507e+01	1.4138304e-02
1.4672316e+01	2.4393384e-01
1.4694125e+01	2.8876487e-02
1.4715934e+01	-2.3043652e-01
1.4737743e+01	5.2945948e-02
1.4759552e+01	1.8496721e-01
1.4781361e+01	3.7636408e-02
1.4803170e+01	2.7728567e-01
1.4824979e+01	5.2700267e-01
1.4846787e+01	1.0126026e+00
1.4868596e+01	1.5634396e+00
1.4890405e+01	1.6235477e+00
1.4912214e+01	1.4843120e+00
1.4934023e+01	1.3687456e+00
1.4955832e+01	1.3750416e+00
1.4977641e+01	1.6361811e+00
1.4999450e+01	1.8427342e+00
1.5021259e+01	1.8763819e+00
1.5043068e+01	2.1140124e+00
1.5064877e+01	2.0509788e+00
1.5086686e+01	1.7706992e+00
1.5108495e+01	1.2713975e+00
1.5130304e+01	8.3452406e-01
1.5152113e+01	3.3984280e-01
1.5173922e+01	6.1909857e-02
1.5195731e+01	-2.4238965e-02
1.5217539e+01	7.7591993e-02
1.5239348e+01	-1.4548109e-01
1.5261157e+01	-1.9592451e-01
1.5282966e+01	-2.1288255e-02
1.5304775e+01	3.3837509e-02
1.5326584e+01	1.1463279e-01
1.5348393e+01	3.6570490e-02
1.5370202e+01	1.5579391e-01
1.5392011e+01	7.8672061e-02
1.5413820e+01	6.5473079e-02
1.5435629e+01	-1.1411642e-02
1.5457438e+01	-4.3348916e-02
1.5479247e+01	4.6341503e-02
1.5501056e+01	-1.3093358e-01
1.5522865e+01	-1.0048288e-01
1.5544674e+01	-2.9714706e-02
1.5566482e+01	-1.1551207e-01
1.5588291e+01	4.4914073e-02
1.5610100e+01	2.0758707e-01
1.5631909e+01	2.3395937e-01
1.5653718e+01	2.5341606e-01
1.5675527e+01	5.6709507e-02
1.5697336e+01	-4.9225963e-02
1.5719145e+01	4.4607281e-02
1.5740954e+01	-6.3732635e-02
1.5762763e+01	-7.0513338e-02
1.5784572e+01	1.0643468e-01
1.5806381e+01	-2.7766893e-02
1.5828190e+01	-1.1895744e-01
1.5849999e+01	7.9862740e-02
1.5871808e+01	5.1368544e-02
1.5893617e+01	6.4897514e-02
1.5915425e+01	1.4684044e-01
1.5937234e+01	9.0566266e-02
1.5959043e+01	-1.2863304e-01
1.5980852e+01	-1.2859442e-01
1.6002661e+01	-4.0583109e-02
1.6024470e+01	-1.1543793e-01
1.6046279e+01	3.1692655e-02
1.6068088e+01	6.6237034e-02
1.6089897e+01	8.5813426e-03
1.6111706e+01	1.9951117e-03
1.6133515e+01	1.9862328e-02
1.6155324e+01	-9.5354434e-02
1.6177133e+01	5.4550050e-02
1.6198942e+01	9.0873341e-02
1.6220751e+01	1.2879570e-01
1.6242560e+01	1.3698498e-02
1.6264368e+01	-9.3094448e-02
1.6286177e+01	-4.2284971e-02
1.6307986e+01	-1.4898490e-01
1.6329795e+01	3.3983002e-02
1.6351604e+01	4.7083134e-02
1.6373413e+01	8.1038961e-02
1.6395222e+01	1.3528170e-02
1.6417031e+01	8.4181062e-02
1.6438840e+01	1.2025941e-02
1.6460649e+01	-1.6185557e-01
1.6482458e+01	9.2170983e-03
1.6504267e+01	-1.8558350e-02
1.6526076e+01	-6.6570879e-02
1.6547885e+01	-9.6560261e-02
1.6569694e+01	1.2482449e-01
1.6591503e+01	2.8043789e-01
1.6613311e+01	1.3610904e-01
1.6635120e+01	9.6154311e-03
1.6656929e+01	-1.1115276e-02
1.6678738e+01	-7.0194368e-02
1.6700547e+01	-5.5613943e-02
1.6722356e+01	1.1978546e-01
1.6744165e+01	4.3274476e-01
1.6765974e+01	4.1146878e-01
1.6787783e+01	5.1708775e-01
1.6809592e+01	5.1662378e-01
1.6831401e+01	4.6005381e-01
1.6853210e+01	2.9642962e-01
1.6875019e+01	6.3972958e-02
1.6896828e+01	-5.3193020e-02
1.6918637e+01	-1.8805435e-02
1.6940446e+01	-6.3919666e-02
1.6962254e+01	7.3561342e-02
1.6984063e+01	-4.0436992e-02
1.7005872e+01	-7.1918315e-02
1.7027681e+01	5.2762033e-03
1.7049490e+01	3.6950429e-02
1.7071299e+01	-3.7575373e-02
1.7093108e+01	8.4649241e-02
1.7114917e+01	-2.8238206e-02
1.7136726e+01	3.1231051e-02
1.7158535e+01	3.3451598e-02
1.7180344e+01	4.6355039e-02
1.7202153e+01	-7.6233389e-02
1.7223962e+01	2.1756084e-03
1.7245771e+01	3.0797218e-02
1.7267580e+01	-1.1764793e-02
1.7289389e+01	-8.3717300e-02
1.7311198e+01	-1.1257353e-02
1.7333006e+01	3.4765388e-02
1.7354815e+01	2.4715178e-02
1.7376624e+01	3.1100535e-02
1.7398433e+01	2.0579681e-02
1.7420242e+01	-1.4464183e-01
1.7442051e+01	-2.6618603e-02
1.7463860e+01	7.6479118e-02
1.7485669e+01	5.3966925e-02
1.7507478e+01	7.3337394e-02
1.7529287e+01	4.2609753e-02
1.7551096e+01	-1.2169583e-01
1.7572905e+01	7.6273391e-04
1.7594714e+01	-5.9125013e-02
1.7616523e+01	4.0188082e-02
1.7638332e+01	-3.9708312e-02
1.7660141e+01	1.3514701e-01
1.7681949e+01	6.4967447e-02
1.7703758e+01	-1.1083358e-01
1.7725567e+01	-1.0733776e-01
1.7747376e+01	3.0064591e-02
1.7769185e+01	1.8531297e-01
1.7790994e+01	2.7133468e-02
1.7812803e+01	-5.6498884e-02
1.7834612e+01	-4.9951448e-02
1.7856421e+01	-7.6928625e-02
1.7878230e+01	7.3835862e-02
1.7900039e+01	1.5940362e-02
1.7921848e+01	9.3056554e-02
1.7943657e+01	1.7693982e-02
1.7965466e+01	-5.8964739e-02
1.7987275e+01	1.8163630e-02
1.8009084e+01	4.3193505e-02
1.8030892e+01	-2.5383669e-02
1.8052701e+01	-2.0991702e-02
1.8074510e+01	-2.8814728e-02
1.8096319e+01	-6.5675589e-02
1.8118128e+01	-2.0024086e-02
1.8139937e+01	1.1564887e-02
1.8161746e+01	9.5835480e-02
1.8183555e+01	8.3040097e-02
1.8205364e+01	-6.9045689e-02
1.8227173e+01	-1.3658454e-01
1.8248982e+01	1.5911515e-01
1.8270791e+01	9.7609743e-02
1.8292600e+01	-5.7525365e-02
1.8314409e+01	-5.4133154e-02
1.8336218e+01	4.5480584e-02
1.8358027e+01	-1.6752847e-02
1.8379835e+01	-3.8291437e-02
1.8401644e+01	-1.7865315e-01
1.8423453e+01	5.5950153e-03
1.8445262e+01	1.4296314e-01
1.8467071e+01	2.3034089e-02
1.8488880e+01	2.8040148e-01
1.8510689e+01	9.5331355e-02
1.8532498e+01	-7.1139179e-02
1.8554307e+01	-9.3656482e-03
1.8576116e+01	5.5021474e-02
1.8597925e+01	-1.0505139e-01
1.8619734e+01	-1.7429413e-02
1.8641543e+01	1.0293281e-01
1.8663352e+01	1.2435629e-01
1.8685161e+01	2.9757159e-01
1.8706970e+01	1.5957198e-01
1.8728778e+01	-1.0895774e-03
1.8750587e+01	-1.2509687e-01
1.8772396e+01	-1.1663443e-01
1.8794205e+01	-3.8505961e-02
1.8816014e+01	7.2153576e-02
1.8837823e+01	-4.5699681e-02
1.8859632e+01	-1.4094851e-01
1.8881441e+01	2.2096245e-02
1.8903250e+01	7.4139787e-03
1.8925059e+01	9.4093622e-02
1.8946868e+01	2.3741389e-02
1.8968677e+01	1.7679945e-02
1.8990486e+01	3.5883944e-02
1.9012295e+01	-1.2820875e-02
1.9034104e+01	-5.4364187e-03
1.9055913e+01	-7.1787587e-02
1.9077721e+01	5.2695742e-02
1.9099530e+01	3.5286364e-02
1.9121339e+01	-5.7635931e-02
1.9143148e+01	8.6638713e-02
1.9164957e+01	1.0126802e-01
1.9186766e+01	-7.7243543e-02
1.9208575e+01	-8.7136015e-03
1.9230384e+01	-1.0023120e-01
1.9252193e+01	-1.0605722e-01
1.9274002e+01	-7.0555620e-02
1.9295811e+01	-6.7543221e-02
1.9317620e+01	5.7007749e-02
1.9339429e+01	1.5967124e-01
1.9361238e+01	1.6172218e-01
1.9383047e+01	2.4926556e-01
1.9404856e+01	6.8666892e-02
1.9426665e+01	-2.2297863e-02
1.9448473e+01	6.7274364e-02
1.9470282e+01	6.6033466e-02
1.9492091e+01	-1.4298321e-02
1.9513900e+01	-1.0050389e-01
1.9535709e+01	-8.2979906e-02
1.9557518e+01	-1.3738301e-01
1.9579327e+01	-4.8035062e-02
1.9601136e+01	7.5056490e-02
1.9622945e+01	7.8091971e-02
1.9644754e+01	-7.3491059e-02
1.9666563e+01	2.6280040e-02
1.9688372e+01	4.5349370e-02
1.9710181e+01	-5.2951044e-03
1.9731990e+01	5.8685939e-03
1.9753799e+01	-1.4042245e-02
1.9775608e+01	3.0594360e-02
1.9797416e+01	4.9291098e-02
1.9819225e+01	-7.3373278e-02
1.9841034e+01	-2.3958997e-02
1.9862843e+01	-8.1237494e-03
1.9884652e+01	1.8335964e-02
1.9906461e+01	5.6797171e-02
1.9928270e+01	-3.8920790e-02
1.9950079e+01	1.0479325e-01
1.9971888e+01	4.8510375e-02
1.9993697e+01	2.6284799e-02
2.0015506e+01	-1.1246175e-01
2.0037315e+01	-1.6363185e-01
2.0059124e+01	7.4060569e-02
2.0080933e+01	1.3673795e-01
2.0102742e+01	-2.2331967e-02
2.0124551e+01	5.6641809e-02
2.0146359e+01	-3.0697728e-03
2.0168168e+01	-1.0641391e-01
2.0189977e+01	-1.1396859e-01
2.0211786e+01	-3.4834771e-02
2.0233595e+01	-1.1496056e-01
2.0255404e+01	8.0878658e-02
2.0277213e+01	2.8650844e-01
2.0299022e+01	1.0394388e-01
2.0320831e+01	1.2628047e-01
2.0342640e+01	6.5605938e-02
2.0364449e+01	5.4689216e-02
2.0386258e+01	-5.8723243e-02
2.0408067e+01	-1.2214181e-01
2.0429876e+01	-3.3783729e-02
2.0451685e+01	-4.8337925e-02
2.0473494e+01	9.4904362e-02
2.0495302e+01	3.9512978e-01
2.0517111e+01	2.0720754e-01
2.0538920e+01	2.5494395e-01
2.0560729e+01	3.0299261e-01
2.0582538e+01	6.9300304e-02
2.0604347e+01	3.2118832e-02
2.0626156e+01	-7.2722153e-02
2.0647965e+01	-3.6553358e-02
2.0669774e+01	7.4643416e-03
2.0691583e+01	2.9217082e-02
2.0713392e+01	-9.6549393e-02
2.0735201e+01	-8.5342714e-02
2.0757010e+01	-9.4097336e-02
2.0778819e+01	2.6699860e-02
2.0800628e+01	1.6071543e-01
2.0822437e+01	5.0029875e-02
2.0844245e+01	-5.0362568e-02
2.0866054e+01	2.8164223e-02
2.0887863e+01	3.8097558e-03
2.0909672e+01	-8.0920991e-02
2.0931481e+01	4.9154158e-02
2.0953290e+01	2.8450054e-01
2.0975099e+01	6.7108200e-01
2.0996908e+01	1.2386015e+00
2.1018717e+01	2.1490941e+00
2.1040526e+01	2.9803418e+00
2.1062335e+01	3.0291305e+00
2.1084144e+01	2.4726283e+00
2.1105953e+01	1.9914412e+00
2.1127762e+01	1.7502861e+00
2.1149571e+01	2.0551891e+00
2.1171380e+01	3.1445372e+00
2.1193188e+01	4.8745983e+00
2.1214997e+01	6.7534205e+00
2.1236806e+01	8.6098148e+00
2.1258615e+01	9.5337081e+00
2.1280424e+01	9.6087815e+00
2.1302233e+01	8.8418889e+00
2.1324042e+01	7.4064144e+00
2.1345851e+01	5.6815810e+00
2.1367660e+01	3.6698086e+00
2.1389469e+01	2.1313813e+00
2.1411278e+01	9.6433903e-01
2.1433087e+01	2.9306183e-01
2.1454896e+01	-4.9477322e-02
2.1476705e+01	1.1005639e-01
2.1498514e+01	4.4864566e-01
2.1520323e+01	6.3867277e-01
2.1542132e+01	9.9259349e-01
2.1563940e+01	1.2156226e+00
2.1585749e+01	1.2089079e+00
2.1607558e+01	9.5700410e-01
2.1629367e+01	4.8368401e-01
2.1651176e+01	2.5745440e-01
2.1672985e+01	1.7365155e-01
2.1694794e+01	3.5850109e-03
2.1716603e+01	-1.5081383e-01
2.1738412e+01	-8.4268911e-02
2.1760221e+01	1.1172192e-01
2.1782030e+01	-4.2586394e-02
2.1803839e+01	-9.7213608e-02
2.1825648e+01	-4.7957329e-02
2.1847457e+01	1.6068015e-01
2.1869266e+01	6.9007452e-03
2.1891075e+01	-7.2675175e-02
2.1912883e+01	1.0682913e-01
2.1934692e+01	1.1499655e-02
2.1956501e+01	-7.3150363e-02
2.1978310e+01	2.1934732e-02
2.2000119e+01	8.3436999e-03
2.2021928e+01	-2.4865802e-02
2.2043737e+01	4.6204240e-02
2.2065546e+01	4.3596255e-02
2.2087355e+01	-8.8464329e-02
2.2109164e+01	5.9572433e-02
2.2130973e+01	2.7441324e-03
2.2152782e+01	-5.0606511e-02
2.2174591e+01	1.2183588e-01
2.2196400e+01	-7.1112789e-02
2.2218209e+01	-6.8915664e-02
2.2240018e+01	5.7031298e-02
2.2261826e+01	6.6533067e-02
2.2283635e+01	4.6589854e-02
2.2305444e+01	-5.7381166e-02
2.2327253e+01	-4.6885453e-02
2.2349062e+01	-4.1401085e-02
2.2370871e+01	-1.7656680e-02
2.2392680e+01	-4.0351233e-02
2.2414489e+01	2.4934407e-02
2.2436298e+01	-5.8309985e-02
2.2458107e+01	3.7450808e-02
2.2479916e+01	9.3957350e-02
2.2501725e+01	7.2865885e-02
2.2523534e+01	1.5011986e-02
2.2545343e+01	-2.2255052e-02
2.2567152e+01	2.2917624e-03
2.2588961e+01	1.4168982e-01
2.2610769e+01	-1.2743177e-01
2.2632578e+01	-1.3469923e-01
2.2654387e+01	6.3538995e-03
2.2676196e+01	2.2505198e-01
2.2698005e+01	1.1173193e-01
2.2719814e+01	-7.0030570e-02
2.2741623e+01	-1.1843228e-01
2.2763432e+01	9.5787153e-02
2.2785241e+01	1.0133373e-01
2.2807050e+01	-1.0509402e-01
2.2828859e+01	-6.1729504e-02
2.2850668e+01	4.8099940e-02
2.2872477e+01	2.3064430e-01
2.2894286e+01	8.8215504e-02
2.2916095e+01	-1.6104823e-01
2.2937904e+01	9.2424245e-02
2.2959712e+01	6.5670350e-02
2.2981521e+01	-1.3742928e-03
2.3003330e+01	-2.1417060e-01
2.3025139e+01	5.7081266e-02
2.3046948e+01	1.0219216e-01
2.3068757e+01	1.4248555e-01
2.3090566e+01	-1.5281287e-01
2.3112375e+01	-9.3235661e-02
2.3134184e+01	1.4387736e-01
2.3155993e+01	1.0332807e-01
2.3177802e+01	9.7764560e-02
2.3199611e+01	-2.8925889e-02
2.3221420e+01	-6.7426266e-03
2.3243229e+01	-9.1772560e-03
2.3265038e+01	-1.4033786e-01
2.3286847e+01	-2.2548089e-01
2.3308655e+01	-5.1915919e-02
2.3330464e+01	1.0478150e-01
2.3352273e+01	1.3575701e-01
2.3374082e+01	6.8441616e-02
2.3395891e+01	3.8140095e-02
2.3417700e+01	-2.7105490e-02
2.3439509e+01	-1.9346011e-01
2.3461318e+01	3.0503319e-02
2.3483127e+01	2.3411557e-01
2.3504936e+01	6.3472845e-01
2.3526745e+01	1.0144511e+00
2.3548554e+01	1.1396577e+00
2.3570363e+01	8.5150737e-01
2.3592172e+01	2.6196422e-01
2.3613981e+01	4.9345405e-02
2.3635790e+01	3.7087212e-02
2.3657599e+01	4.7807314e-01
2.3679407e+01	1.5396624e+00
2.3701216e+01	3.1390515e+00
2.3723025e+01	4.6584821e+00
2.3744834e+01	6.2559998e+00
2.3766643e+01	7.6335731e+00
2.3788452e+01	9.2227808e+00
2.3810261e+01	9.9526073e+00
2.3832070e+01	9.7452013e+00
2.3853879e+01	8.6372513e+00
2.3875688e+01	6.9631660e+00
2.3897497e+01	5.1295310e+00
2.3919306e+01	3.7637769e+00
2.3941115e+01	2.4251372e+00
2.3962924e+01	1.0806455e+00
2.3984733e+01	4.8584055e-01
2.4006542e+01	3.2440282e-01
2.4028350e+01	1.6123849e-01
2.4050159e+01	6.6551218e-02
2.4071968e+01	6.2620967e-02
2.4093777e+01	-1.0098896e-01
2.4115586e+01	-1.5393524e-01
2.4137395e+01	-1.3115136e-01
2.4159204e+01	-5.3716666e-03
2.4181013e+01	1.9199215e-01
2.4202822e+01	-5.0159744e-02
2.4224631e+01	1.1445381e-01
2.4246440e+01	-3.0067419e-02
2.4268249e+01	-3.1395535e-02
2.4290058e+01	-1.5158846e-02
2.4311867e+01	-4.1844587e-02
2.4333676e+01	-1.7484408e-01
2.4355485e+01	1.0363175e-01
2.4377293e+01	1.9893012e-01
2.4399102e+01	5.1504474e-03
2.4420911e+01	-4.1167713e-02
2.4442720e+01	8.0843772e-02
2.4464529e+01	3.6850881e-02
2.4486338e+01	-9.2659891e-02
2.4508147e+01	2.1857402e-02
2.4529956e+01	1.9499722e-01
2.4551765e+01	1.3529447e-01
2.4573574e+01	3.2867609e-01
2.4595383e+01	6.5170523e-01
2.4617192e+01	7.5757666e-01
2.4639001e+01	7.6591614e-01
2.4660810e+01	1.2106243e-01
2.4682619e+01	1.1262428e-01
2.4704428e+01	-2.2978132e-02
2.4726236e+01	-1.5280297e-01
2.4748045e+01	-1.8075687e-01
2.4769854e+01	4.3340907e-02
2.4791663e+01	9.6483308e-03
2.4813472e+01	-7.1203729e-02
2.4835281e+01	-1.3310343e-01
2.4857090e+01	-6.3645714e-02
2.4878899e+01	6.5418195e-02
2.4900708e+01	1.4048131e-01
2.4922517e+01	2.4414316e-01
2.4944326e+01	5.9411879e-02
2.4966135e+01	1.0003377e-01
2.4987944e+01	1.7319437e-02
2.5009753e+01	-1.7345838e-01
2.5031562e+01	-5.7876862e-02
2.5053371e+01	-1.7362278e-02
2.5075179e+01	-3.1125981e-02
2.5096988e+01	4.3267009e-02
2.5118797e+01	4.8945759e-02
2.5140606e+01	5.3735666e-02
2.5162415e+01	-4.1335574e-02
2.5184224e+01	4.9480899e-02
2.5206033e+01	8.7163863e-03
2.5227842e+01	-5.8223996e-02
2.5249651e+01	-9.4485167e-02
2.5271460e+01	1.1750643e-01
2.5293269e+01	1.3178672e-01
2.5315078e+01	-6.1832612e-02
2.5336887e+01	4.0336767e-02
2.5358696e+01	1.4739995e-02
2.5380505e+01	-1.0207153e-02
2.5402314e+01	-5.5673166e-02
2.5424123e+01	-8.0406019e-03
2.5445931e+01	-5.7515814e-03
2.5467740e+01	-5.7554467e-02
2.5489549e+01	5.9999895e-02
2.5511358e+01	2.0747382e-01
2.5533167e+01	2.0715946e-02
2.5554976e+01	1.4608618e-02
2.5576785e+01	4.2424859e-03
2.5598594e+01	-8.8516694e-02
2.5620403e+01	-6.2603372e-02
2.5642212e+01	-1.1215461e-01
2.5664021e+01	-1.1404797e-01
2.5685830e+01	-6.3043655e-02
2.5707639e+01	4.2249677e-02
2.5729448e+01	7.4513514e-02
2.5751257e+01	1.2276309e-01
2.5773066e+01	1.1035281e-01
2.5794874e+01	1.0349167e-01
2.5816683e+01	3.3210089e-02
2.5838492e+01	-1.8604541e-02
2.5860301e+01	-8.1760224e-02
2.5882110e+01	-1.0711023e-01
2.5903919e+01	7.4106326e-02
2.5925728e+01	4.0469455e-01
2.5947537e+01	6.6435843e-01
2.5969346e+01	1.0481155e+00
2.5991155e+01	1.4841023e+00
2.6012964e+01	1.9158624e+00
2.6034773e+01	2.2414423e+00
2.6056582e+01	2.4968536e+00
2.6078391e+01	2.7042357e+00
2.6100200e+01	2.4630623e+00
2.6122009e+01	2.3541299e+00
2.6143817e+01	1.8805420e+00
2.6165626e+01	1.3179942e+00
2.6187435e+01	8.9483894e-01
2.6209244e+01	5.5628085e-01
2.6231053e+01	1.4557644e-01
2.6252862e+01	2.8557209e-02
2.6274671e+01	-3.9362916e-02
2.6296480e+01	-5.9622554e-02
2.6318289e+01	-1.5790964e-01
2.6340098e+01	-1.1009203e-01
2.6361907e+01	9.4400934e-03
2.6383716e+01	5.8020144e-02
2.6405525e+01	8.5863454e-02
2.6427334e+01	1.5318766e-01
2.6449143e+01	4.8853464e-02
2.6470952e+01	-6.3079858e-02
2.6492760e+01	-6.5303710e-02
2.6514569e+01	-4.8034127e-02
2.6536378e+01	-2.9024631e-02
2.6558187e+01	-2.4669980e-02
2.6579996e+01	1.8949412e-01
2.6601805e+01	3.6244286e-01
2.6623614e+01	3.8059050e-01
2.6645423e+01	3.8092502e-01
2.6667232e+01	2.5966619e-01
2.6689041e+01	1.8800271e-01
2.6710850e+01	8.7520744e-02
2.6732659e+01	1.0278839e-01
2.6754468e+01	-6.6680438e-02
2.6776277e+01	-1.0213672e-01
2.6798086e+01	-2.2929002e-01
2.6819895e+01	-1.3180946e-01
2.6841703e+01	-8.8671520e-03
2.6863512e+01	2.0121370e-02
2.6885321e+01	2.6150871e-02
2.6907130e+01	1.5347617e-01
2.6928939e+01	8.7071242e-02
2.6950748e+01	1.6750405e-01
2.6972557e+01	3.5356070e-01
2.6994366e+01	6.9505904e-02
2.7016175e+01	3.2651288e-02
2.7037984e+01	2.6348116e-02
2.7059793e+01	-1.2453427e-01
2.7081602e+01	-9.4080918e-02
2.7103411e+01	-3.5894799e-02
2.7125220e+01	-1.6500032e-03
2.7147029e+01	-4.2779560e-02
2.7168838e+01	4.0703431e-02
2.7190646e+01	2.1500451e-02
2.7212455e+01	-1.0257440e-02
2.7234264e+01	6.2416115e-02
2.7256073e+01	2.0123080e-02
2.7277882e+01	-7.4579962e-02
2.7299691e+01	-5.0803433e-02
2.7321500e+01	1.8036015e-02
2.7343309e+01	-2.6101904e-03
2.7365118e+01	-6.6993350e-02
2.7386927e+01	3.9982139e-02
2.7408736e+01	8.3214719e-02
2.7430545e+01	1.5421572e-03
2.7452354e+01	-2.7821153e-02
2.7474163e+01	2.0129850e-02
2.7495972e+01	3.2071144e-02
2.7517781e+01	-1.3442515e-02
2.7539590e+01	2.5940870e-02
2.7561398e+01	-1.2567098e-01
2.7583207e+01	-1.4986227e-01
2.7605016e+01	6.1693760e-02
2.7626825e+01	1.8926726e-01
2.7648634e+01	1.5781042e-01
2.7670443e+01	2.9834507e-01
2.7692252e+01	4.6997106e-01
2.7714061e+01	5.3653731e-01
2.7735870e+01	7.6030595e-01
2.7757679e+01	9.2694304e-01
2.7779488e+01	1.0213656e+00
2.7801297e+01	1.0251637e+00
2.7823106e+01	8.5192046e-01
2.7844915e+01	5.8795281e-01
2.7866724e+01	5.5341385e-01
2.7888533e+01	3.3671160e-01
2.7910341e+01	-3.3548936e-02
2.7932150e+01	-1.0864160e-01
2.7953959e+01	3.2054624e-02
2.7975768e+01	3.5552056e-02
2.7997577e+01	4.9064783e-02
2.8019386e+01	9.2451191e-02
2.8041195e+01	-4.2115919e-02
2.8063004e+01	-1.1305715e-01
2.8084813e+01	6.0278343e-02
2.8106622e+01	8.6378923e-03
2.8128431e+01	-3.3309775e-02
2.8150240e+01	-1.1793136e-01
2.8172049e+01	-1.6712466e-01
2.8193858e+01	9.1319453e-02
2.8215667e+01	7.3910951e-02
2.8237476e+01	1.0978095e-01
2.8259284e+01	8.3782581e-02
2.8281093e+01	-5.0095792e-02
2.8302902e+01	4.1288553e-02
2.8324711e+01	4.1233825e-02
2.8346520e+01	-2.5801429e-02
2.8368329e+01	-1.1448652e-01
2.8390138e+01	4.0283825e-02
2.8411947e+01	-7.8004965e-02
2.8433756e+01	1.7704896e-02
2.8455565e+01	1.9228515e-01
2.8477374e+01	4.4859080e-01
2.8499183e+01	6.9148087e-01
2.8520992e+01	9.4285985e-01
2.8542801e+01	9.7701826e-01
2.8564610e+01	1.0528146e+00
2.8586419e+01	8.2020533e-01
2.8608227e+01	8.9211600e-01
2.8630036e+01	6.7585309e-01
2.8651845e+01	4.9482011e-01
2.8673654e+01	2.9135255e-01
2.8695463e+01	7.6609588e-02
2.8717272e+01	1.2085205e-02
2.8739081e+01	-1.4217975e-01
2.8760890e+01	7.5590549e-02
2.8782699e+01	-6.0367815e-02
2.8804508e+01	5.6047848e-02
2.8826317e+01	1.3726173e-02
2.8848126e+01	-1.0295210e-01
2.8869935e+01	-8.3735802e-02
2.8891744e+01	-5.1157171e-05
2.8913553e+01	6.8113626e-02
2.8935362e+01	3.7302037e-02
2.8957170e+01	4.7929276e-02
2.8978979e+01	-8.5256871e-02
2.9000788e+01	4.2787911e-02
2.9022597e+01	3.2993655e-02
2.9044406e+01	7.1021456e-02
2.9066215e+01	-1.0268288e-03
2.9088024e+01	-2.6308619e-02
2.9109833e+01	-7.7581151e-02
2.9131642e+01	-1.8725154e-02
2.9153451e+01	1.0920446e-01
2.9175260e+01	-7.6660451e-02
2.9197069e+01	-4.2368812e-02
2.9218878e+01	5.3827595e-02
2.9240687e+01	1.3525868e-02
2.9262496e+01	6.9849282e-02
2.9284305e+01	-8.8500811e-02
2.9306113e+01	-9.7821335e-02
2.9327922e+01	8.6229646e-02
2.9349731e+01	-3.1366357e-02
2.9371540e+01	3.8802086e-02
2.9393349e+01	4.2237498e-02
2.9415158e+01	1.1365257e-01
2.9436967e+01	3.1025813e-01
2.9458776e+01	2.9921316e-02
2.9480585e+01	-1.9627374e-01
2.9502394e+01	-4.5161584e-02
2.9524203e+01	4.8648711e-02
2.9546012e+01	5.8249046e-02
2.9567821e+01	6.8894331e-02
2.9589630e+01	-2.7745664e-02
2.9611439e+01	-6.7693225e-02
2.9633248e+01	-6.6716234e-02
2.9655057e+01	-5.6052397e-02
2.9676865e+01	-6.3775821e-02
2.9698674e+01	1.7600547e-01
2.9720483e+01	3.0771502e-01
2.9742292e+01	5.5759548e-01
2.9764101e+01	7.9333283e-01
2.9785910e+01	7.4331697e-01
2.9807719e+01	6.3035386e-01
2.9829528e+01	3.6947440e-01
2.9851337e+01	2.4516527e-02
2.9873146e+01	-9.4562348e-03
2.9894955e+01	8.4326934e-02
2.9916764e+01	3.3507577e-01
2.9938573e+01	9.0514791e-01
2.9960382e+01	1.5923869e+00
2.9982191e+01	2.6803884e+00
3.0004000e+01	3.8125179e+00
3.0025808e+01	4.9517229e+00
3.0047617e+01	5.9163692e+00
3.0069426e+01	6.6375251e+00
3.0091235e+01	7.3288504e+00
3.0113044e+01	7.6022565e+00
3.0134853e+01	7.3149380e+00
3.0156662e+01	6.3483846e+00
3.0178471e+01	5.0569908e+00
3.0200280e+01	3.4895111e+00
3.0222089e+01	2.2022741e+00
3.0243898e+01	1.3264344e+00
3.0265707e+01	7.0795057e-01
3.0287516e+01	5.0101517e-01
3.0309325e+01	3.9543978e-01
3.0331134e+01	1.6689469e-01
3.0352943e+01	-4.6472538e-02
3.0374751e+01	-2.2058494e-03
3.0396560e+01	-1.8270508e-02
3.0418369e+01	2.1431669e-02
3.0440178e+01	8.5976466e-02
3.0461987e+01	-9.1703753e-02
3.0483796e+01	-1.6593616e-01
3.0505605e+01	-1.3589630e-01
3.0527414e+01	2.4672487e-02
3.0549223e+01	1.3104167e-01
3.0571032e+01	9.0948428e-03
3.0592841e+01	-4.1738151e-03
3.0614650e+01	-6.2098757e-02
3.0636459e+01	9.6227540e-02
3.0658268e+01	-4.8578743e-02
3.0680077e+01	-5.2415257e-02
3.0701886e+01	-6.4645735e-02
3.0723694e+01	1.4834591e-01
3.0745503e+01	1.1700233e-01
3.0767312e+01	9.2464996e-03
3.0789121e+01	9.8196800e-02
3.0810930e+01	2.5102940e-02
3.0832739e+01	-4.3536947e-02
3.0854548e+01	-1.3618870e-02
3.0876357e+01	-4.4719010e-02
3.0898166e+01	4.7903051e-02
3.0919975e+01	-7.4067033e-02
3.0941784e+01	-2.4572221e-02
3.0963593e+01	3.8286199e-02
3.0985402e+01	3.5738565e-02
3.1007211e+01	2.3442370e-02
3.1029020e+01	8.4332524e-03
3.1050829e+01	-1.2638225e-01
3.1072637e+01	-1.7486224e-02
3.1094446e+01	5.0239308e-03
3.1116255e+01	-3.6080723e-02
3.1138064e+01	-5.9993328e-02
3.1159873e+01	-4.6475771e-02
3.1181682e+01	4.6843528e-02
3.1203491e+01	9.0933952e-02
3.1225300e+01	7.6133946e-02
3.1247109e+01	1.2084529e-01
3.1268918e+01	7.1476477e-02
3.1290727e+01	-3.7157015e-02
3.1312536e+01	-1.7502431e-01
3.1334345e+01	-3.8839401e-02
3.1356154e+01	3.6385851e-02
3.1377963e+01	2.8578803e-02
3.1399772e+01	5.1786061e-03
3.1421580e+01	1.7812160e-02
3.1443389e+01	-1.4000099e-01
3.1465198e+01	-9.0486586e-02
3.1487007e+01	-1.9566733e-02
3.1508816e+01	7.1011539e-02
3.1530625e+01	1.0822899e-01
3.1552434e+01	4.0541743e-01
3.1574243e+01	4.6216178e-01
3.1596052e+01	5.5722270e-01
3.1617861e+01	4.0539087e-01
3.1639670e+01	2.5198794e-01
3.1661479e+01	9.2754247e-02
3.1683288e+01	-1.5662764e-01
3.1705097e+01	-2.4562484e-02
3.1726906e+01	1.4653484e-01
3.1748715e+01	4.6657776e-01
3.1770524e+01	1.3068656e+00
3.1792332e+01	2.0770908e+00
3.1814141e+01	2.9465079e+00
3.1835950e+01	4.2204052e+00
3.1857759e+01	5.0656984e+00
3.1879568e+01	5.9478289e+00
3.1901377e+01	6.8673831e+00
3.1923186e+01	7.4014015e+00
3.1944995e+01	7.6597236e+00
3.1966804e+01	7.2913009e+00
3.1988613e+01	6.0812018e+00
3.2010422e+01	5.1860238e+00
3.2032231e+01	3.9118564e+00
3.2054040e+01	2.3499781e+00
3.2075849e+01	1.3450053e+00
3.2097658e+01	8.3106346e-01
3.2119467e+01	4.8100911e-01
3.2141275e+01	3.3717471e-01
3.2163084e+01	1.4651121e-01
3.2184893e+01	-6.0617485e-02
3.2206702e+01	-1.1850435e-01
3.2228511e+01	3.9217917e-02
3.2250320e+01	-1.0645331e-01
3.2272129e+01	-3.0487180e-02
3.2293938e+01	8.3588470e-02
3.2315747e+01	1.2116761e-01
3.2337556e+01	1.4041440e-01
3.2359365e+01	-6.2972974e-03
3.2381174e+01	-2.3812736e-01
3.2402983e+01	8.7114003e-02
3.2424792e+01	-4.6350813e-02
3.2446601e+01	4.2751601e-03
3.2468410e+01	-1.2913047e-01
3.2490218e+01	-5.7692381e-02
3.2512027e+01	1.0347603e-01
3.2533836e+01	3.4907139e-02
3.2555645e+01	-2.9073253e-03
3.2577454e+01	1.9043958e-02
3.2599263e+01	2.5188105e-02
3.2621072e+01	4.3096041e-02
3.2642881e+01	1.1590173e-01
3.2664690e+01	6.0054066e-02
3.2686499e+01	4.3494161e-02
3.2708308e+01	-7.9153289e-02
3.2730117e+01	-1.1956771e-01
3.2751926e+01	-9.1239292e-02
3.2773735e+01	-1.0365715e-02
3.2795544e+01	5.6707499e-02
3.2817353e+01	1.5260037e-02
3.2839161e+01	1.1887319e-02
3.2860970e+01	1.1105223e-02
3.2882779e+01	-1.9650837e-02
3.2904588e+01	1.2246409e-01
3.2926397e+01	-3.6963450e-02
3.2948206e+01	-1.2894974e-01
3.2970015e+01	-5.5907386e-02
3.2991824e+01	-1.9147308e-03
3.3013633e+01	8.2999131e-02
3.3035442e+01	8.2681850e-02
3.3057251e+01	5.4570094e-02
3.3079060e+01	-4.3255841e-02
3.3100869e+01	-1.2524861e-01
3.3122678e+01	-1.2825408e-02
3.3144487e+01	1.1078145e-01
3.3166296e+01	1.9388831e-02
3.3188104e+01	-1.8863242e-02
3.3209913e+01	1.1523464e-01
3.3231722e+01	-7.9932780e-02
3.3253531e+01	-1.5368486e-01
3.3275340e+01	-4.4544763e-02
3.3297149e+01	1.1939917e-01
3.3318958e+01	1.4402201e-01
3.3340767e+01	1.4537478e-01
3.3362576e+01	-4.2796909e-02
3.3384385e+01	-9.9746418e-02
3.3406194e+01	-6.8799951e-02
3.3428003e+01	-1.0409196e-01
3.3449812e+01	-5.0846814e-02
3.3471621e+01	1.9907718e-02
3.3493430e+01	1.5423541e-01
3.3515239e+01	3.4231316e-01
3.3537047e+01	5.2270204e-01
3.3558856e+01	6.0597019e-01
3.3580665e+01	7.9786360e-01
3.3602474e+01	9.5358425e-01
3.3624283e+01	8.3817713e-01
3.3646092e+01	8.3617023e-01
3.3667901e+01	9.2096953e-01
3.3689710e+01	9.4052603e-01
3.3711519e+01	7.6503670e-01
3.3733328e+01	5.9768054e-01
3.3755137e+01	2.1785153e-01
3.3776946e+01	-2.1443582e-03
3.3798755e+01	6.8340950e-02
3.3820564e+01	5.9963911e-02
3.3842373e+01	1.0161000e-02
3.3864182e+01	-1.2390900e-01
3.3885991e+01	-8.7456380e-02
3.3907799e+01	9.2014798e-02
3.3929608e+01	1.1643152e-01
3.3951417e+01	3.4641859e-02
3.3973226e+01	-3.2430056e-02
3.3995035e+01	-1.1250977e-01
3.4016844e+01	-2.0085028e-01
3.4038653e+01	-1.4163832e-01
3.4060462e+01	1.3793935e-01
3.4082271e+01	2.1284621e-01
3.4104080e+01	5.8188245e-02
3.4125889e+01	5.9454569e-02
3.4147698e+01	3.2310446e-04
3.4169507e+01	1.1860870e-01
3.4191316e+01	1.8851445e-02
3.4213125e+01	4.4456171e-02
3.4234934e+01	-9.5541094e-02
3.4256742e+01	-4.6703021e-02
3.4278551e+01	-1.4092718e-02
3.4300360e+01	-3.1625913e-02
3.4322169e+01	3.1830052e-02
3.4343978e+01	-5.6965413e-02
3.4365787e+01	4.2153141e-03
3.4387596e+01	-1.3552063e-01
3.4409405e+01	6.3404607e-02
3.4431214e+01	1.6373016e-01
3.4453023e+01	7.1344088e-02
3.4474832e+01	-2.8086732e-02
3.4496641e+01	-3.1514882e-02
3.4518450e+01	4.8964833e-02
3.4540259e+01	5.9846657e-02
3.4562068e+01	-3.5727491e-02
3.4583877e+01	-4.7653408e-02
3.4605685e+01	-4.3092407e-02
3.4627494e+01	-6.1379740e-02
3.4649303e+01	3.5210350e-02
3.4671112e+01	6.9187308e-02
3.4692921e+01	-7.6974847e-02
3.4714730e+01	-4.3412431e-02
3.4736539e+01	7.3948852e-02
3.4758348e+01	-3.8187027e-02
3.4780157e+01	7.9917106e-03
3.4801966e+01	4.3224316e-02
3.4823775e+01	-9.5138914e-03
3.4845584e+01	8.6519137e-02
3.4867393e+01	5.6637289e-02
3.4889202e+01	-8.7864261e-02
3.4911011e+01	-5.7183336e-02
3.4932820e+01	-9.5682117e-02
3.4954628e+01	2.3225995e-02
3.4976437e+01	2.1095864e-02
3.4998246e+01	1.0370543e-01
3.5020055e+01	1.7811333e-02
3.5041864e+01	5.1632615e-02
3.5063673e+01	1.0223028e-02
3.5085482e+01	-7.2279054e-02
3.5107291e+01	-1.0711391e-02
3.5129100e+01	-2.1783684e-02
3.5150909e+01	-5.3861906e-02
3.5172718e+01	3.5966660e-02
3.5194527e+01	-9.1055223e-02
3.5216336e+01	3.8480832e-02
3.5238145e+01	-4.4076777e-02
3.5259954e+01	1.0570710e-01
3.5281763e+01	2.2393941e-01
3.5303571e+01	2.5582703e-02
3.5325380e+01	-1.7858564e-02
3.5347189e+01	-8.6533949e-02
3.5368998e+01	7.8338856e-02
3.5390807e+01	-3.5335454e-03
3.5412616e+01	7.6488947e-03
3.5434425e+01	1.8896877e-02
3.5456234e+01	-7.1052430e-02
3.5478043e+01	4.9398341e-03
3.5499852e+01	-6.8337306e-02
3.5521661e+01	4.9687671e-03
3.5543470e+01	5.1703317e-02
3.5565279e+01	-1.2791976e-01
3.5587088e+01	6.3148734e-02
3.5608897e+01	9.7429504e-03
3.5630706e+01	6.8641433e-03
3.5652514e+01	6.8610400e-02
3.5674323e+01	-2.6158621e-02
3.5696132e+01	7.6481686e-02
3.5717941e+01	5.6475432e-02
3.5739750e+01	5.9466336e-03
3.5761559e+01	6.5007554e-02
3.5783368e+01	3.8094551e-02
3.5805177e+01	-2.0673905e-03
3.5826986e+01	-2.0236815e-02
3.5848795e+01	-2.4544441e-02
3.5870604e+01	-1.2058685e-01
3.5892413e+01	-1.1317092e-01
3.5914222e+01	4.8321956e-02
3.5936031e+01	-1.3465342e-02
3.5957840e+01	-3.6772414e-03
3.5979649e+01	-1.2493569e-01
3.6001458e+01	1.3324281e-01
3.6023266e+01	5.3905620e-01
3.6045075e+01	7.2912585e-01
3.6066884e+01	9.9538905e-01
3.6088693e+01	8.7659510e-01
3.6110502e+01	6.5728529e-01
3.6132311e+01	7.8888892e-01
3.6154120e+01	7.3829328e-01
3.6175929e+01	7.0156666e-01
3.6197738e+01	5.4930735e-01
3.6219547e+01	6.1141865e-01
3.6241356e+01	2.8228580e-01
3.6263165e+01	2.2827018e-02
3.6284974e+01	-4.6160280e-03
3.6306783e+01	5.1615609e-02
3.6328592e+01	-1.0088418e-02
3.6350401e+01	-1.2321629e-01
3.6372209e+01	-1.0925120e-01
3.6394018e+01	-5.2412223e-02
3.6415827e+01	1.1006620e-01
3.6437636e+01	4.1143327e-02
3.6459445e+01	9.9096765e-02
3.6481254e+01	8.6063230e-02
3.6503063e+01	1.4624416e-01
3.6524872e+01	3.1352860e-02
3.6546681e+01	1.0117547e-02
3.6568490e+01	-1.5991358e-01
3.6590299e+01	-1.0351396e-01
3.6612108e+01	-5.1477595e-02
3.6633917e+01	-1.6486131e-02
3.6655726e+01	1.6552234e-01
3.6677535e+01	3.3949885e-01
3.6699344e+01	5.6097392e-01
3.6721152e+01	8.9221309e-01
3.6742961e+01	1.3066539e+00
3.6764770e+01	1.5458478e+00
3.6786579e+01	1.7757194e+00
3.6808388e+01	2.0823361e+00
3.6830197e+01	2.5746305e+00
3.6852006e+01	2.7920841e+00
3.6873815e+01	2.9013263e+00
3.6895624e+01	3.1133958e+00
3.6917433e+01	3.0155880e+00
3.6939242e+01	2.7050855e+00
3.6961051e+01	2.2362887e+00
3.6982860e+01	1.7831542e+00
3.7004669e+01	1.5954355e+00
3.7026478e+01	1.3226141e+00
3.7048287e+01	1.4022475e+00
3.7070095e+01	1.2146952e+00
3.7091904e+01	4.3022677e-01
3.7113713e+01	4.1321693e-02
3.7135522e+01	4.7815703e-02
3.7157331e+01	6.4742785e-02
3.7179140e+01	4.1869162e-02
3.7200949e+01	-1.7330854e-02
3.7222758e+01	-1.1511670e-01
3.7244567e+01	-1.8809952e-01
3.7266376e+01	1.4208673e-02
3.7288185e+01	9.6518435e-03
3.7309994e+01	5.2602346e-02
3.7331803e+01	-6.6096100e-03
3.7353612e+01	-5.4650780e-02
3.7375421e+01	-8.4609824e-02
3.7397230e+01	2.4340946e-02
3.7419038e+01	7.9342364e-02
3.7440847e+01	1.3369837e-01
3.7462656e+01	4.4428648e-01
3.7484465e+01	8.5102428e-01
3.7506274e+01	8.4683564e-01
3.7528083e+01	4.9816242e-01
3.7549892e+01	1.0880847e-01
3.7571701e+01	5.1414352e-02
3.7593510e+01	-7.6664541e-03
3.7615319e+01	-7.2724748e-02
3.7637128e+01	-5.5570302e-03
3.7658937e+01	-3.9582883e-02
3.7680746e+01	-1.5837985e-01
3.7702555e+01	-7.0985479e-02
3.7724364e+01	-7.4682994e-02
3.7746173e+01	-8.3185703e-02
3.7767981e+01	1.2813030e-01
3.7789790e+01	6.0574569e-02
3.7811599e+01	1.4872143e-02
3.7833408e+01	1.6925087e-01
3.7855217e+01	1.0203494e-01
3.7877026e+01	-2.2303271e-02
3.7898835e+01	9.5239700e-03
3.7920644e+01	3.6084041e-01
3.7942453e+01	3.4762490e-01
3.7964262e+01	6.4436301e-02
3.7986071e+01	1.2109907e-01
3.8007880e+01	1.3795054e-01
3.8029689e+01	-1.8615797e-01
3.8051498e+01	-1.7281883e-01
3.8073307e+01	-5.9122112e-03
3.8095116e+01	-1.0950963e-01
3.8116925e+01	1.7552124e-01
3.8138733e+01	4.8493697e-01
3.8160542e+01	1.0534054e+00
3.8182351e+01	1.0738838e+00
3.8204160e+01	1.3716426e+00
3.8225969e+01	1.7881032e+00
3.8247778e+01	2.3198760e+00
3.8269587e+01	2.6172982e+00
3.8291396e+01	3.0880013e+00
3.8313205e+01	3.5248836e+00
3.8335014e+01	3.8293626e+00
3.8356823e+01	3.8437805e+00
3.8378632e+01	4.0632737e+00
3.8400441e+01	3.8724916e+00
3.8422250e+01	3.6558496e+00
3.8444059e+01	3.2455050e+00
3.8465868e+01	2.8205413e+00
3.8487676e+01	2.1610526e+00
3.8509485e+01	1.3876375e+00
3.8531294e+01	9.2107432e-01
3.8553103e+01	7.1751836e-01
3.8574912e+01	3.1085003e-01
3.8596721e+01	3.0626927e-03
3.8618530e+01	-1.2794591e-01
3.8640339e+01	8.5756035e-02
3.8662148e+01	1.8869313e-01
3.8683957e+01	6.3981005e-02
3.8705766e+01	-1.0547655e-01
3.8727575e+01	-6.4212900e-03
3.8749384e+01	7.0921811e-02
3.8771193e+01	1.4735945e-03
3.8793002e+01	-2.7401238e-02
3.8814811e+01	-9.4120036e-02
3.8836619e+01	-3.1532250e-03
3.8858428e+01	6.8203958e-02
3.8880237e+01	-8.4753738e-02
3.8902046e+01	3.7026549e-04
3.8923855e+01	9.0941487e-02
3.8945664e+01	2.3608912e-01
3.8967473e+01	9.4544388e-02
3.8989282e+01	1.7937416e-01
3.9011091e+01	-4.1260208e-02
3.9032900e+01	-1.2431429e-01
3.9054709e+01	-1.4184672e-01
3.9076518e+01	-3.7172427e-02
3.9098327e+01	-3.3750119e-02
3.9120136e+01	8.3555128e-02
3.9141945e+01	3.4268180e-01
3.9163754e+01	1.5576558e-01
3.9185562e+01	-6.5645523e-04
3.9207371e+01	-7.7292686e-02
3.9229180e+01	-7.1307646e-02
3.9250989e+01	4.2323404e-03
3.9272798e+01	1.8804619e-02
3.9294607e+01	3.3684671e-02
3.9316416e+01	2.6541731e-02
3.9338225e+01	-6.1153029e-02
3.9360034e+01	-4.9552244e-02
3.9381843e+01	7.2632579e-02
3.9403652e+01	1.7887531e-01
3.9425461e+01	2.6253482e-01
3.9447270e+01	6.2556985e-02
3.9469079e+01	1.0251162e-02
3.9490888e+01	-1.0098219e-01
3.9512697e+01	-2.6478672e-02
3.9534505e+01	-1.8130396e-01
3.9556314e+01	-5.7851532e-02
3.9578123e+01	1.1800457e-01
3.9599932e+01	8.4199373e-02
3.9621741e+01	2.4662287e-01
3.9643550e+01	4.8449470e-01
3.9665359e+01	7.2172664e-01
3.9687168e+01	8.9719999e-01
3.9708977e+01	1.3049831e+00
3.9730786e+01	1.6216612e+00
3.9752595e+01	1.9948797e+00
3.9774404e+01	2.3104789e+00
3.9796213e+01	2.3111020e+00
3.9818022e+01	2.3636264e+00
3.9839831e+01	2.3874415e+00
3.9861640e+01	2.4451194e+00
3.9883449e+01	2.2095866e+00
3.9905257e+01	1.7627663e+00
3.9927066e+01	1.3270129e+00
3.9948875e+01	8.4482362e-01
3.9970684e+01	2.8577683e-01
3.9992493e+01	2.4402833e-02
4.0014302e+01	2.5015377e-02
4.0036111e+01	-3.1871736e-04
4.0057920e+01	1.7746124e-02
4.0079729e+01	-3.8095913e-02
4.0101538e+01	1.5534248e-02
4.0123347e+01	-6.9032877e-02
4.0145156e+01	-3.2256423e-02
4.0166965e+01	4.4395309e-02
4.0188774e+01	-2.5612119e-03
4.0210583e+01	-6.9403209e-02
4.0232392e+01	4.1926367e-02
4.0254200e+01	1.3635875e-01
4.0276009e+01	-8.0949460e-02
4.0297818e+01	6.5399297e-02
4.0319627e+01	-3.7968318e-02
4.0341436e+01	-1.5405462e-01
4.0363245e+01	1.6032257e-02
4.0385054e+01	4.0130531e-01
4.0406863e+01	1.5910131e-01
4.0428672e+01	2.8835869e-01
4.0450481e+01	1.9836122e-01
4.0472290e+01	4.4903310e-01
4.0494099e+01	3.8843284e-01
4.0515908e+01	-1.3210360e-01
4.0537717e+01	-1.4733945e-01
4.0559526e+01	2.7868431e-02
4.0581335e+01	1.3195746e-01
4.0603143e+01	2.2996631e-01
4.0624952e+01	3.3749300e-01
4.0646761e+01	2.7584320e-01
4.0668570e+01	-7.8230033e-03
4.0690379e+01	-1.3709541e-02
4.0712188e+01	-1.1647683e-01
4.0733997e+01	7.6941342e-02
4.0755806e+01	6.7088651e-02
4.0777615e+01	1.7542243e-01
4.0799424e+01	6.5230726e-04
4.0821233e+01	9.6871160e-03
4.0843042e+01	-8.3637006e-02
4.0864851e+01	-2.1562124e-01
4.0886660e+01	-5.5962064e-02
4.0908469e+01	1.7677043e-01
4.0930278e+01	9.2837199e-02
4.0952086e+01	-5.6291665e-02
4.0973895e+01	1.4335235e-02
4.0995704e+01	1.1937236e-01
4.1017513e+01	-8.3716588e-03
4.1039322e+01	-1.4701200e-01
4.1061131e+01	3.3385944e-02
4.1082940e+01	2.3609132e-02
4.1104749e+01	1.4711334e-01
4.1126558e+01	8.9484695e-02
4.1148367e+01	-7.6498482e-02
4.1170176e+01	-7.9911254e-02
4.1191985e+01	-9.8629533e-03
4.1213794e+01	8.8197594e-02
4.1235603e+01	-1.4539598e-01
4.1257412e+01	-7.3164526e-02
4.1279221e+01	8.5458577e-02
4.1301029e+01	2.7011354e-01
4.1322838e+01	1.4467652e-01
4.1344647e+01	6.5716178e-03
4.1366456e+01	-4.8649342e-02
4.1388265e+01	-6.5241229e-02
4.1410074e+01	1.1664635e-01
4.1431883e+01	-4.8590768e-02
4.1453692e+01	1.1766123e-01
4.1475501e+01	1.4123851e-01
4.1497310e+01	-1.1186135e-01
4.1519119e+01	-1.9378153e-01
4.1540928e+01	1.3328422e-02
4.1562737e+01	1.2799431e-01
4.1584546e+01	-2.5158441e-01
4.1606355e+01	-1.1545964e-01
4.1628164e+01	2.1606901e-02
4.1649972e+01	3.0634024e-02
4.1671781e+01	-2.8272673e-02
4.1693590e+01	1.0576216e-01
4.1715399e+01	4.5719834e-02
4.1737208e+01	1.2929178e-01
4.1759017e+01	2.6365255e-02
4.1780826e+01	2.0762308e-01
4.1802635e+01	1.4788208e-01
4.1824444e+01	-2.7109321e-01
4.1846253e+01	2.3098391e-02
4.1868062e+01	1.5136249e-01
4.1889871e+01	1.4049200e-01
4.1911680e+01	4.9828886e-02
4.1933489e+01	-7.8835800e-02
4.1955298e+01	-1.4582569e-02
4.1977107e+01	1.3603972e-01
4.1998916e+01	-2.4220909e-01
4.2020724e+01	-1.4464626e-01
4.2042533e+01	-1.4147447e-02
4.2064342e+01	-1.5407778e-02
4.2086151e+01	5.0622818e-02
4.2107960e+01	1.5939622e-02
4.2129769e+01	3.9810458e-02
4.2151578e+01	2.6599903e-01
4.2173387e+01	7.7373021e-02
4.2195196e+01	-1.8662512e-01
4.2217005e+01	1.4796337e-01
4.2238814e+01	-1.2882968e-02
4.2260623e+01	2.6532572e-02
4.2282432e+01	3.7563753e-02
4.2304241e+01	-9.8243160e-02
4.2326050e+01	1.2944305e-01
4.2347859e+01	-6.7891744e-02
4.2369667e+01	4.9013616e-01
4.2391476e+01	7.1185526e-01
4.2413285e+01	1.0202567e+00
4.2435094e+01	1.3657605e+00
4.2456903e+01	1.8529900e+00
4.2478712e+01	2.4150961e+00
4.2500521e+01	2.6161599e+00
4.2522330e+01	2.8698478e+00
4.2544139e+01	3.1092766e+00
4.2565948e+01	3.2141626e+00
4.2587757e+01	3.4317749e+00
4.2609566e+01	3.2042565e+00
4.2631375e+01	2.8201987e+00
4.2653184e+01	2.5584155e+00
4.2674993e+01	2.4017191e+00
4.2696802e+01	1.9635445e+00
4.2718610e+01	1.7231609e+00
4.2740419e+01	1.6080935e+00
4.2762228e+01	1.5291852e+00
4.2784037e+01	1.1737653e+00
4.2805846e+01	1.0666509e+00
4.2827655e+01	6.2361006e-01
4.2849464e+01	3.7745092e-01
4.2871273e+01	8.1470861e-01
4.2893082e+01	4.5420244e-01
4.2914891e+01	-2.4181256e-02
4.2936700e+01	6.9360582e-02
4.2958509e+01	1.8483361e-01
4.2980318e+01	-3.1126490e-02
4.3002127e+01	-9.4254602e-02
4.3023936e+01	2.7042551e-01
4.3045745e+01	5.6109754e-02
4.3067553e+01	3.7488240e-01
4.3089362e+01	-1.4401212e-02
4.3111171e+01	-6.4194830e-02
4.3132980e+01	-1.4637354e-01
4.3154789e+01	1.1751412e-01
4.3176598e+01	2.2642869e-01
4.3198407e+01	1.1045423e-01
4.3220216e+01	-2.3670849e-01
4.3242025e+01	7.3055823e-02
4.3263834e+01	5.5941723e-02
4.3285643e+01	-7.1343558e-02
4.3307452e+01	-9.2989374e-02
4.3329261e+01	5.5132795e-02
4.3351070e+01	2.0724997e-01
4.3372879e+01	-4.1442560e-02
4.3394688e+01	2.4319267e-01
4.3416496e+01	2.9922813e-01
4.3438305e+01	3.1050369e-01
4.3460114e+01	1.3531624e-01
4.3481923e+01	-1.2771102e-01
4.3503732e+01	1.8931284e-01
4.3525541e+01	-6.9324239e-02
4.3547350e+01	1.2812033e-01
4.3569159e+01	-1.6450298e-02
4.3590968e+01	-7.1504005e-02
4.3612777e+01	3.1177227e-01
4.3634586e+01	8.2212681e-01
4.3656395e+01	9.5673801e-01
4.3678204e+01	1.5682293e+00
4.3700013e+01	2.3501950e+00
4.3721822e+01	3.0410086e+00
4.3743631e+01	3.9036935e+00
4.3765439e+01	4.4519340e+00
4.3787248e+01	5.1921106e+00
4.3809057e+01	5.5708627e+00
4.3830866e+01	6.8448417e+00
4.3852675e+01	7.6315709e+00
4.3874484e+01	7.7064728e+00
4.3896293e+01	7.3291658e+00
4.3918102e+01	6.4424252e+00
4.3939911e+01	5.9195735e+00
4.3961720e+01	4.9666951e+00
4.3983529e+01	3.8432414e+00
4.4005338e+01	2.4469968e+00
4.4027147e+01	1.8090926e+00
4.4048956e+01	1.5133094e+00
4.4070765e+01	1.3948204e+00
4.4092574e+01	1.1119470e+00
4.4114383e+01	6.6208282e-01
4.4136191e+01	4.9003507e-01
4.4158000e+01	3.2551021e-01
4.4179809e+01	-1.4685674e-01
4.4201618e+01	-5.1942860e-02
4.4223427e+01	1.0893798e-01
4.4245236e+01	9.2708977e-02
4.4267045e+01	2.5165808e-01
4.4288854e+01	1.9737255e-02
4.4310663e+01	-3.7836550e-02
4.4332472e+01	4.8277411e-02
4.4354281e+01	-3.4216326e-02
4.4376090e+01	-4.7860085e-02
4.4397899e+01	4.2433912e-02
4.4419708e+01	-1.3635460e-01
4.4441517e+01	1.1401681e-01
4.4463326e+01	3.7082666e-02
4.4485134e+01	-1.5387648e-01
4.4506943e+01	1.9004729e-02
4.4528752e+01	-2.5997152e-02
4.4550561e+01	1.7171653e-01
4.4572370e+01	6.5000571e-02
4.4594179e+01	1.5078667e-02
4.4615988e+01	6.4573634e-03
4.4637797e+01	3.0685069e-01
4.4659606e+01	1.1578377e-01
4.4681415e+01	5.6084813e-01
4.4703224e+01	3.7963097e-01
4.4725033e+01	3.4959744e-01
4.4746842e+01	7.2665073e-02
4.4768651e+01	-3.2943147e-01
4.4790460e+01	3.7989648e-01
4.4812269e+01	3.2944466e-01
4.4834077e+01	2.9766727e-01
4.4855886e+01	-4.6667836e-02
4.4877695e+01	-6.4101452e-02
4.4899504e+01	1.5136485e-01
4.4921313e+01	3.4188694e-01
4.4943122e+01	-2.2616372e-02
4.4964931e+01	8.4636899e-02
4.4986740e+01	6.2971417e-01