Image file: \\Gfs05\g45\SAXS\2020_12\HDF5\2020-12.10_Kevin_day2_SN\2020-12-10_Max_Cu123_SN_000017_data_000026.h5
ImageIntegration1d_chi_output; Output_Directory= \\Gfs05\g45\SAXS\2020_12\Processed\2020-12-09_Kevin_day1_SN\Chi-Sample-7
Profile = Radial, StartAzimuth = 0.0, EndAzimuth = 360.0, Sam_Det_distance = 250.818474293, InnerRadius = 15.0, OuterRadius = 2400.0, Lambda = 30, Ratio = 0.001, Itermax = 100
2400
2.0013229e+00	6.5360835e-01
2.0231319e+00	9.3284052e-01
2.0449408e+00	7.6191746e-01
2.0667497e+00	-3.2407061e-02
2.0885587e+00	-7.1474273e-02
2.1103676e+00	9.4642136e-02
2.1321765e+00	1.0218445e-02
2.1539855e+00	2.7495782e-01
2.1757944e+00	1.9368449e-01
2.1976034e+00	-2.4825966e-01
2.2194123e+00	-1.1310674e-01
2.2412212e+00	9.9175432e-02
2.2630302e+00	2.8442200e-01
2.2848391e+00	2.2671566e-02
2.3066480e+00	-1.7168210e-02
2.3284570e+00	7.9550745e-02
2.3502659e+00	-1.1224676e-01
2.3720749e+00	-6.6198034e-02
2.3938838e+00	1.9402920e-02
2.4156927e+00	1.7337915e-01
2.4375017e+00	1.8566615e-02
2.4593106e+00	-1.4565467e-01
2.4811196e+00	-2.1477100e-01
2.5029285e+00	3.6527343e-02
2.5247374e+00	2.0989608e-01
2.5465464e+00	4.5057940e-01
2.5683553e+00	1.8867373e-01
2.5901642e+00	1.9218414e-01
2.6119732e+00	5.7711499e-02
2.6337821e+00	-1.5841466e-01
2.6555911e+00	7.9596738e-02
2.6774000e+00	1.4421295e-03
2.6992089e+00	-1.2604162e-01
2.7210179e+00	-1.6924362e-01
2.7428268e+00	3.7933816e-01
2.7646358e+00	4.3279316e-01
2.7864447e+00	-3.5582195e-02
2.8082536e+00	-5.1569025e-02
2.8300626e+00	7.0367940e-02
2.8518715e+00	3.5019298e-02
2.8736804e+00	9.5720587e-02
2.8954894e+00	5.0834686e-02
2.9172983e+00	4.0818405e-01
2.9391073e+00	1.0818061e-02
2.9609162e+00	-1.5734908e-01
2.9827251e+00	7.1766991e-02
3.0045341e+00	-8.4586527e-02
3.0263430e+00	1.4206634e-01
3.0481519e+00	1.3031691e-02
3.0699609e+00	-3.5800514e-02
3.0917698e+00	-9.6437500e-03
3.1135788e+00	2.0078417e-01
3.1353877e+00	-4.5303475e-02
3.1571966e+00	-1.6606139e-01
3.1790056e+00	-8.8568122e-03
3.2008145e+00	-1.0129170e-01
3.2226235e+00	1.3561686e-01
3.2444324e+00	3.7939386e-01
3.2662413e+00	3.2624346e-01
3.2880503e+00	-8.9733851e-02
3.3098592e+00	4.5024912e-02
3.3316681e+00	4.2911548e-01
3.3534771e+00	3.9206862e-01
3.3752860e+00	4.0345333e-02
3.3970950e+00	1.0890231e-01
3.4189039e+00	1.0374260e-01
3.4407128e+00	9.7440472e-02
3.4625218e+00	-2.9710581e-01
3.4843307e+00	-1.4879338e-01
3.5061396e+00	-4.3245814e-02
3.5279486e+00	1.3509993e-01
3.5497575e+00	3.5455676e-01
3.5715665e+00	9.7063357e-02
3.5933754e+00	-7.7583204e-02
3.6151843e+00	-5.0507643e-02
3.6369933e+00	1.2227696e-01
3.6588022e+00	1.4327047e-01
3.6806112e+00	-9.8978443e-02
3.7024201e+00	-1.5112106e-01
3.7242290e+00	2.9682907e-03
3.7460380e+00	1.8990651e-01
3.7678469e+00	-5.1992261e-02
3.7896558e+00	-7.6161236e-02
3.8114648e+00	3.2334382e-01
3.8332737e+00	3.7919737e-01
3.8550827e+00	2.5197424e-02
3.8768916e+00	-1.3449180e-01
3.8987005e+00	1.1002754e-01
3.9205095e+00	9.0177189e-02
3.9423184e+00	-1.2517099e-01
3.9641273e+00	4.5091751e-02
3.9859363e+00	3.1303529e-01
4.0077452e+00	3.5381036e-01
4.0295542e+00	1.8314197e-01
4.0513631e+00	-8.9513316e-02
4.0731720e+00	-4.6479870e-02
4.0949810e+00	3.9598832e-01
4.1167899e+00	7.2271592e-01
4.1385989e+00	3.9145354e-01
4.1604078e+00	-1.1406723e-01
4.1822167e+00	-9.5124926e-02
4.2040257e+00	-8.5862056e-02
4.2258346e+00	1.7484533e-01
4.2476435e+00	2.3548984e-01
4.2694525e+00	1.7854372e-01
4.2912614e+00	1.6605226e-01
4.3130704e+00	-1.9857179e-01
4.3348793e+00	-3.4110049e-01
4.3566882e+00	-1.4133913e-02
4.3784972e+00	5.9942911e-02
4.4003061e+00	8.7923574e-02
4.4221151e+00	1.1329731e-01
4.4439240e+00	-2.5489106e-02
4.4657329e+00	4.4319995e-02
4.4875419e+00	-1.1795724e-02
4.5093508e+00	-2.0333370e-03
4.5311597e+00	1.9129584e-01
4.5529687e+00	1.4362217e-01
4.5747776e+00	-1.6860033e-01
4.5965866e+00	-3.1735133e-01
4.6183955e+00	9.5809432e-02
4.6402044e+00	2.2773857e-01
4.6620134e+00	7.7071563e-02
4.6838223e+00	-1.0961832e-01
4.7056312e+00	-1.3885989e-03
4.7274402e+00	-5.9610145e-02
4.7492491e+00	-1.2777960e-01
4.7710581e+00	5.5368052e-03
4.7928670e+00	9.3809637e-03
4.8146759e+00	8.2012538e-02
4.8364849e+00	5.9574108e-02
4.8582938e+00	1.7895672e-01
4.8801028e+00	3.6238610e-01
4.9019117e+00	6.4219457e-02
4.9237206e+00	-2.6991151e-02
4.9455296e+00	3.1026173e-03
4.9673385e+00	-2.2781084e-01
4.9891474e+00	-9.5472394e-02
5.0109564e+00	4.3589788e-02
5.0327653e+00	6.7317578e-02
5.0545743e+00	-6.3278193e-03
5.0763832e+00	-2.3707512e-02
5.0981921e+00	-7.3385956e-02
5.1200011e+00	1.4892902e-01
5.1418100e+00	4.5027270e-02
5.1636189e+00	1.8863367e-02
5.1854279e+00	1.3749583e-01
5.2072368e+00	-1.0627400e-01
5.2290458e+00	-2.3560913e-02
5.2508547e+00	-4.9906548e-02
5.2726636e+00	1.0681020e-01
5.2944726e+00	5.5499350e-02
5.3162815e+00	-3.5494498e-01
5.3380905e+00	-7.0336746e-02
5.3598994e+00	1.9080759e-01
5.3817083e+00	3.2069361e-01
5.4035173e+00	4.1429756e-01
5.4253262e+00	2.9694998e-01
5.4471351e+00	1.3886563e-01
5.4689441e+00	1.0382517e-01
5.4907530e+00	1.3709678e-01
5.5125620e+00	-1.8124304e-01
5.5343709e+00	-9.0864925e-02
5.5561798e+00	-1.3357712e-01
5.5779888e+00	-9.7547413e-02
5.5997977e+00	3.8098781e-02
5.6216066e+00	2.0721302e-02
5.6434156e+00	1.4197754e-01
5.6652245e+00	2.9750262e-03
5.6870335e+00	2.8618201e-02
5.7088424e+00	-5.4033506e-02
5.7306513e+00	-1.4085241e-01
5.7524603e+00	3.9597656e-02
5.7742692e+00	2.2337581e-01
5.7960782e+00	2.4548018e-01
5.8178871e+00	-1.0091127e-02
5.8396960e+00	-1.0130002e-01
5.8615050e+00	2.1640588e-02
5.8833139e+00	-6.9635863e-02
5.9051228e+00	-3.8545300e-02
5.9269318e+00	-7.2537976e-02
5.9487407e+00	1.2725002e-01
5.9705497e+00	9.2713018e-02
5.9923586e+00	2.5654929e-01
6.0141675e+00	5.1170871e-02
6.0359765e+00	1.3811799e-01
6.0577854e+00	-1.6341237e-02
6.0795944e+00	-4.3857365e-01
6.1014033e+00	-2.6309493e-01
6.1232122e+00	1.9298387e-02
6.1450212e+00	2.1031756e-01
6.1668301e+00	1.9824125e-01
6.1886390e+00	-1.0117463e-01
6.2104480e+00	6.9664330e-02
6.2322569e+00	1.8166872e-01
6.2540659e+00	1.3591681e-01
6.2758748e+00	1.1170437e-01
6.2976837e+00	-4.4130264e-03
6.3194927e+00	-1.9442272e-01
6.3413016e+00	-4.5861384e-03
6.3631105e+00	5.5461987e-02
6.3849195e+00	-1.0182840e-01
6.4067284e+00	-2.0146821e-01
6.4285374e+00	-1.2838138e-01
6.4503463e+00	-5.1889302e-02
6.4721552e+00	1.2031785e-01
6.4939642e+00	1.8306388e-01
6.5157731e+00	1.6627847e-01
6.5375821e+00	3.4844972e-04
6.5593910e+00	6.4016528e-02
6.5811999e+00	2.8911683e-01
6.6030089e+00	-2.4926634e-02
6.6248178e+00	-4.9303202e-02
6.6466267e+00	-8.4539969e-02
6.6684357e+00	1.2171976e-01
6.6902446e+00	3.4963726e-01
6.7120536e+00	-2.5345067e-02
6.7338625e+00	-1.8104425e-01
6.7556714e+00	-9.4734118e-02
6.7774804e+00	5.2522364e-03
6.7992893e+00	3.4543617e-01
6.8210982e+00	9.3773278e-02
6.8429072e+00	5.6539930e-02
6.8647161e+00	6.2375328e-02
6.8865251e+00	1.7954254e-01
6.9083340e+00	-9.2302066e-02
6.9301429e+00	-9.7949939e-02
6.9519519e+00	-1.8315519e-01
6.9737608e+00	-9.5760250e-02
6.9955698e+00	1.5136540e-02
7.0173787e+00	-1.3631491e-02
7.0391876e+00	1.0962260e-01
7.0609966e+00	9.9891656e-02
7.0828055e+00	1.4751154e-01
7.1046144e+00	2.8510773e-01
7.1264234e+00	1.7636817e-01
7.1482323e+00	-8.7062280e-02
7.1700413e+00	-1.4317523e-01
7.1918502e+00	-1.2290263e-01
7.2136591e+00	-3.3880651e-03
7.2354681e+00	-4.7448592e-02
7.2572770e+00	6.1174525e-02
7.2790859e+00	4.9373979e-02
7.3008949e+00	5.7960921e-02
7.3227038e+00	4.2022742e-01
7.3445128e+00	2.1010291e-01
7.3663217e+00	-1.6612048e-01
7.3881306e+00	-1.5917536e-01
7.4099396e+00	8.4438934e-02
7.4317485e+00	-5.2017185e-02
7.4535575e+00	1.7958717e-01
7.4753664e+00	-1.8248829e-02
7.4971753e+00	-1.3393006e-01
7.5189843e+00	9.9772355e-02
7.5407932e+00	4.7143844e-01
7.5626021e+00	-5.4666524e-02
7.5844111e+00	-1.2193963e-01
7.6062200e+00	1.8617559e-01
7.6280290e+00	2.3717087e-02
7.6498379e+00	-6.9484614e-02
7.6716468e+00	-4.3744221e-02
7.6934558e+00	1.2067318e-01
7.7152647e+00	-6.0580025e-02
7.7370737e+00	2.6226653e-01
7.7588826e+00	1.9031598e-01
7.7806915e+00	-1.6836508e-01
7.8025005e+00	3.2986969e-02
7.8243094e+00	-1.7564418e-01
7.8461183e+00	4.4758737e-02
7.8679273e+00	1.3166574e-01
7.8897362e+00	6.3769638e-02
7.9115452e+00	-6.1740268e-02
7.9333541e+00	-8.9132751e-02
7.9551630e+00	-5.9724154e-02
7.9769720e+00	1.3655788e-01
7.9987809e+00	2.3549921e-02
8.0205898e+00	9.3318865e-02
8.0423988e+00	2.7178690e-01
8.0642077e+00	5.5421128e-02
8.0860167e+00	-1.3912483e-01
8.1078256e+00	-2.4073690e-01
8.1296345e+00	-1.1323262e-01
8.1514435e+00	7.5502968e-02
8.1732524e+00	-6.4634983e-02
8.1950614e+00	-1.2485583e-01
8.2168703e+00	1.2515900e-01
8.2386792e+00	1.9327875e-01
8.2604882e+00	1.4057427e-01
8.2822971e+00	-5.4812754e-02
8.3041060e+00	1.1263514e-01
8.3259150e+00	5.9801865e-02
8.3477239e+00	-1.5646159e-01
8.3695329e+00	-4.1699982e-03
8.3913418e+00	8.3084146e-02
8.4131507e+00	3.4486316e-01
8.4349597e+00	2.8745178e-01
8.4567686e+00	4.4740265e-02
8.4785775e+00	3.7539978e-02
8.5003865e+00	-1.8063629e-01
8.5221954e+00	-1.9483473e-01
8.5440044e+00	-1.4041741e-01
8.5658133e+00	2.7740108e-01
8.5876222e+00	4.8339354e-01
8.6094312e+00	1.4939867e-01
8.6312401e+00	-6.0849881e-02
8.6530491e+00	7.6023802e-02
8.6748580e+00	4.2361387e-02
8.6966669e+00	-1.9340669e-01
8.7184759e+00	1.6999586e-01
8.7402848e+00	7.4213149e-02
8.7620937e+00	2.2352400e-02
8.7839027e+00	7.3625792e-02
8.8057116e+00	4.3665520e-02
8.8275206e+00	-3.5465368e-02
8.8493295e+00	8.4759007e-02
8.8711384e+00	-1.7478977e-02
8.8929474e+00	-2.5563859e-01
8.9147563e+00	-1.4367202e-01
8.9365652e+00	1.6340183e-01
8.9583742e+00	3.2084796e-01
8.9801831e+00	5.7025149e-02
9.0019921e+00	-2.0361898e-01
9.0238010e+00	1.8705188e-02
9.0456099e+00	1.1409951e-01
9.0674189e+00	1.1222094e-01
9.0892278e+00	1.2977820e-01
9.1110368e+00	3.9595810e-01
9.1328457e+00	1.6888731e-01
9.1546546e+00	-2.7521368e-01
9.1764636e+00	-2.5193689e-01
9.1982725e+00	-4.7969584e-02
9.2200814e+00	2.7656186e-01
9.2418904e+00	1.2406341e-01
9.2636993e+00	1.3120039e-01
9.2855083e+00	8.1150290e-02
9.3073172e+00	1.7346945e-02
9.3291261e+00	-3.3214092e-01
9.3509351e+00	-3.3080370e-02
9.3727440e+00	1.2280186e-01
9.3945530e+00	-1.8656932e-02
9.4163619e+00	1.0905297e-01
9.4381708e+00	7.9984629e-02
9.4599798e+00	1.0788888e-01
9.4817887e+00	-1.7917391e-02
9.5035976e+00	-1.9218413e-01
9.5254066e+00	2.3049411e-02
9.5472155e+00	3.5645062e-02
9.5690245e+00	2.2286855e-01
9.5908334e+00	-8.8119746e-02
9.6126423e+00	-7.3675286e-02
9.6344513e+00	-1.5369660e-01
9.6562602e+00	1.4947512e-01
9.6780691e+00	9.2148806e-02
9.6998781e+00	-1.4901885e-02
9.7216870e+00	2.1098028e-02
9.7434960e+00	-1.5956325e-01
9.7653049e+00	2.1212132e-02
9.7871138e+00	-6.1957300e-02
9.8089228e+00	9.2928841e-02
9.8307317e+00	3.1874861e-01
9.8525407e+00	3.7986009e-01
9.8743496e+00	-7.6699390e-02
9.8961585e+00	7.2899478e-02
9.9179675e+00	2.4215718e-01
9.9397764e+00	-8.2845440e-03
9.9615853e+00	4.2265533e-01
9.9833943e+00	-1.5940341e-02
1.0005203e+01	-1.3387088e-01
1.0027012e+01	4.3617322e-01
1.0048821e+01	1.8623065e-01
1.0070630e+01	-9.5302230e-02
1.0092439e+01	-1.1294372e-02
1.0114248e+01	-3.2933530e-03
1.0136057e+01	2.2595307e-02
1.0157866e+01	1.0630872e-01
1.0179675e+01	3.1793594e-01
1.0201484e+01	6.1578174e-02
1.0223293e+01	-1.4675069e-01
1.0245102e+01	1.4215518e-02
1.0266910e+01	-3.8378445e-02
1.0288719e+01	-1.5044563e-01
1.0310528e+01	4.7418538e-02
1.0332337e+01	1.2375743e+00
1.0354146e+01	2.0543743e+00
1.0375955e+01	2.3929989e+00
1.0397764e+01	2.6827407e+00
1.0419573e+01	2.9576642e+00
1.0441382e+01	3.4897900e+00
1.0463191e+01	4.4709124e+00
1.0485000e+01	5.6566262e+00
1.0506809e+01	6.9970187e+00
1.0528618e+01	8.3004945e+00
1.0550427e+01	8.9526281e+00
1.0572236e+01	9.5137691e+00
1.0594045e+01	9.6614919e+00
1.0615853e+01	9.9641800e+00
1.0637662e+01	1.0194164e+01
1.0659471e+01	9.2479925e+00
1.0681280e+01	7.9458459e+00
1.0703089e+01	6.0434637e+00
1.0724898e+01	4.1169795e+00
1.0746707e+01	2.7454967e+00
1.0768516e+01	2.0122969e+00
1.0790325e+01	1.2608337e+00
1.0812134e+01	1.1947524e+00
1.0833943e+01	1.1171297e+00
1.0855752e+01	7.2963610e-01
1.0877561e+01	4.1922505e-01
1.0899370e+01	-8.2944929e-02
1.0921179e+01	9.2953063e-02
1.0942988e+01	6.1074333e-02
1.0964796e+01	7.8165477e-02
1.0986605e+01	-1.6611187e-02
1.1008414e+01	4.5086482e-01
1.1030223e+01	4.8547015e-01
1.1052032e+01	5.9238745e-01
1.1073841e+01	1.0707473e+00
1.1095650e+01	1.4611470e+00
1.1117459e+01	1.3907242e+00
1.1139268e+01	1.2702092e+00
1.1161077e+01	1.5535295e+00
1.1182886e+01	2.0672105e+00
1.1204695e+01	2.9339717e+00
1.1226504e+01	3.0553355e+00
1.1248313e+01	2.8311753e+00
1.1270122e+01	1.8006226e+00
1.1291931e+01	8.1393981e-01
1.1313740e+01	5.6413408e-02
1.1335548e+01	-1.6401619e-01
1.1357357e+01	2.2750046e-01
1.1379166e+01	3.4451909e-02
1.1400975e+01	-1.7115043e-02
1.1422784e+01	2.0060506e-02
1.1444593e+01	-2.7508658e-01
1.1466402e+01	-1.0601337e-01
1.1488211e+01	1.1322365e-01
1.1510020e+01	1.8872645e-01
1.1531829e+01	-9.3740977e-02
1.1553638e+01	6.5346747e-02
1.1575447e+01	1.2525733e-01
1.1597256e+01	3.4768012e-01
1.1619065e+01	3.4413227e-01
1.1640874e+01	2.9097768e-01
1.1662683e+01	8.8743620e-03
1.1684491e+01	-2.9348729e-01
1.1706300e+01	-1.5391710e-01
1.1728109e+01	-4.4840274e-03
1.1749918e+01	2.1664946e-01
1.1771727e+01	8.4447157e-02
1.1793536e+01	2.8090097e-01
1.1815345e+01	3.7300276e-01
1.1837154e+01	3.3881106e-01
1.1858963e+01	8.4499285e-02
1.1880772e+01	5.3414001e-02
1.1902581e+01	-1.8817486e-01
1.1924390e+01	-3.2938122e-02
1.1946199e+01	3.6086181e-01
1.1968008e+01	5.2467280e-01
1.1989817e+01	4.3147815e-02
1.2011626e+01	7.5493528e-02
1.2033434e+01	3.7796506e-02
1.2055243e+01	-1.9907988e-01
1.2077052e+01	-9.6544716e-02
1.2098861e+01	-9.8222143e-02
1.2120670e+01	2.9081751e-01
1.2142479e+01	1.1935966e-01
1.2164288e+01	-9.8590977e-02
1.2186097e+01	2.3002279e-01
1.2207906e+01	3.6570116e-01
1.2229715e+01	7.4038227e-02
1.2251524e+01	1.2290944e-01
1.2273333e+01	2.7107579e-01
1.2295142e+01	1.0212573e-01
1.2316951e+01	-1.5888810e-01
1.2338760e+01	-8.7132304e-02
1.2360569e+01	-1.0160633e-01
1.2382377e+01	6.9064386e-02
1.2404186e+01	-6.1071028e-02
1.2425995e+01	-1.4807340e-01
1.2447804e+01	3.7339551e-02
1.2469613e+01	2.2140578e-01
1.2491422e+01	2.4955382e-01
1.2513231e+01	1.9311577e-01
1.2535040e+01	-6.6742410e-02
1.2556849e+01	-2.2177939e-01
1.2578658e+01	-9.2527604e-02
1.2600467e+01	2.7092110e-01
1.2622276e+01	3.1102079e-01
1.2644085e+01	1.0830735e-01
1.2665894e+01	9.3168967e-02
1.2687703e+01	-1.7435572e-01
1.2709512e+01	-2.6867664e-01
1.2731320e+01	4.1188099e-02
1.2753129e+01	2.5695823e-01
1.2774938e+01	1.1940005e-01
1.2796747e+01	1.2981791e-02
1.2818556e+01	1.6165931e-01
1.2840365e+01	5.8167100e-03
1.2862174e+01	-1.9140118e-01
1.2883983e+01	-9.3948067e-02
1.2905792e+01	-3.1512669e-02
1.2927601e+01	1.9348154e-01
1.2949410e+01	-2.4081793e-03
1.2971219e+01	7.2472361e-02
1.2993028e+01	2.7647049e-01
1.3014837e+01	5.0811417e-01
1.3036646e+01	8.2916076e-01
1.3058455e+01	1.2178228e+00
1.3080264e+01	1.7064749e+00
1.3102072e+01	1.8484716e+00
1.3123881e+01	1.0973894e+00
1.3145690e+01	1.0396049e+00
1.3167499e+01	1.4994907e+00
1.3189308e+01	1.3687263e+00
1.3211117e+01	1.4625092e+00
1.3232926e+01	1.6425430e+00
1.3254735e+01	1.4799653e+00
1.3276544e+01	9.5535560e-01
1.3298353e+01	6.5961649e-01
1.3320162e+01	-3.6518503e-02
1.3341971e+01	-4.7313401e-01
1.3363780e+01	1.5566294e-01
1.3385589e+01	3.8675243e-01
1.3407398e+01	1.9834804e-01
1.3429207e+01	4.8796050e-01
1.3451015e+01	6.0246196e-01
1.3472824e+01	4.1217957e-01
1.3494633e+01	1.5510961e-01
1.3516442e+01	4.8421961e-01
1.3538251e+01	6.4732488e-01
1.3560060e+01	1.2713210e-01
1.3581869e+01	-6.7920304e-02
1.3603678e+01	-1.6642978e-01
1.3625487e+01	-4.4175278e-02
1.3647296e+01	9.5106807e-02
1.3669105e+01	1.0136593e-01
1.3690914e+01	1.9784064e-02
1.3712723e+01	2.8953984e-02
1.3734532e+01	-3.8605282e-02
1.3756341e+01	1.1767422e-02
1.3778150e+01	2.7326415e-02
1.3799958e+01	-1.1793840e-01
1.3821767e+01	-1.2195908e-01
1.3843576e+01	-1.0718598e-02
1.3865385e+01	1.1169412e-01
1.3887194e+01	4.5519049e-02
1.3909003e+01	-2.8030438e-02
1.3930812e+01	-1.6362206e-02
1.3952621e+01	-7.3093432e-02
1.3974430e+01	5.2490579e-02
1.3996239e+01	1.1188347e-01
1.4018048e+01	-5.4079549e-02
1.4039857e+01	-8.1577386e-02
1.4061666e+01	4.0903087e-02
1.4083475e+01	5.9671800e-02
1.4105284e+01	-9.4462369e-02
1.4127093e+01	6.3193951e-02
1.4148901e+01	-8.2248909e-04
1.4170710e+01	9.6902727e-02
1.4192519e+01	1.3052389e-02
1.4214328e+01	-1.5404856e-01
1.4236137e+01	4.3433694e-02
1.4257946e+01	-1.6832195e-02
1.4279755e+01	-3.3285099e-02
1.4301564e+01	1.0677664e-01
1.4323373e+01	7.1137519e-02
1.4345182e+01	-6.4286805e-02
1.4366991e+01	4.5879420e-02
1.4388800e+01	9.9802269e-02
1.4410609e+01	-5.3342286e-02
1.4432418e+01	-1.3179928e-02
1.4454227e+01	-1.4725289e-01
1.4476036e+01	-5.6605404e-03
1.4497844e+01	1.9945905e-01
1.4519653e+01	5.4915237e-02
1.4541462e+01	-5.5492448e-02
1.4563271e+01	-5.6498430e-02
1.4585080e+01	6.1459004e-02
1.4606889e+01	-1.4485276e-01
1.4628698e+01	-3.2950016e-01
1.4650507e+01	-2.9149352e-02
1.4672316e+01	3.7042863e-02
1.4694125e+01	4.4493647e-02
1.4715934e+01	2.0565561e-01
1.4737743e+01	1.3756389e-01
1.4759552e+01	-1.0617761e-01
1.4781361e+01	9.4293205e-02
1.4803170e+01	1.0391738e-01
1.4824979e+01	3.6231466e-01
1.4846787e+01	8.1246953e-01
1.4868596e+01	1.2277527e+00
1.4890405e+01	1.7467109e+00
1.4912214e+01	1.7824529e+00
1.4934023e+01	1.4576913e+00
1.4955832e+01	1.2487079e+00
1.4977641e+01	1.1129364e+00
1.4999450e+01	8.7156348e-01
1.5021259e+01	1.0190939e+00
1.5043068e+01	1.0125674e+00
1.5064877e+01	6.0746461e-01
1.5086686e+01	1.7932732e-01
1.5108495e+01	-8.7181525e-02
1.5130304e+01	-1.5487191e-01
1.5152113e+01	-2.1471652e-03
1.5173922e+01	-1.1297434e-01
1.5195731e+01	-2.1532001e-01
1.5217539e+01	2.0004180e-01
1.5239348e+01	2.4531354e-02
1.5261157e+01	2.5567731e-02
1.5282966e+01	5.0501727e-02
1.5304775e+01	6.1850555e-04
1.5326584e+01	1.9389708e-01
1.5348393e+01	4.6418189e-01
1.5370202e+01	4.4863912e-01
1.5392011e+01	3.8734062e-01
1.5413820e+01	2.2721281e-01
1.5435629e+01	1.3706471e-01
1.5457438e+01	-3.5238560e-02
1.5479247e+01	-1.6519406e-01
1.5501056e+01	-8.9641907e-02
1.5522865e+01	-1.4563843e-02
1.5544674e+01	-1.6815935e-02
1.5566482e+01	4.4164471e-01
1.5588291e+01	5.6924099e-01
1.5610100e+01	6.8970809e-01
1.5631909e+01	1.0281402e+00
1.5653718e+01	1.0222373e+00
1.5675527e+01	1.1336806e+00
1.5697336e+01	1.0633051e+00
1.5719145e+01	5.6750596e-01
1.5740954e+01	2.9105919e-01
1.5762763e+01	1.3940281e-01
1.5784572e+01	-4.8724428e-02
1.5806381e+01	-8.5419885e-03
1.5828190e+01	-6.9385847e-02
1.5849999e+01	-1.2730459e-01
1.5871808e+01	-8.2307466e-02
1.5893617e+01	2.1829562e-02
1.5915425e+01	9.9356790e-03
1.5937234e+01	1.7604944e-01
1.5959043e+01	3.7940287e-01
1.5980852e+01	-3.8584806e-03
1.6002661e+01	-4.9306677e-02
1.6024470e+01	9.0058647e-02
1.6046279e+01	9.5577678e-03
1.6068088e+01	-1.0228447e-01
1.6089897e+01	2.9636826e-02
1.6111706e+01	1.9607050e-03
1.6133515e+01	1.4515730e-02
1.6155324e+01	9.5812093e-03
1.6177133e+01	-7.7082306e-02
1.6198942e+01	-7.4935002e-02
1.6220751e+01	9.3652868e-02
1.6242560e+01	2.7653440e-01
1.6264368e+01	2.2427021e-01
1.6286177e+01	4.5590959e-02
1.6307986e+01	-1.7016551e-01
1.6329795e+01	9.0940537e-03
1.6351604e+01	-7.1804018e-02
1.6373413e+01	-1.5028792e-01
1.6395222e+01	4.8909100e-02
1.6417031e+01	1.2508528e-01
1.6438840e+01	-1.9219510e-03
1.6460649e+01	1.1696543e-01
1.6482458e+01	-7.9145952e-03
1.6504267e+01	5.5198972e-03
1.6526076e+01	-8.8601688e-02
1.6547885e+01	-8.0439612e-02
1.6569694e+01	3.0639086e-01
1.6591503e+01	1.0161873e+00
1.6613311e+01	1.7652677e+00
1.6635120e+01	2.4262248e+00
1.6656929e+01	2.5325307e+00
1.6678738e+01	2.5497131e+00
1.6700547e+01	2.3532980e+00
1.6722356e+01	2.4529083e+00
1.6744165e+01	2.9464839e+00
1.6765974e+01	3.3331056e+00
1.6787783e+01	3.5755305e+00
1.6809592e+01	3.9099903e+00
1.6831401e+01	3.6945139e+00
1.6853210e+01	2.9135674e+00
1.6875019e+01	1.7014625e+00
1.6896828e+01	6.6839917e-01
1.6918637e+01	1.8816431e-01
1.6940446e+01	-1.0168346e-02
1.6962254e+01	4.2118648e-02
1.6984063e+01	5.1042290e-02
1.7005872e+01	-1.0837858e-01
1.7027681e+01	-1.1381403e-01
1.7049490e+01	5.7938234e-02
1.7071299e+01	1.3950021e-02
1.7093108e+01	6.2504284e-02
1.7114917e+01	-2.5040985e-02
1.7136726e+01	-1.0371468e-01
1.7158535e+01	8.1893369e-02
1.7180344e+01	-5.3443823e-02
1.7202153e+01	-1.0188999e-01
1.7223962e+01	2.9318978e-02
1.7245771e+01	-1.6181806e-02
1.7267580e+01	5.1465813e-02
1.7289389e+01	6.5615854e-02
1.7311198e+01	2.3826532e-02
1.7333006e+01	-6.2849035e-02
1.7354815e+01	1.0863389e-02
1.7376624e+01	-6.2801565e-02
1.7398433e+01	-4.9521633e-02
1.7420242e+01	-2.1565735e-02
1.7442051e+01	3.9277280e-02
1.7463860e+01	4.3670814e-02
1.7485669e+01	9.1177892e-02
1.7507478e+01	1.9997220e-01
1.7529287e+01	2.2834999e-02
1.7551096e+01	-5.7657374e-02
1.7572905e+01	-2.0500558e-01
1.7594714e+01	-1.4491297e-01
1.7616523e+01	6.0021597e-02
1.7638332e+01	2.4476953e-01
1.7660141e+01	3.2384134e-01
1.7681949e+01	7.1742721e-02
1.7703758e+01	8.6324935e-03
1.7725567e+01	-6.3454002e-02
1.7747376e+01	-1.2694161e-01
1.7769185e+01	-2.5396626e-02
1.7790994e+01	9.6954872e-02
1.7812803e+01	8.7851695e-02
1.7834612e+01	7.5028211e-02
1.7856421e+01	1.1223959e-01
1.7878230e+01	1.0102735e-02
1.7900039e+01	-1.3547989e-01
1.7921848e+01	-2.3553190e-01
1.7943657e+01	-2.4600878e-03
1.7965466e+01	4.4370790e-02
1.7987275e+01	4.2668751e-03
1.8009084e+01	3.8178954e-03
1.8030892e+01	1.7969593e-02
1.8052701e+01	1.4929266e-01
1.8074510e+01	1.6346431e-01
1.8096319e+01	-1.3202490e-01
1.8118128e+01	-3.6657540e-02
1.8139937e+01	3.3994479e-02
1.8161746e+01	2.3430847e-01
1.8183555e+01	7.0974993e-02
1.8205364e+01	-1.7961893e-01
1.8227173e+01	-2.0642493e-01
1.8248982e+01	-9.8544445e-02
1.8270791e+01	1.2253915e-02
1.8292600e+01	2.1746301e-01
1.8314409e+01	6.8175094e-02
1.8336218e+01	-5.1563541e-02
1.8358027e+01	-1.0568772e-01
1.8379835e+01	1.1884986e-01
1.8401644e+01	-7.8408271e-03
1.8423453e+01	-5.1588051e-02
1.8445262e+01	-2.0501002e-01
1.8467071e+01	1.8216301e-01
1.8488880e+01	5.9669044e-01
1.8510689e+01	7.5560977e-01
1.8532498e+01	7.0788456e-01
1.8554307e+01	3.0310433e-01
1.8576116e+01	1.2918354e-01
1.8597925e+01	4.5576277e-02
1.8619734e+01	5.4099189e-02
1.8641543e+01	2.2478376e-01
1.8663352e+01	2.7077025e-01
1.8685161e+01	1.2196337e-02
1.8706970e+01	1.1700871e-01
1.8728778e+01	-3.3976264e-03
1.8750587e+01	-1.4487226e-01
1.8772396e+01	-2.0013868e-01
1.8794205e+01	-4.4500453e-02
1.8816014e+01	-4.4152878e-02
1.8837823e+01	-1.7082359e-01
1.8859632e+01	-7.3584110e-02
1.8881441e+01	1.4917053e-02
1.8903250e+01	8.4357714e-02
1.8925059e+01	3.4098160e-01
1.8946868e+01	2.0949848e-01
1.8968677e+01	1.7526958e-02
1.8990486e+01	9.1216191e-02
1.9012295e+01	1.3891554e-02
1.9034104e+01	-1.0037118e-01
1.9055913e+01	-1.1415926e-01
1.9077721e+01	3.0714458e-02
1.9099530e+01	2.2064016e-01
1.9121339e+01	-2.7894146e-02
1.9143148e+01	-2.3938743e-02
1.9164957e+01	-9.1287711e-03
1.9186766e+01	-5.0427042e-02
1.9208575e+01	-6.5923437e-02
1.9230384e+01	-8.3762583e-02
1.9252193e+01	-1.0196220e-01
1.9274002e+01	-4.9054367e-02
1.9295811e+01	1.1853428e-01
1.9317620e+01	9.6338596e-02
1.9339429e+01	1.8599601e-01
1.9361238e+01	1.1580845e-01
1.9383047e+01	2.9439531e-01
1.9404856e+01	3.0221271e-01
1.9426665e+01	-5.7114463e-02
1.9448473e+01	-7.1818376e-02
1.9470282e+01	7.0089020e-02
1.9492091e+01	1.1364921e-01
1.9513900e+01	7.8517610e-02
1.9535709e+01	-1.5142965e-01
1.9557518e+01	-1.7425454e-01
1.9579327e+01	-1.1362851e-01
1.9601136e+01	-1.8480860e-01
1.9622945e+01	-3.4086472e-02
1.9644754e+01	1.0149442e-01
1.9666563e+01	2.8445168e-02
1.9688372e+01	7.5770755e-02
1.9710181e+01	1.1316115e-01
1.9731990e+01	3.9800423e-01
1.9753799e+01	1.5133169e-01
1.9775608e+01	-1.3105400e-01
1.9797416e+01	-8.2050842e-02
1.9819225e+01	-4.7950546e-02
1.9841034e+01	3.1474760e-02
1.9862843e+01	9.9402647e-02
1.9884652e+01	1.0751732e-01
1.9906461e+01	3.4718154e-01
1.9928270e+01	6.8786724e-01
1.9950079e+01	5.1069376e-01
1.9971888e+01	4.6040138e-01
1.9993697e+01	2.1826834e-01
2.0015506e+01	4.9637660e-02
2.0037315e+01	-2.2357687e-01
2.0059124e+01	-3.2468121e-01
2.0080933e+01	-1.8005179e-01
2.0102742e+01	1.9898673e-02
2.0124551e+01	1.0323713e-01
2.0146359e+01	-2.4833027e-02
2.0168168e+01	1.1891680e-01
2.0189977e+01	1.6310934e-01
2.0211786e+01	-2.2740786e-02
2.0233595e+01	1.3448052e-01
2.0255404e+01	7.5982977e-01
2.0277213e+01	1.4362252e+00
2.0299022e+01	2.0763422e+00
2.0320831e+01	2.4998079e+00
2.0342640e+01	2.6634267e+00
2.0364449e+01	2.6870987e+00
2.0386258e+01	2.4020503e+00
2.0408067e+01	2.3088987e+00
2.0429876e+01	1.9691363e+00
2.0451685e+01	2.1200612e+00
2.0473494e+01	2.0884878e+00
2.0495302e+01	2.3111692e+00
2.0517111e+01	2.5925788e+00
2.0538920e+01	2.6290889e+00
2.0560729e+01	2.3248937e+00
2.0582538e+01	1.9185755e+00
2.0604347e+01	1.1702385e+00
2.0626156e+01	1.0033681e+00
2.0647965e+01	6.0991039e-01
2.0669774e+01	1.8344377e-01
2.0691583e+01	-5.4846220e-02
2.0713392e+01	3.7916324e-02
2.0735201e+01	-2.7130084e-02
2.0757010e+01	-4.1815342e-02
2.0778819e+01	-8.9204669e-02
2.0800628e+01	-1.5953112e-01
2.0822437e+01	-2.7941566e-01
2.0844245e+01	1.9004636e-01
2.0866054e+01	1.3528441e-01
2.0887863e+01	1.3517009e-02
2.0909672e+01	7.2981029e-02
2.0931481e+01	-4.4541242e-02
2.0953290e+01	9.4140964e-02
2.0975099e+01	3.9316350e-01
2.0996908e+01	8.7140561e-01
2.1018717e+01	1.6059967e+00
2.1040526e+01	2.2498360e+00
2.1062335e+01	2.6467801e+00
2.1084144e+01	3.0390512e+00
2.1105953e+01	3.3058097e+00
2.1127762e+01	3.5160830e+00
2.1149571e+01	3.5542944e+00
2.1171380e+01	4.2019804e+00
2.1193188e+01	5.1459552e+00
2.1214997e+01	6.2511983e+00
2.1236806e+01	7.2911069e+00
2.1258615e+01	7.7408256e+00
2.1280424e+01	7.8767516e+00
2.1302233e+01	7.5254933e+00
2.1324042e+01	7.2015401e+00
2.1345851e+01	6.7274393e+00
2.1367660e+01	6.1740483e+00
2.1389469e+01	5.4156726e+00
2.1411278e+01	4.3909113e+00
2.1433087e+01	3.8967430e+00
2.1454896e+01	3.5024979e+00
2.1476705e+01	3.4326415e+00
2.1498514e+01	3.6864790e+00
2.1520323e+01	4.5622650e+00
2.1542132e+01	5.4941197e+00
2.1563940e+01	6.0192065e+00
2.1585749e+01	5.9091328e+00
2.1607558e+01	5.3146419e+00
2.1629367e+01	4.4462102e+00
2.1651176e+01	3.3756491e+00
2.1672985e+01	2.2548399e+00
2.1694794e+01	1.2348740e+00
2.1716603e+01	6.4483282e-01
2.1738412e+01	1.0608465e-01
2.1760221e+01	-1.9901402e-02
2.1782030e+01	1.8905678e-01
2.1803839e+01	9.0612401e-04
2.1825648e+01	-1.7658386e-01
2.1847457e+01	-4.8536826e-02
2.1869266e+01	-5.8273358e-02
2.1891075e+01	-8.3079808e-02
2.1912883e+01	-4.4672677e-02
2.1934692e+01	1.4163343e-01
2.1956501e+01	-3.6513688e-02
2.1978310e+01	3.0728175e-03
2.2000119e+01	1.3584322e-01
2.2021928e+01	-2.6358475e-02
2.2043737e+01	-4.4045163e-04
2.2065546e+01	2.2250563e-03
2.2087355e+01	-6.5831523e-02
2.2109164e+01	-3.0126808e-02
2.2130973e+01	-2.4884586e-02
2.2152782e+01	1.4644915e-02
2.2174591e+01	1.2696231e-01
2.2196400e+01	1.4736166e-02
2.2218209e+01	1.0978569e-02
2.2240018e+01	9.3170523e-02
2.2261826e+01	-1.5736416e-01
2.2283635e+01	-1.7279615e-01
2.2305444e+01	1.1791526e-01
2.2327253e+01	5.0970570e-02
2.2349062e+01	1.1972236e-01
2.2370871e+01	-1.1399340e-02
2.2392680e+01	7.1950942e-02
2.2414489e+01	-1.4330078e-01
2.2436298e+01	-1.1807365e-01
2.2458107e+01	-6.3029212e-04
2.2479916e+01	-2.1115751e-02
2.2501725e+01	1.0073989e-01
2.2523534e+01	5.5134824e-02
2.2545343e+01	2.4352021e-02
2.2567152e+01	4.2233316e-04
2.2588961e+01	5.7332293e-02
2.2610769e+01	-2.6956223e-03
2.2632578e+01	-1.5450700e-01
2.2654387e+01	-1.3674369e-01
2.2676196e+01	6.7576568e-02
2.2698005e+01	7.5081994e-02
2.2719814e+01	-4.2175900e-02
2.2741623e+01	3.9492411e-02
2.2763432e+01	1.0123664e-01
2.2785241e+01	-2.8353967e-02
2.2807050e+01	-1.0463248e-01
2.2828859e+01	7.7664525e-02
2.2850668e+01	7.7605906e-02
2.2872477e+01	-5.1234284e-02
2.2894286e+01	1.5081078e-02
2.2916095e+01	4.6311281e-02
2.2937904e+01	5.9234076e-02
2.2959712e+01	-6.5829118e-02
2.2981521e+01	-1.9581094e-02
2.3003330e+01	2.1469103e-02
2.3025139e+01	2.7974554e-02
2.3046948e+01	-1.3886333e-01
2.3068757e+01	-2.1751156e-01
2.3090566e+01	1.2542471e-02
2.3112375e+01	1.6846374e-01
2.3134184e+01	1.9670504e-01
2.3155993e+01	-2.9119877e-02
2.3177802e+01	2.5114438e-02
2.3199611e+01	9.1233441e-02
2.3221420e+01	4.9979829e-03
2.3243229e+01	-7.0085235e-02
2.3265038e+01	-1.4539482e-01
2.3286847e+01	-5.8687275e-03
2.3308655e+01	-3.2415551e-02
2.3330464e+01	-3.9104518e-02
2.3352273e+01	-7.5076014e-02
2.3374082e+01	1.6380438e-01
2.3395891e+01	2.4903912e-01
2.3417700e+01	9.8304969e-02
2.3439509e+01	-6.0710413e-02
2.3461318e+01	-1.8835825e-01
2.3483127e+01	-6.2756746e-03
2.3504936e+01	1.2840774e-01
2.3526745e+01	3.8561033e-01
2.3548554e+01	9.5833696e-01
2.3570363e+01	1.3118868e+00
2.3592172e+01	1.9188139e+00
2.3613981e+01	2.4479334e+00
2.3635790e+01	3.2053585e+00
2.3657599e+01	4.0405504e+00
2.3679407e+01	4.7989631e+00
2.3701216e+01	5.4502428e+00
2.3723025e+01	5.9855657e+00
2.3744834e+01	6.3317888e+00
2.3766643e+01	7.0791174e+00
2.3788452e+01	8.4677935e+00
2.3810261e+01	9.4025484e+00
2.3832070e+01	9.9202080e+00
2.3853879e+01	9.9663227e+00
2.3875688e+01	9.5431104e+00
2.3897497e+01	8.4987544e+00
2.3919306e+01	7.0868248e+00
2.3941115e+01	5.5696578e+00
2.3962924e+01	3.9998804e+00
2.3984733e+01	2.4425638e+00
2.4006542e+01	1.3303972e+00
2.4028350e+01	7.4913866e-01
2.4050159e+01	1.8969636e-01
2.4071968e+01	7.4147408e-02
2.4093777e+01	-4.7641383e-02
2.4115586e+01	-3.7411141e-02
2.4137395e+01	-3.0677603e-02
2.4159204e+01	6.0063850e-02
2.4181013e+01	-1.1947025e-01
2.4202822e+01	2.1396318e-02
2.4224631e+01	-1.2716211e-01
2.4246440e+01	-1.0465444e-01
2.4268249e+01	-3.5079067e-02
2.4290058e+01	-1.6454717e-01
2.4311867e+01	8.5375661e-02
2.4333676e+01	1.0075167e-01
2.4355485e+01	-1.9541039e-02
2.4377293e+01	-2.5600943e-02
2.4399102e+01	8.7835287e-02
2.4420911e+01	4.1376918e-03
2.4442720e+01	1.3064763e-01
2.4464529e+01	-3.6052260e-03
2.4486338e+01	8.1079271e-02
2.4508147e+01	5.7882785e-03
2.4529956e+01	-3.5993891e-02
2.4551765e+01	1.7912848e-01
2.4573574e+01	1.1394122e-01
2.4595383e+01	4.0116093e-01
2.4617192e+01	6.0686151e-01
2.4639001e+01	8.9045812e-01
2.4660810e+01	3.9080145e-02
2.4682619e+01	-2.0603904e-01
2.4704428e+01	-9.8747910e-02
2.4726236e+01	-2.0395024e-02
2.4748045e+01	-3.3304668e-02
2.4769854e+01	-8.5476893e-02
2.4791663e+01	5.4779729e-02
2.4813472e+01	-6.5165563e-02
2.4835281e+01	-2.9122027e-02
2.4857090e+01	1.2298707e-02
2.4878899e+01	1.1728508e-01
2.4900708e+01	-1.3233552e-02
2.4922517e+01	7.6304737e-04
2.4944326e+01	1.4995876e-01
2.4966135e+01	-5.6507920e-02
2.4987944e+01	-5.6447319e-02
2.5009753e+01	-7.5147767e-02
2.5031562e+01	-1.2186563e-01
2.5053371e+01	1.1930116e-01
2.5075179e+01	8.6912659e-02
2.5096988e+01	9.7277075e-02
2.5118797e+01	-1.5469202e-01
2.5140606e+01	-1.6804242e-01
2.5162415e+01	1.1205635e-01
2.5184224e+01	3.2625011e-01
2.5206033e+01	3.1466945e-01
2.5227842e+01	2.0471862e-01
2.5249651e+01	-9.1883685e-03
2.5271460e+01	8.6625659e-03
2.5293269e+01	1.5399944e-01
2.5315078e+01	7.4837067e-02
2.5336887e+01	4.1657981e-02
2.5358696e+01	-2.9686041e-01
2.5380505e+01	-1.9656066e-01
2.5402314e+01	1.3031302e-01
2.5424123e+01	9.7777391e-02
2.5445931e+01	1.3340300e-02
2.5467740e+01	4.8860868e-02
2.5489549e+01	-5.3770478e-02
2.5511358e+01	-6.7335524e-02
2.5533167e+01	-4.9539336e-02
2.5554976e+01	-4.8457000e-02
2.5576785e+01	8.1922060e-02
2.5598594e+01	7.7639001e-02
2.5620403e+01	1.1401232e-01
2.5642212e+01	-1.1191548e-01
2.5664021e+01	-1.4128962e-01
2.5685830e+01	-4.1334075e-02
2.5707639e+01	3.5005704e-02
2.5729448e+01	3.6844377e-02
2.5751257e+01	-2.9545599e-02
2.5773066e+01	-2.7026758e-02
2.5794874e+01	5.9312546e-02
2.5816683e+01	1.8764620e-01
2.5838492e+01	3.3440317e-02
2.5860301e+01	-7.0950912e-02
2.5882110e+01	-6.4708720e-02
2.5903919e+01	-3.8553827e-02
2.5925728e+01	-8.6745549e-02
2.5947537e+01	-9.1969757e-02
2.5969346e+01	7.5591795e-02
2.5991155e+01	2.9355464e-01
2.6012964e+01	4.0090849e-01
2.6034773e+01	5.1778500e-01
2.6056582e+01	4.5857689e-01
2.6078391e+01	2.6174318e-01
2.6100200e+01	1.3648728e-01
2.6122009e+01	3.5206116e-02
2.6143817e+01	6.1096415e-02
2.6165626e+01	2.3054601e-01
2.6187435e+01	1.2500518e-02
2.6209244e+01	1.3884493e-02
2.6231053e+01	-8.8184312e-02
2.6252862e+01	-8.9137931e-02
2.6274671e+01	-1.7344832e-01
2.6296480e+01	-1.3306655e-01
2.6318289e+01	-1.1214618e-01
2.6340098e+01	-3.0155367e-02
2.6361907e+01	3.0340065e-01
2.6383716e+01	6.7731615e-01
2.6405525e+01	7.7226292e-01
2.6427334e+01	7.0714061e-01
2.6449143e+01	4.9391888e-01
2.6470952e+01	3.4349531e-01
2.6492760e+01	1.2380772e-01
2.6514569e+01	-1.2235069e-01
2.6536378e+01	1.1443551e-01
2.6558187e+01	4.8528859e-02
2.6579996e+01	1.8619207e-01
2.6601805e+01	7.4310254e-01
2.6623614e+01	9.1818409e-01
2.6645423e+01	1.1462895e+00
2.6667232e+01	1.0951656e+00
2.6689041e+01	1.0431611e+00
2.6710850e+01	5.9556094e-01
2.6732659e+01	4.5275180e-01
2.6754468e+01	1.9455648e-01
2.6776277e+01	-1.0520836e-01
2.6798086e+01	-9.7333651e-02
2.6819895e+01	-9.3417677e-02
2.6841703e+01	4.9298392e-02
2.6863512e+01	5.9162494e-01
2.6885321e+01	7.3307776e-01
2.6907130e+01	1.0576095e+00
2.6928939e+01	1.0582278e+00
2.6950748e+01	8.8742024e-01
2.6972557e+01	1.0418625e+00
2.6994366e+01	9.9913721e-01
2.7016175e+01	6.2055397e-01
2.7037984e+01	5.2998742e-01
2.7059793e+01	4.6778864e-01
2.7081602e+01	1.5018823e-01
2.7103411e+01	1.3861027e-02
2.7125220e+01	-1.8403445e-02
2.7147029e+01	-1.3681666e-01
2.7168838e+01	3.9881771e-02
2.7190646e+01	-6.6186342e-02
2.7212455e+01	-1.7849544e-02
2.7234264e+01	3.0395286e-02
2.7256073e+01	1.4793698e-02
2.7277882e+01	-4.8576375e-02
2.7299691e+01	1.9592008e-02
2.7321500e+01	1.6076735e-01
2.7343309e+01	1.1127678e-01
2.7365118e+01	-1.2470730e-01
2.7386927e+01	-1.0376892e-01
2.7408736e+01	-1.5360442e-01
2.7430545e+01	-2.5004447e-01
2.7452354e+01	1.0170728e-01
2.7474163e+01	1.1909999e-02
2.7495972e+01	-8.2941717e-02
2.7517781e+01	1.6703557e-01
2.7539590e+01	1.5890459e-01
2.7561398e+01	1.6880484e-01
2.7583207e+01	1.3362445e-01
2.7605016e+01	-1.2725158e-01
2.7626825e+01	-2.1332228e-02
2.7648634e+01	2.9210003e-01
2.7670443e+01	6.6791321e-01
2.7692252e+01	8.9078346e-01
2.7714061e+01	1.2229998e+00
2.7735870e+01	1.6176431e+00
2.7757679e+01	1.9564835e+00
2.7779488e+01	1.8574599e+00
2.7801297e+01	1.8209403e+00
2.7823106e+01	1.7241087e+00
2.7844915e+01	1.4780431e+00
2.7866724e+01	8.7138352e-01
2.7888533e+01	7.3849987e-01
2.7910341e+01	5.5048418e-01
2.7932150e+01	6.5306417e-02
2.7953959e+01	-7.0667226e-03
2.7975768e+01	9.5910428e-02
2.7997577e+01	-5.8378210e-02
2.8019386e+01	5.9769000e-02
2.8041195e+01	-9.5698963e-02
2.8063004e+01	-1.9939780e-01
2.8084813e+01	-1.8968962e-01
2.8106622e+01	2.5967060e-02
2.8128431e+01	-7.5463815e-03
2.8150240e+01	-1.3719142e-01
2.8172049e+01	9.1347692e-02
2.8193858e+01	2.5643596e-02
2.8215667e+01	1.5655189e-02
2.8237476e+01	2.5194721e-01
2.8259284e+01	3.9048580e-01
2.8281093e+01	3.8897311e-01
2.8302902e+01	1.8225473e-01
2.8324711e+01	9.3944729e-02
2.8346520e+01	-2.9469268e-02
2.8368329e+01	-9.2561171e-02
2.8390138e+01	2.1135750e-02
2.8411947e+01	2.9023225e-02
2.8433756e+01	4.1538238e-01
2.8455565e+01	5.5330218e-01
2.8477374e+01	8.8529592e-01
2.8499183e+01	1.4971409e+00
2.8520992e+01	1.8917164e+00
2.8542801e+01	2.2023516e+00
2.8564610e+01	2.2810839e+00
2.8586419e+01	2.1200856e+00
2.8608227e+01	1.7770368e+00
2.8630036e+01	1.4892050e+00
2.8651845e+01	9.8484231e-01
2.8673654e+01	7.1663109e-01
2.8695463e+01	1.4202860e-01
2.8717272e+01	1.7847707e-01
2.8739081e+01	6.1826487e-02
2.8760890e+01	-2.3035059e-01
2.8782699e+01	-1.5373738e-01
2.8804508e+01	-3.7838779e-02
2.8826317e+01	-1.1492523e-01
2.8848126e+01	-7.6604539e-02
2.8869935e+01	4.1273054e-02
2.8891744e+01	1.2241633e-01
2.8913553e+01	9.3198810e-02
2.8935362e+01	3.8278000e-02
2.8957170e+01	-3.2539365e-03
2.8978979e+01	-7.1845209e-02
2.9000788e+01	-6.5442714e-02
2.9022597e+01	4.3979984e-02
2.9044406e+01	-1.6052811e-02
2.9066215e+01	7.9667675e-02
2.9088024e+01	2.2863785e-02
2.9109833e+01	-1.4085798e-01
2.9131642e+01	-7.1757066e-02
2.9153451e+01	1.9958197e-02
2.9175260e+01	1.4124387e-01
2.9197069e+01	1.1561250e-01
2.9218878e+01	5.4181098e-02
2.9240687e+01	1.3200505e-01
2.9262496e+01	-1.2449511e-01
2.9284305e+01	-1.5088097e-01
2.9306113e+01	-5.6219487e-02
2.9327922e+01	-1.7381379e-02
2.9349731e+01	-2.0615986e-02
2.9371540e+01	7.8891793e-03
2.9393349e+01	-6.3873792e-02
2.9415158e+01	4.2108717e-02
2.9436967e+01	2.1218389e-01
2.9458776e+01	2.0717006e-01
2.9480585e+01	4.7176194e-02
2.9502394e+01	-8.3138301e-02
2.9524203e+01	-2.7228045e-03
2.9546012e+01	-1.0671885e-01
2.9567821e+01	3.0129651e-02
2.9589630e+01	-6.5023195e-02
2.9611439e+01	-1.6710108e-02
2.9633248e+01	-4.7252924e-02
2.9655057e+01	-1.4546401e-01
2.9676865e+01	1.3277070e-01
2.9698674e+01	5.2843946e-02
2.9720483e+01	-6.9067953e-02
2.9742292e+01	-1.1926771e-01
2.9764101e+01	-8.0215286e-02
2.9785910e+01	1.1553690e-02
2.9807719e+01	2.0772800e-01
2.9829528e+01	9.6565110e-02
2.9851337e+01	8.8962206e-02
2.9873146e+01	1.1725602e-01
2.9894955e+01	-1.2996779e-01
2.9916764e+01	5.6431115e-02
2.9938573e+01	5.8376416e-01
2.9960382e+01	6.7430220e-01
2.9982191e+01	1.3756727e+00
3.0004000e+01	1.7433339e+00
3.0025808e+01	2.1378313e+00
3.0047617e+01	2.7571501e+00
3.0069426e+01	3.1352697e+00
3.0091235e+01	3.0104514e+00
3.0113044e+01	2.9495694e+00
3.0134853e+01	2.7456133e+00
3.0156662e+01	2.6629202e+00
3.0178471e+01	2.2176655e+00
3.0200280e+01	1.6409886e+00
3.0222089e+01	1.0294437e+00
3.0243898e+01	7.2951528e-01
3.0265707e+01	4.1325054e-01
3.0287516e+01	1.3556083e-01
3.0309325e+01	-7.9187655e-02
3.0331134e+01	-1.3890220e-01
3.0352943e+01	-2.7899976e-02
3.0374751e+01	-8.7992207e-03
3.0396560e+01	-3.2454844e-02
3.0418369e+01	-1.0637972e-03
3.0440178e+01	7.6833118e-02
3.0461987e+01	5.3526506e-02
3.0483796e+01	4.9568796e-02
3.0505605e+01	-5.2940031e-03
3.0527414e+01	5.2943628e-02
3.0549223e+01	-1.1652756e-01
3.0571032e+01	-1.3539811e-01
3.0592841e+01	-2.1452757e-01
3.0614650e+01	-7.2995378e-02
3.0636459e+01	3.4519922e-02
3.0658268e+01	4.7348455e-02
3.0680077e+01	1.3536121e-01
3.0701886e+01	1.9066772e-01
3.0723694e+01	1.1870864e-02
3.0745503e+01	-4.4682772e-02
3.0767312e+01	7.6047535e-02
3.0789121e+01	9.9037270e-02
3.0810930e+01	2.0809193e-01
3.0832739e+01	4.2892718e-02
3.0854548e+01	2.8054231e-02
3.0876357e+01	-7.4552618e-02
3.0898166e+01	-9.1335976e-02
3.0919975e+01	-9.6606395e-02
3.0941784e+01	1.0764173e-01
3.0963593e+01	1.6124887e-01
3.0985402e+01	-5.4523023e-02
3.1007211e+01	-1.4044984e-01
3.1029020e+01	-1.3529768e-01
3.1050829e+01	4.0005868e-02
3.1072637e+01	-3.2196017e-02
3.1094446e+01	-4.2378603e-02
3.1116255e+01	-7.2699630e-02
3.1138064e+01	-1.3610889e-01
3.1159873e+01	1.3465632e-02
3.1181682e+01	9.8426763e-02
3.1203491e+01	9.2014589e-03
3.1225300e+01	1.2994204e-01
3.1247109e+01	1.3336470e-01
3.1268918e+01	3.5381713e-01
3.1290727e+01	2.8306353e-01
3.1312536e+01	4.8535328e-01
3.1334345e+01	5.0491302e-01
3.1356154e+01	-1.1958790e-02
3.1377963e+01	-5.0153125e-02
3.1399772e+01	-5.4573768e-02
3.1421580e+01	-8.7253379e-02
3.1443389e+01	-6.3706113e-02
3.1465198e+01	-1.3039084e-02
3.1487007e+01	-4.1420433e-02
3.1508816e+01	-3.2291129e-02
3.1530625e+01	-2.8891139e-02
3.1552434e+01	3.8818267e-02
3.1574243e+01	1.2487919e-01
3.1596052e+01	-3.2974977e-03
3.1617861e+01	9.2563329e-02
3.1639670e+01	1.2394854e-01
3.1661479e+01	3.3996418e-02
3.1683288e+01	-1.8243968e-01
3.1705097e+01	-1.3680422e-01
3.1726906e+01	8.9416596e-02
3.1748715e+01	2.6756654e-01
3.1770524e+01	5.3788262e-01
3.1792332e+01	9.7243613e-01
3.1814141e+01	1.5311268e+00
3.1835950e+01	1.8202455e+00
3.1857759e+01	2.1740278e+00
3.1879568e+01	2.4153487e+00
3.1901377e+01	2.5335417e+00
3.1923186e+01	2.7954887e+00
3.1944995e+01	2.6644504e+00
3.1966804e+01	2.4068786e+00
3.1988613e+01	2.2004450e+00
3.2010422e+01	1.8666474e+00
3.2032231e+01	1.1526295e+00
3.2054040e+01	7.3565717e-01
3.2075849e+01	5.3450405e-01
3.2097658e+01	1.7816391e-01
3.2119467e+01	-8.8040451e-02
3.2141275e+01	6.3869327e-02
3.2163084e+01	-1.5975122e-02
3.2184893e+01	-1.5095850e-01
3.2206702e+01	5.8663474e-02
3.2228511e+01	-5.1623098e-02
3.2250320e+01	-4.3958681e-02
3.2272129e+01	6.5875388e-02
3.2293938e+01	-6.3376071e-03
3.2315747e+01	-3.1448991e-03
3.2337556e+01	-5.0300738e-02
3.2359365e+01	-1.0993269e-01
3.2381174e+01	8.8685723e-02
3.2402983e+01	6.1112131e-02
3.2424792e+01	1.9168764e-02
3.2446601e+01	-4.5361657e-02
3.2468410e+01	2.7468280e-02
3.2490218e+01	2.7599378e-02
3.2512027e+01	-6.1180200e-02
3.2533836e+01	1.2267218e-03
3.2555645e+01	-1.2489392e-01
3.2577454e+01	-5.2695015e-02
3.2599263e+01	8.6519471e-02
3.2621072e+01	1.6079144e-01
3.2642881e+01	1.5811655e-01
3.2664690e+01	2.0341230e-01
3.2686499e+01	-6.5398350e-02
3.2708308e+01	-4.0727733e-02
3.2730117e+01	-1.0306680e-01
3.2751926e+01	-1.3071557e-01
3.2773735e+01	-6.8628448e-03
3.2795544e+01	4.3418608e-02
3.2817353e+01	2.4932477e-02
3.2839161e+01	7.1334281e-03
3.2860970e+01	-9.3082442e-02
3.2882779e+01	-1.5173538e-01
3.2904588e+01	1.2606976e-01
3.2926397e+01	8.2912842e-02
3.2948206e+01	1.0913095e-01
3.2970015e+01	7.2160045e-02
3.2991824e+01	-1.1020946e-01
3.3013633e+01	-7.4713092e-02
3.3035442e+01	2.4864002e-01
3.3057251e+01	2.1232169e-01
3.3079060e+01	-1.3759003e-01
3.3100869e+01	-1.4066714e-01
3.3122678e+01	6.6887554e-02
3.3144487e+01	2.8109790e-03
3.3166296e+01	-9.9339304e-02
3.3188104e+01	-2.6706283e-02
3.3209913e+01	9.5210364e-03
3.3231722e+01	2.6976202e-02
3.3253531e+01	2.2757502e-01
3.3275340e+01	4.3191985e-02
3.3297149e+01	1.3707155e-02
3.3318958e+01	-2.1797947e-02
3.3340767e+01	-5.0693690e-02
3.3362576e+01	4.6147541e-02
3.3384385e+01	-3.1960488e-02
3.3406194e+01	-4.9834950e-02
3.3428003e+01	-4.2270343e-02
3.3449812e+01	-1.0925965e-01
3.3471621e+01	-3.8556513e-02
3.3493430e+01	-4.8995866e-02
3.3515239e+01	3.2039892e-02
3.3537047e+01	4.0889107e-03
3.3558856e+01	-2.1728735e-02
3.3580665e+01	1.6448397e-01
3.3602474e+01	1.6669771e-01
3.3624283e+01	9.9545525e-02
3.3646092e+01	4.7098321e-02
3.3667901e+01	5.2735194e-02
3.3689710e+01	3.1960024e-03
3.3711519e+01	-6.5943861e-02
3.3733328e+01	-9.9218361e-02
3.3755137e+01	-1.3459288e-01
3.3776946e+01	8.0771390e-03
3.3798755e+01	5.1607522e-02
3.3820564e+01	1.7663366e-02
3.3842373e+01	-5.4986692e-02
3.3864182e+01	3.0123668e-02
3.3885991e+01	6.5705036e-02
3.3907799e+01	5.9862384e-02
3.3929608e+01	2.8650690e-02
3.3951417e+01	-7.9919796e-02
3.3973226e+01	-9.3667650e-02
3.3995035e+01	-1.2453291e-01
3.4016844e+01	-1.2584720e-02
3.4038653e+01	5.2659662e-02
3.4060462e+01	-1.2851698e-01
3.4082271e+01	1.3015414e-01
3.4104080e+01	1.2596152e-01
3.4125889e+01	3.2748822e-02
3.4147698e+01	3.5557831e-02
3.4169507e+01	1.3881792e-02
3.4191316e+01	9.3385488e-02
3.4213125e+01	-5.7351992e-02
3.4234934e+01	-1.0207470e-01
3.4256742e+01	-1.1031857e-01
3.4278551e+01	1.4224466e-01
3.4300360e+01	-1.2248766e-02
3.4322169e+01	-2.4569703e-02
3.4343978e+01	9.7028182e-03
3.4365787e+01	-2.0200873e-02
3.4387596e+01	1.8007769e-02
3.4409405e+01	-4.5616938e-02
3.4431214e+01	-1.0539243e-01
3.4453023e+01	-7.1468260e-02
3.4474832e+01	1.4385183e-01
3.4496641e+01	3.4490846e-02
3.4518450e+01	2.4510055e-02
3.4540259e+01	-3.9144474e-03
3.4562068e+01	7.4119872e-02
3.4583877e+01	5.5575852e-02
3.4605685e+01	-7.6669721e-02
3.4627494e+01	-6.9002634e-02
3.4649303e+01	7.4955046e-03
3.4671112e+01	6.8827648e-02
3.4692921e+01	1.9224367e-02
3.4714730e+01	1.1709988e-02
3.4736539e+01	-4.2558314e-02
3.4758348e+01	-2.4207877e-02
3.4780157e+01	-2.3642102e-02
3.4801966e+01	-1.6354096e-02
3.4823775e+01	3.9908477e-02
3.4845584e+01	-7.6057445e-02
3.4867393e+01	-3.6461141e-02
3.4889202e+01	4.9799876e-02
3.4911011e+01	-5.8221695e-04
3.4932820e+01	3.1526740e-03
3.4954628e+01	4.3355021e-02
3.4976437e+01	-6.2556181e-03
3.4998246e+01	4.9733385e-02
3.5020055e+01	7.7400909e-02
3.5041864e+01	3.4986939e-02
3.5063673e+01	-6.4119123e-03
3.5085482e+01	2.3663385e-02
3.5107291e+01	-3.9885682e-02
3.5129100e+01	-1.4792810e-01
3.5150909e+01	-1.9845703e-01
3.5172718e+01	4.6142215e-02
3.5194527e+01	7.7573468e-02
3.5216336e+01	-2.1760176e-02
3.5238145e+01	-1.2956520e-02
3.5259954e+01	4.4023361e-02
3.5281763e+01	2.3269815e-02
3.5303571e+01	1.3143623e-01
3.5325380e+01	5.2101567e-02
3.5347189e+01	1.1819913e-01
3.5368998e+01	1.2191544e-02
3.5390807e+01	-1.4731448e-01
3.5412616e+01	-8.2029758e-02
3.5434425e+01	3.1928266e-02
3.5456234e+01	-1.4901598e-01
3.5478043e+01	-2.8417442e-02
3.5499852e+01	-3.0143992e-02
3.5521661e+01	1.9370822e-03
3.5543470e+01	5.2387620e-02
3.5565279e+01	-5.8340024e-03
3.5587088e+01	-1.6619473e-02
3.5608897e+01	4.4391734e-02
3.5630706e+01	2.3572591e-02
3.5652514e+01	8.0377970e-02
3.5674323e+01	1.7778028e-01
3.5696132e+01	4.5077426e-02
3.5717941e+01	4.5836170e-02
3.5739750e+01	-5.3141428e-02
3.5761559e+01	1.3184301e-01
3.5783368e+01	5.4907621e-02
3.5805177e+01	-1.1490246e-01
3.5826986e+01	-1.8846777e-01
3.5848795e+01	1.0771997e-01
3.5870604e+01	-7.9058748e-02
3.5892413e+01	3.6193768e-02
3.5914222e+01	3.1196026e-02
3.5936031e+01	-2.0765995e-01
3.5957840e+01	-2.1746027e-01
3.5979649e+01	-2.0689509e-01
3.6001458e+01	1.3593210e-01
3.6023266e+01	9.0718262e-02
3.6045075e+01	3.2196432e-01
3.6066884e+01	3.4046500e-01
3.6088693e+01	2.6858416e-01
3.6110502e+01	7.3459173e-02
3.6132311e+01	4.8038742e-02
3.6154120e+01	2.6751702e-02
3.6175929e+01	6.0351695e-02
3.6197738e+01	3.8074470e-02
3.6219547e+01	9.9834060e-02
3.6241356e+01	6.6427846e-02
3.6263165e+01	-6.4601428e-02
3.6284974e+01	-1.6374647e-01
3.6306783e+01	-7.8884170e-02
3.6328592e+01	-5.6800293e-02
3.6350401e+01	-1.0328359e-01
3.6372209e+01	-1.0584209e-01
3.6394018e+01	-2.9318326e-02
3.6415827e+01	1.8532193e-01
3.6437636e+01	1.5518153e-01
3.6459445e+01	-5.3045592e-02
3.6481254e+01	2.1218460e-02
3.6503063e+01	1.5564713e-01
3.6524872e+01	6.8522507e-02
3.6546681e+01	3.9497518e-02
3.6568490e+01	-2.3217281e-02
3.6590299e+01	6.6428015e-02
3.6612108e+01	4.1624597e-02
3.6633917e+01	-1.7878180e-01
3.6655726e+01	-1.0253532e-01
3.6677535e+01	-1.8956876e-01
3.6699344e+01	-2.8343380e-02
3.6721152e+01	7.6599438e-02
3.6742961e+01	5.1462449e-02
3.6764770e+01	-6.5428284e-02
3.6786579e+01	8.9159607e-02
3.6808388e+01	1.4124788e-01
3.6830197e+01	5.3599028e-02
3.6852006e+01	-6.8204100e-02
3.6873815e+01	-1.7909445e-02
3.6895624e+01	-6.1800015e-02
3.6917433e+01	2.9780604e-02
3.6939242e+01	-2.7272747e-02
3.6961051e+01	8.1697512e-02
3.6982860e+01	7.6705398e-02
3.7004669e+01	7.8924089e-03
3.7026478e+01	1.4752596e-01
3.7048287e+01	3.5547189e-01
3.7070095e+01	4.2853624e-01
3.7091904e+01	-1.4996168e-02
3.7113713e+01	-1.5710129e-01
3.7135522e+01	-3.3915723e-02
3.7157331e+01	-1.4986847e-01
3.7179140e+01	-1.0776368e-01
3.7200949e+01	8.9904980e-02
3.7222758e+01	7.4865689e-02
3.7244567e+01	1.0662300e-01
3.7266376e+01	-3.2007575e-02
3.7288185e+01	-2.6758757e-02
3.7309994e+01	-3.9339034e-02
3.7331803e+01	-7.2859589e-02
3.7353612e+01	1.1110188e-03
3.7375421e+01	-5.0728621e-02
3.7397230e+01	1.4313511e-01
3.7419038e+01	-4.3157874e-02
3.7440847e+01	4.5803252e-01
3.7462656e+01	1.0249713e+00
3.7484465e+01	1.3338482e+00
3.7506274e+01	1.1804471e+00
3.7528083e+01	8.0851582e-01
3.7549892e+01	5.4912907e-01
3.7571701e+01	1.5749669e-01
3.7593510e+01	1.8111311e-01
3.7615319e+01	1.5830928e-01
3.7637128e+01	-7.8239213e-02
3.7658937e+01	-3.2598973e-01
3.7680746e+01	-2.0052912e-01
3.7702555e+01	-9.4775892e-02
3.7724364e+01	1.2228678e-02
3.7746173e+01	-5.8454827e-02
3.7767981e+01	2.2733541e-01
3.7789790e+01	1.5355713e-01
3.7811599e+01	8.1150651e-02
3.7833408e+01	2.7628592e-01
3.7855217e+01	5.3830212e-01
3.7877026e+01	5.9993514e-01
3.7898835e+01	5.8947136e-01
3.7920644e+01	3.7676221e-01
3.7942453e+01	1.6123391e-01
3.7964262e+01	1.7842670e-01
3.7986071e+01	1.9824227e-01
3.8007880e+01	1.3740615e-01
3.8029689e+01	-1.6582987e-01
3.8051498e+01	-1.5304072e-01
3.8073307e+01	-1.0378077e-01
3.8095116e+01	-2.2939115e-01
3.8116925e+01	-3.5647293e-01
3.8138733e+01	6.5741641e-03
3.8160542e+01	2.8151837e-02
3.8182351e+01	-4.2927941e-02
3.8204160e+01	-4.0348497e-02
3.8225969e+01	-1.4895899e-02
3.8247778e+01	1.8058906e-01
3.8269587e+01	2.4847961e-01
3.8291396e+01	3.2085081e-01
3.8313205e+01	1.5463989e-01
3.8335014e+01	-1.1888663e-02
3.8356823e+01	2.0981944e-01
3.8378632e+01	1.2904432e-01
3.8400441e+01	5.0915073e-02
3.8422250e+01	6.8637007e-02
3.8444059e+01	1.4890769e-01
3.8465868e+01	-5.7168427e-02
3.8487676e+01	-1.1690809e-01
3.8509485e+01	-2.1450507e-01
3.8531294e+01	-4.7399399e-02
3.8553103e+01	-7.4339010e-02
3.8574912e+01	3.5090507e-02
3.8596721e+01	1.1861032e-02
3.8618530e+01	-4.1464566e-02
3.8640339e+01	-6.5996945e-02
3.8662148e+01	-5.6306294e-02
3.8683957e+01	-1.4200446e-02
3.8705766e+01	-1.0886498e-01
3.8727575e+01	1.7920241e-01
3.8749384e+01	2.7276538e-02
3.8771193e+01	1.1996473e-01
3.8793002e+01	2.7931201e-01
3.8814811e+01	-1.0779901e-02
3.8836619e+01	2.5522757e-02
3.8858428e+01	8.4703685e-02
3.8880237e+01	-1.1404656e-01
3.8902046e+01	-8.2155334e-02
3.8923855e+01	-1.2314967e-01
3.8945664e+01	1.0605546e-01
3.8967473e+01	5.6594866e-02
3.8989282e+01	-4.1100987e-02
3.9011091e+01	-1.9498551e-02
3.9032900e+01	1.2234907e-01
3.9054709e+01	-2.9710857e-02
3.9076518e+01	5.4181772e-02
3.9098327e+01	-6.4090249e-02
3.9120136e+01	-1.0646003e-01
3.9141945e+01	1.9880411e-01
3.9163754e+01	-3.0831801e-02
3.9185562e+01	-1.2370414e-01
3.9207371e+01	-3.6587242e-02
3.9229180e+01	-1.1359189e-02
3.9250989e+01	2.9658683e-01
3.9272798e+01	2.6256286e-01
3.9294607e+01	3.3367433e-02
3.9316416e+01	1.1815968e-02
3.9338225e+01	5.4646878e-02
3.9360034e+01	-1.3494846e-01
3.9381843e+01	4.4106179e-02
3.9403652e+01	6.1960135e-02
3.9425461e+01	4.4804055e-02
3.9447270e+01	-7.1609567e-02
3.9469079e+01	-3.3796926e-02
3.9490888e+01	-4.1509743e-02
3.9512697e+01	2.8671468e-03
3.9534505e+01	-6.6942112e-02
3.9556314e+01	-3.1124787e-02
3.9578123e+01	3.8360713e-02
3.9599932e+01	1.2793800e-02
3.9621741e+01	-1.4359222e-01
3.9643550e+01	2.1924238e-03
3.9665359e+01	7.1800770e-02
3.9687168e+01	2.1282189e-01
3.9708977e+01	-5.9448468e-02
3.9730786e+01	1.9543925e-01
3.9752595e+01	-7.4664377e-02
3.9774404e+01	8.3081892e-02
3.9796213e+01	-6.4391386e-02
3.9818022e+01	-1.4857158e-02
3.9839831e+01	4.1017450e-02
3.9861640e+01	6.4923047e-02
3.9883449e+01	2.2408241e-01
3.9905257e+01	8.4421754e-02
3.9927066e+01	-2.1186698e-01
3.9948875e+01	-2.0776799e-02
3.9970684e+01	-1.1119652e-01
3.9992493e+01	-3.1628008e-02
4.0014302e+01	6.7880179e-02
4.0036111e+01	5.2379057e-02
4.0057920e+01	6.0751091e-02
4.0079729e+01	-7.6989035e-02
4.0101538e+01	-1.3277237e-01
4.0123347e+01	-9.8351358e-03
4.0145156e+01	-1.1835799e-01
4.0166965e+01	1.1563188e-01
4.0188774e+01	4.8267031e-01
4.0210583e+01	1.4441197e-01
4.0232392e+01	1.7593519e-01
4.0254200e+01	-1.0334366e-01
4.0276009e+01	-5.9495066e-02
4.0297818e+01	-3.9941025e-02
4.0319627e+01	-1.0655697e-01
4.0341436e+01	-1.1033564e-01
4.0363245e+01	9.2436835e-02
4.0385054e+01	8.8359904e-02
4.0406863e+01	7.4058365e-02
4.0428672e+01	8.3600842e-02
4.0450481e+01	-2.7562108e-02
4.0472290e+01	-2.7382895e-02
4.0494099e+01	-1.4099885e-01
4.0515908e+01	-2.0429204e-02
4.0537717e+01	2.1063764e-01
4.0559526e+01	1.0141563e-01
4.0581335e+01	-8.5180116e-02
4.0603143e+01	-3.8373226e-02
4.0624952e+01	1.8903602e-02
4.0646761e+01	-5.1415908e-02
4.0668570e+01	5.4646795e-04
4.0690379e+01	1.1521018e-01
4.0712188e+01	1.2498473e-02
4.0733997e+01	-1.5112948e-01
4.0755806e+01	-2.2723240e-02
4.0777615e+01	1.2567116e-01
4.0799424e+01	1.5152750e-01
4.0821233e+01	1.8375466e-02
4.0843042e+01	-1.8580349e-01
4.0864851e+01	-1.7831289e-01
4.0886660e+01	-4.5520837e-02
4.0908469e+01	4.1127242e-02
4.0930278e+01	1.1764662e-01
4.0952086e+01	3.1882127e-02
4.0973895e+01	-8.6876754e-02
4.0995704e+01	1.6150062e-01
4.1017513e+01	3.1818037e-01
4.1039322e+01	-1.2716891e-02
4.1061131e+01	2.4404860e-03
4.1082940e+01	1.5739582e-02
4.1104749e+01	-1.8795274e-01
4.1126558e+01	3.0532978e-02
4.1148367e+01	2.0922211e-02
4.1170176e+01	1.5444727e-01
4.1191985e+01	2.2914094e-01
4.1213794e+01	-4.7401065e-02
4.1235603e+01	-1.4210361e-01
4.1257412e+01	-4.5439147e-02
4.1279221e+01	5.5827479e-02
4.1301029e+01	9.9920415e-02
4.1322838e+01	-7.7668011e-02
4.1344647e+01	6.4194261e-02
4.1366456e+01	-1.0759124e-01
4.1388265e+01	-1.0185489e-01
4.1410074e+01	-8.3019471e-03
4.1431883e+01	1.0902515e-01
4.1453692e+01	1.7915337e-01
4.1475501e+01	2.2336939e-01
4.1497310e+01	-1.7963507e-01
4.1519119e+01	-9.7496074e-02
4.1540928e+01	-1.3277592e-01
4.1562737e+01	1.1266256e-03
4.1584546e+01	-2.0132752e-01
4.1606355e+01	1.2113508e-01
4.1628164e+01	1.7408771e-01
4.1649972e+01	1.5807665e-01
4.1671781e+01	-2.2845698e-03
4.1693590e+01	6.9737141e-02
4.1715399e+01	-1.0526009e-01
4.1737208e+01	4.3666661e-01
4.1759017e+01	7.8856650e-01
4.1780826e+01	8.2919742e-01
4.1802635e+01	1.1691262e+00
4.1824444e+01	9.1170856e-01
4.1846253e+01	7.7794542e-01
4.1868062e+01	8.7009854e-01
4.1889871e+01	7.7936274e-01
4.1911680e+01	5.1158481e-01
4.1933489e+01	2.7481454e-01
4.1955298e+01	4.0484711e-01
4.1977107e+01	6.0476724e-02
4.1998916e+01	-1.2488737e-01
4.2020724e+01	-2.6633301e-02
4.2042533e+01	-4.8569492e-02
4.2064342e+01	-3.6033208e-02
4.2086151e+01	4.0839635e-02
4.2107960e+01	4.7880546e-02
4.2129769e+01	5.1005083e-02
4.2151578e+01	8.3220882e-02
4.2173387e+01	-5.7010110e-03
4.2195196e+01	-9.6729106e-02
4.2217005e+01	2.6232087e-01
4.2238814e+01	1.2944615e-01
4.2260623e+01	-1.6452584e-01
4.2282432e+01	-2.9076221e-01
4.2304241e+01	-3.3663972e-02
4.2326050e+01	4.0795922e-02
4.2347859e+01	1.3805998e-01
4.2369667e+01	4.2792057e-03
4.2391476e+01	-2.5321702e-01
4.2413285e+01	6.4100317e-02
4.2435094e+01	4.2650376e-01
4.2456903e+01	1.8766024e-02
4.2478712e+01	-3.4242744e-02
4.2500521e+01	6.1866663e-02
4.2522330e+01	1.0963720e-01
4.2544139e+01	9.9124697e-02
4.2565948e+01	-3.0685414e-02
4.2587757e+01	1.0289431e-01
4.2609566e+01	-2.5100495e-02
4.2631375e+01	4.4820032e-01
4.2653184e+01	6.0515797e-01
4.2674993e+01	3.8178680e-01
4.2696802e+01	-9.7516146e-03
4.2718610e+01	4.8654266e-02
4.2740419e+01	7.4051672e-02
4.2762228e+01	1.0463541e-01
4.2784037e+01	9.7700425e-02
4.2805846e+01	4.2161825e-02
4.2827655e+01	-1.0647164e-01
4.2849464e+01	-3.2053482e-01
4.2871273e+01	-3.1681757e-02
4.2893082e+01	6.9763950e-02
4.2914891e+01	-5.1471889e-02
4.2936700e+01	8.3078991e-02
4.2958509e+01	-2.7277806e-01
4.2980318e+01	1.7891192e-01
4.3002127e+01	-5.7479557e-02
4.3023936e+01	9.2173701e-02
4.3045745e+01	8.4800249e-02
4.3067553e+01	1.3260018e-01
4.3089362e+01	-1.9743664e-03
4.3111171e+01	-1.8687937e-01
4.3132980e+01	-1.0315114e-02
4.3154789e+01	2.7226404e-02
4.3176598e+01	-1.7720393e-02
4.3198407e+01	1.7252300e-02
4.3220216e+01	-5.0086585e-02
4.3242025e+01	6.4266214e-02
4.3263834e+01	-8.5461130e-02
4.3285643e+01	-2.3647068e-01
4.3307452e+01	1.3170804e-02
4.3329261e+01	9.7289880e-02
4.3351070e+01	2.4923906e-01
4.3372879e+01	8.2788065e-02
4.3394688e+01	6.1511234e-02
4.3416496e+01	4.8569695e-02
4.3438305e+01	2.3065505e-01
4.3460114e+01	1.8601427e-01
4.3481923e+01	-1.2137099e-01
4.3503732e+01	-8.4842712e-02
4.3525541e+01	7.0171571e-02
4.3547350e+01	1.4674901e-01
4.3569159e+01	-2.2014197e-01
4.3590968e+01	-3.3759942e-01
4.3612777e+01	9.0596292e-03
4.3634586e+01	-1.4182539e-02
4.3656395e+01	-6.5979033e-02
4.3678204e+01	-5.4877701e-02
4.3700013e+01	1.7119361e-02
4.3721822e+01	-1.3766303e-02
4.3743631e+01	7.7004590e-02
4.3765439e+01	2.6630073e-01
4.3787248e+01	3.8096979e-01
4.3809057e+01	1.0096714e-01
4.3830866e+01	1.8730878e-01
4.3852675e+01	4.1645122e-01
4.3874484e+01	9.9886947e-01
4.3896293e+01	5.5625441e-01
4.3918102e+01	1.2818791e-01
4.3939911e+01	3.5978997e-01
4.3961720e+01	3.2478834e-01
4.3983529e+01	9.9744997e-02
4.4005338e+01	2.8948289e-01
4.4027147e+01	-4.9781273e-02
4.4048956e+01	-2.1969904e-01
4.4070765e+01	-2.3623322e-01
4.4092574e+01	4.9342646e-02
4.4114383e+01	-1.6173355e-01
4.4136191e+01	3.7419001e-02
4.4158000e+01	8.9750124e-02
4.4179809e+01	7.2250663e-02
4.4201618e+01	-7.2251272e-02
4.4223427e+01	5.7632062e-01
4.4245236e+01	3.1479750e-01
4.4267045e+01	7.2762859e-02
4.4288854e+01	6.1311783e-03
4.4310663e+01	-1.3854840e-01
4.4332472e+01	1.7354325e-01
4.4354281e+01	9.1164412e-02
4.4376090e+01	-1.5478587e-02
4.4397899e+01	-2.1192939e-01
4.4419708e+01	-9.6489201e-02
4.4441517e+01	2.1668905e-01
4.4463326e+01	9.2621400e-02
4.4485134e+01	1.0054368e-01
4.4506943e+01	1.7198335e-02
4.4528752e+01	-2.1768244e-01
4.4550561e+01	-1.7750322e-02
4.4572370e+01	3.7066108e-01
4.4594179e+01	4.5956325e-01
4.4615988e+01	1.9021343e-03
4.4637797e+01	-3.0182285e-02
4.4659606e+01	3.6307169e-01
4.4681415e+01	1.2303014e-01
4.4703224e+01	1.5968793e-01
4.4725033e+01	5.7003111e-01
4.4746842e+01	1.6353635e-01
4.4768651e+01	-2.7942365e-01
4.4790460e+01	9.6105705e-02
4.4812269e+01	1.9048100e-02
4.4834077e+01	2.6070793e-01
4.4855886e+01	-2.9967572e-01
4.4877695e+01	-5.8859355e-02
4.4899504e+01	3.4071570e-01
4.4921313e+01	3.7815093e-03
4.4943122e+01	2.1431035e-03
4.4964931e+01	1.1944168e-01
4.4986740e+01	6.7173511e-01