Image file: \\Gfs05\g45\SAXS\2020_12\HDF5\2020-12.10_Kevin_day2_SN\2020-12-10_Max_Cu123_SN_000017_data_000172.h5
ImageIntegration1d_chi_output; Output_Directory= \\Gfs05\g45\SAXS\2020_12\Processed\2020-12-09_Kevin_day1_SN\Chi-Sample-7
Profile = Radial, StartAzimuth = 0.0, EndAzimuth = 360.0, Sam_Det_distance = 250.818474293, InnerRadius = 15.0, OuterRadius = 2400.0, Lambda = 30, Ratio = 0.001, Itermax = 100
2400
2.0013229e+00	-3.8241741e-02
2.0231319e+00	1.0693455e-01
2.0449408e+00	4.6326105e-01
2.0667497e+00	3.6574704e-01
2.0885587e+00	5.6885703e-02
2.1103676e+00	-1.6627960e-01
2.1321765e+00	-6.3459178e-03
2.1539855e+00	5.2146324e-02
2.1757944e+00	-9.0323012e-02
2.1976034e+00	-5.1051058e-02
2.2194123e+00	2.2942160e-01
2.2412212e+00	3.3739618e-02
2.2630302e+00	1.7447041e-02
2.2848391e+00	1.2006961e-02
2.3066480e+00	1.7218341e-02
2.3284570e+00	4.1394741e-02
2.3502659e+00	4.6833176e-02
2.3720749e+00	1.6864246e-02
2.3938838e+00	-6.0165710e-03
2.4156927e+00	6.5884251e-03
2.4375017e+00	-1.6975175e-01
2.4593106e+00	-1.7820430e-01
2.4811196e+00	5.3551920e-02
2.5029285e+00	1.7439517e-01
2.5247374e+00	1.3259985e-01
2.5465464e+00	1.6043708e-01
2.5683553e+00	8.1992480e-03
2.5901642e+00	-1.7118646e-01
2.6119732e+00	-9.0426661e-02
2.6337821e+00	-2.9048100e-03
2.6555911e+00	-9.3234271e-04
2.6774000e+00	-4.5910997e-02
2.6992089e+00	1.5990527e-02
2.7210179e+00	6.0579413e-02
2.7428268e+00	1.8610808e-01
2.7646358e+00	-5.1303204e-02
2.7864447e+00	6.1100799e-02
2.8082536e+00	4.3601003e-02
2.8300626e+00	4.2015289e-02
2.8518715e+00	-4.9452454e-02
2.8736804e+00	-8.5494175e-02
2.8954894e+00	-9.9350873e-02
2.9172983e+00	-8.2973984e-02
2.9391073e+00	2.3455669e-03
2.9609162e+00	2.1027140e-01
2.9827251e+00	2.8506305e-01
3.0045341e+00	2.3459083e-02
3.0263430e+00	-4.6381619e-02
3.0481519e+00	1.5532212e-02
3.0699609e+00	1.0483742e-01
3.0917698e+00	-1.9926686e-02
3.1135788e+00	-1.5291450e-02
3.1353877e+00	-6.1436470e-02
3.1571966e+00	-5.2673067e-02
3.1790056e+00	1.1505494e-01
3.2008145e+00	1.2742205e-01
3.2226235e+00	-7.7025237e-02
3.2444324e+00	-1.3769692e-01
3.2662413e+00	5.2289191e-02
3.2880503e+00	8.5605139e-02
3.3098592e+00	2.7332839e-03
3.3316681e+00	-7.2192960e-02
3.3534771e+00	7.5618532e-03
3.3752860e+00	2.7093028e-01
3.3970950e+00	3.4507827e-01
3.4189039e+00	1.2955247e-01
3.4407128e+00	-6.8216899e-02
3.4625218e+00	8.3171962e-03
3.4843307e+00	-1.3595066e-01
3.5061396e+00	-8.2783623e-02
3.5279486e+00	1.2667478e-01
3.5497575e+00	3.5828208e-02
3.5715665e+00	-1.6874587e-01
3.5933754e+00	6.0490108e-02
3.6151843e+00	7.0810510e-02
3.6369933e+00	-2.2993562e-02
3.6588022e+00	7.7172372e-02
3.6806112e+00	1.6160374e-01
3.7024201e+00	2.5983292e-02
3.7242290e+00	-1.1802967e-01
3.7460380e+00	-1.3332414e-01
3.7678469e+00	-1.1465192e-01
3.7896558e+00	-2.0754741e-02
3.8114648e+00	1.3203026e-01
3.8332737e+00	7.0625281e-02
3.8550827e+00	1.3438976e-01
3.8768916e+00	6.5703411e-02
3.8987005e+00	1.2519205e-01
3.9205095e+00	-1.6995858e-02
3.9423184e+00	-2.2071612e-01
3.9641273e+00	-1.1921546e-01
3.9859363e+00	-1.5694644e-01
4.0077452e+00	3.4414154e-02
4.0295542e+00	3.7329007e-02
4.0513631e+00	6.9023587e-02
4.0731720e+00	8.1264911e-02
4.0949810e+00	1.2311733e-01
4.1167899e+00	2.1361892e-02
4.1385989e+00	-7.2274785e-02
4.1604078e+00	-1.1703814e-01
4.1822167e+00	-4.4093774e-02
4.2040257e+00	4.3316859e-02
4.2258346e+00	5.2895614e-02
4.2476435e+00	9.6680688e-02
4.2694525e+00	7.7017818e-02
4.2912614e+00	8.6949978e-03
4.3130704e+00	-4.0811587e-02
4.3348793e+00	-1.2578205e-01
4.3566882e+00	-1.1616662e-01
4.3784972e+00	-1.7205880e-02
4.4003061e+00	1.0182665e-02
4.4221151e+00	1.9707559e-01
4.4439240e+00	1.3226373e-01
4.4657329e+00	-9.1215073e-02
4.4875419e+00	-4.6772171e-02
4.5093508e+00	2.0669835e-01
4.5311597e+00	9.8161987e-02
4.5529687e+00	-1.2229673e-01
4.5747776e+00	-8.9220716e-02
4.5965866e+00	-8.3131435e-02
4.6183955e+00	1.4172845e-01
4.6402044e+00	1.9222056e-02
4.6620134e+00	-7.1552386e-02
4.6838223e+00	1.7387929e-01
4.7056312e+00	2.1425899e-01
4.7274402e+00	-6.9681286e-02
4.7492491e+00	-2.2414395e-01
4.7710581e+00	4.4048957e-02
4.7928670e+00	2.6619875e-02
4.8146759e+00	-8.1435480e-02
4.8364849e+00	1.6379824e-01
4.8582938e+00	1.1767561e-01
4.8801028e+00	1.1813928e-01
4.9019117e+00	7.9282928e-02
4.9237206e+00	-9.7317816e-02
4.9455296e+00	-1.0310899e-01
4.9673385e+00	-2.1011390e-01
4.9891474e+00	-5.9140052e-02
5.0109564e+00	2.0222384e-01
5.0327653e+00	1.4271700e-01
5.0545743e+00	4.2609634e-02
5.0763832e+00	-1.6266118e-01
5.0981921e+00	6.7868230e-02
5.1200011e+00	8.8027541e-02
5.1418100e+00	7.9359705e-02
5.1636189e+00	1.1981301e-01
5.1854279e+00	-2.0030033e-01
5.2072368e+00	-2.2202163e-01
5.2290458e+00	1.2734347e-01
5.2508547e+00	8.0012032e-02
5.2726636e+00	-1.8537858e-03
5.2944726e+00	6.2609781e-02
5.3162815e+00	4.9570206e-02
5.3380905e+00	-8.9161804e-02
5.3598994e+00	-1.5914133e-01
5.3817083e+00	-4.3886384e-03
5.4035173e+00	5.6495702e-02
5.4253262e+00	5.3544216e-02
5.4471351e+00	7.3356707e-02
5.4689441e+00	-6.2342632e-02
5.4907530e+00	1.2183980e-02
5.5125620e+00	2.7641603e-01
5.5343709e+00	3.9273728e-02
5.5561798e+00	-3.5788934e-02
5.5779888e+00	2.7308491e-02
5.5997977e+00	2.5039189e-01
5.6216066e+00	-7.3316045e-02
5.6434156e+00	-1.3917548e-01
5.6652245e+00	-3.0213054e-02
5.6870335e+00	2.2511733e-02
5.7088424e+00	1.7774594e-01
5.7306513e+00	2.7394542e-01
5.7524603e+00	-1.2394937e-02
5.7742692e+00	7.8555321e-02
5.7960782e+00	6.7468437e-02
5.8178871e+00	7.9727467e-03
5.8396960e+00	-1.7953033e-01
5.8615050e+00	3.8533352e-02
5.8833139e+00	5.5325255e-02
5.9051228e+00	-1.7177032e-01
5.9269318e+00	-3.0910723e-02
5.9487407e+00	3.0694635e-01
5.9705497e+00	1.3363004e-01
5.9923586e+00	-8.1446498e-02
6.0141675e+00	6.8366058e-02
6.0359765e+00	1.0240764e-01
6.0577854e+00	9.9418515e-02
6.0795944e+00	-1.4602531e-01
6.1014033e+00	-1.3545549e-01
6.1232122e+00	-1.4864260e-02
6.1450212e+00	5.3121292e-02
6.1668301e+00	-2.4997898e-02
6.1886390e+00	9.1273289e-02
6.2104480e+00	-2.6838285e-02
6.2322569e+00	1.6277893e-01
6.2540659e+00	3.1781657e-01
6.2758748e+00	1.0394434e-02
6.2976837e+00	7.1337921e-02
6.3194927e+00	2.4891629e-02
6.3413016e+00	-5.4684223e-02
6.3631105e+00	-2.7235853e-01
6.3849195e+00	-5.7757814e-02
6.4067284e+00	4.8201024e-02
6.4285374e+00	6.3647932e-02
6.4503463e+00	2.8730192e-01
6.4721552e+00	2.4646980e-01
6.4939642e+00	-5.7959602e-02
6.5157731e+00	-1.7256555e-01
6.5375821e+00	-2.5247359e-03
6.5593910e+00	1.4666632e-01
6.5811999e+00	1.2824714e-01
6.6030089e+00	1.2776779e-01
6.6248178e+00	-3.8119465e-02
6.6466267e+00	-5.7625704e-02
6.6684357e+00	1.3739113e-01
6.6902446e+00	1.4267955e-01
6.7120536e+00	-1.0145280e-01
6.7338625e+00	-2.1628753e-01
6.7556714e+00	6.3832962e-03
6.7774804e+00	-8.7628793e-02
6.7992893e+00	-8.2600681e-02
6.8210982e+00	9.4716471e-02
6.8429072e+00	1.0595860e-01
6.8647161e+00	1.0464528e-01
6.8865251e+00	8.8721643e-02
6.9083340e+00	-1.6093671e-02
6.9301429e+00	-1.6847268e-01
6.9519519e+00	-1.0204241e-01
6.9737608e+00	1.0071587e-01
6.9955698e+00	-1.1061691e-01
7.0173787e+00	-1.6133042e-03
7.0391876e+00	2.5041019e-01
7.0609966e+00	1.3467080e-01
7.0828055e+00	7.0319517e-02
7.1046144e+00	-9.3028795e-02
7.1264234e+00	-1.1227822e-01
7.1482323e+00	4.8657912e-02
7.1700413e+00	-3.0162271e-02
7.1918502e+00	1.1103145e-01
7.2136591e+00	1.0577017e-01
7.2354681e+00	5.9885362e-02
7.2572770e+00	-5.5801817e-02
7.2790859e+00	-2.5941921e-02
7.3008949e+00	-2.8372868e-02
7.3227038e+00	-9.8637363e-02
7.3445128e+00	-6.6471872e-02
7.3663217e+00	-2.0636137e-02
7.3881306e+00	-9.3802524e-02
7.4099396e+00	1.0309098e-01
7.4317485e+00	3.2893932e-02
7.4535575e+00	-3.2176387e-02
7.4753664e+00	6.7638310e-02
7.4971753e+00	1.6465733e-01
7.5189843e+00	2.9209267e-01
7.5407932e+00	2.0503103e-01
7.5626021e+00	-2.1243342e-01
7.5844111e+00	-5.4690615e-02
7.6062200e+00	9.2381646e-02
7.6280290e+00	5.9058141e-02
7.6498379e+00	-1.0213454e-01
7.6716468e+00	-1.0540670e-01
7.6934558e+00	1.1465169e-01
7.7152647e+00	2.6814205e-01
7.7370737e+00	3.4490407e-01
7.7588826e+00	2.5230662e-02
7.7806915e+00	5.8108685e-02
7.8025005e+00	3.3850666e-02
7.8243094e+00	-1.7326897e-01
7.8461183e+00	-1.4188428e-02
7.8679273e+00	-3.5309289e-02
7.8897362e+00	-9.1550616e-02
7.9115452e+00	1.3368299e-01
7.9333541e+00	1.6301388e-02
7.9551630e+00	9.6125902e-03
7.9769720e+00	8.6456513e-02
7.9987809e+00	1.4466827e-01
8.0205898e+00	-2.2561003e-02
8.0423988e+00	-9.7163629e-02
8.0642077e+00	-9.8440422e-02
8.0860167e+00	-6.6153592e-02
8.1078256e+00	1.8096810e-02
8.1296345e+00	2.7055498e-02
8.1514435e+00	-4.5389524e-02
8.1732524e+00	1.0547694e-01
8.1950614e+00	6.3481572e-02
8.2168703e+00	-5.3857163e-02
8.2386792e+00	1.8384632e-01
8.2604882e+00	-7.3475582e-02
8.2822971e+00	-9.7659340e-02
8.3041060e+00	7.2887447e-02
8.3259150e+00	3.8682731e-01
8.3477239e+00	2.1021425e-01
8.3695329e+00	1.9258503e-02
8.3913418e+00	-1.4830114e-01
8.4131507e+00	-1.0004314e-01
8.4349597e+00	-4.2476652e-02
8.4567686e+00	8.9020780e-02
8.4785775e+00	2.8269899e-01
8.5003865e+00	-2.2047803e-03
8.5221954e+00	1.2497905e-02
8.5440044e+00	2.0350187e-01
8.5658133e+00	9.1230635e-05
8.5876222e+00	4.7082513e-02
8.6094312e+00	7.1392188e-03
8.6312401e+00	-1.5028544e-01
8.6530491e+00	-8.1108807e-02
8.6748580e+00	1.3968224e-01
8.6966669e+00	3.8286176e-02
8.7184759e+00	8.4155638e-02
8.7402848e+00	-1.6188776e-01
8.7620937e+00	-9.7817953e-02
8.7839027e+00	1.1197933e-01
8.8057116e+00	4.2809783e-02
8.8275206e+00	-6.3339083e-02
8.8493295e+00	1.0018027e-01
8.8711384e+00	-7.3091705e-02
8.8929474e+00	-1.1194891e-01
8.9147563e+00	1.0196683e-01
8.9365652e+00	1.5301117e-01
8.9583742e+00	-1.0047399e-01
8.9801831e+00	1.9158695e-01
9.0019921e+00	3.6495153e-01
9.0238010e+00	-8.1941551e-02
9.0456099e+00	4.0814291e-02
9.0674189e+00	2.0170577e-01
9.0892278e+00	-1.0584469e-01
9.1110368e+00	-5.8947589e-02
9.1328457e+00	-5.7911442e-02
9.1546546e+00	2.6439771e-02
9.1764636e+00	9.3450325e-03
9.1982725e+00	-1.8356509e-01
9.2200814e+00	3.8043076e-02
9.2418904e+00	1.6847999e-01
9.2636993e+00	3.3156714e-01
9.2855083e+00	3.4795318e-01
9.3073172e+00	-1.1105390e-02
9.3291261e+00	9.8867058e-02
9.3509351e+00	1.0064296e-01
9.3727440e+00	-2.4766119e-02
9.3945530e+00	-2.2285137e-02
9.4163619e+00	-7.7800390e-03
9.4381708e+00	-7.7294326e-03
9.4599798e+00	-4.3422872e-02
9.4817887e+00	4.3434561e-03
9.5035976e+00	2.7323302e-02
9.5254066e+00	-1.2977713e-01
9.5472155e+00	3.6225068e-01
9.5690245e+00	4.1271208e-01
9.5908334e+00	2.3492451e-01
9.6126423e+00	2.9794930e-01
9.6344513e+00	-6.1193220e-02
9.6562602e+00	-4.1007831e-02
9.6780691e+00	3.5049063e-02
9.6998781e+00	3.2402549e-01
9.7216870e+00	1.9819728e-01
9.7434960e+00	-6.5163916e-02
9.7653049e+00	8.2615167e-02
9.7871138e+00	-1.4749246e-01
9.8089228e+00	2.4649262e-02
9.8307317e+00	2.9477872e-01
9.8525407e+00	3.4771255e-02
9.8743496e+00	8.6969584e-02
9.8961585e+00	2.1782042e-01
9.9179675e+00	1.3893604e-01
9.9397764e+00	-7.3084392e-02
9.9615853e+00	-1.1723354e-02
9.9833943e+00	-2.1633949e-01
1.0005203e+01	-8.8530041e-02
1.0027012e+01	4.3714060e-02
1.0048821e+01	-2.4350202e-05
1.0070630e+01	3.5578486e-01
1.0092439e+01	5.6993164e-01
1.0114248e+01	3.1358523e-01
1.0136057e+01	8.0486787e-02
1.0157866e+01	3.8091767e-02
1.0179675e+01	1.5780050e-01
1.0201484e+01	2.9861702e-02
1.0223293e+01	-7.4965901e-02
1.0245102e+01	8.0632695e-02
1.0266910e+01	-1.0700295e-01
1.0288719e+01	-2.4141395e-01
1.0310528e+01	5.5618179e-02
1.0332337e+01	1.1181340e+00
1.0354146e+01	1.7391471e+00
1.0375955e+01	2.5949487e+00
1.0397764e+01	3.0396865e+00
1.0419573e+01	3.7382337e+00
1.0441382e+01	5.1931228e+00
1.0463191e+01	7.2776122e+00
1.0485000e+01	1.1022464e+01
1.0506809e+01	1.6290674e+01
1.0528618e+01	2.0078405e+01
1.0550427e+01	2.0747189e+01
1.0572236e+01	1.8924192e+01
1.0594045e+01	1.8224555e+01
1.0615853e+01	1.9467828e+01
1.0637662e+01	2.0741913e+01
1.0659471e+01	2.1537703e+01
1.0681280e+01	1.9396995e+01
1.0703089e+01	1.3981699e+01
1.0724898e+01	8.2277897e+00
1.0746707e+01	4.7829786e+00
1.0768516e+01	2.9205099e+00
1.0790325e+01	1.7805801e+00
1.0812134e+01	1.2538366e+00
1.0833943e+01	8.1764997e-01
1.0855752e+01	3.5129850e-01
1.0877561e+01	-5.8565318e-02
1.0899370e+01	2.0262559e-01
1.0921179e+01	-8.6389402e-03
1.0942988e+01	9.9092797e-02
1.0964796e+01	1.0835151e-02
1.0986605e+01	3.0452542e-01
1.1008414e+01	5.8737646e-01
1.1030223e+01	6.8448607e-01
1.1052032e+01	9.2108499e-01
1.1073841e+01	1.5136959e+00
1.1095650e+01	1.4666957e+00
1.1117459e+01	1.7227429e+00
1.1139268e+01	1.8564814e+00
1.1161077e+01	2.3347698e+00
1.1182886e+01	2.6142919e+00
1.1204695e+01	3.0638795e+00
1.1226504e+01	3.5691402e+00
1.1248313e+01	3.1417958e+00
1.1270122e+01	1.6738841e+00
1.1291931e+01	8.5938067e-01
1.1313740e+01	5.4739936e-01
1.1335548e+01	4.4147487e-01
1.1357357e+01	-3.9275294e-02
1.1379166e+01	-4.1142591e-02
1.1400975e+01	4.2311202e-02
1.1422784e+01	-2.8627781e-02
1.1444593e+01	-7.4117984e-02
1.1466402e+01	-2.0939115e-02
1.1488211e+01	1.5603640e-01
1.1510020e+01	3.3402963e-01
1.1531829e+01	4.9673443e-01
1.1553638e+01	3.7003144e-01
1.1575447e+01	4.9161236e-02
1.1597256e+01	-9.6713553e-02
1.1619065e+01	-1.6182369e-01
1.1640874e+01	-1.8502333e-02
1.1662683e+01	3.4554423e-02
1.1684491e+01	1.9320577e-01
1.1706300e+01	4.5990803e-01
1.1728109e+01	3.4289169e-01
1.1749918e+01	-1.4320193e-02
1.1771727e+01	2.2251024e-02
1.1793536e+01	9.0862892e-02
1.1815345e+01	5.4263407e-02
1.1837154e+01	-1.3245028e-01
1.1858963e+01	2.2713695e-01
1.1880772e+01	2.4381717e-01
1.1902581e+01	-8.6637198e-02
1.1924390e+01	-1.0620473e-01
1.1946199e+01	7.7403691e-02
1.1968008e+01	5.3945516e-01
1.1989817e+01	3.5893498e-01
1.2011626e+01	5.7207158e-02
1.2033434e+01	-1.4535023e-02
1.2055243e+01	-1.0930210e-01
1.2077052e+01	8.7062453e-02
1.2098861e+01	-5.1212557e-02
1.2120670e+01	5.1844281e-02
1.2142479e+01	-3.3388981e-02
1.2164288e+01	3.7031157e-01
1.2186097e+01	2.8616529e-01
1.2207906e+01	-3.3682949e-02
1.2229715e+01	-4.0475992e-03
1.2251524e+01	-3.9209868e-02
1.2273333e+01	-5.8969208e-02
1.2295142e+01	1.7521041e-01
1.2316951e+01	5.5068262e-02
1.2338760e+01	-4.0498925e-02
1.2360569e+01	8.7391306e-02
1.2382377e+01	6.3014868e-02
1.2404186e+01	-5.6729695e-02
1.2425995e+01	-1.6027566e-01
1.2447804e+01	-4.9354743e-02
1.2469613e+01	1.1287484e-01
1.2491422e+01	1.6154956e-01
1.2513231e+01	1.9407612e-01
1.2535040e+01	3.6028938e-01
1.2556849e+01	-1.7435769e-01
1.2578658e+01	-2.0281304e-01
1.2600467e+01	-9.1874694e-02
1.2622276e+01	1.6006973e-01
1.2644085e+01	1.3071088e-01
1.2665894e+01	-8.9260514e-03
1.2687703e+01	1.7073987e-01
1.2709512e+01	-1.2736186e-02
1.2731320e+01	-1.2008042e-01
1.2753129e+01	-6.8799060e-03
1.2774938e+01	-1.2189130e-02
1.2796747e+01	-1.1891051e-01
1.2818556e+01	-1.0339356e-01
1.2840365e+01	1.0143281e-01
1.2862174e+01	1.4850194e-01
1.2883983e+01	-4.7349704e-02
1.2905792e+01	-1.0840025e-01
1.2927601e+01	1.1239804e-01
1.2949410e+01	9.3968077e-02
1.2971219e+01	9.8459963e-02
1.2993028e+01	-6.6835466e-02
1.3014837e+01	1.7516259e-01
1.3036646e+01	6.1862644e-01
1.3058455e+01	9.1796206e-01
1.3080264e+01	8.8384743e-01
1.3102072e+01	7.6202151e-01
1.3123881e+01	2.9329927e-01
1.3145690e+01	4.5037666e-01
1.3167499e+01	3.3589348e-01
1.3189308e+01	-5.2534049e-02
1.3211117e+01	-4.8309571e-02
1.3232926e+01	4.1763394e-01
1.3254735e+01	2.9096236e-01
1.3276544e+01	1.5418638e-01
1.3298353e+01	4.9973699e-02
1.3320162e+01	-2.3554541e-01
1.3341971e+01	-4.5784663e-01
1.3363780e+01	2.0562988e-01
1.3385589e+01	5.1437351e-01
1.3407398e+01	6.7471462e-01
1.3429207e+01	5.9195795e-01
1.3451015e+01	3.1529825e-01
1.3472824e+01	1.3612117e-01
1.3494633e+01	1.5994651e-01
1.3516442e+01	1.4450868e-01
1.3538251e+01	1.3044245e-01
1.3560060e+01	4.5693178e-02
1.3581869e+01	3.8463987e-03
1.3603678e+01	-1.1437607e-01
1.3625487e+01	-8.4935433e-02
1.3647296e+01	-7.4468465e-02
1.3669105e+01	-2.8640238e-03
1.3690914e+01	3.9849012e-02
1.3712723e+01	6.3861109e-02
1.3734532e+01	-4.3167900e-03
1.3756341e+01	-3.5195838e-02
1.3778150e+01	1.1462529e-02
1.3799958e+01	5.6860548e-02
1.3821767e+01	-2.2370085e-01
1.3843576e+01	1.8979169e-01
1.3865385e+01	2.8960524e-01
1.3887194e+01	6.4341042e-02
1.3909003e+01	-4.4847311e-02
1.3930812e+01	2.0335254e-02
1.3952621e+01	1.1181223e-01
1.3974430e+01	3.9224712e-01
1.3996239e+01	1.5713370e-01
1.4018048e+01	-3.2209648e-01
1.4039857e+01	-1.4420049e-01
1.4061666e+01	9.5452159e-02
1.4083475e+01	1.4593857e-01
1.4105284e+01	6.1199929e-02
1.4127093e+01	-4.4511771e-02
1.4148901e+01	-6.3825786e-02
1.4170710e+01	-3.1509129e-02
1.4192519e+01	1.2856340e-02
1.4214328e+01	1.2349539e-02
1.4236137e+01	6.2207514e-03
1.4257946e+01	-2.2707530e-02
1.4279755e+01	-1.4907816e-02
1.4301564e+01	7.8157939e-03
1.4323373e+01	9.2030701e-02
1.4345182e+01	1.5753725e-01
1.4366991e+01	1.2013868e-02
1.4388800e+01	-1.1424115e-02
1.4410609e+01	3.0793993e-02
1.4432418e+01	-2.1873168e-01
1.4454227e+01	-1.2102571e-02
1.4476036e+01	1.8414940e-02
1.4497844e+01	-4.3464967e-03
1.4519653e+01	1.0861050e-01
1.4541462e+01	2.1670803e-01
1.4563271e+01	1.7904174e-03
1.4585080e+01	-2.0930828e-01
1.4606889e+01	4.7671401e-02
1.4628698e+01	1.6740862e-02
1.4650507e+01	5.8133906e-02
1.4672316e+01	-8.5324349e-02
1.4694125e+01	-1.5215970e-01
1.4715934e+01	-1.2466207e-01
1.4737743e+01	1.6246360e-01
1.4759552e+01	1.8247663e-01
1.4781361e+01	6.4075661e-02
1.4803170e+01	3.9129927e-01
1.4824979e+01	9.2020207e-01
1.4846787e+01	1.9628688e+00
1.4868596e+01	3.0479891e+00
1.4890405e+01	3.8183196e+00
1.4912214e+01	3.7420182e+00
1.4934023e+01	3.4873134e+00
1.4955832e+01	3.1628651e+00
1.4977641e+01	3.3836868e+00
1.4999450e+01	3.4775852e+00
1.5021259e+01	3.9432982e+00
1.5043068e+01	4.1896822e+00
1.5064877e+01	4.3857962e+00
1.5086686e+01	4.2932597e+00
1.5108495e+01	3.7267855e+00
1.5130304e+01	2.4786642e+00
1.5152113e+01	1.1400065e+00
1.5173922e+01	4.2360121e-01
1.5195731e+01	7.5012944e-02
1.5217539e+01	1.0633420e-01
1.5239348e+01	-1.5152526e-01
1.5261157e+01	-1.2939126e-01
1.5282966e+01	1.7324918e-01
1.5304775e+01	1.8064998e-01
1.5326584e+01	-7.4082633e-02
1.5348393e+01	1.8900090e-02
1.5370202e+01	-1.2867400e-01
1.5392011e+01	2.5925572e-02
1.5413820e+01	-1.0531166e-01
1.5435629e+01	-2.7237565e-02
1.5457438e+01	1.9432024e-01
1.5479247e+01	5.1974534e-02
1.5501056e+01	2.4418907e-02
1.5522865e+01	-2.5444233e-03
1.5544674e+01	-9.0306690e-02
1.5566482e+01	-3.5783420e-02
1.5588291e+01	-3.7211140e-02
1.5610100e+01	5.8662884e-02
1.5631909e+01	1.1750524e-01
1.5653718e+01	1.0458430e-02
1.5675527e+01	-1.9983943e-02
1.5697336e+01	2.8991802e-02
1.5719145e+01	8.4182988e-02
1.5740954e+01	-7.1404986e-02
1.5762763e+01	-4.6021111e-02
1.5784572e+01	-1.1069754e-01
1.5806381e+01	-2.5112853e-02
1.5828190e+01	1.4498512e-01
1.5849999e+01	-1.0483384e-01
1.5871808e+01	1.9082961e-03
1.5893617e+01	1.2672888e-01
1.5915425e+01	2.8120728e-02
1.5937234e+01	1.4850437e-01
1.5959043e+01	-1.6212778e-01
1.5980852e+01	-1.3692609e-02
1.6002661e+01	3.1005918e-01
1.6024470e+01	-1.0475409e-01
1.6046279e+01	4.6851132e-02
1.6068088e+01	2.0035015e-02
1.6089897e+01	5.6659037e-02
1.6111706e+01	1.5198628e-02
1.6133515e+01	-1.4291181e-01
1.6155324e+01	2.3305667e-02
1.6177133e+01	-4.0675340e-02
1.6198942e+01	1.2871239e-02
1.6220751e+01	1.0817481e-01
1.6242560e+01	1.0908646e-02
1.6264368e+01	7.8034764e-02
1.6286177e+01	-1.6689872e-01
1.6307986e+01	9.3466631e-02
1.6329795e+01	1.8591852e-01
1.6351604e+01	3.0593173e-02
1.6373413e+01	-3.0954012e-02
1.6395222e+01	-2.4505478e-03
1.6417031e+01	-8.0969675e-02
1.6438840e+01	-3.2211054e-02
1.6460649e+01	-7.0016628e-02
1.6482458e+01	-8.4368161e-02
1.6504267e+01	-6.3188867e-02
1.6526076e+01	4.1744062e-02
1.6547885e+01	-2.6767645e-02
1.6569694e+01	6.5627818e-02
1.6591503e+01	9.8900995e-02
1.6613311e+01	1.8341351e-01
1.6635120e+01	1.4816220e-01
1.6656929e+01	-3.9047382e-02
1.6678738e+01	-8.3260133e-02
1.6700547e+01	-1.4654589e-01
1.6722356e+01	-9.1426404e-02
1.6744165e+01	-8.3320632e-02
1.6765974e+01	1.8644381e-01
1.6787783e+01	1.6150390e-02
1.6809592e+01	5.5887976e-02
1.6831401e+01	1.5019436e-01
1.6853210e+01	2.4036542e-01
1.6875019e+01	1.8104244e-01
1.6896828e+01	-1.0333716e-01
1.6918637e+01	-5.3195846e-02
1.6940446e+01	-8.4948652e-02
1.6962254e+01	-8.6984878e-02
1.6984063e+01	-5.8605443e-02
1.7005872e+01	2.2408989e-02
1.7027681e+01	1.7722886e-01
1.7049490e+01	-1.2967179e-02
1.7071299e+01	-7.1205233e-02
1.7093108e+01	-2.2331557e-02
1.7114917e+01	8.3036774e-02
1.7136726e+01	9.1595568e-02
1.7158535e+01	-5.2578481e-02
1.7180344e+01	2.4941374e-02
1.7202153e+01	-6.4390946e-02
1.7223962e+01	-1.0901229e-01
1.7245771e+01	5.5768507e-02
1.7267580e+01	1.4100518e-01
1.7289389e+01	-3.9435886e-03
1.7311198e+01	-8.1350635e-02
1.7333006e+01	-8.0523500e-02
1.7354815e+01	1.1208969e-01
1.7376624e+01	8.2740669e-02
1.7398433e+01	-9.1754838e-02
1.7420242e+01	-1.7335067e-02
1.7442051e+01	3.8668025e-02
1.7463860e+01	6.0219852e-02
1.7485669e+01	1.0839229e-02
1.7507478e+01	-4.4096567e-02
1.7529287e+01	-1.9078846e-02
1.7551096e+01	-2.8915523e-02
1.7572905e+01	-1.2814903e-01
1.7594714e+01	2.1894537e-02
1.7616523e+01	5.6083605e-02
1.7638332e+01	6.7878757e-03
1.7660141e+01	1.0591573e-01
1.7681949e+01	3.4040661e-02
1.7703758e+01	-6.6214082e-02
1.7725567e+01	-2.0792162e-02
1.7747376e+01	-1.9412458e-02
1.7769185e+01	1.1838073e-01
1.7790994e+01	5.9688704e-02
1.7812803e+01	-9.3727062e-02
1.7834612e+01	-1.2165843e-01
1.7856421e+01	-1.6919233e-02
1.7878230e+01	1.0263867e-02
1.7900039e+01	8.5647306e-03
1.7921848e+01	1.2509676e-01
1.7943657e+01	-5.0347625e-02
1.7965466e+01	6.8984798e-02
1.7987275e+01	-4.5119727e-03
1.8009084e+01	-1.1118635e-01
1.8030892e+01	-4.2165397e-03
1.8052701e+01	3.1852339e-02
1.8074510e+01	8.5932538e-02
1.8096319e+01	-1.2805425e-01
1.8118128e+01	3.6937688e-02
1.8139937e+01	1.1336468e-02
1.8161746e+01	-1.5494346e-02
1.8183555e+01	1.0966693e-02
1.8205364e+01	-4.7259256e-03
1.8227173e+01	6.7253463e-02
1.8248982e+01	8.8139863e-02
1.8270791e+01	6.6840228e-02
1.8292600e+01	-6.3687568e-02
1.8314409e+01	-1.3370346e-01
1.8336218e+01	-1.0958185e-01
1.8358027e+01	-5.5507413e-02
1.8379835e+01	1.0258073e-01
1.8401644e+01	-9.6872689e-02
1.8423453e+01	5.4837911e-02
1.8445262e+01	1.0076026e-02
1.8467071e+01	-7.1544637e-02
1.8488880e+01	1.1348642e-01
1.8510689e+01	1.0307618e-01
1.8532498e+01	1.1110299e-01
1.8554307e+01	1.4396022e-01
1.8576116e+01	-2.2923276e-02
1.8597925e+01	-9.2649528e-02
1.8619734e+01	-1.2479696e-01
1.8641543e+01	-7.8836904e-02
1.8663352e+01	-5.3233871e-02
1.8685161e+01	8.0815229e-02
1.8706970e+01	1.3614511e-02
1.8728778e+01	6.3815736e-02
1.8750587e+01	4.3707831e-02
1.8772396e+01	-1.1296191e-01
1.8794205e+01	-1.4826913e-03
1.8816014e+01	2.3407533e-02
1.8837823e+01	1.0842178e-02
1.8859632e+01	1.9551736e-02
1.8881441e+01	-2.4599984e-02
1.8903250e+01	1.1202782e-01
1.8925059e+01	-1.9112256e-01
1.8946868e+01	-1.3932234e-02
1.8968677e+01	9.1267432e-02
1.8990486e+01	-1.0189937e-02
1.9012295e+01	-4.3235854e-02
1.9034104e+01	4.4256492e-02
1.9055913e+01	-7.0540387e-02
1.9077721e+01	7.8382494e-02
1.9099530e+01	2.3589113e-01
1.9121339e+01	1.1071802e-01
1.9143148e+01	-4.5374987e-02
1.9164957e+01	-1.9628816e-04
1.9186766e+01	-3.2092832e-03
1.9208575e+01	-9.7630834e-02
1.9230384e+01	-5.2539960e-02
1.9252193e+01	-1.3812151e-01
1.9274002e+01	-4.6571444e-02
1.9295811e+01	1.5151259e-02
1.9317620e+01	5.4392524e-02
1.9339429e+01	7.2289389e-02
1.9361238e+01	2.1645863e-01
1.9383047e+01	5.7811459e-02
1.9404856e+01	3.3928223e-02
1.9426665e+01	1.1312882e-01
1.9448473e+01	5.5379917e-03
1.9470282e+01	-7.7412987e-02
1.9492091e+01	-1.0239511e-01
1.9513900e+01	5.6259757e-02
1.9535709e+01	-2.4382369e-03
1.9557518e+01	-9.1446002e-02
1.9579327e+01	-1.0592728e-01
1.9601136e+01	1.6154718e-01
1.9622945e+01	2.5158365e-02
1.9644754e+01	-7.3256290e-02
1.9666563e+01	1.1544469e-01
1.9688372e+01	-3.5196710e-03
1.9710181e+01	-1.7508788e-01
1.9731990e+01	1.8874970e-01
1.9753799e+01	8.9776983e-02
1.9775608e+01	-1.8692940e-01
1.9797416e+01	-5.4910232e-02
1.9819225e+01	6.6776649e-02
1.9841034e+01	-4.1566750e-03
1.9862843e+01	4.9352105e-02
1.9884652e+01	1.0375268e-01
1.9906461e+01	-1.5463890e-02
1.9928270e+01	-8.0619348e-02
1.9950079e+01	1.5015161e-01
1.9971888e+01	3.5448433e-01
1.9993697e+01	7.0039025e-02
2.0015506e+01	-6.6539840e-02
2.0037315e+01	-2.4711855e-02
2.0059124e+01	-1.0711997e-01
2.0080933e+01	5.8855087e-02
2.0102742e+01	-8.4487916e-02
2.0124551e+01	5.8789479e-02
2.0146359e+01	-3.2707262e-02
2.0168168e+01	8.6040133e-02
2.0189977e+01	-1.1430352e-02
2.0211786e+01	-1.2960698e-01
2.0233595e+01	1.2356629e-02
2.0255404e+01	-4.1849003e-02
2.0277213e+01	7.6110621e-02
2.0299022e+01	1.2228647e-01
2.0320831e+01	2.1423178e-02
2.0342640e+01	5.4359443e-02
2.0364449e+01	-1.5368616e-01
2.0386258e+01	5.2777620e-03
2.0408067e+01	1.4492417e-02
2.0429876e+01	-1.8944762e-01
2.0451685e+01	5.8885245e-02
2.0473494e+01	1.9520548e-01
2.0495302e+01	6.1837286e-02
2.0517111e+01	9.8244454e-02
2.0538920e+01	-8.5685031e-02
2.0560729e+01	-1.1922112e-02
2.0582538e+01	6.0695192e-02
2.0604347e+01	9.6758876e-03
2.0626156e+01	-4.2584929e-02
2.0647965e+01	-4.4387075e-02
2.0669774e+01	-6.0644364e-02
2.0691583e+01	2.8173469e-02
2.0713392e+01	1.2282478e-01
2.0735201e+01	1.0283508e-01
2.0757010e+01	-1.0377605e-01
2.0778819e+01	-1.3382228e-01
2.0800628e+01	-1.7900241e-02
2.0822437e+01	-1.3810089e-01
2.0844245e+01	4.8962021e-02
2.0866054e+01	2.4341003e-01
2.0887863e+01	2.1225793e-02
2.0909672e+01	7.7183350e-02
2.0931481e+01	5.0528117e-01
2.0953290e+01	6.5575079e-01
2.0975099e+01	1.1313499e+00
2.0996908e+01	2.5685982e+00
2.1018717e+01	4.8039003e+00
2.1040526e+01	7.0962459e+00
2.1062335e+01	8.5073167e+00
2.1084144e+01	8.3851214e+00
2.1105953e+01	7.0320646e+00
2.1127762e+01	5.9894791e+00
2.1149571e+01	5.6404394e+00
2.1171380e+01	6.3597293e+00
2.1193188e+01	7.7840665e+00
2.1214997e+01	9.5462866e+00
2.1236806e+01	1.1186408e+01
2.1258615e+01	1.2779769e+01
2.1280424e+01	1.3935178e+01
2.1302233e+01	1.4075584e+01
2.1324042e+01	1.2814342e+01
2.1345851e+01	1.0691622e+01
2.1367660e+01	7.8237281e+00
2.1389469e+01	4.6715360e+00
2.1411278e+01	2.4625589e+00
2.1433087e+01	1.0779275e+00
2.1454896e+01	3.5207642e-01
2.1476705e+01	-5.1775720e-03
2.1498514e+01	-2.3036652e-01
2.1520323e+01	2.8586935e-02
2.1542132e+01	7.0974053e-02
2.1563940e+01	1.5424856e-01
2.1585749e+01	1.7287843e-01
2.1607558e+01	3.2904022e-01
2.1629367e+01	2.8616430e-01
2.1651176e+01	1.0367824e-01
2.1672985e+01	9.6251222e-02
2.1694794e+01	-9.9147005e-02
2.1716603e+01	-1.5943978e-01
2.1738412e+01	-6.8926723e-02
2.1760221e+01	7.6301644e-03
2.1782030e+01	-6.7085904e-02
2.1803839e+01	-7.8523597e-02
2.1825648e+01	-3.5380736e-02
2.1847457e+01	2.0102802e-01
2.1869266e+01	1.0975886e-01
2.1891075e+01	-3.2170206e-02
2.1912883e+01	-8.8561405e-02
2.1934692e+01	4.1900866e-02
2.1956501e+01	6.5053020e-02
2.1978310e+01	-7.8505608e-02
2.2000119e+01	2.9730874e-02
2.2021928e+01	-3.1492071e-02
2.2043737e+01	3.1425632e-02
2.2065546e+01	1.3167727e-01
2.2087355e+01	-1.1544533e-01
2.2109164e+01	6.1445531e-02
2.2130973e+01	2.0732060e-01
2.2152782e+01	-9.6284523e-02
2.2174591e+01	-1.3798954e-01
2.2196400e+01	5.4037146e-02
2.2218209e+01	3.3876709e-02
2.2240018e+01	-7.9214361e-02
2.2261826e+01	2.5451953e-02
2.2283635e+01	5.3748865e-02
2.2305444e+01	-1.7881097e-02
2.2327253e+01	2.6530840e-04
2.2349062e+01	1.8094289e-01
2.2370871e+01	1.3195663e-01
2.2392680e+01	-5.4806610e-02
2.2414489e+01	-1.6623620e-01
2.2436298e+01	-7.8262066e-02
2.2458107e+01	-5.6559550e-03
2.2479916e+01	8.7934833e-02
2.2501725e+01	2.7419631e-01
2.2523534e+01	8.9474671e-02
2.2545343e+01	-1.0050696e-01
2.2567152e+01	-2.7067792e-02
2.2588961e+01	1.5136030e-02
2.2610769e+01	2.0096090e-02
2.2632578e+01	-3.5173405e-02
2.2654387e+01	3.7888682e-02
2.2676196e+01	-1.8112588e-02
2.2698005e+01	-4.5186061e-02
2.2719814e+01	1.3489701e-02
2.2741623e+01	9.7425854e-02
2.2763432e+01	3.2455872e-02
2.2785241e+01	-1.3065911e-01
2.2807050e+01	3.6012518e-02
2.2828859e+01	6.0842588e-02
2.2850668e+01	-1.0126078e-02
2.2872477e+01	3.9743658e-02
2.2894286e+01	-1.3158787e-01
2.2916095e+01	-1.0851437e-01
2.2937904e+01	1.4956561e-01
2.2959712e+01	3.5239532e-02
2.2981521e+01	2.3258638e-02
2.3003330e+01	1.2189674e-02
2.3025139e+01	9.0630412e-02
2.3046948e+01	-5.0400858e-02
2.3068757e+01	-1.1762493e-01
2.3090566e+01	2.0115955e-02
2.3112375e+01	-5.6579702e-02
2.3134184e+01	4.9549850e-02
2.3155993e+01	1.0526994e-01
2.3177802e+01	9.9753778e-02
2.3199611e+01	3.6480939e-02
2.3221420e+01	-1.1618233e-02
2.3243229e+01	-1.7585387e-01
2.3265038e+01	-2.3179194e-02
2.3286847e+01	-1.3903767e-01
2.3308655e+01	1.8542394e-02
2.3330464e+01	4.9917659e-04
2.3352273e+01	-3.6547623e-02
2.3374082e+01	8.0253072e-02
2.3395891e+01	7.8372076e-02
2.3417700e+01	4.5252532e-01
2.3439509e+01	9.7836054e-01
2.3461318e+01	1.4258892e+00
2.3483127e+01	2.3470407e+00
2.3504936e+01	4.0826677e+00
2.3526745e+01	5.5917005e+00
2.3548554e+01	6.7445236e+00
2.3570363e+01	6.8801195e+00
2.3592172e+01	6.1310986e+00
2.3613981e+01	5.3074595e+00
2.3635790e+01	4.6479786e+00
2.3657599e+01	4.8658304e+00
2.3679407e+01	5.8837473e+00
2.3701216e+01	7.2234669e+00
2.3723025e+01	8.6609935e+00
2.3744834e+01	1.0043683e+01
2.3766643e+01	1.1342529e+01
2.3788452e+01	1.3222288e+01
2.3810261e+01	1.4588401e+01
2.3832070e+01	1.4408644e+01
2.3853879e+01	1.2959386e+01
2.3875688e+01	1.0546445e+01
2.3897497e+01	7.8737715e+00
2.3919306e+01	5.3459091e+00
2.3941115e+01	3.2921166e+00
2.3962924e+01	1.9597693e+00
2.3984733e+01	1.1640778e+00
2.4006542e+01	7.1541249e-01
2.4028350e+01	1.9596487e-01
2.4050159e+01	-3.3130587e-02
2.4071968e+01	5.4479756e-02
2.4093777e+01	6.4171373e-02
2.4115586e+01	-2.3903341e-02
2.4137395e+01	-5.8967046e-02
2.4159204e+01	-1.4735213e-01
2.4181013e+01	-7.0316829e-02
2.4202822e+01	2.5096320e-02
2.4224631e+01	7.3139331e-02
2.4246440e+01	1.1942432e-01
2.4268249e+01	-4.3086151e-02
2.4290058e+01	-1.3688303e-01
2.4311867e+01	1.2413457e-02
2.4333676e+01	-4.8499242e-02
2.4355485e+01	-1.6134258e-01
2.4377293e+01	5.5707160e-02
2.4399102e+01	1.0073774e-01
2.4420911e+01	5.3356856e-02
2.4442720e+01	-5.4352024e-02
2.4464529e+01	-3.7048930e-02
2.4486338e+01	8.0808412e-02
2.4508147e+01	1.3366172e-01
2.4529956e+01	9.9562645e-02
2.4551765e+01	2.4817828e-01
2.4573574e+01	4.1273225e-01
2.4595383e+01	5.2169268e-01
2.4617192e+01	8.5783853e-01
2.4639001e+01	9.0380529e-01
2.4660810e+01	3.8521443e-01
2.4682619e+01	8.9598406e-02
2.4704428e+01	-3.1247623e-02
2.4726236e+01	-8.4219504e-02
2.4748045e+01	-1.0824602e-01
2.4769854e+01	-5.3647891e-02
2.4791663e+01	-1.0158379e-01
2.4813472e+01	1.1587455e-02
2.4835281e+01	6.6556945e-02
2.4857090e+01	-6.3482666e-02
2.4878899e+01	2.1264539e-02
2.4900708e+01	1.0512919e-01
2.4922517e+01	-3.2307915e-02
2.4944326e+01	2.7406247e-02
2.4966135e+01	1.8803111e-02
2.4987944e+01	-7.3135318e-02
2.5009753e+01	6.3588077e-03
2.5031562e+01	-8.0221327e-03
2.5053371e+01	3.9810643e-02
2.5075179e+01	5.5762033e-02
2.5096988e+01	-9.4027323e-02
2.5118797e+01	1.1591935e-01
2.5140606e+01	-1.9841212e-01
2.5162415e+01	6.5967499e-03
2.5184224e+01	8.5623193e-02
2.5206033e+01	6.4718919e-02
2.5227842e+01	7.4303101e-02
2.5249651e+01	-7.3231799e-02
2.5271460e+01	-6.0955694e-02
2.5293269e+01	1.9432540e-03
2.5315078e+01	-6.9665317e-04
2.5336887e+01	1.7429921e-01
2.5358696e+01	3.2449965e-01
2.5380505e+01	9.8584658e-02
2.5402314e+01	-1.2639292e-01
2.5424123e+01	1.3432267e-03
2.5445931e+01	-6.4110613e-02
2.5467740e+01	-4.1707844e-02
2.5489549e+01	4.6761769e-02
2.5511358e+01	3.6353219e-02
2.5533167e+01	5.2377891e-02
2.5554976e+01	-2.0407997e-01
2.5576785e+01	8.6348539e-02
2.5598594e+01	-3.2169998e-02
2.5620403e+01	-5.1028810e-02
2.5642212e+01	1.8463698e-02
2.5664021e+01	-1.3380337e-02
2.5685830e+01	1.2074515e-01
2.5707639e+01	3.6082490e-01
2.5729448e+01	7.0330606e-01
2.5751257e+01	1.1071563e+00
2.5773066e+01	1.3256002e+00
2.5794874e+01	1.6352315e+00
2.5816683e+01	1.7628858e+00
2.5838492e+01	1.8559148e+00
2.5860301e+01	1.7722361e+00
2.5882110e+01	1.5408433e+00
2.5903919e+01	1.4884751e+00
2.5925728e+01	1.7326322e+00
2.5947537e+01	1.8983622e+00
2.5969346e+01	2.2842257e+00
2.5991155e+01	2.8341204e+00
2.6012964e+01	3.3128510e+00
2.6034773e+01	3.6363231e+00
2.6056582e+01	4.1449543e+00
2.6078391e+01	4.3259753e+00
2.6100200e+01	4.2054068e+00
2.6122009e+01	3.7415893e+00
2.6143817e+01	3.1640426e+00
2.6165626e+01	2.4095942e+00
2.6187435e+01	1.7520159e+00
2.6209244e+01	1.1546083e+00
2.6231053e+01	8.4211600e-01
2.6252862e+01	4.1129169e-01
2.6274671e+01	7.5075001e-02
2.6296480e+01	1.3329740e-02
2.6318289e+01	3.5441344e-02
2.6340098e+01	-1.1052713e-01
2.6361907e+01	-1.2663784e-01
2.6383716e+01	-2.6196826e-02
2.6405525e+01	3.4306021e-02
2.6427334e+01	8.5188520e-02
2.6449143e+01	3.6228864e-02
2.6470952e+01	9.8621439e-02
2.6492760e+01	-9.1420493e-02
2.6514569e+01	-7.0230023e-02
2.6536378e+01	-1.4851113e-02
2.6558187e+01	-1.0122706e-01
2.6579996e+01	-5.0574536e-02
2.6601805e+01	6.1657827e-02
2.6623614e+01	4.4337772e-02
2.6645423e+01	1.1240599e-01
2.6667232e+01	1.5270696e-01
2.6689041e+01	1.8699977e-01
2.6710850e+01	8.1452138e-02
2.6732659e+01	-1.0182188e-01
2.6754468e+01	-6.3927420e-02
2.6776277e+01	-1.5044475e-01
2.6798086e+01	-3.9008577e-02
2.6819895e+01	-8.1748837e-02
2.6841703e+01	-1.2920769e-01
2.6863512e+01	3.4386385e-02
2.6885321e+01	1.3946177e-01
2.6907130e+01	-1.1928495e-02
2.6928939e+01	-1.1201086e-03
2.6950748e+01	1.5573046e-01
2.6972557e+01	3.3602032e-02
2.6994366e+01	-6.6104528e-03
2.7016175e+01	9.0512546e-02
2.7037984e+01	6.2446668e-02
2.7059793e+01	-6.9983004e-02
2.7081602e+01	-6.1939888e-02
2.7103411e+01	-6.4309970e-02
2.7125220e+01	3.4299043e-02
2.7147029e+01	-5.2646259e-02
2.7168838e+01	-6.2423715e-02
2.7190646e+01	-3.7353730e-02
2.7212455e+01	6.8296700e-02
2.7234264e+01	7.0891865e-03
2.7256073e+01	5.8508907e-02
2.7277882e+01	1.5723215e-01
2.7299691e+01	-1.2101390e-01
2.7321500e+01	-1.5876596e-01
2.7343309e+01	2.2480945e-02
2.7365118e+01	-5.6410556e-03
2.7386927e+01	1.5203798e-01
2.7408736e+01	6.1433793e-02
2.7430545e+01	-5.1396820e-02
2.7452354e+01	-4.7743879e-02
2.7474163e+01	-1.0421062e-01
2.7495972e+01	1.0080772e-01
2.7517781e+01	1.7447842e-01
2.7539590e+01	4.0905567e-02
2.7561398e+01	-2.6487179e-02
2.7583207e+01	1.8504515e-02
2.7605016e+01	-6.0810630e-02
2.7626825e+01	-1.6739114e-01
2.7648634e+01	-6.9107897e-02
2.7670443e+01	-9.2049135e-02
2.7692252e+01	7.6308185e-02
2.7714061e+01	1.8627619e-01
2.7735870e+01	1.3362753e-01
2.7757679e+01	3.1480271e-01
2.7779488e+01	4.6485631e-01
2.7801297e+01	4.5563595e-01
2.7823106e+01	3.0760631e-01
2.7844915e+01	2.3201824e-01
2.7866724e+01	8.6342565e-02
2.7888533e+01	-4.0024700e-02
2.7910341e+01	-9.1400851e-02
2.7932150e+01	-1.4364753e-01
2.7953959e+01	1.3520918e-03
2.7975768e+01	8.5460374e-03
2.7997577e+01	1.6565323e-02
2.8019386e+01	-4.0176375e-02
2.8041195e+01	1.5417622e-03
2.8063004e+01	5.8020263e-02
2.8084813e+01	1.1570034e-01
2.8106622e+01	-2.1118053e-02
2.8128431e+01	-1.0608989e-01
2.8150240e+01	-1.3502713e-02
2.8172049e+01	4.9100107e-02
2.8193858e+01	2.3089886e-02
2.8215667e+01	-1.4793646e-01
2.8237476e+01	2.0128592e-02
2.8259284e+01	7.9119739e-02
2.8281093e+01	1.5140652e-01
2.8302902e+01	3.6708918e-03
2.8324711e+01	-6.4365846e-02
2.8346520e+01	2.6101436e-02
2.8368329e+01	-6.1123973e-02
2.8390138e+01	-1.3389399e-01
2.8411947e+01	1.7122954e-01
2.8433756e+01	2.4824842e-02
2.8455565e+01	-7.3144595e-02
2.8477374e+01	-2.7194169e-02
2.8499183e+01	1.5510558e-02
2.8520992e+01	-4.5099027e-02
2.8542801e+01	-1.1006236e-01
2.8564610e+01	1.0591994e-01
2.8586419e+01	1.4591786e-01
2.8608227e+01	7.5871985e-02
2.8630036e+01	8.8005842e-02
2.8651845e+01	4.7621528e-03
2.8673654e+01	2.9167607e-02
2.8695463e+01	-8.2894585e-02
2.8717272e+01	3.9903041e-02
2.8739081e+01	4.5402841e-02
2.8760890e+01	-1.4286613e-01
2.8782699e+01	-1.4197800e-01
2.8804508e+01	-2.1479764e-02
2.8826317e+01	-1.6483869e-02
2.8848126e+01	4.4349723e-02
2.8869935e+01	9.6730066e-02
2.8891744e+01	2.0703362e-01
2.8913553e+01	-5.2678225e-02
2.8935362e+01	-1.2246996e-01
2.8957170e+01	-6.0194579e-02
2.8978979e+01	6.9121729e-03
2.9000788e+01	6.4241622e-02
2.9022597e+01	1.1709099e-02
2.9044406e+01	1.1169259e-01
2.9066215e+01	2.9057250e-04
2.9088024e+01	6.2477884e-03
2.9109833e+01	-7.5589699e-02
2.9131642e+01	-1.0125573e-01
2.9153451e+01	-7.8517749e-03
2.9175260e+01	4.1193690e-02
2.9197069e+01	1.5076665e-01
2.9218878e+01	6.7160265e-02
2.9240687e+01	-6.7091115e-02
2.9262496e+01	-1.1094522e-01
2.9284305e+01	1.2292255e-02
2.9306113e+01	2.5368863e-01
2.9327922e+01	6.5816357e-02
2.9349731e+01	1.9461709e-02
2.9371540e+01	2.4603015e-02
2.9393349e+01	1.0251959e-01
2.9415158e+01	-5.2824792e-02
2.9436967e+01	-1.3817874e-01
2.9458776e+01	-9.2504459e-02
2.9480585e+01	-5.7272805e-03
2.9502394e+01	6.4100740e-02
2.9524203e+01	1.5794623e-01
2.9546012e+01	-3.6863987e-02
2.9567821e+01	1.0378756e-01
2.9589630e+01	2.2331618e-02
2.9611439e+01	-6.7618110e-03
2.9633248e+01	-1.0703998e-01
2.9655057e+01	-2.0616400e-01
2.9676865e+01	-1.1021513e-01
2.9698674e+01	2.7400486e-02
2.9720483e+01	4.9621541e-01
2.9742292e+01	1.0416660e+00
2.9764101e+01	1.5029363e+00
2.9785910e+01	1.7156357e+00
2.9807719e+01	1.7664064e+00
2.9829528e+01	1.5972724e+00
2.9851337e+01	1.0306171e+00
2.9873146e+01	2.5821960e-01
2.9894955e+01	1.2808413e-01
2.9916764e+01	3.1900558e-02
2.9938573e+01	1.7121559e-01
2.9960382e+01	8.9913278e-01
2.9982191e+01	1.4841824e+00
3.0004000e+01	2.4154297e+00
3.0025808e+01	3.4559650e+00
3.0047617e+01	4.4258776e+00
3.0069426e+01	5.7435767e+00
3.0091235e+01	7.0444815e+00
3.0113044e+01	7.9011135e+00
3.0134853e+01	8.0939787e+00
3.0156662e+01	7.6571986e+00
3.0178471e+01	6.1628353e+00
3.0200280e+01	4.5801162e+00
3.0222089e+01	2.8224244e+00
3.0243898e+01	1.4399174e+00
3.0265707e+01	5.4673931e-01
3.0287516e+01	6.5531457e-02
3.0309325e+01	2.8883858e-02
3.0331134e+01	-9.2342646e-03
3.0352943e+01	-7.7357046e-02
3.0374751e+01	-1.4705513e-01
3.0396560e+01	3.1600113e-02
3.0418369e+01	-8.2157898e-02
3.0440178e+01	-1.4876976e-02
3.0461987e+01	1.3004440e-01
3.0483796e+01	2.3182276e-03
3.0505605e+01	-1.2976344e-01
3.0527414e+01	5.6252314e-02
3.0549223e+01	1.6273274e-01
3.0571032e+01	-3.5121712e-02
3.0592841e+01	-7.1902858e-02
3.0614650e+01	-7.9861321e-02
3.0636459e+01	-3.1144279e-02
3.0658268e+01	-1.6159146e-02
3.0680077e+01	9.2583284e-02
3.0701886e+01	3.7760407e-02
3.0723694e+01	-4.9654690e-02
3.0745503e+01	-1.3803594e-02
3.0767312e+01	1.4673880e-01
3.0789121e+01	2.0572931e-01
3.0810930e+01	1.3490810e-02
3.0832739e+01	-6.6468250e-03
3.0854548e+01	-3.1331437e-02
3.0876357e+01	2.1254443e-02
3.0898166e+01	-6.4603861e-02
3.0919975e+01	-1.4410528e-02
3.0941784e+01	-3.4347644e-02
3.0963593e+01	-4.0269364e-02
3.0985402e+01	2.7415568e-03
3.1007211e+01	4.0397168e-02
3.1029020e+01	-6.6669725e-02
3.1050829e+01	2.8716103e-02
3.1072637e+01	-2.2173152e-02
3.1094446e+01	6.0135905e-02
3.1116255e+01	3.3643273e-02
3.1138064e+01	-2.8866867e-02
3.1159873e+01	2.5659904e-02
3.1181682e+01	3.2983707e-02
3.1203491e+01	-4.0527913e-02
3.1225300e+01	7.2437623e-02
3.1247109e+01	-6.2219684e-02
3.1268918e+01	3.8786902e-04
3.1290727e+01	5.8302588e-02
3.1312536e+01	2.7132871e-02
3.1334345e+01	3.2707094e-03
3.1356154e+01	6.4121721e-02
3.1377963e+01	-3.7523329e-02
3.1399772e+01	1.0268834e-02
3.1421580e+01	-1.1713925e-01
3.1443389e+01	-2.7736667e-01
3.1465198e+01	-6.2966985e-02
3.1487007e+01	2.0162784e-02
3.1508816e+01	1.4396715e-01
3.1530625e+01	5.2099834e-01
3.1552434e+01	1.0577256e+00
3.1574243e+01	1.2816775e+00
3.1596052e+01	1.5175757e+00
3.1617861e+01	1.5613680e+00
3.1639670e+01	1.1865290e+00
3.1661479e+01	6.5627538e-01
3.1683288e+01	8.7715789e-02
3.1705097e+01	5.8028979e-03
3.1726906e+01	5.5472123e-02
3.1748715e+01	9.7626777e-02
3.1770524e+01	5.2747374e-01
3.1792332e+01	1.0274738e+00
3.1814141e+01	1.8341834e+00
3.1835950e+01	2.9182507e+00
3.1857759e+01	3.8321133e+00
3.1879568e+01	4.9421524e+00
3.1901377e+01	6.1817875e+00
3.1923186e+01	7.5073168e+00
3.1944995e+01	8.0325218e+00
3.1966804e+01	8.0274617e+00
3.1988613e+01	7.5024281e+00
3.2010422e+01	6.1410041e+00
3.2032231e+01	4.3894343e+00
3.2054040e+01	2.6834069e+00
3.2075849e+01	1.5095314e+00
3.2097658e+01	6.8716697e-01
3.2119467e+01	1.9772912e-01
3.2141275e+01	-5.5063822e-02
3.2163084e+01	-1.2549772e-01
3.2184893e+01	3.4487600e-02
3.2206702e+01	-9.9298517e-02
3.2228511e+01	-1.9556388e-02
3.2250320e+01	5.1748442e-02
3.2272129e+01	-3.3874174e-02
3.2293938e+01	-1.4363396e-02
3.2315747e+01	-6.7163764e-02
3.2337556e+01	1.1684654e-01
3.2359365e+01	1.2808773e-02
3.2381174e+01	1.3991617e-01
3.2402983e+01	-5.8484075e-02
3.2424792e+01	-9.1757928e-02
3.2446601e+01	-2.6109276e-02
3.2468410e+01	-5.8328628e-02
3.2490218e+01	2.7731296e-02
3.2512027e+01	1.0733066e-01
3.2533836e+01	9.6629423e-02
3.2555645e+01	-5.6436066e-02
3.2577454e+01	-8.4576715e-02
3.2599263e+01	-8.9800645e-02
3.2621072e+01	-2.4060044e-03
3.2642881e+01	1.5638619e-01
3.2664690e+01	3.3493010e-02
3.2686499e+01	7.4458513e-02
3.2708308e+01	-4.8472048e-02
3.2730117e+01	4.3475325e-02
3.2751926e+01	6.6314899e-02
3.2773735e+01	-1.4822892e-01
3.2795544e+01	3.7377308e-02
3.2817353e+01	-5.9400699e-03
3.2839161e+01	2.6024251e-02
3.2860970e+01	-4.8259651e-02
3.2882779e+01	-1.0371934e-01
3.2904588e+01	-8.2747214e-02
3.2926397e+01	5.4098507e-02
3.2948206e+01	1.3189956e-01
3.2970015e+01	1.2897900e-01
3.2991824e+01	-6.9887517e-02
3.3013633e+01	-1.4249578e-01
3.3035442e+01	-3.7959315e-02
3.3057251e+01	6.0682137e-02
3.3079060e+01	8.9004637e-02
3.3100869e+01	9.5251749e-02
3.3122678e+01	1.4820482e-01
3.3144487e+01	-7.7839869e-02
3.3166296e+01	-1.0417109e-01
3.3188104e+01	-8.1632263e-02
3.3209913e+01	-1.2285959e-01
3.3231722e+01	-6.4382456e-02
3.3253531e+01	1.8913295e-01
3.3275340e+01	6.5294151e-02
3.3297149e+01	-5.8210970e-02
3.3318958e+01	1.3102027e-01
3.3340767e+01	2.9155152e-01
3.3362576e+01	1.2568343e-01
3.3384385e+01	-3.7326530e-02
3.3406194e+01	-1.0359350e-02
3.3428003e+01	-7.4840316e-02
3.3449812e+01	-2.1199775e-01
3.3471621e+01	-7.7752595e-02
3.3493430e+01	1.2882878e-01
3.3515239e+01	1.2936447e-01
3.3537047e+01	2.4778512e-01
3.3558856e+01	3.7890685e-01
3.3580665e+01	6.5533785e-01
3.3602474e+01	8.0581142e-01
3.3624283e+01	8.4858185e-01
3.3646092e+01	1.1842644e+00
3.3667901e+01	1.4734515e+00
3.3689710e+01	1.3936563e+00
3.3711519e+01	1.0354681e+00
3.3733328e+01	8.9292224e-01
3.3755137e+01	8.3399902e-01
3.3776946e+01	3.8007872e-01
3.3798755e+01	5.0552628e-02
3.3820564e+01	-4.2460646e-02
3.3842373e+01	-6.3845411e-02
3.3864182e+01	-1.7768120e-02
3.3885991e+01	5.5736585e-02
3.3907799e+01	-2.0689133e-02
3.3929608e+01	1.0553385e-01
3.3951417e+01	-3.1055179e-02
3.3973226e+01	2.5006182e-02
3.3995035e+01	-2.0803005e-02
3.4016844e+01	-1.1091959e-01
3.4038653e+01	-4.5714493e-02
3.4060462e+01	7.2784563e-02
3.4082271e+01	-5.0461821e-02
3.4104080e+01	6.3446655e-02
3.4125889e+01	-6.8754102e-02
3.4147698e+01	2.9903067e-02
3.4169507e+01	1.0387478e-01
3.4191316e+01	-2.6624159e-03
3.4213125e+01	4.0374846e-02
3.4234934e+01	-1.7295418e-02
3.4256742e+01	-1.6279040e-02
3.4278551e+01	-8.2433796e-02
3.4300360e+01	-9.2772762e-03
3.4322169e+01	-2.0166537e-02
3.4343978e+01	1.4772286e-02
3.4365787e+01	2.0108789e-02
3.4387596e+01	1.0175827e-01
3.4409405e+01	-4.4725461e-02
3.4431214e+01	-1.4406964e-01
3.4453023e+01	2.4407874e-02
3.4474832e+01	7.2354462e-02
3.4496641e+01	1.1872044e-01
3.4518450e+01	-4.0910561e-02
3.4540259e+01	-4.7629778e-02
3.4562068e+01	3.8536723e-02
3.4583877e+01	1.5260679e-03
3.4605685e+01	-1.0920690e-01
3.4627494e+01	3.3740887e-02
3.4649303e+01	7.8149555e-02
3.4671112e+01	-3.3055743e-02
3.4692921e+01	-2.2649120e-02
3.4714730e+01	-4.0798361e-02
3.4736539e+01	4.4359219e-02
3.4758348e+01	1.8297874e-01
3.4780157e+01	-2.6662568e-02
3.4801966e+01	-5.4783143e-02
3.4823775e+01	-6.9466178e-02
3.4845584e+01	-6.9412192e-02
3.4867393e+01	-8.0068504e-02
3.4889202e+01	1.3771797e-01
3.4911011e+01	1.1254499e-01
3.4932820e+01	-3.5451380e-02
3.4954628e+01	1.1901124e-01
3.4976437e+01	3.9971415e-02
3.4998246e+01	-1.3548804e-01
3.5020055e+01	-7.2997867e-02
3.5041864e+01	6.9188362e-02
3.5063673e+01	-2.9836961e-02
3.5085482e+01	5.9126324e-03
3.5107291e+01	1.2596465e-01
3.5129100e+01	-6.1077168e-02
3.5150909e+01	-1.4894955e-01
3.5172718e+01	2.2232262e-02
3.5194527e+01	3.4162982e-02
3.5216336e+01	-5.2996631e-02
3.5238145e+01	5.2118252e-02
3.5259954e+01	9.5957173e-04
3.5281763e+01	6.2971844e-03
3.5303571e+01	1.2518005e-02
3.5325380e+01	6.6988404e-02
3.5347189e+01	1.5094359e-02
3.5368998e+01	-5.2476711e-02
3.5390807e+01	5.0791616e-02
3.5412616e+01	7.8004544e-02
3.5434425e+01	-2.3053467e-02
3.5456234e+01	1.2291331e-01
3.5478043e+01	-6.8062460e-02
3.5499852e+01	-1.9491100e-01
3.5521661e+01	-3.7450144e-02
3.5543470e+01	1.9797308e-02
3.5565279e+01	-1.3051863e-01
3.5587088e+01	-3.9717100e-02
3.5608897e+01	9.6473295e-02
3.5630706e+01	-1.6500654e-02
3.5652514e+01	9.0618135e-02
3.5674323e+01	1.0948232e-01
3.5696132e+01	2.1714822e-02
3.5717941e+01	1.4196253e-01
3.5739750e+01	-2.6050466e-02
3.5761559e+01	-4.4747667e-02
3.5783368e+01	-5.0793763e-02
3.5805177e+01	-8.6373371e-03
3.5826986e+01	6.8071701e-02
3.5848795e+01	6.5203050e-02
3.5870604e+01	6.4888162e-02
3.5892413e+01	5.1310223e-02
3.5914222e+01	-4.0838730e-02
3.5936031e+01	-8.7413348e-02
3.5957840e+01	-2.6371149e-01
3.5979649e+01	-2.9929649e-01
3.6001458e+01	4.4667714e-02
3.6023266e+01	2.5068673e-01
3.6045075e+01	4.5366415e-01
3.6066884e+01	3.1465386e-01
3.6088693e+01	1.2721765e-01
3.6110502e+01	7.7154098e-02
3.6132311e+01	1.3494304e-01
3.6154120e+01	8.2600289e-02
3.6175929e+01	-1.3011985e-02
3.6197738e+01	4.6816777e-02
3.6219547e+01	1.6075472e-02
3.6241356e+01	-4.7485841e-03
3.6263165e+01	-3.1329659e-02
3.6284974e+01	-3.8980927e-02
3.6306783e+01	-1.2500762e-02
3.6328592e+01	1.2750311e-02
3.6350401e+01	-1.8633793e-01
3.6372209e+01	-1.3073780e-01
3.6394018e+01	1.2086459e-01
3.6415827e+01	4.4732021e-02
3.6437636e+01	4.6948450e-02
3.6459445e+01	3.7602070e-01
3.6481254e+01	5.1020268e-01
3.6503063e+01	5.6590671e-01
3.6524872e+01	4.4784134e-01
3.6546681e+01	4.2191501e-01
3.6568490e+01	1.3885926e-01
3.6590299e+01	-3.7462128e-02
3.6612108e+01	-1.0919668e-01
3.6633917e+01	2.5062287e-02
3.6655726e+01	-2.0433775e-02
3.6677535e+01	8.4193796e-02
3.6699344e+01	3.5791330e-01
3.6721152e+01	6.5387935e-01
3.6742961e+01	9.9963857e-01
3.6764770e+01	1.4071886e+00
3.6786579e+01	1.5505041e+00
3.6808388e+01	1.9829097e+00
3.6830197e+01	2.5656230e+00
3.6852006e+01	3.1921467e+00
3.6873815e+01	3.4237763e+00
3.6895624e+01	3.5780316e+00
3.6917433e+01	3.5227012e+00
3.6939242e+01	3.1922597e+00
3.6961051e+01	2.5848877e+00
3.6982860e+01	2.1425439e+00
3.7004669e+01	1.7284169e+00
3.7026478e+01	1.2094224e+00
3.7048287e+01	1.1041119e+00
3.7070095e+01	1.0750442e+00
3.7091904e+01	4.1297081e-01
3.7113713e+01	-1.0399057e-01
3.7135522e+01	4.5114607e-02
3.7157331e+01	8.8783094e-02
3.7179140e+01	5.9219232e-03
3.7200949e+01	-5.3240403e-02
3.7222758e+01	1.5468356e-01
3.7244567e+01	1.2611849e-01
3.7266376e+01	-9.2340392e-02
3.7288185e+01	-1.3114259e-01
3.7309994e+01	-1.4627482e-01
3.7331803e+01	-9.2663443e-02
3.7353612e+01	8.1694927e-02
3.7375421e+01	6.6642258e-02
3.7397230e+01	-7.7265122e-02
3.7419038e+01	5.1703648e-02
3.7440847e+01	7.8088646e-02
3.7462656e+01	6.1119240e-01
3.7484465e+01	9.6792010e-01
3.7506274e+01	7.4719988e-01
3.7528083e+01	4.7996890e-01
3.7549892e+01	2.9823531e-01
3.7571701e+01	7.4845404e-02
3.7593510e+01	-8.2702705e-03
3.7615319e+01	7.0157378e-02
3.7637128e+01	7.8146827e-02
3.7658937e+01	-5.2491262e-02
3.7680746e+01	-1.6970841e-01
3.7702555e+01	8.4451325e-03
3.7724364e+01	5.1369022e-02
3.7746173e+01	-6.5057066e-02
3.7767981e+01	-3.1334075e-02
3.7789790e+01	-3.6404744e-02
3.7811599e+01	-5.0698697e-03
3.7833408e+01	1.7137234e-03
3.7855217e+01	-1.6124699e-01
3.7877026e+01	-1.9884088e-02
3.7898835e+01	1.8734023e-01
3.7920644e+01	9.3549070e-02
3.7942453e+01	1.8539961e-01
3.7964262e+01	4.1524878e-01
3.7986071e+01	3.3958500e-01
3.8007880e+01	9.4105684e-02
3.8029689e+01	1.0132602e-01
3.8051498e+01	-7.2535733e-03
3.8073307e+01	-1.0332594e-01
3.8095116e+01	-6.7804404e-02
3.8116925e+01	-1.5399027e-01
3.8138733e+01	-1.0444804e-01
3.8160542e+01	1.1924675e-01
3.8182351e+01	2.3621101e-01
3.8204160e+01	6.0066020e-01
3.8225969e+01	1.0741614e+00
3.8247778e+01	1.3454929e+00
3.8269587e+01	1.4945786e+00
3.8291396e+01	1.8959727e+00
3.8313205e+01	2.3314072e+00
3.8335014e+01	2.8656933e+00
3.8356823e+01	3.0799782e+00
3.8378632e+01	3.4303798e+00
3.8400441e+01	3.3264123e+00
3.8422250e+01	3.0973218e+00
3.8444059e+01	2.9175234e+00
3.8465868e+01	2.2366742e+00
3.8487676e+01	1.4350913e+00
3.8509485e+01	9.6136975e-01
3.8531294e+01	2.3049875e-01
3.8553103e+01	9.9469361e-02
3.8574912e+01	1.1562601e-01
3.8596721e+01	-4.1257850e-02
3.8618530e+01	-2.2321961e-01
3.8640339e+01	-7.8143885e-02
3.8662148e+01	8.9152353e-02
3.8683957e+01	3.6115645e-02
3.8705766e+01	1.0280386e-01
3.8727575e+01	-1.8623054e-01
3.8749384e+01	-4.9522359e-04
3.8771193e+01	-4.8380199e-02
3.8793002e+01	7.2080013e-02
3.8814811e+01	-3.5588905e-02
3.8836619e+01	3.9275810e-02
3.8858428e+01	1.4644469e-01
3.8880237e+01	4.1349365e-01
3.8902046e+01	2.8713504e-01
3.8923855e+01	9.4492378e-02
3.8945664e+01	-2.8249433e-01
3.8967473e+01	-9.0404785e-02
3.8989282e+01	3.7439805e-02
3.9011091e+01	1.5345349e-01
3.9032900e+01	-8.2463773e-02
3.9054709e+01	-5.9008618e-02
3.9076518e+01	9.3142862e-02
3.9098327e+01	1.8583712e-01
3.9120136e+01	1.8928085e-01
3.9141945e+01	9.3669864e-02
3.9163754e+01	-2.6203464e-01
3.9185562e+01	-1.1747875e-01
3.9207371e+01	-8.8530609e-03
3.9229180e+01	2.0476066e-01
3.9250989e+01	2.2527453e-02
3.9272798e+01	4.7383377e-02
3.9294607e+01	3.4468774e-02
3.9316416e+01	-2.1214117e-01
3.9338225e+01	-4.2810281e-02
3.9360034e+01	1.0118946e-02
3.9381843e+01	1.6258655e-01
3.9403652e+01	1.7448693e-01
3.9425461e+01	3.9953845e-01
3.9447270e+01	4.8867015e-01
3.9469079e+01	1.1123904e-01
3.9490888e+01	-9.0024300e-02
3.9512697e+01	-2.1090022e-01
3.9534505e+01	-4.7573470e-02
3.9556314e+01	6.1088197e-02
3.9578123e+01	9.6646335e-02
3.9599932e+01	1.5243881e-02
3.9621741e+01	3.3479007e-01
3.9643550e+01	6.2572517e-01
3.9665359e+01	9.3963953e-01
3.9687168e+01	1.1126795e+00
3.9708977e+01	1.6079503e+00
3.9730786e+01	1.7431573e+00
3.9752595e+01	2.2992489e+00
3.9774404e+01	2.6312524e+00
3.9796213e+01	2.8095630e+00
3.9818022e+01	2.8818561e+00
3.9839831e+01	2.9711601e+00
3.9861640e+01	3.0210591e+00
3.9883449e+01	2.9662907e+00
3.9905257e+01	2.3990550e+00
3.9927066e+01	1.6357824e+00
3.9948875e+01	1.0389932e+00
3.9970684e+01	7.3290283e-01
3.9992493e+01	5.5816247e-01
4.0014302e+01	3.0226650e-01
4.0036111e+01	-7.3675945e-02
4.0057920e+01	-4.0715504e-02
4.0079729e+01	4.7764718e-02
4.0101538e+01	-3.4437698e-02
4.0123347e+01	1.5511117e-01
4.0145156e+01	1.6498366e-01
4.0166965e+01	-2.7870340e-03
4.0188774e+01	-8.8306462e-02
4.0210583e+01	-2.0033440e-01
4.0232392e+01	-4.7292270e-05
4.0254200e+01	2.6595720e-01
4.0276009e+01	1.5522799e-01
4.0297818e+01	8.6823862e-02
4.0319627e+01	1.5235617e-02
4.0341436e+01	-1.2734003e-01
4.0363245e+01	-1.2944205e-01
4.0385054e+01	3.6409217e-01
4.0406863e+01	3.9838288e-01
4.0428672e+01	6.9059607e-02
4.0450481e+01	5.2997108e-02
4.0472290e+01	2.4003235e-01
4.0494099e+01	-1.3489346e-01
4.0515908e+01	-4.1249411e-02
4.0537717e+01	9.6369779e-02
4.0559526e+01	9.2679865e-02
4.0581335e+01	3.3474204e-01
4.0603143e+01	3.0358040e-01
4.0624952e+01	-8.1738016e-02
4.0646761e+01	-1.7305750e-02
4.0668570e+01	-3.9791015e-02
4.0690379e+01	1.2635375e-02
4.0712188e+01	2.0308846e-01
4.0733997e+01	-2.7645993e-02
4.0755806e+01	7.2898225e-02
4.0777615e+01	2.7098344e-02
4.0799424e+01	-2.5293288e-02
4.0821233e+01	-1.6700356e-01
4.0843042e+01	-1.0406675e-01
4.0864851e+01	6.0133590e-02
4.0886660e+01	5.9179650e-02
4.0908469e+01	-1.3238123e-02
4.0930278e+01	-5.7997132e-02
4.0952086e+01	1.6869009e-01
4.0973895e+01	7.8889844e-02
4.0995704e+01	6.5673298e-02
4.1017513e+01	-1.0620278e-01
4.1039322e+01	1.5500029e-02
4.1061131e+01	8.7990604e-03
4.1082940e+01	-1.7179181e-01
4.1104749e+01	1.8618854e-01
4.1126558e+01	2.3522360e-01
4.1148367e+01	-2.1617838e-01
4.1170176e+01	-3.3079541e-02
4.1191985e+01	7.7801877e-02
4.1213794e+01	5.0882777e-02
4.1235603e+01	1.0277675e-01
4.1257412e+01	-1.0724300e-02
4.1279221e+01	7.5496151e-02
4.1301029e+01	2.4376876e-01
4.1322838e+01	2.6700831e-01
4.1344647e+01	-1.1536446e-01
4.1366456e+01	-1.7416107e-01
4.1388265e+01	-4.2852679e-02
4.1410074e+01	1.7468937e-03
4.1431883e+01	5.9886756e-02
4.1453692e+01	1.2239387e-01
4.1475501e+01	1.5219849e-01
4.1497310e+01	3.2337104e-01
4.1519119e+01	2.2473686e-01
4.1540928e+01	-5.6866874e-02
4.1562737e+01	-1.6719014e-01
4.1584546e+01	-1.2407176e-01
4.1606355e+01	2.6784408e-02
4.1628164e+01	5.3471222e-03
4.1649972e+01	-1.7775668e-01
4.1671781e+01	1.7858400e-01
4.1693590e+01	7.5304358e-02
4.1715399e+01	3.2631811e-01
4.1737208e+01	1.1776509e-01
4.1759017e+01	1.8098950e-02
4.1780826e+01	-1.8853065e-01
4.1802635e+01	1.6621017e-01
4.1824444e+01	1.6348609e-02
4.1846253e+01	-6.2915749e-02
4.1868062e+01	3.0083022e-02
4.1889871e+01	1.4600366e-01
4.1911680e+01	5.8733864e-02
4.1933489e+01	-1.6476359e-01
4.1955298e+01	-2.1190313e-02
4.1977107e+01	6.2519152e-02
4.1998916e+01	4.3165121e-02
4.2020724e+01	4.3218066e-02
4.2042533e+01	-1.3860120e-01
4.2064342e+01	-1.0194027e-01
4.2086151e+01	7.1265240e-02
4.2107960e+01	3.3176455e-01
4.2129769e+01	3.4285391e-01
4.2151578e+01	3.8567092e-01
4.2173387e+01	2.4810206e-01
4.2195196e+01	7.9396999e-02
4.2217005e+01	3.4931524e-02
4.2238814e+01	2.5102945e-01
4.2260623e+01	-1.1668871e-01
4.2282432e+01	-1.3804472e-01
4.2304241e+01	-9.0928856e-02
4.2326050e+01	-8.6091963e-02
4.2347859e+01	1.1167285e-01
4.2369667e+01	1.4611496e-01
4.2391476e+01	1.2447351e-01
4.2413285e+01	-1.1971164e-01
4.2435094e+01	4.7960610e-01
4.2456903e+01	6.9031155e-01
4.2478712e+01	9.8426970e-01
4.2500521e+01	1.2300835e+00
4.2522330e+01	1.3719100e+00
4.2544139e+01	1.6460100e+00
4.2565948e+01	1.6744317e+00
4.2587757e+01	2.1280289e+00
4.2609566e+01	1.9817046e+00
4.2631375e+01	1.9940667e+00
4.2653184e+01	1.5320844e+00
4.2674993e+01	5.7480249e-01
4.2696802e+01	3.2036397e-01
4.2718610e+01	1.6195373e-01
4.2740419e+01	2.5832616e-01
4.2762228e+01	-2.2514676e-02
4.2784037e+01	-4.7894535e-02
4.2805846e+01	1.1510800e-02
4.2827655e+01	-2.0333436e-02
4.2849464e+01	7.2140079e-02
4.2871273e+01	1.9726596e-01
4.2893082e+01	-1.7495404e-01
4.2914891e+01	-2.9775206e-01
4.2936700e+01	7.8914531e-02
4.2958509e+01	2.0893423e-02
4.2980318e+01	9.3831157e-02
4.3002127e+01	1.0502075e-01
4.3023936e+01	4.1990946e-02
4.3045745e+01	-1.3811622e-01
4.3067553e+01	5.8303235e-02
4.3089362e+01	8.5930092e-02
4.3111171e+01	-1.1530226e-01
4.3132980e+01	2.0082984e-01
4.3154789e+01	2.7142533e-01
4.3176598e+01	-2.0869995e-02
4.3198407e+01	2.7016825e-01
4.3220216e+01	-5.1020371e-02
4.3242025e+01	2.5748570e-01
4.3263834e+01	-6.5429736e-02
4.3285643e+01	-2.1457361e-01
4.3307452e+01	6.8542764e-02
4.3329261e+01	3.6026254e-01
4.3351070e+01	4.5526568e-01
4.3372879e+01	6.6462439e-01
4.3394688e+01	1.2487860e+00
4.3416496e+01	1.0311067e+00
4.3438305e+01	1.1329410e+00
4.3460114e+01	1.3196901e+00
4.3481923e+01	9.4313123e-01
4.3503732e+01	2.3532681e-01
4.3525541e+01	1.2351410e-01
4.3547350e+01	-2.4882081e-02
4.3569159e+01	-2.3470329e-02
4.3590968e+01	7.6506648e-02
4.3612777e+01	-9.4136024e-02
4.3634586e+01	5.2578808e-01
4.3656395e+01	3.3927606e-01
4.3678204e+01	4.6865655e-01
4.3700013e+01	1.0893087e+00
4.3721822e+01	1.9435651e+00
4.3743631e+01	2.4260753e+00
4.3765439e+01	3.0868718e+00
4.3787248e+01	4.2407932e+00
4.3809057e+01	4.8386070e+00
4.3830866e+01	5.2460558e+00
4.3852675e+01	5.7631932e+00
4.3874484e+01	6.8407667e+00
4.3896293e+01	6.9144628e+00
4.3918102e+01	6.7520871e+00
4.3939911e+01	6.3567812e+00
4.3961720e+01	4.7499596e+00
4.3983529e+01	3.5344039e+00
4.4005338e+01	1.8348616e+00
4.4027147e+01	5.5228523e-01
4.4048956e+01	1.4717241e-01
4.4070765e+01	6.0959465e-02
4.4092574e+01	4.9486924e-02
4.4114383e+01	1.4205841e-02
4.4136191e+01	-2.1117880e-01
4.4158000e+01	-9.7503474e-02
4.4179809e+01	-8.2877398e-02
4.4201618e+01	5.3301153e-02
4.4223427e+01	1.0093622e-01
4.4245236e+01	3.1237115e-01
4.4267045e+01	-1.1426850e-01
4.4288854e+01	-3.1690296e-02
4.4310663e+01	1.5316205e-01
4.4332472e+01	7.1785618e-02
4.4354281e+01	2.1591383e-02
4.4376090e+01	-1.1429831e-01
4.4397899e+01	9.6013217e-02
4.4419708e+01	5.6935437e-02
4.4441517e+01	-1.2673346e-01
4.4463326e+01	-5.1908294e-02
4.4485134e+01	-1.9512054e-01
4.4506943e+01	4.3295167e-02
4.4528752e+01	1.9888518e-01
4.4550561e+01	1.2816996e-01
4.4572370e+01	1.4631688e-01
4.4594179e+01	2.6800122e-01
4.4615988e+01	-1.6397488e-01
4.4637797e+01	5.3222065e-01
4.4659606e+01	6.6511566e-01
4.4681415e+01	9.5280163e-01
4.4703224e+01	4.7672904e-01
4.4725033e+01	5.4131837e-01
4.4746842e+01	9.9211108e-01
4.4768651e+01	6.1434831e-01
4.4790460e+01	8.0214258e-02
4.4812269e+01	1.1548104e-01
4.4834077e+01	2.2440727e-01
4.4855886e+01	-1.5916845e-01
4.4877695e+01	-4.5119812e-01
4.4899504e+01	6.8336836e-02
4.4921313e+01	1.3313093e-01
4.4943122e+01	1.4711398e-01
4.4964931e+01	7.0803720e-02
4.4986740e+01	-3.7741985e-02