Image file: \\Gfs05\g45\SAXS\2020_12\HDF5\2020-12.10_Kevin_day2_SN\2020-12-10_Max_Cu123_SN_000017_data_000080.h5
ImageIntegration1d_chi_output; Output_Directory= \\Gfs05\g45\SAXS\2020_12\Processed\2020-12-09_Kevin_day1_SN\Chi-Sample-7
Profile = Radial, StartAzimuth = 0.0, EndAzimuth = 360.0, Sam_Det_distance = 250.818474293, InnerRadius = 15.0, OuterRadius = 2400.0, Lambda = 30, Ratio = 0.001, Itermax = 100
2400
2.0013229e+00	1.2882992e-01
2.0231319e+00	-4.7868249e-03
2.0449408e+00	-1.8117796e-01
2.0667497e+00	7.0112434e-02
2.0885587e+00	2.6351651e-01
2.1103676e+00	2.2595900e-02
2.1321765e+00	-1.9183644e-01
2.1539855e+00	-1.3730188e-02
2.1757944e+00	1.0125513e-02
2.1976034e+00	4.5941659e-02
2.2194123e+00	9.4849526e-02
2.2412212e+00	6.3056603e-02
2.2630302e+00	-1.3222334e-01
2.2848391e+00	7.2669001e-02
2.3066480e+00	8.7995219e-02
2.3284570e+00	3.7938175e-02
2.3502659e+00	-1.3313157e-01
2.3720749e+00	7.8758058e-03
2.3938838e+00	-8.4970277e-02
2.4156927e+00	4.6478640e-02
2.4375017e+00	5.1948993e-02
2.4593106e+00	5.1818403e-03
2.4811196e+00	3.5373987e-02
2.5029285e+00	1.8406886e-01
2.5247374e+00	-4.8523314e-02
2.5465464e+00	-2.9506692e-01
2.5683553e+00	-9.2263536e-02
2.5901642e+00	1.1572283e-01
2.6119732e+00	1.4982530e-01
2.6337821e+00	-5.8118276e-02
2.6555911e+00	1.5232841e-01
2.6774000e+00	-7.1304652e-02
2.6992089e+00	1.6278109e-03
2.7210179e+00	7.7578411e-02
2.7428268e+00	2.5306602e-02
2.7646358e+00	9.6403406e-03
2.7864447e+00	-3.5567847e-02
2.8082536e+00	-7.8490038e-02
2.8300626e+00	1.1305955e-03
2.8518715e+00	-7.9030195e-02
2.8736804e+00	1.6207572e-01
2.8954894e+00	4.5103408e-02
2.9172983e+00	-6.4581500e-02
2.9391073e+00	-2.8675659e-02
2.9609162e+00	8.6572471e-02
2.9827251e+00	-1.2632940e-01
3.0045341e+00	-1.0083152e-01
3.0263430e+00	7.7924694e-02
3.0481519e+00	8.4289593e-02
3.0699609e+00	1.7273189e-02
3.0917698e+00	-3.4361497e-02
3.1135788e+00	-5.2205546e-02
3.1353877e+00	1.6162065e-01
3.1571966e+00	-1.6715716e-02
3.1790056e+00	-1.5945274e-02
3.2008145e+00	-1.7793031e-02
3.2226235e+00	-1.9563205e-01
3.2444324e+00	-1.4484876e-02
3.2662413e+00	8.2389969e-02
3.2880503e+00	7.9719271e-02
3.3098592e+00	1.1390544e-01
3.3316681e+00	1.5196046e-01
3.3534771e+00	1.7557305e-04
3.3752860e+00	-1.3327261e-01
3.3970950e+00	-8.8760307e-02
3.4189039e+00	1.6431054e-01
3.4407128e+00	-1.6390652e-02
3.4625218e+00	-5.3255461e-02
3.4843307e+00	-1.0036666e-01
3.5061396e+00	-1.0875045e-01
3.5279486e+00	1.0778126e-01
3.5497575e+00	3.2068834e-01
3.5715665e+00	3.5607645e-02
3.5933754e+00	-2.7702040e-02
3.6151843e+00	-5.0319849e-02
3.6369933e+00	5.9536803e-02
3.6588022e+00	7.9320209e-02
3.6806112e+00	-4.5121172e-02
3.7024201e+00	-1.5628649e-03
3.7242290e+00	6.4581992e-02
3.7460380e+00	5.3837271e-02
3.7678469e+00	-6.9905718e-02
3.7896558e+00	-1.1022246e-01
3.8114648e+00	-7.7967185e-03
3.8332737e+00	9.5083594e-02
3.8550827e+00	-3.1638906e-03
3.8768916e+00	1.8005838e-02
3.8987005e+00	1.4233109e-01
3.9205095e+00	1.1056753e-02
3.9423184e+00	-1.7989002e-01
3.9641273e+00	-1.4405677e-01
3.9859363e+00	-4.5553727e-02
4.0077452e+00	1.3571566e-01
4.0295542e+00	8.1029741e-02
4.0513631e+00	-1.1483967e-01
4.0731720e+00	4.1550038e-02
4.0949810e+00	2.1126526e-01
4.1167899e+00	3.8593805e-02
4.1385989e+00	-1.5065260e-02
4.1604078e+00	5.1418211e-03
4.1822167e+00	5.0687427e-02
4.2040257e+00	-8.5751094e-03
4.2258346e+00	-6.4920530e-02
4.2476435e+00	-6.6573117e-02
4.2694525e+00	-4.3451650e-02
4.2912614e+00	6.7354696e-02
4.3130704e+00	2.6161468e-02
4.3348793e+00	-3.1711269e-02
4.3566882e+00	-5.8251876e-03
4.3784972e+00	-3.4561605e-02
4.4003061e+00	3.6021053e-02
4.4221151e+00	4.5980724e-02
4.4439240e+00	1.1682801e-02
4.4657329e+00	7.2607614e-02
4.4875419e+00	5.9147020e-02
4.5093508e+00	-2.7075392e-01
4.5311597e+00	-1.0694838e-01
4.5529687e+00	6.6636629e-02
4.5747776e+00	9.6680768e-02
4.5965866e+00	1.8359823e-01
4.6183955e+00	1.2347769e-01
4.6402044e+00	-9.5030716e-03
4.6620134e+00	-1.4241830e-01
4.6838223e+00	-2.1751788e-01
4.7056312e+00	2.0335484e-02
4.7274402e+00	2.0283966e-01
4.7492491e+00	1.3779882e-01
4.7710581e+00	5.5846871e-02
4.7928670e+00	-8.1279278e-02
4.8146759e+00	-1.5371387e-01
4.8364849e+00	-1.4036250e-02
4.8582938e+00	2.8546798e-01
4.8801028e+00	6.5733544e-02
4.9019117e+00	-3.5160434e-03
4.9237206e+00	4.8888186e-02
4.9455296e+00	1.3151722e-01
4.9673385e+00	9.0627961e-03
4.9891474e+00	-1.5527731e-01
5.0109564e+00	1.6135269e-02
5.0327653e+00	-4.3243252e-02
5.0545743e+00	1.6764998e-02
5.0763832e+00	8.8746666e-02
5.0981921e+00	-1.3337383e-01
5.1200011e+00	1.5972828e-02
5.1418100e+00	2.7190763e-01
5.1636189e+00	1.1604662e-01
5.1854279e+00	8.4513054e-02
5.2072368e+00	-8.8645311e-02
5.2290458e+00	-9.5228581e-02
5.2508547e+00	-1.7822536e-01
5.2726636e+00	1.1165975e-01
5.2944726e+00	1.0567091e-01
5.3162815e+00	-6.1708808e-02
5.3380905e+00	2.6896609e-03
5.3598994e+00	-2.3297195e-02
5.3817083e+00	3.8502624e-02
5.4035173e+00	-4.2657962e-02
5.4253262e+00	-3.3625362e-02
5.4471351e+00	9.0954284e-02
5.4689441e+00	9.0956989e-02
5.4907530e+00	5.3703074e-02
5.5125620e+00	-6.5927910e-02
5.5343709e+00	-9.2710837e-02
5.5561798e+00	1.2998451e-01
5.5779888e+00	-2.2836061e-03
5.5997977e+00	-1.2981486e-01
5.6216066e+00	-3.0317937e-02
5.6434156e+00	4.5546513e-02
5.6652245e+00	4.5326737e-02
5.6870335e+00	2.3180816e-01
5.7088424e+00	4.3235849e-03
5.7306513e+00	-1.8257993e-01
5.7524603e+00	-1.2075318e-01
5.7742692e+00	1.6847602e-01
5.7960782e+00	1.6959376e-01
5.8178871e+00	3.2299149e-02
5.8396960e+00	-8.8353559e-02
5.8615050e+00	-4.1651829e-02
5.8833139e+00	-6.9213456e-03
5.9051228e+00	7.7289929e-02
5.9269318e+00	-2.2219577e-02
5.9487407e+00	-7.7138906e-03
5.9705497e+00	1.6412966e-02
5.9923586e+00	-1.0475025e-01
6.0141675e+00	3.0793673e-02
6.0359765e+00	-2.4981635e-02
6.0577854e+00	6.6521499e-02
6.0795944e+00	1.3202680e-01
6.1014033e+00	-6.0850809e-02
6.1232122e+00	-3.6274434e-02
6.1450212e+00	-3.1098362e-02
6.1668301e+00	7.5493575e-02
6.1886390e+00	7.5652469e-02
6.2104480e+00	-9.5853578e-02
6.2322569e+00	-5.6045247e-04
6.2540659e+00	1.5901578e-01
6.2758748e+00	-1.8288630e-01
6.2976837e+00	-1.5114220e-01
6.3194927e+00	1.1546271e-01
6.3413016e+00	9.4696078e-02
6.3631105e+00	9.2187848e-02
6.3849195e+00	-6.6200211e-02
6.4067284e+00	-1.9592297e-01
6.4285374e+00	1.7200877e-02
6.4503463e+00	4.3667360e-02
6.4721552e+00	1.1485181e-01
6.4939642e+00	2.4640409e-02
6.5157731e+00	3.6160175e-02
6.5375821e+00	-2.9357218e-02
6.5593910e+00	-1.2562323e-01
6.5811999e+00	-7.9833449e-02
6.6030089e+00	9.2303845e-02
6.6248178e+00	1.4027407e-01
6.6466267e+00	-1.2704462e-02
6.6684357e+00	-8.3231979e-02
6.6902446e+00	-2.3639726e-02
6.7120536e+00	5.8360076e-02
6.7338625e+00	1.4159454e-01
6.7556714e+00	7.1927039e-02
6.7774804e+00	-5.8047873e-02
6.7992893e+00	-1.1152087e-01
6.8210982e+00	-7.9260262e-02
6.8429072e+00	-2.5557208e-02
6.8647161e+00	-4.2009266e-02
6.8865251e+00	7.3769240e-02
6.9083340e+00	3.8268629e-02
6.9301429e+00	5.8691643e-02
6.9519519e+00	9.6056406e-02
6.9737608e+00	-1.8594426e-02
6.9955698e+00	-8.6161447e-02
7.0173787e+00	-1.7310904e-01
7.0391876e+00	-5.6995905e-02
7.0609966e+00	1.3817852e-01
7.0828055e+00	-9.1819922e-02
7.1046144e+00	1.2241516e-01
7.1264234e+00	4.9921483e-02
7.1482323e+00	-7.7786751e-03
7.1700413e+00	4.1865897e-02
7.1918502e+00	-4.1278648e-02
7.2136591e+00	1.1800886e-01
7.2354681e+00	1.1177787e-01
7.2572770e+00	-3.1841706e-02
7.2790859e+00	-2.0719921e-01
7.3008949e+00	-4.2260276e-02
7.3227038e+00	2.1141078e-02
7.3445128e+00	1.2844284e-01
7.3663217e+00	7.2333603e-02
7.3881306e+00	-2.5077883e-01
7.4099396e+00	2.4162251e-03
7.4317485e+00	8.3534756e-02
7.4535575e+00	1.1121347e-02
7.4753664e+00	-6.9723156e-02
7.4971753e+00	1.0130427e-01
7.5189843e+00	5.1617292e-02
7.5407932e+00	3.2283727e-03
7.5626021e+00	-7.9760435e-02
7.5844111e+00	-2.3870490e-02
7.6062200e+00	-1.8478877e-02
7.6280290e+00	-8.0606652e-02
7.6498379e+00	-1.9223517e-02
7.6716468e+00	1.1750032e-01
7.6934558e+00	1.1122683e-01
7.7152647e+00	-1.8743986e-02
7.7370737e+00	3.9499213e-02
7.7588826e+00	-1.7513049e-02
7.7806915e+00	-4.1470385e-02
7.8025005e+00	3.1894773e-02
7.8243094e+00	7.9393668e-02
7.8461183e+00	4.0370195e-02
7.8679273e+00	-6.7520024e-02
7.8897362e+00	-1.7174216e-01
7.9115452e+00	-1.2365923e-01
7.9333541e+00	2.0277047e-01
7.9551630e+00	3.6421416e-02
7.9769720e+00	-6.9345617e-02
7.9987809e+00	6.1249393e-02
8.0205898e+00	1.0065093e-03
8.0423988e+00	-4.2496397e-02
8.0642077e+00	6.7959054e-02
8.0860167e+00	6.5750125e-02
8.1078256e+00	1.0484126e-01
8.1296345e+00	-1.1581216e-01
8.1514435e+00	-1.1107070e-01
8.1732524e+00	7.6335304e-02
8.1950614e+00	8.8366382e-03
8.2168703e+00	5.0647618e-02
8.2386792e+00	3.9977664e-02
8.2604882e+00	-1.1899575e-02
8.2822971e+00	-1.4988333e-01
8.3041060e+00	-9.3534669e-02
8.3259150e+00	1.3556438e-01
8.3477239e+00	1.9363930e-01
8.3695329e+00	3.1317774e-02
8.3913418e+00	-6.1392466e-02
8.4131507e+00	2.7166704e-01
8.4349597e+00	-4.2819372e-02
8.4567686e+00	-7.5581517e-02
8.4785775e+00	-2.7823558e-02
8.5003865e+00	1.1465293e-02
8.5221954e+00	6.5296591e-02
8.5440044e+00	-6.9980355e-02
8.5658133e+00	3.2382125e-01
8.5876222e+00	1.3452402e-02
8.6094312e+00	9.2352267e-02
8.6312401e+00	2.8509376e-01
8.6530491e+00	-6.0559782e-02
8.6748580e+00	-8.5312921e-02
8.6966669e+00	-6.5331237e-03
8.7184759e+00	-1.0009745e-01
8.7402848e+00	2.1524349e-01
8.7620937e+00	4.2655415e-02
8.7839027e+00	1.3572682e-01
8.8057116e+00	-2.7147715e-02
8.8275206e+00	-4.1429376e-02
8.8493295e+00	9.3634910e-02
8.8711384e+00	-1.3160348e-01
8.8929474e+00	-5.3380908e-02
8.9147563e+00	9.7280896e-02
8.9365652e+00	-6.1490278e-03
8.9583742e+00	-3.0443718e-02
8.9801831e+00	-5.8910539e-02
9.0019921e+00	1.5275425e-01
9.0238010e+00	4.2695950e-01
9.0456099e+00	3.9598117e-03
9.0674189e+00	-2.4715770e-01
9.0892278e+00	1.6045833e-01
9.1110368e+00	1.6036185e-01
9.1328457e+00	5.2170551e-02
9.1546546e+00	-2.0857195e-01
9.1764636e+00	1.3950449e-01
9.1982725e+00	3.0253241e-01
9.2200814e+00	1.1582100e-02
9.2418904e+00	-2.8096845e-02
9.2636993e+00	-1.8980994e-01
9.2855083e+00	2.0910158e-02
9.3073172e+00	1.1765978e-01
9.3291261e+00	2.9359050e-01
9.3509351e+00	2.5175397e-01
9.3727440e+00	-8.3289981e-02
9.3945530e+00	-2.3194416e-02
9.4163619e+00	9.1940571e-02
9.4381708e+00	5.0961371e-02
9.4599798e+00	-5.6581873e-02
9.4817887e+00	-1.0035804e-01
9.5035976e+00	1.3713149e-01
9.5254066e+00	3.1931930e-01
9.5472155e+00	7.6736406e-02
9.5690245e+00	-7.7409851e-02
9.5908334e+00	-1.1787209e-02
9.6126423e+00	-1.7503750e-01
9.6344513e+00	-1.2542110e-01
9.6562602e+00	2.1157712e-01
9.6780691e+00	-1.9309151e-02
9.6998781e+00	1.0066975e-01
9.7216870e+00	2.3265350e-01
9.7434960e+00	1.0755775e-01
9.7653049e+00	9.0254180e-02
9.7871138e+00	-1.6561445e-02
9.8089228e+00	3.1478029e-02
9.8307317e+00	-1.7735777e-01
9.8525407e+00	-1.9231381e-01
9.8743496e+00	3.6919861e-02
9.8961585e+00	9.2356581e-02
9.9179675e+00	1.1045153e-01
9.9397764e+00	-3.9423786e-02
9.9615853e+00	-9.2983957e-02
9.9833943e+00	-2.2631102e-03
1.0005203e+01	5.8464776e-02
1.0027012e+01	1.5532037e-02
1.0048821e+01	1.1386189e-01
1.0070630e+01	2.6435250e-02
1.0092439e+01	-1.8436865e-01
1.0114248e+01	-8.1704354e-02
1.0136057e+01	2.5802516e-01
1.0157866e+01	1.6228202e-01
1.0179675e+01	8.9597639e-02
1.0201484e+01	5.1475811e-02
1.0223293e+01	2.8353249e-01
1.0245102e+01	2.3085483e-01
1.0266910e+01	-1.7490053e-01
1.0288719e+01	-2.3906424e-01
1.0310528e+01	5.0916017e-02
1.0332337e+01	9.5875138e-01
1.0354146e+01	1.4318264e+00
1.0375955e+01	2.1474617e+00
1.0397764e+01	2.5930599e+00
1.0419573e+01	2.8888895e+00
1.0441382e+01	3.1735182e+00
1.0463191e+01	3.7160254e+00
1.0485000e+01	4.2879139e+00
1.0506809e+01	4.8830591e+00
1.0528618e+01	5.7213398e+00
1.0550427e+01	6.2601094e+00
1.0572236e+01	6.8540995e+00
1.0594045e+01	7.4377178e+00
1.0615853e+01	8.1131498e+00
1.0637662e+01	8.0739461e+00
1.0659471e+01	7.3721123e+00
1.0681280e+01	6.2654849e+00
1.0703089e+01	4.6400157e+00
1.0724898e+01	3.1487921e+00
1.0746707e+01	2.3506287e+00
1.0768516e+01	1.9374291e+00
1.0790325e+01	1.4684710e+00
1.0812134e+01	1.1166369e+00
1.0833943e+01	7.8316833e-01
1.0855752e+01	5.0923695e-01
1.0877561e+01	3.5998532e-01
1.0899370e+01	1.0531236e-02
1.0921179e+01	1.1019851e-01
1.0942988e+01	-1.0159224e-01
1.0964796e+01	-1.4900273e-01
1.0986605e+01	3.4795498e-02
1.1008414e+01	2.0158356e-01
1.1030223e+01	1.4069944e-01
1.1052032e+01	3.8270508e-01
1.1073841e+01	4.1052832e-01
1.1095650e+01	6.4657443e-01
1.1117459e+01	9.2891537e-01
1.1139268e+01	1.4380981e+00
1.1161077e+01	1.6720185e+00
1.1182886e+01	1.8029456e+00
1.1204695e+01	2.1926822e+00
1.1226504e+01	2.3687793e+00
1.1248313e+01	1.9707348e+00
1.1270122e+01	7.8969076e-01
1.1291931e+01	3.7259698e-01
1.1313740e+01	4.3335142e-01
1.1335548e+01	9.9538932e-02
1.1357357e+01	1.5199884e-02
1.1379166e+01	2.3055103e-02
1.1400975e+01	-1.2219387e-01
1.1422784e+01	1.1522967e-01
1.1444593e+01	-3.7125634e-02
1.1466402e+01	-1.8175390e-01
1.1488211e+01	-1.9200442e-01
1.1510020e+01	-4.8609077e-02
1.1531829e+01	1.3930381e-02
1.1553638e+01	9.3309866e-02
1.1575447e+01	1.1777716e-01
1.1597256e+01	-5.1472032e-02
1.1619065e+01	1.3783718e-01
1.1640874e+01	7.5832827e-02
1.1662683e+01	-1.1702174e-01
1.1684491e+01	-5.9525838e-02
1.1706300e+01	2.2255477e-01
1.1728109e+01	3.8075958e-02
1.1749918e+01	9.0353582e-02
1.1771727e+01	9.2822408e-03
1.1793536e+01	-2.8110708e-01
1.1815345e+01	3.6974886e-02
1.1837154e+01	-5.2575341e-02
1.1858963e+01	8.8755757e-02
1.1880772e+01	1.2201860e-01
1.1902581e+01	-5.9969739e-02
1.1924390e+01	-7.1971411e-02
1.1946199e+01	1.1046889e-01
1.1968008e+01	2.1733040e-02
1.1989817e+01	-1.7913582e-02
1.2011626e+01	-7.6459637e-02
1.2033434e+01	2.1567074e-01
1.2055243e+01	-1.8314351e-02
1.2077052e+01	-1.9897367e-02
1.2098861e+01	2.2959122e-02
1.2120670e+01	-1.5016284e-01
1.2142479e+01	1.1867915e-01
1.2164288e+01	2.4636801e-02
1.2186097e+01	-2.3164719e-01
1.2207906e+01	1.7807632e-02
1.2229715e+01	2.0995927e-01
1.2251524e+01	4.8546892e-02
1.2273333e+01	-4.7210584e-02
1.2295142e+01	8.2331651e-02
1.2316951e+01	1.2541645e-01
1.2338760e+01	7.6343116e-02
1.2360569e+01	1.6731100e-01
1.2382377e+01	-3.1012493e-03
1.2404186e+01	-2.3788429e-01
1.2425995e+01	-1.2175357e-01
1.2447804e+01	-2.1902907e-01
1.2469613e+01	2.4146513e-02
1.2491422e+01	2.6374044e-01
1.2513231e+01	7.6610948e-02
1.2535040e+01	8.5170989e-02
1.2556849e+01	9.9078361e-02
1.2578658e+01	1.1598780e-01
1.2600467e+01	-6.2034208e-02
1.2622276e+01	5.3192794e-02
1.2644085e+01	-1.3523145e-01
1.2665894e+01	-1.7623901e-01
1.2687703e+01	1.8665564e-01
1.2709512e+01	1.9928762e-01
1.2731320e+01	9.0749307e-03
1.2753129e+01	-1.9358621e-01
1.2774938e+01	1.1144460e-01
1.2796747e+01	2.0846361e-01
1.2818556e+01	-1.4156732e-01
1.2840365e+01	-7.8242256e-02
1.2862174e+01	-1.5854544e-01
1.2883983e+01	7.2072534e-02
1.2905792e+01	5.5303857e-02
1.2927601e+01	1.6689589e-01
1.2949410e+01	-1.1883652e-01
1.2971219e+01	5.2078920e-02
1.2993028e+01	-1.8891451e-02
1.3014837e+01	1.5842821e-01
1.3036646e+01	1.3693386e-01
1.3058455e+01	2.8709467e-01
1.3080264e+01	6.0409675e-01
1.3102072e+01	5.8619685e-01
1.3123881e+01	-1.0504039e-01
1.3145690e+01	1.3969646e-01
1.3167499e+01	1.5365795e-01
1.3189308e+01	-1.6101769e-01
1.3211117e+01	-2.9515200e-03
1.3232926e+01	3.9592061e-01
1.3254735e+01	3.4229405e-01
1.3276544e+01	1.2508611e-01
1.3298353e+01	-1.0249344e-01
1.3320162e+01	-3.0202442e-01
1.3341971e+01	-3.7935149e-01
1.3363780e+01	4.1852020e-01
1.3385589e+01	3.1578452e-01
1.3407398e+01	1.7834894e-01
1.3429207e+01	1.2357073e-01
1.3451015e+01	9.0399474e-02
1.3472824e+01	2.1905559e-01
1.3494633e+01	1.8250850e-01
1.3516442e+01	-1.6512153e-02
1.3538251e+01	8.4271755e-02
1.3560060e+01	3.6034180e-02
1.3581869e+01	6.9581643e-02
1.3603678e+01	-4.6143309e-02
1.3625487e+01	-5.1744741e-02
1.3647296e+01	-1.0424125e-01
1.3669105e+01	-6.8959242e-02
1.3690914e+01	-1.2128063e-01
1.3712723e+01	1.3337580e-01
1.3734532e+01	-3.1800212e-02
1.3756341e+01	-6.0343091e-02
1.3778150e+01	3.0447036e-02
1.3799958e+01	9.6179937e-02
1.3821767e+01	1.1540387e-01
1.3843576e+01	-3.1397671e-03
1.3865385e+01	-3.9421801e-02
1.3887194e+01	5.7580443e-02
1.3909003e+01	-1.5065098e-01
1.3930812e+01	-3.7777464e-02
1.3952621e+01	-4.5450796e-02
1.3974430e+01	-2.3753197e-02
1.3996239e+01	3.7911488e-02
1.4018048e+01	1.0400853e-01
1.4039857e+01	8.3698331e-02
1.4061666e+01	3.1596603e-03
1.4083475e+01	3.8025485e-02
1.4105284e+01	-6.8711346e-02
1.4127093e+01	-4.2336594e-02
1.4148901e+01	-7.3291268e-03
1.4170710e+01	8.2757406e-03
1.4192519e+01	-1.7492339e-02
1.4214328e+01	5.2800388e-03
1.4236137e+01	-4.2582321e-03
1.4257946e+01	-1.0320690e-01
1.4279755e+01	-3.0162001e-02
1.4301564e+01	1.5927342e-01
1.4323373e+01	3.5220356e-03
1.4345182e+01	-6.0111477e-02
1.4366991e+01	2.1315640e-01
1.4388800e+01	1.1643735e-01
1.4410609e+01	-5.2334853e-02
1.4432418e+01	-6.4081773e-02
1.4454227e+01	2.8997926e-02
1.4476036e+01	-2.7996887e-02
1.4497844e+01	-4.3180934e-02
1.4519653e+01	-1.3902539e-01
1.4541462e+01	6.9126849e-04
1.4563271e+01	1.6550463e-01
1.4585080e+01	1.8565729e-01
1.4606889e+01	-1.3344703e-02
1.4628698e+01	1.7419853e-02
1.4650507e+01	3.0821467e-02
1.4672316e+01	-3.1868317e-02
1.4694125e+01	-6.9206837e-02
1.4715934e+01	-2.3967685e-01
1.4737743e+01	-1.1610683e-02
1.4759552e+01	-9.8234697e-03
1.4781361e+01	1.1238623e-01
1.4803170e+01	1.2144888e-01
1.4824979e+01	2.9810072e-01
1.4846787e+01	4.7939319e-01
1.4868596e+01	6.0680762e-01
1.4890405e+01	9.3287016e-01
1.4912214e+01	9.6250382e-01
1.4934023e+01	1.0535336e+00
1.4955832e+01	1.1914426e+00
1.4977641e+01	1.3772827e+00
1.4999450e+01	1.5960241e+00
1.5021259e+01	1.7502377e+00
1.5043068e+01	1.6986235e+00
1.5064877e+01	1.3424226e+00
1.5086686e+01	1.3468630e+00
1.5108495e+01	8.8635971e-01
1.5130304e+01	4.6831874e-01
1.5152113e+01	1.4888913e-01
1.5173922e+01	-5.7838728e-03
1.5195731e+01	-1.3358488e-01
1.5217539e+01	-5.9280238e-03
1.5239348e+01	-6.7343704e-02
1.5261157e+01	-2.7505002e-01
1.5282966e+01	1.0415922e-01
1.5304775e+01	1.2783854e-01
1.5326584e+01	1.2973463e-01
1.5348393e+01	1.1025731e-01
1.5370202e+01	1.5927967e-01
1.5392011e+01	6.2140076e-03
1.5413820e+01	-7.0909356e-02
1.5435629e+01	-1.3468278e-01
1.5457438e+01	1.1923538e-02
1.5479247e+01	7.2951714e-02
1.5501056e+01	-2.3352762e-01
1.5522865e+01	-1.2995351e-01
1.5544674e+01	1.4585920e-01
1.5566482e+01	8.5001352e-02
1.5588291e+01	-4.3397960e-02
1.5610100e+01	6.4635024e-03
1.5631909e+01	2.8242917e-02
1.5653718e+01	2.9052459e-02
1.5675527e+01	7.4341689e-02
1.5697336e+01	1.0646977e-01
1.5719145e+01	-7.9404791e-02
1.5740954e+01	2.1964428e-03
1.5762763e+01	1.0441034e-01
1.5784572e+01	-2.1184533e-01
1.5806381e+01	-3.4002669e-02
1.5828190e+01	2.5010688e-02
1.5849999e+01	-3.4707153e-02
1.5871808e+01	7.0401285e-02
1.5893617e+01	2.1109369e-01
1.5915425e+01	-7.7799534e-03
1.5937234e+01	-9.8995888e-02
1.5959043e+01	-7.9772365e-02
1.5980852e+01	-1.1278053e-02
1.6002661e+01	8.9440550e-03
1.6024470e+01	6.8791444e-02
1.6046279e+01	4.5383135e-02
1.6068088e+01	1.8251743e-02
1.6089897e+01	-4.2149584e-02
1.6111706e+01	4.2108728e-02
1.6133515e+01	1.9740570e-02
1.6155324e+01	2.4303866e-02
1.6177133e+01	3.0122580e-02
1.6198942e+01	-1.3133054e-01
1.6220751e+01	-1.2011153e-01
1.6242560e+01	2.1971221e-03
1.6264368e+01	7.6209474e-02
1.6286177e+01	-6.2475262e-03
1.6307986e+01	3.3078549e-02
1.6329795e+01	-1.2702919e-02
1.6351604e+01	7.9893005e-02
1.6373413e+01	8.0532193e-02
1.6395222e+01	-8.9082321e-02
1.6417031e+01	5.8221761e-02
1.6438840e+01	1.9021581e-01
1.6460649e+01	-3.3014049e-02
1.6482458e+01	1.5025633e-02
1.6504267e+01	-8.7661926e-02
1.6526076e+01	-5.9168001e-02
1.6547885e+01	-1.6873915e-01
1.6569694e+01	-7.1206229e-02
1.6591503e+01	8.5294497e-02
1.6613311e+01	3.0626831e-02
1.6635120e+01	-1.4113128e-01
1.6656929e+01	1.4759068e-01
1.6678738e+01	1.2518458e-02
1.6700547e+01	-1.1986469e-01
1.6722356e+01	4.9482223e-02
1.6744165e+01	1.6863852e-01
1.6765974e+01	2.0680283e-01
1.6787783e+01	4.2333242e-01
1.6809592e+01	5.5084737e-01
1.6831401e+01	3.1697733e-01
1.6853210e+01	6.1719366e-02
1.6875019e+01	1.1977836e-01
1.6896828e+01	4.1458472e-03
1.6918637e+01	-7.5167480e-02
1.6940446e+01	-1.8603883e-01
1.6962254e+01	-4.2710287e-02
1.6984063e+01	-2.5306652e-02
1.7005872e+01	-1.0087734e-02
1.7027681e+01	3.2974549e-02
1.7049490e+01	6.6846110e-02
1.7071299e+01	-6.0646148e-02
1.7093108e+01	-8.0980526e-02
1.7114917e+01	2.3741567e-01
1.7136726e+01	-5.5729182e-03
1.7158535e+01	-2.7957299e-03
1.7180344e+01	6.1525282e-02
1.7202153e+01	1.8964211e-02
1.7223962e+01	-7.6316950e-02
1.7245771e+01	5.0959584e-02
1.7267580e+01	-2.1434929e-02
1.7289389e+01	-8.6241948e-03
1.7311198e+01	1.0462694e-01
1.7333006e+01	2.7137973e-01
1.7354815e+01	9.3377476e-02
1.7376624e+01	-3.3870422e-02
1.7398433e+01	-1.0384865e-01
1.7420242e+01	-1.5526659e-01
1.7442051e+01	-4.8041230e-02
1.7463860e+01	2.6662900e-02
1.7485669e+01	3.9553014e-02
1.7507478e+01	9.2727990e-02
1.7529287e+01	1.0253080e-01
1.7551096e+01	-4.3921351e-02
1.7572905e+01	-1.6257028e-01
1.7594714e+01	-2.6814435e-02
1.7616523e+01	1.1462070e-01
1.7638332e+01	-7.1261224e-02
1.7660141e+01	1.9198226e-02
1.7681949e+01	1.2152240e-01
1.7703758e+01	1.0094569e-01
1.7725567e+01	-3.2940053e-02
1.7747376e+01	-7.3688875e-02
1.7769185e+01	-5.8170530e-02
1.7790994e+01	6.8780791e-03
1.7812803e+01	4.5195009e-03
1.7834612e+01	-2.4580499e-02
1.7856421e+01	5.3405490e-02
1.7878230e+01	5.7194565e-02
1.7900039e+01	-1.2026591e-01
1.7921848e+01	-4.6409508e-02
1.7943657e+01	9.7881893e-02
1.7965466e+01	6.0548747e-02
1.7987275e+01	-6.5134083e-02
1.8009084e+01	7.4951707e-02
1.8030892e+01	3.4453044e-02
1.8052701e+01	1.0446942e-02
1.8074510e+01	-1.1338640e-01
1.8096319e+01	-1.0764021e-01
1.8118128e+01	4.7906651e-02
1.8139937e+01	-4.2908919e-02
1.8161746e+01	5.6765831e-02
1.8183555e+01	1.3029028e-01
1.8205364e+01	3.7012806e-02
1.8227173e+01	-9.0369440e-02
1.8248982e+01	-9.1452987e-04
1.8270791e+01	1.7918443e-02
1.8292600e+01	-6.1611794e-03
1.8314409e+01	-6.7785569e-02
1.8336218e+01	5.2350182e-02
1.8358027e+01	-8.4420991e-02
1.8379835e+01	-7.0910490e-02
1.8401644e+01	-2.2175051e-02
1.8423453e+01	1.1364802e-02
1.8445262e+01	1.2797068e-02
1.8467071e+01	2.3871384e-01
1.8488880e+01	2.7862272e-01
1.8510689e+01	1.7740841e-01
1.8532498e+01	5.6810534e-02
1.8554307e+01	-5.9372826e-02
1.8576116e+01	1.0983958e-02
1.8597925e+01	-9.3831950e-02
1.8619734e+01	-5.4795642e-02
1.8641543e+01	2.2087521e-01
1.8663352e+01	4.6720188e-01
1.8685161e+01	5.3068999e-01
1.8706970e+01	3.0932724e-01
1.8728778e+01	-7.3866571e-03
1.8750587e+01	1.3454326e-02
1.8772396e+01	-3.9190894e-02
1.8794205e+01	-1.2537722e-02
1.8816014e+01	3.6176122e-02
1.8837823e+01	6.3462351e-02
1.8859632e+01	-1.3467981e-02
1.8881441e+01	-6.0616363e-02
1.8903250e+01	-2.5185865e-02
1.8925059e+01	-7.1910558e-02
1.8946868e+01	1.1189345e-02
1.8968677e+01	2.4635191e-02
1.8990486e+01	-1.2733754e-02
1.9012295e+01	-1.3319542e-01
1.9034104e+01	3.0472480e-03
1.9055913e+01	7.8975989e-02
1.9077721e+01	1.1670518e-01
1.9099530e+01	3.3828957e-02
1.9121339e+01	4.0275362e-02
1.9143148e+01	1.4997213e-02
1.9164957e+01	6.9156650e-02
1.9186766e+01	-9.2362740e-02
1.9208575e+01	-8.1740431e-02
1.9230384e+01	-1.9803454e-02
1.9252193e+01	-9.8575549e-02
1.9274002e+01	-9.2269963e-02
1.9295811e+01	-2.2923678e-03
1.9317620e+01	4.8261909e-02
1.9339429e+01	1.6245783e-01
1.9361238e+01	1.0907959e-01
1.9383047e+01	1.0963962e-01
1.9404856e+01	-1.7120834e-02
1.9426665e+01	-3.2355860e-02
1.9448473e+01	-6.8194416e-02
1.9470282e+01	-2.6207629e-02
1.9492091e+01	2.8173034e-02
1.9513900e+01	7.9611017e-02
1.9535709e+01	-4.0630541e-02
1.9557518e+01	-2.7744556e-02
1.9579327e+01	-1.0139527e-01
1.9601136e+01	-1.0975577e-01
1.9622945e+01	1.1052398e-02
1.9644754e+01	2.3915024e-02
1.9666563e+01	1.4888936e-01
1.9688372e+01	6.5785310e-02
1.9710181e+01	-1.4556017e-01
1.9731990e+01	6.2196502e-03
1.9753799e+01	6.1933432e-02
1.9775608e+01	9.7011932e-02
1.9797416e+01	-1.8217636e-01
1.9819225e+01	-1.0613018e-01
1.9841034e+01	2.6904524e-01
1.9862843e+01	1.1990310e-01
1.9884652e+01	2.7394010e-02
1.9906461e+01	1.6827377e-01
1.9928270e+01	3.4936867e-01
1.9950079e+01	4.2451513e-01
1.9971888e+01	1.8097768e-01
1.9993697e+01	-6.2635955e-02
2.0015506e+01	-1.3566487e-01
2.0037315e+01	-1.3118685e-01
2.0059124e+01	6.8293733e-03
2.0080933e+01	2.1860825e-02
2.0102742e+01	4.3515360e-02
2.0124551e+01	8.8234573e-02
2.0146359e+01	4.4442880e-02
2.0168168e+01	-1.6262187e-01
2.0189977e+01	-3.7831440e-02
2.0211786e+01	2.7231049e-02
2.0233595e+01	-8.5175147e-02
2.0255404e+01	-9.1128910e-02
2.0277213e+01	-5.7378316e-02
2.0299022e+01	8.3614866e-02
2.0320831e+01	7.2020902e-02
2.0342640e+01	1.4664885e-01
2.0364449e+01	8.4189590e-02
2.0386258e+01	-9.3614571e-03
2.0408067e+01	-2.7363764e-02
2.0429876e+01	1.4969839e-02
2.0451685e+01	-3.4610036e-02
2.0473494e+01	3.4120581e-02
2.0495302e+01	7.1927636e-02
2.0517111e+01	4.6875523e-01
2.0538920e+01	6.5834723e-01
2.0560729e+01	7.1406480e-01
2.0582538e+01	4.9586011e-01
2.0604347e+01	4.1566530e-01
2.0626156e+01	8.7359879e-02
2.0647965e+01	-1.1428402e-01
2.0669774e+01	-2.0125923e-01
2.0691583e+01	-8.6385353e-02
2.0713392e+01	2.4492664e-02
2.0735201e+01	1.0417801e-01
2.0757010e+01	-3.6954597e-02
2.0778819e+01	1.1381118e-01
2.0800628e+01	1.7721182e-01
2.0822437e+01	-1.7755317e-03
2.0844245e+01	-7.8653467e-02
2.0866054e+01	3.6352517e-02
2.0887863e+01	-6.4859709e-02
2.0909672e+01	-2.0702744e-02
2.0931481e+01	-1.4511472e-01
2.0953290e+01	-1.0807329e-01
2.0975099e+01	1.0614193e-01
2.0996908e+01	1.8017554e-01
2.1018717e+01	3.9429217e-01
2.1040526e+01	5.3685781e-01
2.1062335e+01	9.5118835e-01
2.1084144e+01	1.0473039e+00
2.1105953e+01	1.0709735e+00
2.1127762e+01	1.4230513e+00
2.1149571e+01	2.1752403e+00
2.1171380e+01	3.2406717e+00
2.1193188e+01	4.8259055e+00
2.1214997e+01	6.4420138e+00
2.1236806e+01	7.7289548e+00
2.1258615e+01	8.6562444e+00
2.1280424e+01	8.5131378e+00
2.1302233e+01	7.5195130e+00
2.1324042e+01	6.0990172e+00
2.1345851e+01	4.3224044e+00
2.1367660e+01	2.8277948e+00
2.1389469e+01	1.4830744e+00
2.1411278e+01	5.9431524e-01
2.1433087e+01	1.1082548e-01
2.1454896e+01	-7.7422964e-02
2.1476705e+01	-1.8464186e-02
2.1498514e+01	3.9172071e-02
2.1520323e+01	3.5565993e-01
2.1542132e+01	8.4375816e-01
2.1563940e+01	8.8199561e-01
2.1585749e+01	8.0380615e-01
2.1607558e+01	8.5580063e-01
2.1629367e+01	6.9687991e-01
2.1651176e+01	3.3735986e-01
2.1672985e+01	1.9636832e-01
2.1694794e+01	7.9416211e-02
2.1716603e+01	-9.6138350e-02
2.1738412e+01	-2.1320216e-02
2.1760221e+01	-1.1202492e-01
2.1782030e+01	-1.2369196e-01
2.1803839e+01	-5.2128816e-03
2.1825648e+01	-5.1668328e-02
2.1847457e+01	4.4056566e-02
2.1869266e+01	9.9357327e-02
2.1891075e+01	5.1770541e-02
2.1912883e+01	3.0800462e-02
2.1934692e+01	4.0654917e-02
2.1956501e+01	-1.1710546e-01
2.1978310e+01	-4.3531184e-02
2.2000119e+01	5.6398531e-02
2.2021928e+01	7.3575865e-02
2.2043737e+01	-6.2537097e-02
2.2065546e+01	-3.4150729e-02
2.2087355e+01	7.0235630e-02
2.2109164e+01	-5.9431690e-02
2.2130973e+01	6.2076191e-02
2.2152782e+01	4.1295653e-02
2.2174591e+01	-2.5862803e-02
2.2196400e+01	-1.1174891e-01
2.2218209e+01	-9.6800996e-02
2.2240018e+01	5.0082385e-02
2.2261826e+01	7.8821072e-02
2.2283635e+01	1.0815960e-01
2.2305444e+01	5.8099115e-02
2.2327253e+01	-1.1259056e-01
2.2349062e+01	-1.6769883e-02
2.2370871e+01	2.6987522e-02
2.2392680e+01	-1.9715664e-03
2.2414489e+01	3.3379557e-02
2.2436298e+01	9.3692131e-03
2.2458107e+01	-1.2122167e-01
2.2479916e+01	4.7305261e-02
2.2501725e+01	-3.4011169e-03
2.2523534e+01	-5.6231372e-02
2.2545343e+01	1.1414118e-02
2.2567152e+01	1.5914775e-02
2.2588961e+01	-2.6459525e-02
2.2610769e+01	4.9545078e-02
2.2632578e+01	9.1672750e-02
2.2654387e+01	2.1298292e-01
2.2676196e+01	-9.9889228e-02
2.2698005e+01	-5.9629181e-02
2.2719814e+01	1.5616925e-02
2.2741623e+01	-5.2490957e-02
2.2763432e+01	-7.7390038e-03
2.2785241e+01	5.5099702e-02
2.2807050e+01	8.1630693e-02
2.2828859e+01	-1.0101638e-01
2.2850668e+01	-1.4291971e-01
2.2872477e+01	7.8518419e-02
2.2894286e+01	-7.3693517e-03
2.2916095e+01	1.4362665e-02
2.2937904e+01	8.9620467e-02
2.2959712e+01	6.7582570e-02
2.2981521e+01	1.1786697e-01
2.3003330e+01	-1.3316911e-01
2.3025139e+01	-1.5025448e-01
2.3046948e+01	8.4565865e-02
2.3068757e+01	2.8613134e-01
2.3090566e+01	-2.8901215e-03
2.3112375e+01	-1.8792402e-02
2.3134184e+01	4.6191809e-02
2.3155993e+01	1.0962629e-02
2.3177802e+01	-3.7328809e-02
2.3199611e+01	-8.4054916e-02
2.3221420e+01	1.1955047e-03
2.3243229e+01	1.1841611e-01
2.3265038e+01	-5.0658231e-02
2.3286847e+01	-9.6676228e-02
2.3308655e+01	-1.6632613e-02
2.3330464e+01	8.1981350e-03
2.3352273e+01	1.5840238e-01
2.3374082e+01	1.2887483e-01
2.3395891e+01	1.3223947e-01
2.3417700e+01	1.0093849e-01
2.3439509e+01	-2.2096103e-01
2.3461318e+01	-2.4628274e-01
2.3483127e+01	-1.1847692e-01
2.3504936e+01	-1.3158045e-01
2.3526745e+01	2.9286857e-02
2.3548554e+01	1.5184605e-01
2.3570363e+01	8.1198054e-02
2.3592172e+01	1.4060917e-01
2.3613981e+01	4.4114132e-01
2.3635790e+01	7.6123175e-01
2.3657599e+01	1.3398003e+00
2.3679407e+01	2.4626738e+00
2.3701216e+01	3.7844272e+00
2.3723025e+01	5.0961673e+00
2.3744834e+01	6.3715149e+00
2.3766643e+01	7.3402128e+00
2.3788452e+01	8.4074980e+00
2.3810261e+01	8.8653273e+00
2.3832070e+01	8.4865855e+00
2.3853879e+01	7.6462205e+00
2.3875688e+01	6.2896551e+00
2.3897497e+01	5.0485712e+00
2.3919306e+01	3.8955976e+00
2.3941115e+01	2.6441752e+00
2.3962924e+01	1.7404148e+00
2.3984733e+01	1.0516673e+00
2.4006542e+01	3.4037755e-01
2.4028350e+01	1.4082736e-01
2.4050159e+01	-7.3948126e-02
2.4071968e+01	3.8799113e-02
2.4093777e+01	1.5065460e-01
2.4115586e+01	-1.4866237e-02
2.4137395e+01	6.2292703e-03
2.4159204e+01	-1.6659022e-01
2.4181013e+01	-2.5461924e-01
2.4202822e+01	-6.2148415e-02
2.4224631e+01	2.4662797e-01
2.4246440e+01	1.6019870e-01
2.4268249e+01	6.1935355e-02
2.4290058e+01	-8.1256244e-02
2.4311867e+01	-1.2857661e-01
2.4333676e+01	9.1369905e-02
2.4355485e+01	1.1809867e-01
2.4377293e+01	-8.8854087e-02
2.4399102e+01	-3.3021898e-02
2.4420911e+01	-5.0648291e-03
2.4442720e+01	1.4614088e-02
2.4464529e+01	1.9749540e-01
2.4486338e+01	-3.9517166e-02
2.4508147e+01	7.2181072e-04
2.4529956e+01	1.2843632e-01
2.4551765e+01	7.8136341e-02
2.4573574e+01	4.7449024e-01
2.4595383e+01	6.9243642e-01
2.4617192e+01	9.6567445e-01
2.4639001e+01	9.5157689e-01
2.4660810e+01	5.0668830e-01
2.4682619e+01	3.4829325e-01
2.4704428e+01	4.0715349e-02
2.4726236e+01	-6.6255433e-02
2.4748045e+01	-3.4949295e-02
2.4769854e+01	-4.5743422e-02
2.4791663e+01	1.0503285e-02
2.4813472e+01	8.6767058e-02
2.4835281e+01	-1.2442215e-01
2.4857090e+01	-2.4547231e-01
2.4878899e+01	3.0204886e-02
2.4900708e+01	9.1118118e-02
2.4922517e+01	7.1158579e-02
2.4944326e+01	2.7089847e-02
2.4966135e+01	2.9111691e-02
2.4987944e+01	5.4591417e-02
2.5009753e+01	1.2360977e-02
2.5031562e+01	-7.1709020e-02
2.5053371e+01	2.8707030e-02
2.5075179e+01	-1.4329243e-01
2.5096988e+01	-9.9747919e-02
2.5118797e+01	3.2227340e-02
2.5140606e+01	-1.4841209e-02
2.5162415e+01	1.2790954e-01
2.5184224e+01	4.5561861e-02
2.5206033e+01	4.9002577e-02
2.5227842e+01	9.9701832e-03
2.5249651e+01	6.4021655e-03
2.5271460e+01	1.0991644e-01
2.5293269e+01	4.6396979e-02
2.5315078e+01	1.6601971e-02
2.5336887e+01	-1.0377308e-01
2.5358696e+01	-5.7730517e-02
2.5380505e+01	-3.7615805e-02
2.5402314e+01	-1.5400765e-01
2.5424123e+01	4.0925438e-02
2.5445931e+01	2.9819430e-02
2.5467740e+01	6.5262252e-02
2.5489549e+01	7.4980067e-02
2.5511358e+01	5.7695625e-02
2.5533167e+01	-5.3865131e-02
2.5554976e+01	-1.2975845e-01
2.5576785e+01	1.3584346e-02
2.5598594e+01	1.0690504e-01
2.5620403e+01	-1.7526192e-02
2.5642212e+01	2.9764770e-02
2.5664021e+01	1.3228672e-02
2.5685830e+01	-2.1051693e-02
2.5707639e+01	-4.0272355e-02
2.5729448e+01	-4.4741256e-02
2.5751257e+01	-9.3612603e-02
2.5773066e+01	-1.0393883e-02
2.5794874e+01	6.6434526e-02
2.5816683e+01	-1.6226722e-02
2.5838492e+01	-5.4176993e-02
2.5860301e+01	-1.1159328e-02
2.5882110e+01	1.9280536e-02
2.5903919e+01	6.2680385e-02
2.5925728e+01	2.0964130e-01
2.5947537e+01	4.7580502e-01
2.5969346e+01	8.1288928e-01
2.5991155e+01	1.2229212e+00
2.6012964e+01	1.6866698e+00
2.6034773e+01	1.8174722e+00
2.6056582e+01	1.7849655e+00
2.6078391e+01	1.7936358e+00
2.6100200e+01	1.6534992e+00
2.6122009e+01	1.4183827e+00
2.6143817e+01	1.1080215e+00
2.6165626e+01	6.3104157e-01
2.6187435e+01	4.5600809e-01
2.6209244e+01	1.4916607e-01
2.6231053e+01	5.5044376e-02
2.6252862e+01	3.2786089e-02
2.6274671e+01	-4.4619797e-02
2.6296480e+01	-1.9119908e-01
2.6318289e+01	-2.4297787e-01
2.6340098e+01	-6.4242028e-02
2.6361907e+01	7.6119847e-02
2.6383716e+01	1.7657404e-01
2.6405525e+01	1.0394313e-01
2.6427334e+01	-1.0870539e-01
2.6449143e+01	4.4673152e-02
2.6470952e+01	4.3043722e-02
2.6492760e+01	5.8215110e-02
2.6514569e+01	-1.1720558e-01
2.6536378e+01	2.4644718e-02
2.6558187e+01	-2.3165251e-02
2.6579996e+01	1.0196474e-01
2.6601805e+01	4.2505444e-01
2.6623614e+01	3.9264862e-01
2.6645423e+01	4.8508254e-01
2.6667232e+01	5.6396522e-01
2.6689041e+01	4.4895308e-01
2.6710850e+01	2.5871216e-01
2.6732659e+01	1.2512357e-01
2.6754468e+01	-9.4379707e-04
2.6776277e+01	-3.3613520e-02
2.6798086e+01	-1.9359475e-01
2.6819895e+01	-1.5902690e-01
2.6841703e+01	-3.6191225e-02
2.6863512e+01	-1.1030185e-02
2.6885321e+01	8.2246179e-04
2.6907130e+01	5.7380174e-02
2.6928939e+01	8.0295045e-02
2.6950748e+01	1.7235221e-01
2.6972557e+01	1.5301748e-01
2.6994366e+01	5.1718116e-02
2.7016175e+01	-1.9773912e-02
2.7037984e+01	9.3561641e-02
2.7059793e+01	-2.4396469e-02
2.7081602e+01	-5.3218050e-02
2.7103411e+01	-8.2637360e-02
2.7125220e+01	-2.1155532e-01
2.7147029e+01	-1.5479867e-01
2.7168838e+01	6.0939697e-02
2.7190646e+01	5.3278752e-02
2.7212455e+01	6.7575275e-02
2.7234264e+01	7.8766443e-02
2.7256073e+01	8.1906892e-02
2.7277882e+01	-1.4934285e-03
2.7299691e+01	-1.8390995e-02
2.7321500e+01	8.4684180e-03
2.7343309e+01	-3.6549534e-02
2.7365118e+01	-7.7135849e-02
2.7386927e+01	8.5110701e-04
2.7408736e+01	-5.1672608e-03
2.7430545e+01	-5.5192866e-02
2.7452354e+01	3.2735366e-02
2.7474163e+01	3.6338685e-02
2.7495972e+01	2.8420226e-02
2.7517781e+01	4.4104106e-02
2.7539590e+01	-4.2933040e-02
2.7561398e+01	-2.1256081e-02
2.7583207e+01	-4.4274454e-02
2.7605016e+01	-1.3805869e-01
2.7626825e+01	-1.4329179e-02
2.7648634e+01	7.1639549e-02
2.7670443e+01	8.2687061e-02
2.7692252e+01	1.2558484e-01
2.7714061e+01	2.9404079e-01
2.7735870e+01	4.6268107e-01
2.7757679e+01	6.9986468e-01
2.7779488e+01	6.1955587e-01
2.7801297e+01	7.8157389e-01
2.7823106e+01	6.5353789e-01
2.7844915e+01	4.7348003e-01
2.7866724e+01	2.8618347e-01
2.7888533e+01	3.7180346e-02
2.7910341e+01	-1.1039298e-01
2.7932150e+01	-1.9159390e-03
2.7953959e+01	9.5403608e-02
2.7975768e+01	-3.2383450e-02
2.7997577e+01	-1.2121285e-02
2.8019386e+01	-2.5939308e-02
2.8041195e+01	-9.9923716e-03
2.8063004e+01	-9.6312355e-02
2.8084813e+01	-3.3185484e-02
2.8106622e+01	1.0966214e-01
2.8128431e+01	-1.1853910e-01
2.8150240e+01	-9.6753761e-02
2.8172049e+01	2.5986733e-02
2.8193858e+01	-5.7149217e-02
2.8215667e+01	7.8629843e-02
2.8237476e+01	8.0692767e-02
2.8259284e+01	1.2494000e-01
2.8281093e+01	1.0458124e-01
2.8302902e+01	-2.5741120e-03
2.8324711e+01	2.3152650e-02
2.8346520e+01	-5.0484090e-02
2.8368329e+01	-8.3890024e-02
2.8390138e+01	-1.2606066e-01
2.8411947e+01	-5.1325562e-02
2.8433756e+01	3.6371599e-02
2.8455565e+01	1.4046137e-01
2.8477374e+01	3.6473420e-01
2.8499183e+01	6.6956108e-01
2.8520992e+01	7.2770958e-01
2.8542801e+01	1.0239933e+00
2.8564610e+01	8.6239066e-01
2.8586419e+01	8.1792534e-01
2.8608227e+01	7.9351286e-01
2.8630036e+01	7.3502376e-01
2.8651845e+01	4.9633560e-01
2.8673654e+01	2.2201393e-01
2.8695463e+01	2.9315688e-02
2.8717272e+01	3.6767656e-02
2.8739081e+01	-2.1051500e-02
2.8760890e+01	-6.4696268e-02
2.8782699e+01	-3.1298057e-02
2.8804508e+01	-5.5618247e-02
2.8826317e+01	-9.4655642e-02
2.8848126e+01	1.5534310e-02
2.8869935e+01	-8.0413953e-02
2.8891744e+01	3.3377620e-02
2.8913553e+01	2.1263115e-01
2.8935362e+01	1.3679444e-01
2.8957170e+01	3.3306254e-02
2.8978979e+01	-1.0768030e-01
2.9000788e+01	-2.9804102e-02
2.9022597e+01	9.6151045e-03
2.9044406e+01	-7.4417657e-02
2.9066215e+01	7.7238742e-03
2.9088024e+01	1.9043105e-02
2.9109833e+01	7.3924539e-02
2.9131642e+01	1.0836785e-01
2.9153451e+01	3.3132479e-03
2.9175260e+01	-1.2651107e-01
2.9197069e+01	-3.8787123e-02
2.9218878e+01	-2.1506046e-02
2.9240687e+01	-2.7117580e-03
2.9262496e+01	3.7336054e-02
2.9284305e+01	5.9743951e-02
2.9306113e+01	-1.6792399e-02
2.9327922e+01	-1.0275886e-01
2.9349731e+01	1.5278861e-02
2.9371540e+01	1.5629311e-01
2.9393349e+01	4.9396334e-02
2.9415158e+01	7.3792994e-03
2.9436967e+01	-3.7707095e-02
2.9458776e+01	-1.1023640e-01
2.9480585e+01	1.5405013e-04
2.9502394e+01	6.0506248e-02
2.9524203e+01	8.4168061e-02
2.9546012e+01	-3.3500831e-02
2.9567821e+01	-7.9609000e-02
2.9589630e+01	-5.8320168e-03
2.9611439e+01	4.0776777e-02
2.9633248e+01	-1.4321838e-02
2.9655057e+01	-1.4300256e-02
2.9676865e+01	5.3099926e-03
2.9698674e+01	-7.1623477e-02
2.9720483e+01	-2.0538692e-02
2.9742292e+01	-4.3731693e-02
2.9764101e+01	-1.1170853e-01
2.9785910e+01	1.0811682e-01
2.9807719e+01	-3.0572231e-02
2.9829528e+01	1.3488459e-01
2.9851337e+01	-1.9970051e-02
2.9873146e+01	-3.3697906e-02
2.9894955e+01	1.6692333e-01
2.9916764e+01	5.1127352e-01
2.9938573e+01	9.9699125e-01
2.9960382e+01	1.7592274e+00
2.9982191e+01	2.7139838e+00
3.0004000e+01	3.8020554e+00
3.0025808e+01	4.5964141e+00
3.0047617e+01	5.4344127e+00
3.0069426e+01	5.7341771e+00
3.0091235e+01	6.1318181e+00
3.0113044e+01	6.3015368e+00
3.0134853e+01	5.7164108e+00
3.0156662e+01	4.9333672e+00
3.0178471e+01	3.7684518e+00
3.0200280e+01	2.7790175e+00
3.0222089e+01	2.0082412e+00
3.0243898e+01	1.1418496e+00
3.0265707e+01	6.0653981e-01
3.0287516e+01	2.9778358e-01
3.0309325e+01	1.3415571e-01
3.0331134e+01	-1.9031067e-03
3.0352943e+01	-1.2030711e-01
3.0374751e+01	6.6587968e-03
3.0396560e+01	-3.3982301e-03
3.0418369e+01	-4.6503527e-02
3.0440178e+01	6.5406668e-02
3.0461987e+01	-5.7792410e-02
3.0483796e+01	-9.8466575e-02
3.0505605e+01	-3.5613795e-02
3.0527414e+01	1.9390890e-01
3.0549223e+01	1.6404916e-02
3.0571032e+01	-6.3088310e-02
3.0592841e+01	-2.3111623e-02
3.0614650e+01	3.4803546e-02
3.0636459e+01	2.6618497e-02
3.0658268e+01	-1.5255085e-01
3.0680077e+01	-6.9743446e-02
3.0701886e+01	-2.0106285e-02
3.0723694e+01	-9.5540631e-03
3.0745503e+01	1.3165311e-01
3.0767312e+01	1.1154818e-01
3.0789121e+01	1.2353452e-01
3.0810930e+01	1.4593835e-01
3.0832739e+01	8.3160547e-02
3.0854548e+01	-5.5458631e-02
3.0876357e+01	-7.7893123e-02
3.0898166e+01	-1.5432283e-01
3.0919975e+01	1.8877369e-02
3.0941784e+01	4.0296608e-02
3.0963593e+01	3.2528696e-02
3.0985402e+01	4.7497061e-02
3.1007211e+01	-7.6472157e-02
3.1029020e+01	-7.7347560e-02
3.1050829e+01	3.4028896e-02
3.1072637e+01	-1.0463912e-02
3.1094446e+01	-1.0896793e-01
3.1116255e+01	-1.8297738e-02
3.1138064e+01	7.9411667e-04
3.1159873e+01	-3.1032586e-02
3.1181682e+01	6.0080512e-02
3.1203491e+01	7.4017493e-02
3.1225300e+01	1.6581502e-01
3.1247109e+01	-5.5519645e-02
3.1268918e+01	-7.1305356e-02
3.1290727e+01	2.5745115e-02
3.1312536e+01	2.3668437e-01
3.1334345e+01	5.6767076e-02
3.1356154e+01	-1.1431865e-01
3.1377963e+01	8.1979267e-02
3.1399772e+01	8.0213201e-03
3.1421580e+01	-4.6064660e-02
3.1443389e+01	-1.5687363e-01
3.1465198e+01	-1.0069072e-01
3.1487007e+01	3.1136000e-02
3.1508816e+01	1.1560755e-01
3.1530625e+01	-2.9589341e-02
3.1552434e+01	-2.7065332e-02
3.1574243e+01	5.7880533e-02
3.1596052e+01	4.0084710e-02
3.1617861e+01	2.7915473e-02
3.1639670e+01	3.5253688e-02
3.1661479e+01	-1.1751456e-01
3.1683288e+01	-7.9929430e-02
3.1705097e+01	6.1463898e-02
3.1726906e+01	2.1966415e-01
3.1748715e+01	7.0543893e-01
3.1770524e+01	1.2654483e+00
3.1792332e+01	1.9992902e+00
3.1814141e+01	2.9905688e+00
3.1835950e+01	3.5240221e+00
3.1857759e+01	4.4144981e+00
3.1879568e+01	4.9115209e+00
3.1901377e+01	5.6510574e+00
3.1923186e+01	5.8611148e+00
3.1944995e+01	5.7771480e+00
3.1966804e+01	5.3112761e+00
3.1988613e+01	4.5280812e+00
3.2010422e+01	3.4168132e+00
3.2032231e+01	2.4146163e+00
3.2054040e+01	1.6937343e+00
3.2075849e+01	9.3908850e-01
3.2097658e+01	3.0350578e-01
3.2119467e+01	1.0145820e-01
3.2141275e+01	2.2497558e-02
3.2163084e+01	1.1056707e-01
3.2184893e+01	-3.0951413e-02
3.2206702e+01	-1.7382119e-01
3.2228511e+01	-3.6979529e-02
3.2250320e+01	-2.5280727e-02
3.2272129e+01	-3.1280101e-02
3.2293938e+01	3.2828045e-02
3.2315747e+01	-1.7251610e-02
3.2337556e+01	-9.3934563e-02
3.2359365e+01	1.4132158e-02
3.2381174e+01	7.1238371e-02
3.2402983e+01	3.6552064e-02
3.2424792e+01	-1.1673512e-01
3.2446601e+01	6.0134100e-03
3.2468410e+01	1.3485323e-01
3.2490218e+01	4.4708865e-02
3.2512027e+01	-9.7767023e-02
3.2533836e+01	1.7750861e-02
3.2555645e+01	-2.0385568e-02
3.2577454e+01	6.5738653e-02
3.2599263e+01	6.3936377e-02
3.2621072e+01	3.1397757e-02
3.2642881e+01	-5.4683855e-02
3.2664690e+01	-3.6695036e-02
3.2686499e+01	3.3438844e-02
3.2708308e+01	-7.1150107e-02
3.2730117e+01	-9.6234122e-02
3.2751926e+01	-2.2522317e-03
3.2773735e+01	1.6849904e-01
3.2795544e+01	7.6848141e-02
3.2817353e+01	4.6141452e-02
3.2839161e+01	-1.5482121e-01
3.2860970e+01	-1.1576337e-01
3.2882779e+01	3.1014090e-02
3.2904588e+01	1.6603386e-01
3.2926397e+01	1.4591383e-02
3.2948206e+01	2.9126444e-02
3.2970015e+01	-3.0045255e-02
3.2991824e+01	1.1540815e-01
3.3013633e+01	-8.8088662e-02
3.3035442e+01	-2.8722328e-02
3.3057251e+01	-7.1550541e-02
3.3079060e+01	3.0227282e-03
3.3100869e+01	8.9000662e-03
3.3122678e+01	-8.5078510e-02
3.3144487e+01	5.0947017e-02
3.3166296e+01	3.9358249e-02
3.3188104e+01	7.2485237e-02
3.3209913e+01	-2.9957464e-02
3.3231722e+01	6.5047786e-03
3.3253531e+01	1.0173849e-01
3.3275340e+01	6.4388256e-03
3.3297149e+01	6.5009390e-02
3.3318958e+01	-6.4000389e-02
3.3340767e+01	-1.7368737e-01
3.3362576e+01	-6.7711607e-02
3.3384385e+01	6.3430402e-02
3.3406194e+01	9.1525704e-02
3.3428003e+01	-1.1091017e-01
3.3449812e+01	-2.8921518e-02
3.3471621e+01	3.2881389e-03
3.3493430e+01	-8.6248348e-02
3.3515239e+01	-7.4132527e-02
3.3537047e+01	-1.6572357e-02
3.3558856e+01	-3.6001157e-02
3.3580665e+01	1.7620959e-01
3.3602474e+01	6.6237760e-02
3.3624283e+01	1.1846420e-01
3.3646092e+01	1.4407506e-01
3.3667901e+01	1.2244680e-01
3.3689710e+01	1.9237070e-01
3.3711519e+01	-6.5978097e-02
3.3733328e+01	-1.0858772e-01
3.3755137e+01	-9.1000510e-02
3.3776946e+01	-5.7974731e-03
3.3798755e+01	6.2207425e-02
3.3820564e+01	-1.9105881e-01
3.3842373e+01	7.7237019e-03
3.3864182e+01	7.3346175e-04
3.3885991e+01	-5.5015945e-02
3.3907799e+01	9.9677666e-02
3.3929608e+01	1.3744975e-01
3.3951417e+01	3.5562260e-03
3.3973226e+01	-8.6812110e-02
3.3995035e+01	-9.4898760e-02
3.4016844e+01	-1.2250846e-02
3.4038653e+01	-1.7172499e-02
3.4060462e+01	-1.3153597e-01
3.4082271e+01	1.2335231e-01
3.4104080e+01	9.1914328e-02
3.4125889e+01	1.2213686e-01
3.4147698e+01	-1.9217786e-02
3.4169507e+01	-4.3588253e-02
3.4191316e+01	5.1747790e-02
3.4213125e+01	-1.0796005e-01
3.4234934e+01	-7.9209840e-02
3.4256742e+01	-9.1393224e-02
3.4278551e+01	1.3510509e-01
3.4300360e+01	1.0598849e-01
3.4322169e+01	-2.3210977e-03
3.4343978e+01	4.3463447e-02
3.4365787e+01	2.2160510e-02
3.4387596e+01	-9.7820002e-02
3.4409405e+01	2.3056241e-03
3.4431214e+01	-8.7295158e-03
3.4453023e+01	-3.3320399e-03
3.4474832e+01	-1.2030965e-02
3.4496641e+01	-3.4298412e-02
3.4518450e+01	2.9417052e-02
3.4540259e+01	-1.9546551e-02
3.4562068e+01	6.2563516e-03
3.4583877e+01	5.4311263e-02
3.4605685e+01	-9.2742368e-04
3.4627494e+01	3.2001458e-02
3.4649303e+01	-1.7453065e-02
3.4671112e+01	-5.5925836e-02
3.4692921e+01	5.1757483e-02
3.4714730e+01	-4.8806160e-02
3.4736539e+01	1.8088180e-02
3.4758348e+01	2.6393689e-02
3.4780157e+01	-1.3251592e-02
3.4801966e+01	4.7535957e-02
3.4823775e+01	2.0743168e-02
3.4845584e+01	-1.6586014e-01
3.4867393e+01	-5.5700361e-02
3.4889202e+01	1.1129473e-01
3.4911011e+01	7.9415443e-02
3.4932820e+01	3.4576087e-03
3.4954628e+01	-1.5116898e-02
3.4976437e+01	6.1766766e-02
3.4998246e+01	-6.2903207e-02
3.5020055e+01	9.3614831e-03
3.5041864e+01	-6.5656623e-02
3.5063673e+01	-5.1528321e-02
3.5085482e+01	1.4631640e-02
3.5107291e+01	7.4779506e-02
3.5129100e+01	-1.0618889e-01
3.5150909e+01	5.3475793e-02
3.5172718e+01	4.6254303e-02
3.5194527e+01	-1.8762646e-02
3.5216336e+01	6.3124632e-02
3.5238145e+01	-1.8872362e-02
3.5259954e+01	1.9144205e-02
3.5281763e+01	-7.5246366e-02
3.5303571e+01	1.8137046e-02
3.5325380e+01	4.4007342e-02
3.5347189e+01	1.3109654e-02
3.5368998e+01	-4.5852216e-02
3.5390807e+01	5.9129665e-02
3.5412616e+01	7.2374987e-02
3.5434425e+01	-3.3718215e-02
3.5456234e+01	-2.7622335e-02
3.5478043e+01	-1.8439252e-01
3.5499852e+01	-3.5699841e-02
3.5521661e+01	1.2653199e-01
3.5543470e+01	-8.6462422e-02
3.5565279e+01	-3.7813119e-02
3.5587088e+01	2.0959582e-02
3.5608897e+01	1.3404912e-01
3.5630706e+01	7.4396533e-02
3.5652514e+01	6.9122975e-02
3.5674323e+01	-9.4695807e-02
3.5696132e+01	-1.5619044e-02
3.5717941e+01	-6.2667450e-03
3.5739750e+01	7.6051627e-03
3.5761559e+01	1.5078435e-01
3.5783368e+01	3.0912512e-02
3.5805177e+01	-1.2854679e-02
3.5826986e+01	2.9369536e-02
3.5848795e+01	5.8060916e-02
3.5870604e+01	1.9653336e-02
3.5892413e+01	-6.0693559e-03
3.5914222e+01	1.5160617e-02
3.5936031e+01	-2.4439794e-01
3.5957840e+01	-2.3794521e-01
3.5979649e+01	-3.1945177e-01
3.6001458e+01	1.1516828e-01
3.6023266e+01	7.8927252e-02
3.6045075e+01	2.8138926e-01
3.6066884e+01	1.9767471e-01
3.6088693e+01	1.1999717e-01
3.6110502e+01	1.8658731e-01
3.6132311e+01	-3.0730222e-02
3.6154120e+01	4.3589788e-02
3.6175929e+01	5.3266197e-02
3.6197738e+01	2.2645246e-02
3.6219547e+01	2.5373981e-02
3.6241356e+01	2.3228190e-02
3.6263165e+01	-2.3734001e-02
3.6284974e+01	-3.1417044e-02
3.6306783e+01	-9.0648920e-02
3.6328592e+01	-5.7069062e-02
3.6350401e+01	-1.2794760e-01
3.6372209e+01	9.5960478e-03
3.6394018e+01	-5.2031739e-02
3.6415827e+01	2.2181270e-02
3.6437636e+01	2.9874086e-02
3.6459445e+01	9.1101842e-02
3.6481254e+01	1.4222412e-01
3.6503063e+01	8.7489581e-02
3.6524872e+01	8.1543537e-02
3.6546681e+01	-1.3430231e-01
3.6568490e+01	1.4421866e-02
3.6590299e+01	5.8301524e-02
3.6612108e+01	-1.0027233e-01
3.6633917e+01	-1.0071549e-01
3.6655726e+01	-1.2274360e-01
3.6677535e+01	-1.9332538e-01
3.6699344e+01	4.2662712e-02
3.6721152e+01	1.2797740e-01
3.6742961e+01	2.1224467e-01
3.6764770e+01	4.5436901e-01
3.6786579e+01	5.6315333e-01
3.6808388e+01	6.8073494e-01
3.6830197e+01	5.6124167e-01
3.6852006e+01	7.3185436e-01
3.6873815e+01	6.4357638e-01
3.6895624e+01	5.3476309e-01
3.6917433e+01	4.2121982e-01
3.6939242e+01	1.4482893e-01
3.6961051e+01	4.6069880e-03
3.6982860e+01	1.9700816e-01
3.7004669e+01	1.3088533e-01
3.7026478e+01	7.0832921e-02
3.7048287e+01	2.1288143e-01
3.7070095e+01	3.4116343e-01
3.7091904e+01	-2.7420858e-03
3.7113713e+01	-3.8938329e-01
3.7135522e+01	-2.3035094e-02
3.7157331e+01	-1.6916398e-01
3.7179140e+01	-8.5888232e-02
3.7200949e+01	1.0966606e-02
3.7222758e+01	-1.0465428e-02
3.7244567e+01	1.9536303e-01
3.7266376e+01	8.7318746e-02
3.7288185e+01	5.9477645e-02
3.7309994e+01	-1.1794687e-01
3.7331803e+01	-1.3491925e-01
3.7353612e+01	6.9534407e-02
3.7375421e+01	1.4873207e-02
3.7397230e+01	-4.0870838e-02
3.7419038e+01	-3.4886146e-02
3.7440847e+01	1.5011555e-01
3.7462656e+01	4.2386970e-01
3.7484465e+01	7.4461211e-01
3.7506274e+01	4.9596243e-01
3.7528083e+01	1.5916431e-01
3.7549892e+01	1.1532477e-01
3.7571701e+01	1.7717106e-02
3.7593510e+01	-1.0590567e-02
3.7615319e+01	-1.3892973e-02
3.7637128e+01	-5.5902562e-03
3.7658937e+01	-1.9871981e-02
3.7680746e+01	-2.0334864e-01
3.7702555e+01	-1.3490995e-01
3.7724364e+01	-8.1929364e-02
3.7746173e+01	-3.6014458e-02
3.7767981e+01	1.3045978e-01
3.7789790e+01	-4.7057845e-02
3.7811599e+01	2.2375836e-02
3.7833408e+01	1.3424894e-01
3.7855217e+01	7.2839265e-02
3.7877026e+01	2.4979973e-02
3.7898835e+01	1.7645711e-01
3.7920644e+01	2.9676310e-01
3.7942453e+01	5.9690972e-02
3.7964262e+01	-6.9250398e-02
3.7986071e+01	-1.0019795e-01
3.8007880e+01	2.6192925e-01
3.8029689e+01	3.6699773e-02
3.8051498e+01	3.9899902e-03
3.8073307e+01	-1.5039466e-01
3.8095116e+01	-1.3412489e-02
3.8116925e+01	7.8972756e-03
3.8138733e+01	3.9700597e-01
3.8160542e+01	4.0177126e-01
3.8182351e+01	8.0353706e-01
3.8204160e+01	1.2949368e+00
3.8225969e+01	1.6359711e+00
3.8247778e+01	1.9540413e+00
3.8269587e+01	2.3394189e+00
3.8291396e+01	2.5754035e+00
3.8313205e+01	3.0021934e+00
3.8335014e+01	2.9772002e+00
3.8356823e+01	2.9683883e+00
3.8378632e+01	2.8064673e+00
3.8400441e+01	2.5091175e+00
3.8422250e+01	2.4484675e+00
3.8444059e+01	2.1372058e+00
3.8465868e+01	1.8076328e+00
3.8487676e+01	1.3630281e+00
3.8509485e+01	1.0827390e+00
3.8531294e+01	7.6372406e-01
3.8553103e+01	5.6083779e-01
3.8574912e+01	3.7089366e-01
3.8596721e+01	1.0816471e-01
3.8618530e+01	-4.9424120e-02
3.8640339e+01	-5.2203383e-02
3.8662148e+01	8.0973228e-02
3.8683957e+01	-1.0638648e-01
3.8705766e+01	2.1071843e-02
3.8727575e+01	3.4859529e-02
3.8749384e+01	1.4249802e-02
3.8771193e+01	-2.7753346e-02
3.8793002e+01	-3.8599658e-02
3.8814811e+01	-1.2517448e-02
3.8836619e+01	3.7314943e-02
3.8858428e+01	1.8121934e-02
3.8880237e+01	2.1221744e-02
3.8902046e+01	1.1805533e-01
3.8923855e+01	-3.3268432e-02
3.8945664e+01	1.6981629e-02
3.8967473e+01	-2.3301506e-01
3.8989282e+01	3.8694864e-03
3.9011091e+01	3.1959437e-02
3.9032900e+01	3.8509210e-02
3.9054709e+01	-3.1411256e-02
3.9076518e+01	1.2825644e-01
3.9098327e+01	2.8262903e-01
3.9120136e+01	7.3764445e-02
3.9141945e+01	-3.2540319e-02
3.9163754e+01	-1.2229167e-01
3.9185562e+01	-1.0510605e-01
3.9207371e+01	-8.3876654e-02
3.9229180e+01	9.2884597e-02
3.9250989e+01	2.0931730e-01
3.9272798e+01	6.3146329e-03
3.9294607e+01	-2.1396042e-02
3.9316416e+01	1.5883559e-01
3.9338225e+01	8.8529392e-02
3.9360034e+01	-1.7016123e-02
3.9381843e+01	-2.0361294e-01
3.9403652e+01	-1.1375343e-01
3.9425461e+01	1.6526212e-01
3.9447270e+01	1.4130149e-03
3.9469079e+01	-7.6673445e-02
3.9490888e+01	1.3320604e-01
3.9512697e+01	-4.3408862e-02
3.9534505e+01	-4.4663404e-02
3.9556314e+01	-4.7592527e-02
3.9578123e+01	-1.7320047e-02
3.9599932e+01	-2.1728008e-02
3.9621741e+01	1.0748030e-01
3.9643550e+01	6.1661721e-01
3.9665359e+01	8.0055426e-01
3.9687168e+01	6.5135891e-01
3.9708977e+01	8.2159862e-01
3.9730786e+01	9.1796280e-01
3.9752595e+01	1.2595099e+00
3.9774404e+01	1.1968293e+00
3.9796213e+01	1.1013715e+00
3.9818022e+01	1.2470168e+00
3.9839831e+01	1.3490098e+00
3.9861640e+01	1.1347768e+00
3.9883449e+01	7.6880228e-01
3.9905257e+01	6.0027963e-01
3.9927066e+01	1.7307929e-01
3.9948875e+01	9.4866551e-02
3.9970684e+01	2.9228252e-01
3.9992493e+01	2.8307007e-01
4.0014302e+01	9.6042401e-02
4.0036111e+01	-1.9514884e-01
4.0057920e+01	-1.8648987e-01
4.0079729e+01	-2.7934944e-02
4.0101538e+01	4.1475954e-02
4.0123347e+01	7.4757329e-02
4.0145156e+01	-1.0362483e-02
4.0166965e+01	-8.1658927e-02
4.0188774e+01	-1.1728246e-01
4.0210583e+01	1.4628502e-01
4.0232392e+01	3.3125856e-02
4.0254200e+01	-1.5717859e-01
4.0276009e+01	3.2635703e-01
4.0297818e+01	1.8359283e-02
4.0319627e+01	1.7463154e-01
4.0341436e+01	1.4563903e-01
4.0363245e+01	-6.3801394e-03
4.0385054e+01	-5.9174734e-02
4.0406863e+01	8.5335869e-02
4.0428672e+01	-1.3722978e-01
4.0450481e+01	5.5262749e-02
4.0472290e+01	9.9050968e-03
4.0494099e+01	-1.3437728e-01
4.0515908e+01	-1.4707233e-01
4.0537717e+01	4.1667127e-02
4.0559526e+01	1.1921456e-01
4.0581335e+01	2.1087601e-01
4.0603143e+01	1.7346419e-02
4.0624952e+01	9.0823432e-02
4.0646761e+01	-1.8668816e-02
4.0668570e+01	-9.3299457e-03
4.0690379e+01	-3.0873888e-02
4.0712188e+01	-1.1038598e-01
4.0733997e+01	-1.3434511e-01
4.0755806e+01	6.7973125e-02
4.0777615e+01	6.3239197e-02
4.0799424e+01	1.8240230e-01
4.0821233e+01	2.9314286e-02
4.0843042e+01	-9.0622374e-02
4.0864851e+01	-1.3452825e-01
4.0886660e+01	7.4736491e-02
4.0908469e+01	-5.6153698e-05
4.0930278e+01	-1.2792932e-01
4.0952086e+01	-2.5411265e-02
4.0973895e+01	1.2409590e-01
4.0995704e+01	5.7096459e-02
4.1017513e+01	2.6100644e-01
4.1039322e+01	8.8233146e-02
4.1061131e+01	-7.3974354e-02
4.1082940e+01	3.2615501e-02
4.1104749e+01	4.3039637e-02
4.1126558e+01	3.9918246e-03
4.1148367e+01	-1.5967372e-01
4.1170176e+01	4.4335420e-02
4.1191985e+01	9.9350446e-03
4.1213794e+01	-2.2263714e-01
4.1235603e+01	1.3653166e-02
4.1257412e+01	1.6776050e-01
4.1279221e+01	9.6685460e-02
4.1301029e+01	1.1927083e-01
4.1322838e+01	-3.5130299e-02
4.1344647e+01	-4.1635278e-02
4.1366456e+01	-3.8437152e-02
4.1388265e+01	-1.1730179e-01
4.1410074e+01	3.1133479e-02
4.1431883e+01	2.1276223e-01
4.1453692e+01	3.0490681e-01
4.1475501e+01	1.8464947e-01
4.1497310e+01	1.1277520e-01
4.1519119e+01	-2.0555713e-01
4.1540928e+01	-1.5956003e-01
4.1562737e+01	1.1002864e-02
4.1584546e+01	-6.1314843e-03
4.1606355e+01	6.4076004e-02
4.1628164e+01	-1.9215750e-01
4.1649972e+01	-1.8769115e-02
4.1671781e+01	1.0221626e-01
4.1693590e+01	-6.2388249e-02
4.1715399e+01	-4.5834622e-02
4.1737208e+01	2.5722523e-01
4.1759017e+01	4.2024573e-02
4.1780826e+01	1.0049433e-01
4.1802635e+01	8.1194232e-02
4.1824444e+01	1.0542400e-01
4.1846253e+01	3.5878205e-01
4.1868062e+01	-1.0711432e-01
4.1889871e+01	1.5523325e-01
4.1911680e+01	2.0601738e-01
4.1933489e+01	3.1988241e-01
4.1955298e+01	3.2720583e-01
4.1977107e+01	-4.1252270e-02
4.1998916e+01	-3.8829143e-01
4.2020724e+01	-1.2285078e-01
4.2042533e+01	2.1583157e-01
4.2064342e+01	8.7248413e-02
4.2086151e+01	-3.4349710e-02
4.2107960e+01	5.0068202e-02
4.2129769e+01	1.4084644e-01
4.2151578e+01	7.6118461e-02
4.2173387e+01	9.6943192e-03
4.2195196e+01	1.9487142e-01
4.2217005e+01	-1.4199622e-01
4.2238814e+01	-8.6485735e-02
4.2260623e+01	1.1646186e-01
4.2282432e+01	2.7210104e-01
4.2304241e+01	3.2428333e-01
4.2326050e+01	-1.9189339e-01
4.2347859e+01	-3.5347618e-01
4.2369667e+01	-2.0210570e-01
4.2391476e+01	1.4979195e-01
4.2413285e+01	1.2907849e-01
4.2435094e+01	3.2208235e-01
4.2456903e+01	1.2790585e-01
4.2478712e+01	9.5963702e-02
4.2500521e+01	3.6307830e-01
4.2522330e+01	3.2965652e-01
4.2544139e+01	6.0986100e-01
4.2565948e+01	8.2309097e-01
4.2587757e+01	7.3693560e-01
4.2609566e+01	6.3689404e-01
4.2631375e+01	1.4389544e-01
4.2653184e+01	8.1717901e-02
4.2674993e+01	8.2554697e-02
4.2696802e+01	1.3716655e-01
4.2718610e+01	-5.9095285e-02
4.2740419e+01	-6.8077055e-03
4.2762228e+01	1.0802667e-01
4.2784037e+01	-2.6002616e-01
4.2805846e+01	-2.5687188e-01
4.2827655e+01	2.2646536e-01
4.2849464e+01	1.5142883e-01
4.2871273e+01	-8.9791005e-02
4.2893082e+01	2.0522161e-01
4.2914891e+01	4.6553314e-01
4.2936700e+01	2.7661020e-01
4.2958509e+01	7.5138197e-02
4.2980318e+01	-2.2959739e-01
4.3002127e+01	-9.1350863e-02
4.3023936e+01	1.8235695e-02
4.3045745e+01	6.6566917e-02
4.3067553e+01	4.9148395e-02
4.3089362e+01	-6.9071539e-02
4.3111171e+01	3.9279967e-01
4.3132980e+01	4.0453947e-01
4.3154789e+01	3.3993226e-01
4.3176598e+01	4.9619277e-01
4.3198407e+01	6.0578745e-01
4.3220216e+01	2.8796514e-01
4.3242025e+01	9.6611578e-02
4.3263834e+01	-7.0248172e-02
4.3285643e+01	-4.9202566e-02
4.3307452e+01	-3.5362932e-02
4.3329261e+01	9.7712859e-02
4.3351070e+01	-1.4413699e-01
4.3372879e+01	1.2785305e-01
4.3394688e+01	6.4599998e-02
4.3416496e+01	7.3176611e-02
4.3438305e+01	5.5397853e-01
4.3460114e+01	4.9190057e-01
4.3481923e+01	-3.5857956e-02
4.3503732e+01	-1.0619668e-01
4.3525541e+01	-9.0306657e-02
4.3547350e+01	-4.5735297e-02
4.3569159e+01	1.6217689e-01
4.3590968e+01	3.0067234e-02
4.3612777e+01	3.3880859e-01
4.3634586e+01	7.2899085e-01
4.3656395e+01	9.4958939e-01
4.3678204e+01	1.4722136e+00
4.3700013e+01	1.8680678e+00
4.3721822e+01	2.3738414e+00
4.3743631e+01	3.1759328e+00
4.3765439e+01	3.3562553e+00
4.3787248e+01	3.6338714e+00
4.3809057e+01	4.4458334e+00
4.3830866e+01	4.6169306e+00
4.3852675e+01	4.6496905e+00
4.3874484e+01	4.9768254e+00
4.3896293e+01	4.8869757e+00
4.3918102e+01	4.2881867e+00
4.3939911e+01	3.7858209e+00
4.3961720e+01	2.2212626e+00
4.3983529e+01	1.6474722e+00
4.4005338e+01	1.5016321e+00
4.4027147e+01	6.1856658e-01
4.4048956e+01	7.9604094e-02
4.4070765e+01	8.1757591e-01
4.4092574e+01	3.9234849e-01
4.4114383e+01	-5.5241696e-02
4.4136191e+01	7.8696134e-02
4.4158000e+01	-1.0696942e-01
4.4179809e+01	1.0941747e-02
4.4201618e+01	-1.5153785e-01
4.4223427e+01	2.7964460e-02
4.4245236e+01	6.7627512e-02
4.4267045e+01	7.0647745e-02
4.4288854e+01	1.0453138e-01
4.4310663e+01	7.0900084e-02
4.4332472e+01	-9.9506771e-02
4.4354281e+01	-1.0339278e-04
4.4376090e+01	-6.1186373e-02
4.4397899e+01	-2.4136186e-01
4.4419708e+01	2.0229198e-01
4.4441517e+01	1.5554741e-01
4.4463326e+01	-7.7235425e-03
4.4485134e+01	-1.0367987e-02
4.4506943e+01	-2.7462940e-02
4.4528752e+01	-5.6036251e-02
4.4550561e+01	3.9640098e-01
4.4572370e+01	3.9920795e-01
4.4594179e+01	3.7479638e-01
4.4615988e+01	-3.9992170e-03
4.4637797e+01	-6.3546472e-02
4.4659606e+01	1.2484509e-01
4.4681415e+01	3.7651662e-01
4.4703224e+01	1.7369913e-01
4.4725033e+01	4.7430136e-02
4.4746842e+01	2.4717045e-01
4.4768651e+01	4.8869319e-02
4.4790460e+01	-9.5333814e-02
4.4812269e+01	2.2667850e-02
4.4834077e+01	3.1671602e-02
4.4855886e+01	-2.4042528e-01
4.4877695e+01	-2.9472548e-01
4.4899504e+01	2.8001466e-02
4.4921313e+01	7.4700213e-02
4.4943122e+01	1.1305279e-01
4.4964931e+01	1.0390224e-01
4.4986740e+01	3.6567995e-01