Image file: \\Gfs05\g45\SAXS\2020_12\HDF5\2020-12.10_Kevin_day2_SN\2020-12-10_Max_Cu123_SN_000017_data_000072.h5
ImageIntegration1d_chi_output; Output_Directory= \\Gfs05\g45\SAXS\2020_12\Processed\2020-12-09_Kevin_day1_SN\Chi-Sample-7
Profile = Radial, StartAzimuth = 0.0, EndAzimuth = 360.0, Sam_Det_distance = 250.818474293, InnerRadius = 15.0, OuterRadius = 2400.0, Lambda = 30, Ratio = 0.001, Itermax = 100
2400
2.0013229e+00	1.7554054e-02
2.0231319e+00	8.4820851e-02
2.0449408e+00	8.5222982e-02
2.0667497e+00	-1.2517605e-01
2.0885587e+00	-1.0950000e-01
2.1103676e+00	3.3616380e-01
2.1321765e+00	2.2801887e-01
2.1539855e+00	-3.4908629e-02
2.1757944e+00	2.0569596e-03
2.1976034e+00	-5.1187654e-02
2.2194123e+00	-5.3238218e-02
2.2412212e+00	-5.4711714e-02
2.2630302e+00	1.0965801e-01
2.2848391e+00	3.8890636e-01
2.3066480e+00	6.8308375e-02
2.3284570e+00	-4.5738652e-02
2.3502659e+00	-3.3022258e-03
2.3720749e+00	3.3477256e-02
2.3938838e+00	2.1521233e-01
2.4156927e+00	1.0136622e-01
2.4375017e+00	3.0791674e-01
2.4593106e+00	2.4124243e-01
2.4811196e+00	-2.5375923e-01
2.5029285e+00	-2.0729829e-01
2.5247374e+00	-1.2437019e-01
2.5465464e+00	1.0231960e-01
2.5683553e+00	6.0359118e-02
2.5901642e+00	1.3131254e-01
2.6119732e+00	9.9741468e-02
2.6337821e+00	3.8212926e-02
2.6555911e+00	-3.8051823e-02
2.6774000e+00	1.6373585e-01
2.6992089e+00	-7.4947565e-02
2.7210179e+00	-1.8051176e-01
2.7428268e+00	-7.3764481e-02
2.7646358e+00	7.6831528e-02
2.7864447e+00	2.3530401e-01
2.8082536e+00	-2.7304024e-02
2.8300626e+00	2.7950863e-02
2.8518715e+00	1.2668469e-01
2.8736804e+00	4.8221015e-02
2.8954894e+00	1.9447396e-01
2.9172983e+00	-7.1075148e-02
2.9391073e+00	-2.3564166e-01
2.9609162e+00	-1.2511412e-01
2.9827251e+00	3.3882662e-01
3.0045341e+00	1.1490510e-01
3.0263430e+00	-5.2057052e-02
3.0481519e+00	-1.5345634e-02
3.0699609e+00	5.6959298e-02
3.0917698e+00	-6.6404241e-02
3.1135788e+00	4.2301604e-02
3.1353877e+00	7.8772212e-05
3.1571966e+00	6.2455878e-02
3.1790056e+00	7.4159913e-02
3.2008145e+00	3.4885483e-02
3.2226235e+00	-6.7200050e-02
3.2444324e+00	8.7708873e-02
3.2662413e+00	-1.0293573e-02
3.2880503e+00	-3.1359651e-02
3.3098592e+00	5.9346140e-02
3.3316681e+00	-5.4539943e-02
3.3534771e+00	-6.1494332e-02
3.3752860e+00	-5.6956932e-02
3.3970950e+00	-1.0915262e-02
3.4189039e+00	2.6949127e-01
3.4407128e+00	3.6501374e-01
3.4625218e+00	3.4396190e-02
3.4843307e+00	-1.1545544e-01
3.5061396e+00	-6.4479848e-02
3.5279486e+00	-2.9038353e-04
3.5497575e+00	7.8224542e-02
3.5715665e+00	1.3995718e-01
3.5933754e+00	-5.9047159e-03
3.6151843e+00	4.6954469e-02
3.6369933e+00	8.0279941e-02
3.6588022e+00	-1.1157131e-01
3.6806112e+00	-1.6250218e-01
3.7024201e+00	1.1075133e-01
3.7242290e+00	5.0282910e-02
3.7460380e+00	-1.3050835e-01
3.7678469e+00	7.0319349e-02
3.7896558e+00	7.5496969e-02
3.8114648e+00	-2.2444579e-02
3.8332737e+00	3.2162051e-02
3.8550827e+00	-2.1182172e-02
3.8768916e+00	-1.1930802e-03
3.8987005e+00	1.4940305e-01
3.9205095e+00	-3.8540359e-02
3.9423184e+00	-3.1429930e-01
3.9641273e+00	2.6100361e-02
3.9859363e+00	3.3917439e-01
4.0077452e+00	2.6843341e-01
4.0295542e+00	7.5207746e-02
4.0513631e+00	1.2129450e-01
4.0731720e+00	6.9048282e-02
4.0949810e+00	-9.0027037e-03
4.1167899e+00	-1.1450272e-01
4.1385989e+00	-8.0417271e-02
4.1604078e+00	4.0407630e-03
4.1822167e+00	1.1753476e-01
4.2040257e+00	2.8054864e-01
4.2258346e+00	-3.2859704e-02
4.2476435e+00	-9.4381841e-02
4.2694525e+00	4.5817428e-02
4.2912614e+00	2.3269213e-01
4.3130704e+00	-6.6276134e-03
4.3348793e+00	-1.4495980e-01
4.3566882e+00	1.0891123e-01
4.3784972e+00	2.6164064e-02
4.4003061e+00	2.4643107e-02
4.4221151e+00	-1.4607851e-01
4.4439240e+00	3.3176149e-01
4.4657329e+00	4.0561760e-01
4.4875419e+00	1.2770896e-01
4.5093508e+00	1.8423628e-02
4.5311597e+00	-9.6164458e-02
4.5529687e+00	1.1473098e-02
4.5747776e+00	-5.1600046e-02
4.5965866e+00	4.5335123e-02
4.6183955e+00	1.9778135e-02
4.6402044e+00	-1.0463540e-02
4.6620134e+00	1.0726807e-01
4.6838223e+00	-6.9039631e-02
4.7056312e+00	-3.8763456e-02
4.7274402e+00	3.8749973e-01
4.7492491e+00	1.6001965e-01
4.7710581e+00	-9.7880433e-02
4.7928670e+00	-3.0008020e-02
4.8146759e+00	1.1229883e-01
4.8364849e+00	8.6927784e-02
4.8582938e+00	-1.9128424e-01
4.8801028e+00	-1.7914390e-01
4.9019117e+00	1.0464523e-01
4.9237206e+00	2.2485705e-01
4.9455296e+00	1.1598382e-01
4.9673385e+00	5.1212053e-02
4.9891474e+00	-1.3549208e-01
5.0109564e+00	-1.5941014e-01
5.0327653e+00	2.3283564e-01
5.0545743e+00	1.5734263e-01
5.0763832e+00	-1.9671664e-02
5.0981921e+00	1.5440180e-01
5.1200011e+00	-1.0575772e-01
5.1418100e+00	-1.2867601e-01
5.1636189e+00	-5.2986796e-02
5.1854279e+00	4.7793307e-02
5.2072368e+00	8.8104224e-03
5.2290458e+00	9.7621940e-02
5.2508547e+00	1.1188127e-02
5.2726636e+00	-4.4497847e-02
5.2944726e+00	-1.3852984e-02
5.3162815e+00	1.1459451e-02
5.3380905e+00	1.1420528e-02
5.3598994e+00	4.3972126e-02
5.3817083e+00	2.3336823e-01
5.4035173e+00	1.1945547e-02
5.4253262e+00	-4.8061213e-02
5.4471351e+00	3.8120316e-02
5.4689441e+00	-8.9583966e-02
5.4907530e+00	-1.1900673e-01
5.5125620e+00	-3.7585788e-02
5.5343709e+00	-1.9091651e-03
5.5561798e+00	-2.3204597e-02
5.5779888e+00	1.1793574e-01
5.5997977e+00	1.3043561e-01
5.6216066e+00	7.3666981e-02
5.6434156e+00	-1.0703303e-01
5.6652245e+00	-1.5151925e-02
5.6870335e+00	-8.2529612e-02
5.7088424e+00	-9.2072389e-02
5.7306513e+00	6.4774143e-02
5.7524603e+00	4.5954221e-02
5.7742692e+00	1.6179689e-01
5.7960782e+00	9.0292783e-02
5.8178871e+00	-1.7556788e-01
5.8396960e+00	-2.9418878e-02
5.8615050e+00	9.8904246e-02
5.8833139e+00	1.9026018e-02
5.9051228e+00	-4.3312524e-02
5.9269318e+00	-1.3109587e-01
5.9487407e+00	-2.4672957e-03
5.9705497e+00	-6.2343075e-03
5.9923586e+00	6.7659717e-02
6.0141675e+00	2.3515966e-02
6.0359765e+00	2.9024683e-02
6.0577854e+00	3.5423622e-02
6.0795944e+00	6.6256543e-02
6.1014033e+00	6.3206273e-03
6.1232122e+00	-4.6639824e-02
6.1450212e+00	-1.3568183e-01
6.1668301e+00	-1.1076125e-01
6.1886390e+00	1.3139766e-01
6.2104480e+00	6.9312578e-02
6.2322569e+00	5.7952598e-02
6.2540659e+00	-8.8092126e-02
6.2758748e+00	-9.6007956e-02
6.2976837e+00	3.0279289e-01
6.3194927e+00	2.5419122e-01
6.3413016e+00	2.4119966e-01
6.3631105e+00	-5.3355814e-02
6.3849195e+00	-6.0560364e-02
6.4067284e+00	-3.2734085e-02
6.4285374e+00	1.0611817e-01
6.4503463e+00	1.2142615e-01
6.4721552e+00	1.2694732e-02
6.4939642e+00	-1.3540298e-01
6.5157731e+00	1.7059786e-01
6.5375821e+00	3.7536742e-01
6.5593910e+00	3.6015682e-01
6.5811999e+00	1.4528574e-01
6.6030089e+00	-2.0053679e-01
6.6248178e+00	-1.9658250e-01
6.6466267e+00	-6.9635878e-03
6.6684357e+00	2.4484048e-01
6.6902446e+00	2.5013209e-01
6.7120536e+00	7.1354949e-02
6.7338625e+00	2.2240313e-01
6.7556714e+00	-9.0602070e-02
6.7774804e+00	-3.1319140e-02
6.7992893e+00	1.1623627e-01
6.8210982e+00	-4.8665065e-02
6.8429072e+00	4.5993817e-02
6.8647161e+00	1.0748564e-02
6.8865251e+00	-1.5149790e-01
6.9083340e+00	-2.2607195e-02
6.9301429e+00	6.8139060e-03
6.9519519e+00	4.7496860e-03
6.9737608e+00	1.8596170e-01
6.9955698e+00	3.8744446e-02
7.0173787e+00	-3.5024081e-02
7.0391876e+00	6.0819967e-02
7.0609966e+00	-1.4787465e-01
7.0828055e+00	-9.4073635e-02
7.1046144e+00	2.7887414e-02
7.1264234e+00	1.5349645e-01
7.1482323e+00	-2.6629370e-03
7.1700413e+00	5.0609328e-03
7.1918502e+00	3.2502937e-01
7.2136591e+00	2.6607727e-01
7.2354681e+00	-2.5474975e-03
7.2572770e+00	-7.5822103e-02
7.2790859e+00	3.6228709e-01
7.3008949e+00	3.1656779e-01
7.3227038e+00	-1.1298960e-01
7.3445128e+00	1.9978067e-01
7.3663217e+00	2.3981252e-01
7.3881306e+00	-8.8409579e-02
7.4099396e+00	2.8214395e-03
7.4317485e+00	3.9542039e-01
7.4535575e+00	2.2932119e-01
7.4753664e+00	-1.5212609e-02
7.4971753e+00	-4.2914086e-03
7.5189843e+00	-7.8769982e-02
7.5407932e+00	-6.0610234e-02
7.5626021e+00	2.0916629e-01
7.5844111e+00	-4.5115055e-02
7.6062200e+00	9.3832634e-02
7.6280290e+00	1.2213567e-02
7.6498379e+00	3.7783170e-01
7.6716468e+00	4.5244875e-01
7.6934558e+00	-2.7414655e-02
7.7152647e+00	-2.2239322e-01
7.7370737e+00	4.9012611e-02
7.7588826e+00	1.5824747e-01
7.7806915e+00	8.0230313e-02
7.8025005e+00	2.4876464e-01
7.8243094e+00	-1.4124446e-02
7.8461183e+00	-2.2517352e-01
7.8679273e+00	-3.7706791e-02
7.8897362e+00	2.0403231e-01
7.9115452e+00	2.8538711e-02
7.9333541e+00	-8.7439000e-02
7.9551630e+00	5.7018866e-02
7.9769720e+00	1.6176436e-01
7.9987809e+00	1.6498442e-01
8.0205898e+00	-3.5828588e-02
8.0423988e+00	-1.0547392e-01
8.0642077e+00	1.5555091e-01
8.0860167e+00	-1.2948002e-01
8.1078256e+00	-1.3350132e-01
8.1296345e+00	-1.6683469e-01
8.1514435e+00	6.5741091e-02
8.1732524e+00	2.3900381e-02
8.1950614e+00	9.8081208e-02
8.2168703e+00	-4.8786310e-03
8.2386792e+00	-7.2385183e-04
8.2604882e+00	4.7409249e-02
8.2822971e+00	-3.8453152e-04
8.3041060e+00	4.7581465e-02
8.3259150e+00	2.0953694e-02
8.3477239e+00	1.7018182e-01
8.3695329e+00	5.4520119e-03
8.3913418e+00	-1.0605692e-02
8.4131507e+00	-2.7916167e-01
8.4349597e+00	-1.1849613e-01
8.4567686e+00	1.5005908e-01
8.4785775e+00	2.7988868e-02
8.5003865e+00	-1.8993386e-02
8.5221954e+00	1.6850986e-02
8.5440044e+00	1.0365327e-01
8.5658133e+00	-9.9772584e-02
8.5876222e+00	-3.0462094e-02
8.6094312e+00	7.5119751e-02
8.6312401e+00	8.6708109e-03
8.6530491e+00	1.3508931e-01
8.6748580e+00	-1.3473019e-02
8.6966669e+00	3.6610409e-02
8.7184759e+00	3.0964784e-01
8.7402848e+00	-4.2190229e-02
8.7620937e+00	-2.0278948e-01
8.7839027e+00	-2.2556280e-01
8.8057116e+00	6.1897572e-02
8.8275206e+00	1.9333915e-01
8.8493295e+00	1.6019406e-01
8.8711384e+00	1.5037020e-01
8.8929474e+00	6.4923098e-02
8.9147563e+00	-1.7551390e-01
8.9365652e+00	-3.8494476e-02
8.9583742e+00	4.9271123e-02
8.9801831e+00	-2.9921752e-02
9.0019921e+00	-5.8539198e-03
9.0238010e+00	3.8055631e-02
9.0456099e+00	-1.3714119e-01
9.0674189e+00	6.7706083e-02
9.0892278e+00	2.6204320e-01
9.1110368e+00	1.8585542e-01
9.1328457e+00	9.9938375e-02
9.1546546e+00	-7.3904556e-02
9.1764636e+00	-2.0537662e-01
9.1982725e+00	-1.1842695e-01
9.2200814e+00	1.5683123e-01
9.2418904e+00	3.9280106e-02
9.2636993e+00	8.0965606e-02
9.2855083e+00	2.4712785e-01
9.3073172e+00	-1.0397638e-01
9.3291261e+00	-7.8746007e-02
9.3509351e+00	6.9039734e-02
9.3727440e+00	-7.2678838e-02
9.3945530e+00	2.6173425e-02
9.4163619e+00	-7.5450536e-03
9.4381708e+00	-9.2951421e-02
9.4599798e+00	3.1163392e-02
9.4817887e+00	1.0393460e-01
9.5035976e+00	1.0294864e-01
9.5254066e+00	1.0731055e-01
9.5472155e+00	1.1107780e-01
9.5690245e+00	-1.3426556e-01
9.5908334e+00	-2.9872097e-01
9.6126423e+00	-4.3380425e-02
9.6344513e+00	7.0985454e-02
9.6562602e+00	2.3713351e-01
9.6780691e+00	2.8258414e-01
9.6998781e+00	1.2527470e-01
9.7216870e+00	1.4956520e-01
9.7434960e+00	3.2415315e-01
9.7653049e+00	-6.6542590e-02
9.7871138e+00	-2.1436377e-01
9.8089228e+00	-1.2654544e-01
9.8307317e+00	6.4259804e-02
9.8525407e+00	6.7157443e-02
9.8743496e+00	-3.4816832e-03
9.8961585e+00	-6.6754578e-02
9.9179675e+00	1.3392666e-01
9.9397764e+00	-1.0783029e-01
9.9615853e+00	1.2416630e-01
9.9833943e+00	2.3500235e-01
1.0005203e+01	4.2887554e-02
1.0027012e+01	7.6174372e-02
1.0048821e+01	-1.6073136e-01
1.0070630e+01	-7.9325789e-02
1.0092439e+01	8.0014603e-02
1.0114248e+01	3.1431216e-02
1.0136057e+01	6.0763857e-02
1.0157866e+01	3.6177270e-01
1.0179675e+01	3.5340827e-01
1.0201484e+01	9.9420137e-02
1.0223293e+01	-5.9346124e-02
1.0245102e+01	-1.6475038e-01
1.0266910e+01	-1.2785672e-01
1.0288719e+01	1.4660238e-01
1.0310528e+01	-6.5714750e-02
1.0332337e+01	8.7907465e-01
1.0354146e+01	1.5310064e+00
1.0375955e+01	2.0683875e+00
1.0397764e+01	2.4776196e+00
1.0419573e+01	2.8893128e+00
1.0441382e+01	3.1626207e+00
1.0463191e+01	3.9263674e+00
1.0485000e+01	4.9152196e+00
1.0506809e+01	5.6887702e+00
1.0528618e+01	6.7220751e+00
1.0550427e+01	7.9660371e+00
1.0572236e+01	8.3846422e+00
1.0594045e+01	8.4647901e+00
1.0615853e+01	9.0838857e+00
1.0637662e+01	8.7249019e+00
1.0659471e+01	7.5833116e+00
1.0681280e+01	6.2925775e+00
1.0703089e+01	4.9258676e+00
1.0724898e+01	3.6484358e+00
1.0746707e+01	2.3940508e+00
1.0768516e+01	1.4334685e+00
1.0790325e+01	9.1500292e-01
1.0812134e+01	4.1303576e-01
1.0833943e+01	-9.0627065e-02
1.0855752e+01	-1.9857901e-02
1.0877561e+01	1.5688857e-01
1.0899370e+01	6.5986082e-02
1.0921179e+01	8.3608578e-02
1.0942988e+01	-1.5824621e-01
1.0964796e+01	1.4614504e-01
1.0986605e+01	3.7733948e-01
1.1008414e+01	6.8406978e-01
1.1030223e+01	8.2081573e-01
1.1052032e+01	5.5711009e-01
1.1073841e+01	1.1522156e+00
1.1095650e+01	1.4906168e+00
1.1117459e+01	1.7439001e+00
1.1139268e+01	1.6992760e+00
1.1161077e+01	2.1753539e+00
1.1182886e+01	2.2322804e+00
1.1204695e+01	2.4013660e+00
1.1226504e+01	2.9926010e+00
1.1248313e+01	2.6484440e+00
1.1270122e+01	7.1022753e-01
1.1291931e+01	6.6821195e-01
1.1313740e+01	3.7856678e-01
1.1335548e+01	4.0324477e-02
1.1357357e+01	-4.5524384e-02
1.1379166e+01	-1.4271947e-01
1.1400975e+01	8.3616517e-02
1.1422784e+01	1.1897211e-01
1.1444593e+01	-9.7575765e-02
1.1466402e+01	-1.5020654e-01
1.1488211e+01	6.4436681e-02
1.1510020e+01	4.3881611e-02
1.1531829e+01	2.3322263e-01
1.1553638e+01	5.8279817e-02
1.1575447e+01	-1.6511344e-01
1.1597256e+01	-4.3908862e-02
1.1619065e+01	1.6378258e-01
1.1640874e+01	-8.5916998e-02
1.1662683e+01	-6.6156084e-02
1.1684491e+01	1.6013346e-01
1.1706300e+01	3.5632157e-01
1.1728109e+01	2.7942960e-01
1.1749918e+01	2.6302428e-01
1.1771727e+01	-1.7495138e-01
1.1793536e+01	-7.9559416e-02
1.1815345e+01	6.8099780e-02
1.1837154e+01	1.5909650e-01
1.1858963e+01	1.0404589e-01
1.1880772e+01	-6.1012600e-03
1.1902581e+01	7.0152109e-02
1.1924390e+01	-1.5077479e-01
1.1946199e+01	9.7431507e-02
1.1968008e+01	-6.9984748e-02
1.1989817e+01	9.4485153e-02
1.2011626e+01	-2.2660621e-02
1.2033434e+01	-3.3984059e-01
1.2055243e+01	-1.5671745e-01
1.2077052e+01	2.7351112e-01
1.2098861e+01	1.1868830e-01
1.2120670e+01	2.2705797e-01
1.2142479e+01	1.0597475e-01
1.2164288e+01	1.0773259e-01
1.2186097e+01	-5.7358877e-04
1.2207906e+01	1.2551164e-01
1.2229715e+01	2.3110779e-01
1.2251524e+01	1.7493281e-03
1.2273333e+01	-1.8618201e-01
1.2295142e+01	-1.2255474e-01
1.2316951e+01	-3.1063110e-03
1.2338760e+01	3.6490849e-02
1.2360569e+01	-2.1172275e-02
1.2382377e+01	-4.4007509e-02
1.2404186e+01	4.6878539e-02
1.2425995e+01	-2.7437345e-02
1.2447804e+01	5.5350890e-02
1.2469613e+01	1.8031132e-01
1.2491422e+01	-8.0287781e-02
1.2513231e+01	-9.4864676e-02
1.2535040e+01	1.7881033e-01
1.2556849e+01	3.1923845e-02
1.2578658e+01	1.0355542e-01
1.2600467e+01	8.0397649e-02
1.2622276e+01	-2.2869872e-01
1.2644085e+01	-1.2835557e-01
1.2665894e+01	3.0067050e-01
1.2687703e+01	2.6228030e-01
1.2709512e+01	5.2855863e-02
1.2731320e+01	-1.4216724e-01
1.2753129e+01	2.5451072e-02
1.2774938e+01	2.5818873e-01
1.2796747e+01	3.6013099e-01
1.2818556e+01	3.7948580e-01
1.2840365e+01	2.8675428e-01
1.2862174e+01	1.0957823e-02
1.2883983e+01	-6.1082182e-02
1.2905792e+01	-1.2888685e-01
1.2927601e+01	1.0931533e-01
1.2949410e+01	4.6126103e-01
1.2971219e+01	2.7113515e-01
1.2993028e+01	1.9532668e-01
1.3014837e+01	4.3902726e-02
1.3036646e+01	3.7547260e-02
1.3058455e+01	5.0986623e-01
1.3080264e+01	6.6359789e-01
1.3102072e+01	3.2795533e-01
1.3123881e+01	-5.6855392e-02
1.3145690e+01	-1.1548318e-02
1.3167499e+01	-3.2748779e-02
1.3189308e+01	1.0882646e-01
1.3211117e+01	1.6424368e-01
1.3232926e+01	1.7881363e-02
1.3254735e+01	-1.8222881e-03
1.3276544e+01	3.9404411e-02
1.3298353e+01	-1.1188920e-01
1.3320162e+01	-2.0047969e-01
1.3341971e+01	-3.2099813e-01
1.3363780e+01	4.9239501e-01
1.3385589e+01	8.1538624e-01
1.3407398e+01	5.5784209e-01
1.3429207e+01	3.3941309e-01
1.3451015e+01	1.0804148e-01
1.3472824e+01	1.3041450e-01
1.3494633e+01	3.1775912e-02
1.3516442e+01	1.0227599e-01
1.3538251e+01	-3.0242044e-02
1.3560060e+01	-1.0260345e-01
1.3581869e+01	-1.0138005e-02
1.3603678e+01	1.8911146e-01
1.3625487e+01	1.1365667e-01
1.3647296e+01	-4.3783658e-03
1.3669105e+01	1.2407805e-01
1.3690914e+01	-8.2276161e-03
1.3712723e+01	-1.1385596e-01
1.3734532e+01	-1.1215263e-01
1.3756341e+01	2.0311772e-02
1.3778150e+01	-3.4231100e-02
1.3799958e+01	-1.2903378e-01
1.3821767e+01	-2.9602339e-02
1.3843576e+01	9.5197188e-02
1.3865385e+01	1.3843994e-01
1.3887194e+01	1.7543128e-01
1.3909003e+01	-5.9245554e-02
1.3930812e+01	-1.3147960e-01
1.3952621e+01	-2.0543481e-02
1.3974430e+01	-1.0539229e-01
1.3996239e+01	3.8668178e-02
1.4018048e+01	1.4172993e-02
1.4039857e+01	-2.5133969e-03
1.4061666e+01	1.8045086e-02
1.4083475e+01	5.7206187e-02
1.4105284e+01	1.4018768e-01
1.4127093e+01	2.3699168e-02
1.4148901e+01	-8.6909433e-02
1.4170710e+01	-8.3487752e-02
1.4192519e+01	-3.3342709e-02
1.4214328e+01	8.6259413e-02
1.4236137e+01	2.3432194e-02
1.4257946e+01	-9.3718831e-02
1.4279755e+01	5.8428161e-02
1.4301564e+01	2.7322372e-01
1.4323373e+01	5.1483519e-02
1.4345182e+01	-7.2406251e-02
1.4366991e+01	9.8787045e-02
1.4388800e+01	5.2165230e-02
1.4410609e+01	-8.2777074e-02
1.4432418e+01	-8.3921136e-02
1.4454227e+01	-9.5322278e-02
1.4476036e+01	3.3998269e-02
1.4497844e+01	2.2930446e-01
1.4519653e+01	2.3206867e-01
1.4541462e+01	3.8658094e-01
1.4563271e+01	1.6459032e-01
1.4585080e+01	-4.4265555e-02
1.4606889e+01	-2.4763875e-01
1.4628698e+01	-1.2865431e-01
1.4650507e+01	1.0512732e-01
1.4672316e+01	3.7403066e-02
1.4694125e+01	2.3545651e-02
1.4715934e+01	5.7164863e-02
1.4737743e+01	-1.6840977e-02
1.4759552e+01	-3.5060384e-02
1.4781361e+01	-1.4419998e-01
1.4803170e+01	2.1581717e-02
1.4824979e+01	9.7721812e-02
1.4846787e+01	2.2567404e-01
1.4868596e+01	7.0463123e-01
1.4890405e+01	9.9832643e-01
1.4912214e+01	1.2711817e+00
1.4934023e+01	1.1525440e+00
1.4955832e+01	9.9596535e-01
1.4977641e+01	1.0851099e+00
1.4999450e+01	1.0970106e+00
1.5021259e+01	1.4267044e+00
1.5043068e+01	1.6062575e+00
1.5064877e+01	1.4664689e+00
1.5086686e+01	9.0317757e-01
1.5108495e+01	6.8771054e-01
1.5130304e+01	3.6997187e-01
1.5152113e+01	1.5621058e-01
1.5173922e+01	4.9598976e-02
1.5195731e+01	-6.5437182e-02
1.5217539e+01	-9.2807067e-02
1.5239348e+01	-4.7817012e-02
1.5261157e+01	-7.2256020e-02
1.5282966e+01	-9.6406975e-03
1.5304775e+01	1.8962525e-02
1.5326584e+01	2.6069323e-01
1.5348393e+01	1.4269559e-01
1.5370202e+01	-3.7518571e-02
1.5392011e+01	-7.4455995e-02
1.5413820e+01	2.5778643e-02
1.5435629e+01	-1.9147805e-02
1.5457438e+01	1.3569202e-01
1.5479247e+01	4.8239241e-02
1.5501056e+01	-1.7016392e-01
1.5522865e+01	-7.6463607e-02
1.5544674e+01	-1.0603385e-01
1.5566482e+01	6.7522767e-02
1.5588291e+01	7.9458944e-02
1.5610100e+01	3.0988773e-01
1.5631909e+01	1.6185175e-01
1.5653718e+01	2.7438685e-01
1.5675527e+01	3.7882441e-01
1.5697336e+01	2.9313495e-01
1.5719145e+01	-3.1174895e-02
1.5740954e+01	-1.2075361e-01
1.5762763e+01	-1.2738907e-01
1.5784572e+01	5.0085835e-02
1.5806381e+01	1.5404443e-01
1.5828190e+01	-2.0304841e-02
1.5849999e+01	-1.0300869e-01
1.5871808e+01	-3.9657501e-02
1.5893617e+01	7.9366752e-02
1.5915425e+01	1.6620548e-01
1.5937234e+01	-3.4312201e-03
1.5959043e+01	-9.4058810e-02
1.5980852e+01	1.2281347e-01
1.6002661e+01	3.8478460e-02
1.6024470e+01	-1.9195993e-01
1.6046279e+01	2.8929839e-02
1.6068088e+01	3.4387950e-02
1.6089897e+01	-1.1457928e-01
1.6111706e+01	1.4012411e-01
1.6133515e+01	8.8396234e-02
1.6155324e+01	-1.0110448e-01
1.6177133e+01	2.9836003e-02
1.6198942e+01	-3.3350345e-02
1.6220751e+01	-1.0041140e-01
1.6242560e+01	-4.0799915e-02
1.6264368e+01	-4.9448092e-03
1.6286177e+01	1.9661346e-01
1.6307986e+01	2.7988007e-01
1.6329795e+01	8.3408368e-02
1.6351604e+01	-2.1112569e-02
1.6373413e+01	-6.9535953e-02
1.6395222e+01	8.8388241e-02
1.6417031e+01	9.1916527e-02
1.6438840e+01	5.4251228e-02
1.6460649e+01	-8.2165262e-02
1.6482458e+01	-5.1364498e-02
1.6504267e+01	-3.4489488e-02
1.6526076e+01	-1.1406358e-01
1.6547885e+01	-9.1380024e-02
1.6569694e+01	-7.7015109e-02
1.6591503e+01	3.6152639e-02
1.6613311e+01	7.9276536e-02
1.6635120e+01	2.3118525e-01
1.6656929e+01	-1.1131086e-02
1.6678738e+01	-9.8366435e-03
1.6700547e+01	-6.0529317e-03
1.6722356e+01	9.8609080e-02
1.6744165e+01	2.8850695e-01
1.6765974e+01	5.5997415e-01
1.6787783e+01	5.8605680e-01
1.6809592e+01	6.9916473e-01
1.6831401e+01	7.4728164e-01
1.6853210e+01	3.7009325e-01
1.6875019e+01	1.5259228e-01
1.6896828e+01	-2.0837728e-02
1.6918637e+01	-1.3458042e-01
1.6940446e+01	-8.4575372e-02
1.6962254e+01	1.0162477e-01
1.6984063e+01	7.2171246e-02
1.7005872e+01	-1.0311460e-01
1.7027681e+01	1.2509945e-01
1.7049490e+01	-1.0941639e-01
1.7071299e+01	-5.7375073e-02
1.7093108e+01	2.1791050e-01
1.7114917e+01	-6.4726520e-02
1.7136726e+01	-3.1793071e-02
1.7158535e+01	-1.0689509e-03
1.7180344e+01	2.0021254e-02
1.7202153e+01	-8.9118459e-02
1.7223962e+01	1.0938340e-02
1.7245771e+01	1.4905744e-01
1.7267580e+01	1.9837677e-01
1.7289389e+01	2.7816616e-02
1.7311198e+01	-1.9327252e-01
1.7333006e+01	-1.1816013e-01
1.7354815e+01	1.5385267e-01
1.7376624e+01	1.5172130e-01
1.7398433e+01	2.3640259e-02
1.7420242e+01	1.9644745e-02
1.7442051e+01	-5.2146645e-02
1.7463860e+01	-1.5875738e-01
1.7485669e+01	-1.4798421e-01
1.7507478e+01	8.2781018e-02
1.7529287e+01	1.4195016e-01
1.7551096e+01	1.4039533e-01
1.7572905e+01	-2.3589351e-02
1.7594714e+01	-7.7774708e-02
1.7616523e+01	1.4363227e-02
1.7638332e+01	-1.9050413e-02
1.7660141e+01	-2.0218183e-02
1.7681949e+01	-1.5015124e-02
1.7703758e+01	-6.4923852e-02
1.7725567e+01	-2.0178930e-02
1.7747376e+01	9.3021807e-02
1.7769185e+01	9.0470643e-02
1.7790994e+01	-9.0866166e-02
1.7812803e+01	1.5913306e-02
1.7834612e+01	2.1388605e-02
1.7856421e+01	1.5530104e-02
1.7878230e+01	4.6339242e-02
1.7900039e+01	7.5858007e-02
1.7921848e+01	2.8892360e-02
1.7943657e+01	-1.4969471e-01
1.7965466e+01	-1.6701782e-01
1.7987275e+01	1.4296215e-01
1.8009084e+01	-8.9964435e-03
1.8030892e+01	-7.3768575e-02
1.8052701e+01	2.2257324e-02
1.8074510e+01	7.6744379e-03
1.8096319e+01	1.9211320e-01
1.8118128e+01	4.2780690e-02
1.8139937e+01	1.5011069e-04
1.8161746e+01	-8.0443441e-02
1.8183555e+01	3.0394139e-02
1.8205364e+01	-5.7482904e-02
1.8227173e+01	-1.0714864e-01
1.8248982e+01	1.5506949e-01
1.8270791e+01	1.1668151e-01
1.8292600e+01	-6.9209346e-02
1.8314409e+01	-4.4210370e-02
1.8336218e+01	-1.2797826e-01
1.8358027e+01	-6.5677538e-02
1.8379835e+01	1.1818208e-01
1.8401644e+01	9.0687745e-02
1.8423453e+01	-7.0045309e-02
1.8445262e+01	-4.9495767e-02
1.8467071e+01	-5.5348365e-03
1.8488880e+01	9.9336634e-02
1.8510689e+01	2.4059707e-01
1.8532498e+01	5.9136781e-02
1.8554307e+01	-7.2164901e-02
1.8576116e+01	-3.8669562e-02
1.8597925e+01	-5.0283649e-02
1.8619734e+01	9.5334831e-02
1.8641543e+01	3.6530250e-01
1.8663352e+01	4.6121808e-01
1.8685161e+01	3.6321085e-01
1.8706970e+01	1.6791315e-01
1.8728778e+01	-1.9985102e-02
1.8750587e+01	-7.2846628e-02
1.8772396e+01	1.5051059e-04
1.8794205e+01	5.0607124e-02
1.8816014e+01	-8.2509887e-03
1.8837823e+01	-2.0265893e-01
1.8859632e+01	-3.0829083e-02
1.8881441e+01	2.4021460e-02
1.8903250e+01	-2.3500322e-02
1.8925059e+01	1.3277302e-02
1.8946868e+01	-4.2284130e-02
1.8968677e+01	1.5236531e-01
1.8990486e+01	9.5893501e-02
1.9012295e+01	-7.7217571e-02
1.9034104e+01	6.6575230e-04
1.9055913e+01	6.8687210e-03
1.9077721e+01	3.6195426e-02
1.9099530e+01	-3.0576589e-02
1.9121339e+01	-7.8079840e-02
1.9143148e+01	7.1442818e-02
1.9164957e+01	2.1153387e-01
1.9186766e+01	6.1139881e-02
1.9208575e+01	-1.6947038e-01
1.9230384e+01	-6.4898962e-02
1.9252193e+01	1.3818033e-02
1.9274002e+01	4.3874418e-02
1.9295811e+01	-1.3880457e-01
1.9317620e+01	-5.7272764e-02
1.9339429e+01	2.4476748e-02
1.9361238e+01	8.2846516e-02
1.9383047e+01	2.2784574e-01
1.9404856e+01	1.0962880e-01
1.9426665e+01	1.3826711e-01
1.9448473e+01	1.0004039e-01
1.9470282e+01	-2.2062145e-02
1.9492091e+01	-1.6076075e-01
1.9513900e+01	-1.4097781e-01
1.9535709e+01	-1.3896704e-01
1.9557518e+01	8.6009980e-02
1.9579327e+01	2.6210867e-02
1.9601136e+01	4.7002802e-02
1.9622945e+01	-5.0257839e-02
1.9644754e+01	6.9950512e-02
1.9666563e+01	-1.3995807e-02
1.9688372e+01	-1.0460374e-01
1.9710181e+01	6.3567866e-02
1.9731990e+01	1.2714277e-01
1.9753799e+01	1.1712442e-01
1.9775608e+01	-2.1744640e-02
1.9797416e+01	-1.3640353e-01
1.9819225e+01	-1.9158006e-01
1.9841034e+01	-1.8931133e-01
1.9862843e+01	5.4758507e-02
1.9884652e+01	1.4188669e-01
1.9906461e+01	1.7975091e-01
1.9928270e+01	2.7788379e-01
1.9950079e+01	1.2961559e-01
1.9971888e+01	9.3913580e-02
1.9993697e+01	1.2067320e-01
2.0015506e+01	5.5816113e-02
2.0037315e+01	-1.3927880e-01
2.0059124e+01	-1.9319561e-01
2.0080933e+01	-1.1362484e-01
2.0102742e+01	3.9369801e-02
2.0124551e+01	9.7542976e-02
2.0146359e+01	6.5880560e-02
2.0168168e+01	-1.2848637e-01
2.0189977e+01	-1.5264555e-01
2.0211786e+01	-8.8522949e-02
2.0233595e+01	1.0970360e-01
2.0255404e+01	2.4071676e-01
2.0277213e+01	6.6124435e-01
2.0299022e+01	4.0869437e-01
2.0320831e+01	4.9456883e-01
2.0342640e+01	4.6381875e-01
2.0364449e+01	4.1478304e-02
2.0386258e+01	6.9268114e-02
2.0408067e+01	1.6025556e-02
2.0429876e+01	-2.1750480e-02
2.0451685e+01	9.3679835e-03
2.0473494e+01	5.9944182e-03
2.0495302e+01	3.3186763e-01
2.0517111e+01	6.5518197e-01
2.0538920e+01	5.3880205e-01
2.0560729e+01	3.3073946e-01
2.0582538e+01	4.7282306e-02
2.0604347e+01	4.2912527e-03
2.0626156e+01	1.5835299e-01
2.0647965e+01	-3.2382608e-02
2.0669774e+01	-1.2042471e-01
2.0691583e+01	-1.0405564e-01
2.0713392e+01	1.4334733e-01
2.0735201e+01	-5.1053773e-02
2.0757010e+01	1.7870541e-02
2.0778819e+01	-1.8605949e-02
2.0800628e+01	-1.2078464e-01
2.0822437e+01	-1.2205209e-02
2.0844245e+01	5.2872667e-02
2.0866054e+01	1.9949768e-02
2.0887863e+01	-1.0388509e-01
2.0909672e+01	4.7234727e-02
2.0931481e+01	-7.7966512e-02
2.0953290e+01	1.5512605e-01
2.0975099e+01	4.6743384e-01
2.0996908e+01	7.1295471e-01
2.1018717e+01	1.2818384e+00
2.1040526e+01	1.6298557e+00
2.1062335e+01	1.9337912e+00
2.1084144e+01	2.2895579e+00
2.1105953e+01	2.2498773e+00
2.1127762e+01	2.3315654e+00
2.1149571e+01	2.7305547e+00
2.1171380e+01	3.6006351e+00
2.1193188e+01	5.1703793e+00
2.1214997e+01	6.8195010e+00
2.1236806e+01	7.8562880e+00
2.1258615e+01	8.4894211e+00
2.1280424e+01	8.3794170e+00
2.1302233e+01	7.7228814e+00
2.1324042e+01	6.2228131e+00
2.1345851e+01	4.5164028e+00
2.1367660e+01	2.8519873e+00
2.1389469e+01	1.2986883e+00
2.1411278e+01	6.2296360e-01
2.1433087e+01	3.2550392e-01
2.1454896e+01	-4.2106035e-02
2.1476705e+01	1.0540510e-01
2.1498514e+01	2.6860867e-01
2.1520323e+01	5.1880370e-01
2.1542132e+01	8.1837488e-01
2.1563940e+01	1.0555870e+00
2.1585749e+01	1.1102929e+00
2.1607558e+01	8.7979646e-01
2.1629367e+01	7.3458037e-01
2.1651176e+01	5.5544149e-01
2.1672985e+01	7.4620626e-02
2.1694794e+01	1.3068729e-01
2.1716603e+01	-1.3409192e-01
2.1738412e+01	-7.2850596e-02
2.1760221e+01	-1.0915671e-01
2.1782030e+01	-1.0603223e-01
2.1803839e+01	8.1187277e-02
2.1825648e+01	3.0905459e-02
2.1847457e+01	-1.7555204e-02
2.1869266e+01	-4.4948468e-02
2.1891075e+01	-5.1412404e-02
2.1912883e+01	4.9068679e-02
2.1934692e+01	1.0699173e-01
2.1956501e+01	1.1794116e-01
2.1978310e+01	-2.4469199e-02
2.2000119e+01	-6.2798463e-02
2.2021928e+01	-1.2150164e-01
2.2043737e+01	-2.7186878e-02
2.2065546e+01	5.4749613e-02
2.2087355e+01	6.3490290e-02
2.2109164e+01	7.1275413e-02
2.2130973e+01	1.8834445e-02
2.2152782e+01	-2.2981719e-02
2.2174591e+01	-9.1123354e-02
2.2196400e+01	9.4374787e-02
2.2218209e+01	2.6577915e-01
2.2240018e+01	1.8032766e-02
2.2261826e+01	-1.8541193e-01
2.2283635e+01	-8.6677070e-02
2.2305444e+01	1.5864586e-02
2.2327253e+01	1.0542225e-01
2.2349062e+01	1.7097756e-01
2.2370871e+01	8.6128995e-02
2.2392680e+01	-3.4788079e-02
2.2414489e+01	-9.5094395e-02
2.2436298e+01	-8.7098643e-02
2.2458107e+01	-4.7242921e-02
2.2479916e+01	8.0858690e-02
2.2501725e+01	1.1672366e-02
2.2523534e+01	6.2003339e-02
2.2545343e+01	-2.8478422e-02
2.2567152e+01	-2.3023472e-01
2.2588961e+01	1.0066438e-01
2.2610769e+01	1.9784429e-01
2.2632578e+01	9.4281933e-02
2.2654387e+01	-1.4754571e-02
2.2676196e+01	-1.2898386e-01
2.2698005e+01	1.2718181e-01
2.2719814e+01	3.0037753e-01
2.2741623e+01	1.9545796e-01
2.2763432e+01	7.5185353e-03
2.2785241e+01	-1.7026725e-01
2.2807050e+01	-2.2593605e-01
2.2828859e+01	-1.4509799e-01
2.2850668e+01	1.1562301e-01
2.2872477e+01	1.9394053e-01
2.2894286e+01	6.3504060e-02
2.2916095e+01	5.9582384e-02
2.2937904e+01	2.1217301e-01
2.2959712e+01	4.0785063e-02
2.2981521e+01	-1.6080613e-02
2.3003330e+01	-3.6966568e-02
2.3025139e+01	-3.8023799e-02
2.3046948e+01	-2.5228640e-02
2.3068757e+01	-1.4553351e-01
2.3090566e+01	-2.3042430e-02
2.3112375e+01	1.3319764e-01
2.3134184e+01	8.5718267e-02
2.3155993e+01	-5.2849052e-02
2.3177802e+01	7.8862704e-02
2.3199611e+01	1.7914671e-01
2.3221420e+01	-3.6147391e-02
2.3243229e+01	-1.3318127e-01
2.3265038e+01	-1.9031726e-01
2.3286847e+01	-4.3921379e-02
2.3308655e+01	3.1059211e-02
2.3330464e+01	1.2365688e-01
2.3352273e+01	1.1138674e-02
2.3374082e+01	-8.0796725e-02
2.3395891e+01	4.0914845e-02
2.3417700e+01	1.9737464e-02
2.3439509e+01	-4.1051460e-02
2.3461318e+01	8.3291336e-02
2.3483127e+01	3.9466796e-01
2.3504936e+01	4.7103296e-01
2.3526745e+01	7.8487242e-01
2.3548554e+01	1.0730238e+00
2.3570363e+01	1.1825784e+00
2.3592172e+01	1.4154637e+00
2.3613981e+01	1.5925972e+00
2.3635790e+01	2.0736131e+00
2.3657599e+01	2.8746420e+00
2.3679407e+01	3.4981642e+00
2.3701216e+01	4.5793512e+00
2.3723025e+01	5.9950733e+00
2.3744834e+01	7.2516380e+00
2.3766643e+01	8.0476647e+00
2.3788452e+01	9.2184268e+00
2.3810261e+01	9.4683497e+00
2.3832070e+01	8.9550047e+00
2.3853879e+01	8.2606234e+00
2.3875688e+01	7.0727981e+00
2.3897497e+01	5.8642893e+00
2.3919306e+01	4.7468423e+00
2.3941115e+01	3.6551086e+00
2.3962924e+01	2.5320555e+00
2.3984733e+01	1.5276185e+00
2.4006542e+01	8.7382199e-01
2.4028350e+01	5.1594239e-01
2.4050159e+01	6.9979085e-02
2.4071968e+01	-3.5007474e-02
2.4093777e+01	3.8758948e-02
2.4115586e+01	3.2802947e-02
2.4137395e+01	7.8330490e-02
2.4159204e+01	-1.2610545e-01
2.4181013e+01	-2.4118703e-02
2.4202822e+01	-5.8371717e-04
2.4224631e+01	-1.3053651e-01
2.4246440e+01	4.9193190e-03
2.4268249e+01	-6.4476702e-02
2.4290058e+01	-2.4763754e-02
2.4311867e+01	3.2439803e-02
2.4333676e+01	7.1476524e-02
2.4355485e+01	4.2623981e-02
2.4377293e+01	-5.4779214e-02
2.4399102e+01	-8.2763379e-02
2.4420911e+01	7.8629673e-02
2.4442720e+01	6.1728619e-02
2.4464529e+01	9.9669171e-03
2.4486338e+01	-4.0471863e-02
2.4508147e+01	5.3610272e-02
2.4529956e+01	9.7465839e-02
2.4551765e+01	2.5315225e-01
2.4573574e+01	4.3485382e-01
2.4595383e+01	4.4804667e-01
2.4617192e+01	8.5458719e-01
2.4639001e+01	9.3745644e-01
2.4660810e+01	2.5745049e-01
2.4682619e+01	8.7387399e-02
2.4704428e+01	-1.1197361e-01
2.4726236e+01	-1.2191428e-01
2.4748045e+01	2.2375910e-02
2.4769854e+01	-7.6754798e-02
2.4791663e+01	3.9766134e-02
2.4813472e+01	-5.4409585e-02
2.4835281e+01	4.1526922e-02
2.4857090e+01	9.5349716e-02
2.4878899e+01	-4.6630967e-02
2.4900708e+01	-1.2117015e-01
2.4922517e+01	-1.1390698e-01
2.4944326e+01	1.9380229e-02
2.4966135e+01	2.0594196e-01
2.4987944e+01	1.3828637e-01
2.5009753e+01	-4.3135273e-02
2.5031562e+01	7.1296520e-02
2.5053371e+01	-1.4977450e-02
2.5075179e+01	-7.4789639e-02
2.5096988e+01	-1.4999704e-02
2.5118797e+01	-8.6849651e-02
2.5140606e+01	5.3350535e-03
2.5162415e+01	4.0036627e-03
2.5184224e+01	-3.8549101e-02
2.5206033e+01	2.5253249e-02
2.5227842e+01	1.2944619e-02
2.5249651e+01	1.2503884e-01
2.5271460e+01	3.3488182e-02
2.5293269e+01	3.5307273e-02
2.5315078e+01	1.4167909e-01
2.5336887e+01	-2.8494126e-02
2.5358696e+01	-3.6517176e-02
2.5380505e+01	-1.2962621e-02
2.5402314e+01	-1.0993233e-01
2.5424123e+01	-3.3885154e-03
2.5445931e+01	-1.1657712e-01
2.5467740e+01	7.9095701e-02
2.5489549e+01	3.1189564e-02
2.5511358e+01	-2.7144737e-02
2.5533167e+01	1.2606956e-02
2.5554976e+01	-5.3381926e-02
2.5576785e+01	4.4240716e-02
2.5598594e+01	7.3689063e-03
2.5620403e+01	1.1314557e-01
2.5642212e+01	-5.0123567e-02
2.5664021e+01	-1.9312591e-02
2.5685830e+01	7.2983681e-02
2.5707639e+01	-6.4097311e-02
2.5729448e+01	-1.1569605e-01
2.5751257e+01	-1.4764986e-01
2.5773066e+01	-7.0326660e-02
2.5794874e+01	5.3890226e-02
2.5816683e+01	1.1668032e-01
2.5838492e+01	5.4437980e-02
2.5860301e+01	7.1532093e-02
2.5882110e+01	2.2465511e-02
2.5903919e+01	4.4385339e-02
2.5925728e+01	3.9105603e-01
2.5947537e+01	8.8101719e-01
2.5969346e+01	1.2744461e+00
2.5991155e+01	1.5631042e+00
2.6012964e+01	1.6673318e+00
2.6034773e+01	2.0447912e+00
2.6056582e+01	2.4058327e+00
2.6078391e+01	2.3505807e+00
2.6100200e+01	2.0683246e+00
2.6122009e+01	1.8788256e+00
2.6143817e+01	1.4919081e+00
2.6165626e+01	1.0785935e+00
2.6187435e+01	6.6038906e-01
2.6209244e+01	6.8920312e-01
2.6231053e+01	4.0082303e-01
2.6252862e+01	1.4561710e-01
2.6274671e+01	-9.0515176e-02
2.6296480e+01	-1.5847817e-01
2.6318289e+01	-1.6236236e-01
2.6340098e+01	-9.6110648e-02
2.6361907e+01	9.7790096e-02
2.6383716e+01	2.7186446e-01
2.6405525e+01	2.3382928e-02
2.6427334e+01	7.3956332e-02
2.6449143e+01	9.9515420e-02
2.6470952e+01	2.0328709e-01
2.6492760e+01	-4.7182125e-02
2.6514569e+01	2.2497656e-02
2.6536378e+01	-3.5704395e-03
2.6558187e+01	-6.6270014e-02
2.6579996e+01	2.6478119e-01
2.6601805e+01	5.2273205e-01
2.6623614e+01	6.8064718e-01
2.6645423e+01	5.4612443e-01
2.6667232e+01	6.8425863e-01
2.6689041e+01	6.4802820e-01
2.6710850e+01	5.6650456e-01
2.6732659e+01	3.0759412e-01
2.6754468e+01	5.5340072e-02
2.6776277e+01	-7.2258963e-02
2.6798086e+01	-1.0546481e-01
2.6819895e+01	-1.4953902e-01
2.6841703e+01	-3.5341833e-02
2.6863512e+01	6.3437085e-02
2.6885321e+01	1.4184357e-01
2.6907130e+01	3.2971335e-01
2.6928939e+01	3.2272594e-01
2.6950748e+01	2.6381680e-01
2.6972557e+01	9.5811800e-02
2.6994366e+01	3.8621580e-02
2.7016175e+01	3.0184676e-02
2.7037984e+01	5.8105184e-03
2.7059793e+01	-2.2828564e-03
2.7081602e+01	-3.6937615e-03
2.7103411e+01	-8.9887516e-02
2.7125220e+01	-1.0304147e-01
2.7147029e+01	-1.2103799e-01
2.7168838e+01	3.7138116e-02
2.7190646e+01	1.2715647e-01
2.7212455e+01	1.6713564e-02
2.7234264e+01	-2.2153380e-02
2.7256073e+01	-1.3778876e-02
2.7277882e+01	1.1459347e-01
2.7299691e+01	-6.6323070e-02
2.7321500e+01	4.1859359e-02
2.7343309e+01	2.3481997e-02
2.7365118e+01	1.6185310e-02
2.7386927e+01	-1.3877860e-01
2.7408736e+01	-1.6758783e-01
2.7430545e+01	5.6706381e-02
2.7452354e+01	1.0188701e-01
2.7474163e+01	1.7593916e-01
2.7495972e+01	7.7118757e-03
2.7517781e+01	-3.6671894e-02
2.7539590e+01	-9.1096803e-02
2.7561398e+01	-8.7337661e-02
2.7583207e+01	-1.1156965e-02
2.7605016e+01	-9.8462224e-02
2.7626825e+01	1.5546579e-02
2.7648634e+01	1.0908332e-01
2.7670443e+01	8.8521870e-02
2.7692252e+01	1.8314884e-01
2.7714061e+01	4.9403674e-01
2.7735870e+01	5.9649800e-01
2.7757679e+01	9.1114605e-01
2.7779488e+01	9.5030424e-01
2.7801297e+01	8.8505889e-01
2.7823106e+01	7.0893033e-01
2.7844915e+01	4.3431091e-01
2.7866724e+01	3.8939696e-01
2.7888533e+01	4.1849477e-01
2.7910341e+01	1.9416740e-01
2.7932150e+01	-1.0079390e-01
2.7953959e+01	-1.8274240e-01
2.7975768e+01	-4.5264757e-02
2.7997577e+01	6.2095753e-02
2.8019386e+01	-3.5588222e-03
2.8041195e+01	1.5137852e-01
2.8063004e+01	-5.6342731e-02
2.8084813e+01	-2.1125636e-02
2.8106622e+01	-1.5879610e-02
2.8128431e+01	-4.2310407e-02
2.8150240e+01	6.4250736e-03
2.8172049e+01	-1.5617526e-01
2.8193858e+01	1.5477726e-02
2.8215667e+01	1.1572393e-01
2.8237476e+01	7.7748560e-02
2.8259284e+01	8.2765697e-02
2.8281093e+01	1.4688591e-01
2.8302902e+01	6.6382514e-02
2.8324711e+01	-7.9651779e-02
2.8346520e+01	-2.4963120e-01
2.8368329e+01	-1.2390224e-01
2.8390138e+01	-3.5195328e-02
2.8411947e+01	-1.2025897e-01
2.8433756e+01	8.8027975e-02
2.8455565e+01	8.9795133e-02
2.8477374e+01	1.3762184e-01
2.8499183e+01	1.6956831e-01
2.8520992e+01	3.7477472e-01
2.8542801e+01	5.8513052e-01
2.8564610e+01	8.6292552e-01
2.8586419e+01	8.4645041e-01
2.8608227e+01	6.3097488e-01
2.8630036e+01	6.2018661e-01
2.8651845e+01	4.2043724e-01
2.8673654e+01	2.0826240e-01
2.8695463e+01	-4.6088711e-02
2.8717272e+01	2.4518685e-02
2.8739081e+01	2.5591154e-02
2.8760890e+01	-1.4434448e-01
2.8782699e+01	-5.8440690e-02
2.8804508e+01	4.5992480e-02
2.8826317e+01	-8.3733445e-02
2.8848126e+01	-2.3163588e-02
2.8869935e+01	-3.0755240e-02
2.8891744e+01	-4.7567113e-02
2.8913553e+01	-1.5723300e-02
2.8935362e+01	5.8602164e-02
2.8957170e+01	6.2732894e-02
2.8978979e+01	1.8866962e-02
2.9000788e+01	2.2531106e-02
2.9022597e+01	7.9067811e-02
2.9044406e+01	4.5902734e-02
2.9066215e+01	-6.4410410e-02
2.9088024e+01	-7.5949608e-02
2.9109833e+01	-8.2742402e-03
2.9131642e+01	8.0910638e-02
2.9153451e+01	-7.6716527e-02
2.9175260e+01	-1.3106285e-01
2.9197069e+01	1.2808845e-01
2.9218878e+01	7.8009806e-02
2.9240687e+01	1.7514842e-03
2.9262496e+01	1.1167200e-01
2.9284305e+01	2.4752559e-02
2.9306113e+01	-5.3397705e-02
2.9327922e+01	-1.5119016e-01
2.9349731e+01	-5.8173728e-02
2.9371540e+01	8.0172935e-03
2.9393349e+01	-1.7137724e-02
2.9415158e+01	1.2346585e-01
2.9436967e+01	2.2411841e-01
2.9458776e+01	7.6529136e-02
2.9480585e+01	-8.4696314e-02
2.9502394e+01	-1.3435145e-01
2.9524203e+01	5.8561381e-03
2.9546012e+01	6.5912159e-02
2.9567821e+01	-2.4594549e-02
2.9589630e+01	6.6891024e-02
2.9611439e+01	-9.8683429e-04
2.9633248e+01	-2.4187117e-02
2.9655057e+01	-7.3397968e-02
2.9676865e+01	-1.5869835e-02
2.9698674e+01	6.5950083e-02
2.9720483e+01	-7.1797877e-02
2.9742292e+01	-2.1836242e-01
2.9764101e+01	3.1520641e-02
2.9785910e+01	1.6197025e-01
2.9807719e+01	1.6116276e-01
2.9829528e+01	-1.5350941e-01
2.9851337e+01	-1.0324367e-01
2.9873146e+01	4.6507527e-02
2.9894955e+01	1.3955595e-01
2.9916764e+01	1.7442482e-01
2.9938573e+01	5.6271837e-01
2.9960382e+01	1.5007748e+00
2.9982191e+01	2.0070290e+00
3.0004000e+01	2.9472500e+00
3.0025808e+01	3.8603256e+00
3.0047617e+01	4.5237810e+00
3.0069426e+01	5.0097508e+00
3.0091235e+01	5.2852913e+00
3.0113044e+01	5.3109611e+00
3.0134853e+01	4.9110994e+00
3.0156662e+01	4.2421701e+00
3.0178471e+01	3.3515800e+00
3.0200280e+01	2.3165652e+00
3.0222089e+01	1.5481626e+00
3.0243898e+01	1.0291621e+00
3.0265707e+01	6.3700167e-01
3.0287516e+01	9.3515259e-02
3.0309325e+01	-7.3500221e-02
3.0331134e+01	1.6350349e-02
3.0352943e+01	6.8693747e-02
3.0374751e+01	-7.4358942e-02
3.0396560e+01	-4.0363717e-02
3.0418369e+01	5.0871124e-04
3.0440178e+01	-3.5262453e-02
3.0461987e+01	-1.0816194e-01
3.0483796e+01	-3.8254609e-02
3.0505605e+01	5.5914888e-02
3.0527414e+01	6.3090514e-02
3.0549223e+01	-3.5259321e-03
3.0571032e+01	-5.8065542e-02
3.0592841e+01	7.2497333e-04
3.0614650e+01	-9.4551026e-02
3.0636459e+01	4.7483691e-02
3.0658268e+01	-2.6281729e-03
3.0680077e+01	-7.6643498e-02
3.0701886e+01	5.5217326e-02
3.0723694e+01	4.8126366e-02
3.0745503e+01	1.3229624e-01
3.0767312e+01	6.8480896e-02
3.0789121e+01	3.0915333e-01
3.0810930e+01	2.8775923e-01
3.0832739e+01	1.0924778e-01
3.0854548e+01	2.1735093e-02
3.0876357e+01	-1.3153904e-01
3.0898166e+01	-7.0190259e-02
3.0919975e+01	-1.4217866e-01
3.0941784e+01	3.0764972e-02
3.0963593e+01	-2.8495048e-04
3.0985402e+01	1.0729740e-01
3.1007211e+01	3.2360350e-02
3.1029020e+01	1.0636120e-01
3.1050829e+01	2.4631915e-02
3.1072637e+01	-9.1470725e-02
3.1094446e+01	-1.0510042e-01
3.1116255e+01	-6.1437089e-02
3.1138064e+01	-7.5958490e-02
3.1159873e+01	1.1330101e-02
3.1181682e+01	-1.7713976e-02
3.1203491e+01	4.1709730e-02
3.1225300e+01	2.5630648e-02
3.1247109e+01	-2.7309639e-02
3.1268918e+01	1.7666986e-01
3.1290727e+01	1.0968292e-01
3.1312536e+01	-5.9533979e-02
3.1334345e+01	2.2403648e-02
3.1356154e+01	-6.4206846e-03
3.1377963e+01	1.5384893e-01
3.1399772e+01	-5.7267814e-02
3.1421580e+01	-1.2031471e-01
3.1443389e+01	-1.1929907e-01
3.1465198e+01	-8.2643835e-02
3.1487007e+01	1.5509155e-01
3.1508816e+01	-2.7782850e-02
3.1530625e+01	-5.9539196e-02
3.1552434e+01	2.4826790e-01
3.1574243e+01	4.1497903e-01
3.1596052e+01	4.4290736e-01
3.1617861e+01	4.7119188e-01
3.1639670e+01	5.3169914e-01
3.1661479e+01	3.8874000e-01
3.1683288e+01	6.1237016e-03
3.1705097e+01	8.4774495e-02
3.1726906e+01	4.1994985e-01
3.1748715e+01	7.5157579e-01
3.1770524e+01	1.2998548e+00
3.1792332e+01	2.2447924e+00
3.1814141e+01	2.9547081e+00
3.1835950e+01	3.6466814e+00
3.1857759e+01	4.4630838e+00
3.1879568e+01	5.1395078e+00
3.1901377e+01	5.4021058e+00
3.1923186e+01	5.5978725e+00
3.1944995e+01	5.5600663e+00
3.1966804e+01	5.1391846e+00
3.1988613e+01	4.4596451e+00
3.2010422e+01	3.3942612e+00
3.2032231e+01	2.5067253e+00
3.2054040e+01	1.6778961e+00
3.2075849e+01	1.0702360e+00
3.2097658e+01	5.8998150e-01
3.2119467e+01	3.4857011e-01
3.2141275e+01	1.1121023e-01
3.2163084e+01	6.0474609e-02
3.2184893e+01	-8.5803836e-02
3.2206702e+01	-5.4294808e-03
3.2228511e+01	-3.1026844e-02
3.2250320e+01	-7.0139681e-02
3.2272129e+01	1.4448920e-02
3.2293938e+01	3.6560493e-02
3.2315747e+01	-4.3341963e-02
3.2337556e+01	-5.3567555e-02
3.2359365e+01	-8.7695190e-02
3.2381174e+01	-5.5697663e-02
3.2402983e+01	9.6088139e-02
3.2424792e+01	9.6631458e-02
3.2446601e+01	3.1772470e-02
3.2468410e+01	-6.0763709e-02
3.2490218e+01	-2.6733877e-02
3.2512027e+01	1.5855196e-02
3.2533836e+01	-4.0046684e-02
3.2555645e+01	3.1088041e-02
3.2577454e+01	4.7331277e-02
3.2599263e+01	5.0126475e-03
3.2621072e+01	1.3494719e-01
3.2642881e+01	1.6190715e-01
3.2664690e+01	-1.1511591e-01
3.2686499e+01	-7.3371951e-02
3.2708308e+01	-1.2793490e-01
3.2730117e+01	-1.4539303e-02
3.2751926e+01	-7.5982960e-03
3.2773735e+01	1.7261714e-03
3.2795544e+01	1.5423814e-01
3.2817353e+01	1.3400205e-02
3.2839161e+01	-5.0913895e-02
3.2860970e+01	-5.6764102e-02
3.2882779e+01	8.0666278e-02
3.2904588e+01	-1.4139380e-02
3.2926397e+01	-1.8796633e-02
3.2948206e+01	5.9260835e-02
3.2970015e+01	1.3585399e-02
3.2991824e+01	2.4721506e-02
3.3013633e+01	-8.2527237e-02
3.3035442e+01	-7.3018680e-02
3.3057251e+01	-1.2943805e-01
3.3079060e+01	1.1501101e-01
3.3100869e+01	7.6551390e-02
3.3122678e+01	1.2613285e-01
3.3144487e+01	3.8056314e-02
3.3166296e+01	-9.4391241e-02
3.3188104e+01	-3.2635298e-02
3.3209913e+01	-6.1518197e-02
3.3231722e+01	-3.6923992e-02
3.3253531e+01	7.4796442e-02
3.3275340e+01	8.3958480e-02
3.3297149e+01	4.1759090e-02
3.3318958e+01	-2.4518960e-02
3.3340767e+01	-4.4096371e-02
3.3362576e+01	-3.5978088e-02
3.3384385e+01	-3.3507707e-02
3.3406194e+01	1.7911893e-02
3.3428003e+01	-1.2270805e-02
3.3449812e+01	-5.1991863e-02
3.3471621e+01	-9.4027716e-02
3.3493430e+01	-3.8862222e-02
3.3515239e+01	-4.4483213e-02
3.3537047e+01	-2.5059662e-02
3.3558856e+01	6.2303707e-02
3.3580665e+01	1.1119495e-01
3.3602474e+01	9.7561683e-04
3.3624283e+01	8.8480590e-02
3.3646092e+01	2.0537826e-01
3.3667901e+01	3.5431288e-01
3.3689710e+01	1.7438600e-01
3.3711519e+01	7.4869734e-02
3.3733328e+01	-4.4072068e-02
3.3755137e+01	-6.0584386e-02
3.3776946e+01	-1.6117565e-01
3.3798755e+01	-7.8862250e-02
3.3820564e+01	-2.0831089e-02
3.3842373e+01	9.6158350e-02
3.3864182e+01	2.4662437e-02
3.3885991e+01	2.8657409e-02
3.3907799e+01	2.6370069e-03
3.3929608e+01	-2.3883867e-02
3.3951417e+01	-1.3907075e-02
3.3973226e+01	-7.4888888e-02
3.3995035e+01	4.0325575e-03
3.4016844e+01	6.5391086e-02
3.4038653e+01	-1.5335568e-01
3.4060462e+01	-4.4622162e-02
3.4082271e+01	1.0163600e-01
3.4104080e+01	3.9780528e-03
3.4125889e+01	-1.5030947e-02
3.4147698e+01	9.7076665e-02
3.4169507e+01	9.4166138e-02
3.4191316e+01	-1.3625542e-01
3.4213125e+01	5.9082965e-02
3.4234934e+01	-5.1500044e-03
3.4256742e+01	-2.3967594e-03
3.4278551e+01	1.7644720e-02
3.4300360e+01	3.0538239e-02
3.4322169e+01	-7.3368072e-02
3.4343978e+01	2.1881827e-02
3.4365787e+01	1.9669232e-02
3.4387596e+01	-8.7156854e-02
3.4409405e+01	4.4811691e-02
3.4431214e+01	1.8252954e-02
3.4453023e+01	-3.7719848e-02
3.4474832e+01	2.7049637e-02
3.4496641e+01	-7.5393462e-02
3.4518450e+01	-2.8585616e-02
3.4540259e+01	3.3567487e-02
3.4562068e+01	8.9784531e-03
3.4583877e+01	4.6666317e-03
3.4605685e+01	2.8202664e-02
3.4627494e+01	1.1227490e-01
3.4649303e+01	2.6655891e-02
3.4671112e+01	-4.7241798e-02
3.4692921e+01	-9.9221738e-03
3.4714730e+01	-7.5650217e-03
3.4736539e+01	-1.4630738e-02
3.4758348e+01	-4.2871840e-02
3.4780157e+01	-1.6487593e-02
3.4801966e+01	-6.1689738e-02
3.4823775e+01	2.7475101e-02
3.4845584e+01	-7.6747968e-03
3.4867393e+01	7.2981558e-03
3.4889202e+01	1.2620508e-01
3.4911011e+01	6.5389282e-02
3.4932820e+01	-2.4500464e-02
3.4954628e+01	-5.2317370e-02
3.4976437e+01	-2.8427512e-02
3.4998246e+01	3.8320466e-02
3.5020055e+01	-8.2495057e-02
3.5041864e+01	-5.4203873e-02
3.5063673e+01	-4.5101233e-02
3.5085482e+01	4.9916939e-02
3.5107291e+01	1.7809957e-01
3.5129100e+01	8.4272268e-02
3.5150909e+01	-3.2539591e-02
3.5172718e+01	-8.9326553e-02
3.5194527e+01	-2.4557069e-02
3.5216336e+01	1.0677042e-03
3.5238145e+01	-7.0108363e-02
3.5259954e+01	-4.2937938e-02
3.5281763e+01	5.5232889e-02
3.5303571e+01	2.0381760e-02
3.5325380e+01	1.5874436e-01
3.5347189e+01	5.6922864e-02
3.5368998e+01	-6.3035539e-02
3.5390807e+01	-5.0141621e-02
3.5412616e+01	-6.3734385e-02
3.5434425e+01	4.1426059e-02
3.5456234e+01	7.6035670e-02
3.5478043e+01	-1.3954098e-02
3.5499852e+01	-1.7675370e-02
3.5521661e+01	-5.5695652e-03
3.5543470e+01	-2.3183441e-01
3.5565279e+01	-9.4552203e-02
3.5587088e+01	1.9624562e-02
3.5608897e+01	1.8772790e-01
3.5630706e+01	1.4343344e-01
3.5652514e+01	1.4314673e-01
3.5674323e+01	9.7145084e-02
3.5696132e+01	-1.7053479e-02
3.5717941e+01	-3.3967134e-02
3.5739750e+01	5.9887909e-02
3.5761559e+01	-4.9782883e-02
3.5783368e+01	-8.2770298e-02
3.5805177e+01	6.3508808e-02
3.5826986e+01	-6.4836702e-02
3.5848795e+01	8.1033662e-02
3.5870604e+01	6.6088213e-02
3.5892413e+01	-3.0858104e-02
3.5914222e+01	6.6541666e-03
3.5936031e+01	-2.2006548e-01
3.5957840e+01	-1.3092395e-01
3.5979649e+01	-1.2998365e-01
3.6001458e+01	2.1475803e-01
3.6023266e+01	4.4754442e-01
3.6045075e+01	3.7038903e-01
3.6066884e+01	4.6471384e-01
3.6088693e+01	3.7764775e-01
3.6110502e+01	2.3638709e-01
3.6132311e+01	9.3216571e-02
3.6154120e+01	8.9840559e-02
3.6175929e+01	-1.2415769e-01
3.6197738e+01	3.7781974e-02
3.6219547e+01	1.5896618e-01
3.6241356e+01	2.7970118e-02
3.6263165e+01	-1.5540546e-02
3.6284974e+01	1.5193774e-02
3.6306783e+01	-1.0339378e-01
3.6328592e+01	-7.8957332e-02
3.6350401e+01	5.6191247e-02
3.6372209e+01	2.0618696e-02
3.6394018e+01	-1.1652141e-01
3.6415827e+01	2.8851241e-03
3.6437636e+01	1.4349389e-02
3.6459445e+01	2.7832646e-01
3.6481254e+01	2.7865520e-01
3.6503063e+01	1.1422718e-01
3.6524872e+01	1.1181692e-01
3.6546681e+01	1.6251582e-01
3.6568490e+01	-6.3942769e-02
3.6590299e+01	-3.1197648e-02
3.6612108e+01	-6.9755617e-02
3.6633917e+01	-2.0618911e-01
3.6655726e+01	-2.1739975e-01
3.6677535e+01	-1.2701719e-01
3.6699344e+01	3.0043551e-02
3.6721152e+01	1.3876252e-02
3.6742961e+01	-3.1349049e-02
3.6764770e+01	2.9451166e-02
3.6786579e+01	2.0839083e-01
3.6808388e+01	2.0132169e-01
3.6830197e+01	1.6333952e-01
3.6852006e+01	2.1094108e-01
3.6873815e+01	-6.5773833e-03
3.6895624e+01	7.4742351e-02
3.6917433e+01	3.8275492e-02
3.6939242e+01	1.0552597e-01
3.6961051e+01	-1.3820804e-01
3.6982860e+01	2.6221776e-02
3.7004669e+01	3.8533588e-02
3.7026478e+01	1.4614239e-01
3.7048287e+01	1.0198896e-01
3.7070095e+01	2.1137026e-01
3.7091904e+01	-2.2227697e-01
3.7113713e+01	-3.6440690e-01
3.7135522e+01	-2.1419047e-01
3.7157331e+01	-1.5733709e-02
3.7179140e+01	1.2276005e-02
3.7200949e+01	1.2491530e-01
3.7222758e+01	1.6584547e-01
3.7244567e+01	1.4067330e-01
3.7266376e+01	-9.6725683e-02
3.7288185e+01	-1.0597814e-01
3.7309994e+01	5.3072550e-03
3.7331803e+01	4.6697224e-02
3.7353612e+01	-2.6163098e-02
3.7375421e+01	-7.3031380e-02
3.7397230e+01	-3.7036736e-02
3.7419038e+01	6.8892754e-02
3.7440847e+01	1.9754002e-01
3.7462656e+01	5.5508782e-01
3.7484465e+01	1.1420528e+00
3.7506274e+01	8.7709627e-01
3.7528083e+01	4.7430359e-01
3.7549892e+01	1.9817709e-01
3.7571701e+01	2.6076156e-01
3.7593510e+01	7.0015157e-02
3.7615319e+01	5.8800115e-02
3.7637128e+01	-2.7789267e-01
3.7658937e+01	-8.2888698e-02
3.7680746e+01	-1.2110400e-02
3.7702555e+01	-4.6837528e-02
3.7724364e+01	4.1073449e-02
3.7746173e+01	-1.2092120e-01
3.7767981e+01	-1.2249510e-01
3.7789790e+01	-3.3503293e-02
3.7811599e+01	1.3907122e-01
3.7833408e+01	1.1724667e-01
3.7855217e+01	2.3294166e-01
3.7877026e+01	1.6911163e-01
3.7898835e+01	8.4761923e-02
3.7920644e+01	1.2532081e-01
3.7942453e+01	2.0463030e-01
3.7964262e+01	-4.8906443e-03
3.7986071e+01	-9.8987803e-02
3.8007880e+01	-1.7192815e-01
3.8029689e+01	-1.0446628e-01
3.8051498e+01	-2.7695876e-02
3.8073307e+01	-3.1840592e-02
3.8095116e+01	-3.6310452e-02
3.8116925e+01	-3.4529681e-02
3.8138733e+01	7.3356286e-02
3.8160542e+01	2.9284845e-01
3.8182351e+01	4.1051402e-01
3.8204160e+01	6.2818448e-01
3.8225969e+01	1.1307046e+00
3.8247778e+01	1.5193810e+00
3.8269587e+01	1.5757124e+00
3.8291396e+01	1.8187195e+00
3.8313205e+01	1.8796669e+00
3.8335014e+01	2.0016015e+00
3.8356823e+01	2.0030937e+00
3.8378632e+01	1.7969995e+00
3.8400441e+01	1.5955913e+00
3.8422250e+01	1.5203160e+00
3.8444059e+01	1.1789832e+00
3.8465868e+01	9.2523362e-01
3.8487676e+01	3.0448690e-01
3.8509485e+01	1.1412576e-01
3.8531294e+01	1.2398851e-01
3.8553103e+01	-9.4662120e-02
3.8574912e+01	3.3929414e-02
3.8596721e+01	-7.2845177e-02
3.8618530e+01	8.0585982e-03
3.8640339e+01	-5.6374945e-02
3.8662148e+01	5.2152389e-02
3.8683957e+01	-3.4338498e-02
3.8705766e+01	-2.2457131e-02
3.8727575e+01	3.0291022e-02
3.8749384e+01	9.3324532e-02
3.8771193e+01	-1.1401894e-01
3.8793002e+01	-7.9167796e-02
3.8814811e+01	-1.6063496e-01
3.8836619e+01	4.4300261e-02
3.8858428e+01	1.1113701e-01
3.8880237e+01	9.6661367e-02
3.8902046e+01	8.8263527e-02
3.8923855e+01	-1.2874327e-01
3.8945664e+01	3.9088873e-02
3.8967473e+01	-2.5571833e-02
3.8989282e+01	-3.3744671e-02
3.9011091e+01	-2.0450805e-03
3.9032900e+01	8.4731760e-02
3.9054709e+01	1.2057975e-01
3.9076518e+01	-1.1477229e-01
3.9098327e+01	-6.9307766e-02
3.9120136e+01	-8.7924495e-02
3.9141945e+01	7.0522596e-02
3.9163754e+01	6.0161132e-02
3.9185562e+01	3.6788188e-02
3.9207371e+01	-2.5014280e-02
3.9229180e+01	-5.1569396e-03
3.9250989e+01	1.0047680e-01
3.9272798e+01	-1.5935977e-01
3.9294607e+01	4.3447689e-02
3.9316416e+01	3.4932451e-02
3.9338225e+01	-2.8014227e-02
3.9360034e+01	-3.9297448e-02
3.9381843e+01	-7.7906367e-04
3.9403652e+01	9.6028444e-02
3.9425461e+01	2.6940652e-01
3.9447270e+01	4.3077274e-02
3.9469079e+01	-5.2413261e-02
3.9490888e+01	3.8081118e-02
3.9512697e+01	3.7989238e-02
3.9534505e+01	-1.5558236e-01
3.9556314e+01	-1.3237371e-02
3.9578123e+01	-3.0775487e-02
3.9599932e+01	-1.7555656e-01
3.9621741e+01	-2.6457153e-02
3.9643550e+01	-1.4634998e-01
3.9665359e+01	5.2928593e-02
3.9687168e+01	4.7702476e-02
3.9708977e+01	2.1900785e-02
3.9730786e+01	8.4555882e-02
3.9752595e+01	7.2848205e-02
3.9774404e+01	6.9888521e-02
3.9796213e+01	3.5188896e-01
3.9818022e+01	1.5221731e-01
3.9839831e+01	1.6342630e-01
3.9861640e+01	-1.6126892e-02
3.9883449e+01	9.9105383e-02
3.9905257e+01	1.7752486e-01
3.9927066e+01	2.5570826e-02
3.9948875e+01	5.3731198e-02
3.9970684e+01	-2.1307371e-01
3.9992493e+01	-2.9118358e-01
4.0014302e+01	-1.2023066e-01
4.0036111e+01	7.7807944e-02
4.0057920e+01	1.7996666e-02
4.0079729e+01	-9.8602459e-02
4.0101538e+01	1.6298624e-01
4.0123347e+01	5.6702978e-02
4.0145156e+01	-1.2870781e-01
4.0166965e+01	-1.4644951e-01
4.0188774e+01	9.3915666e-02
4.0210583e+01	4.3939060e-02
4.0232392e+01	-1.2051680e-02
4.0254200e+01	6.6739901e-02
4.0276009e+01	1.0586587e-02
4.0297818e+01	-4.4396301e-02
4.0319627e+01	8.1694383e-02
4.0341436e+01	2.1536614e-01
4.0363245e+01	2.5161330e-01
4.0385054e+01	-1.0430667e-01
4.0406863e+01	-1.0948689e-01
4.0428672e+01	2.5439251e-02
4.0450481e+01	-9.9677259e-02
4.0472290e+01	1.4836033e-01
4.0494099e+01	3.4283125e-02
4.0515908e+01	-8.0820059e-02
4.0537717e+01	-8.4526328e-02
4.0559526e+01	-6.4690873e-03
4.0581335e+01	1.5581052e-01
4.0603143e+01	1.2089574e-01
4.0624952e+01	-6.2838394e-03
4.0646761e+01	-8.7154466e-02
4.0668570e+01	4.1956844e-02
4.0690379e+01	1.4645995e-01
4.0712188e+01	-1.0321727e-01
4.0733997e+01	-1.0845379e-01
4.0755806e+01	-6.6977183e-02
4.0777615e+01	1.5750917e-02
4.0799424e+01	4.0850069e-02
4.0821233e+01	2.0272048e-02
4.0843042e+01	-1.1462913e-02
4.0864851e+01	3.8502535e-02
4.0886660e+01	8.2244456e-02
4.0908469e+01	-1.5594267e-02
4.0930278e+01	-2.0498682e-01
4.0952086e+01	9.4059579e-03
4.0973895e+01	6.4751108e-02
4.0995704e+01	6.3796749e-02
4.1017513e+01	-3.0743451e-02
4.1039322e+01	2.0530492e-02
4.1061131e+01	-7.8316215e-02
4.1082940e+01	1.0094817e-01
4.1104749e+01	-9.5329383e-02
4.1126558e+01	2.1561851e-01
4.1148367e+01	6.5369655e-02
4.1170176e+01	6.7046129e-02
4.1191985e+01	8.0430615e-02
4.1213794e+01	-1.3076848e-01
4.1235603e+01	-1.1264936e-01
4.1257412e+01	1.9207626e-02
4.1279221e+01	-1.4730405e-01
4.1301029e+01	6.2403536e-02
4.1322838e+01	4.3678353e-02
4.1344647e+01	1.2954691e-02
4.1366456e+01	-1.7666781e-02
4.1388265e+01	1.5952072e-01
4.1410074e+01	6.2724391e-02
4.1431883e+01	-6.3475473e-02
4.1453692e+01	1.3230236e-01
4.1475501e+01	-9.8406446e-02
4.1497310e+01	-8.6914149e-02
4.1519119e+01	1.2479199e-01
4.1540928e+01	3.4465359e-01
4.1562737e+01	-2.6115191e-01
4.1584546e+01	-6.7395938e-02
4.1606355e+01	-1.8118880e-02
4.1628164e+01	1.4234604e-01
4.1649972e+01	1.1680046e-02
4.1671781e+01	-4.0314274e-02
4.1693590e+01	-1.3053787e-01
4.1715399e+01	9.0040565e-02
4.1737208e+01	1.5724252e-01
4.1759017e+01	-1.3037689e-01
4.1780826e+01	1.2611800e-01
4.1802635e+01	3.8959267e-01
4.1824444e+01	9.8382694e-02
4.1846253e+01	1.5136568e-01
4.1868062e+01	3.2050180e-01
4.1889871e+01	3.2416139e-01
4.1911680e+01	-2.3909693e-02
4.1933489e+01	-6.0061466e-02
4.1955298e+01	2.8703649e-01
4.1977107e+01	-2.1265800e-02
4.1998916e+01	-1.2257741e-01
4.2020724e+01	-3.9838095e-02
4.2042533e+01	1.4306919e-01
4.2064342e+01	1.5704289e-01
4.2086151e+01	-1.8291460e-01
4.2107960e+01	-1.2581052e-01
4.2129769e+01	5.7497011e-02
4.2151578e+01	3.1042545e-01
4.2173387e+01	1.2974561e-01
4.2195196e+01	-2.0571790e-01
4.2217005e+01	1.2542655e-01
4.2238814e+01	1.6666780e-01
4.2260623e+01	8.2699180e-02
4.2282432e+01	1.3107258e-01
4.2304241e+01	-3.8537235e-01
4.2326050e+01	-1.9702978e-01
4.2347859e+01	1.2370388e-01
4.2369667e+01	-3.0329153e-02
4.2391476e+01	-7.5349115e-02
4.2413285e+01	-8.4577841e-02
4.2435094e+01	-1.3043686e-01
4.2456903e+01	1.2912728e-01
4.2478712e+01	6.4393823e-02
4.2500521e+01	1.2943994e-01
4.2522330e+01	7.7111838e-02
4.2544139e+01	1.6590314e-01
4.2565948e+01	-3.1747070e-02
4.2587757e+01	1.1758725e-01
4.2609566e+01	-5.2380197e-02
4.2631375e+01	1.0441009e-01
4.2653184e+01	5.2711269e-03
4.2674993e+01	-3.1499893e-02
4.2696802e+01	-5.9149176e-02
4.2718610e+01	1.1903151e-01
4.2740419e+01	6.6425589e-02
4.2762228e+01	-2.0034627e-01
4.2784037e+01	4.1649271e-02
4.2805846e+01	2.8815741e-02
4.2827655e+01	-2.1481218e-01
4.2849464e+01	6.4755087e-02
4.2871273e+01	2.6367541e-02
4.2893082e+01	-6.4591409e-02
4.2914891e+01	8.1914645e-02
4.2936700e+01	9.2017549e-03
4.2958509e+01	-9.9633860e-02
4.2980318e+01	1.6496589e-01
4.3002127e+01	2.5140003e-02
4.3023936e+01	-9.8440317e-02
4.3045745e+01	-3.4716206e-02
4.3067553e+01	1.3507733e-01
4.3089362e+01	5.9671954e-02
4.3111171e+01	2.5742808e-01
4.3132980e+01	-2.2913813e-01
4.3154789e+01	1.0690043e-01
4.3176598e+01	-1.9319318e-01
4.3198407e+01	-1.3518808e-01
4.3220216e+01	5.0266359e-02
4.3242025e+01	7.9437946e-02
4.3263834e+01	3.9287379e-03
4.3285643e+01	8.8402247e-02
4.3307452e+01	8.2006244e-02
4.3329261e+01	7.8972914e-02
4.3351070e+01	-1.5742323e-01
4.3372879e+01	-1.0619965e-01
4.3394688e+01	-8.3494050e-03
4.3416496e+01	5.1531232e-02
4.3438305e+01	1.3335901e-01
4.3460114e+01	1.6321654e-01
4.3481923e+01	-4.8283767e-02
4.3503732e+01	-8.2099424e-02
4.3525541e+01	2.1855026e-02
4.3547350e+01	8.7030386e-02
4.3569159e+01	-5.2186943e-02
4.3590968e+01	-1.7163527e-01
4.3612777e+01	1.2748217e-01
4.3634586e+01	6.1530929e-01
4.3656395e+01	1.2194957e+00
4.3678204e+01	1.2101921e+00
4.3700013e+01	1.8885319e+00
4.3721822e+01	2.6905318e+00
4.3743631e+01	3.0669654e+00
4.3765439e+01	3.4521102e+00
4.3787248e+01	3.9168219e+00
4.3809057e+01	4.5439140e+00
4.3830866e+01	4.7942132e+00
4.3852675e+01	4.9209379e+00
4.3874484e+01	4.5810708e+00
4.3896293e+01	4.8363355e+00
4.3918102e+01	4.4028275e+00
4.3939911e+01	3.7619565e+00
4.3961720e+01	3.3826871e+00
4.3983529e+01	2.4398438e+00
4.4005338e+01	1.9366441e+00
4.4027147e+01	1.1401768e+00
4.4048956e+01	8.5361640e-01
4.4070765e+01	7.5395145e-01
4.4092574e+01	5.5686255e-01
4.4114383e+01	9.2974306e-02
4.4136191e+01	-1.0486700e-01
4.4158000e+01	-2.0135661e-02
4.4179809e+01	-9.3832621e-02
4.4201618e+01	-1.0401813e-01
4.4223427e+01	1.0485109e-01
4.4245236e+01	1.4347439e-01
4.4267045e+01	5.6023947e-02
4.4288854e+01	-6.1231304e-02
4.4310663e+01	5.1606843e-02
4.4332472e+01	1.0771921e-01
4.4354281e+01	3.7633404e-01
4.4376090e+01	-1.8927019e-02
4.4397899e+01	-2.1388782e-01
4.4419708e+01	1.6910717e-01
4.4441517e+01	-2.2585927e-02
4.4463326e+01	-2.5010082e-01
4.4485134e+01	1.5746211e-01
4.4506943e+01	1.3368183e-02
4.4528752e+01	-7.0912909e-02
4.4550561e+01	1.0295289e-01
4.4572370e+01	-1.0077495e-01
4.4594179e+01	6.2609589e-02
4.4615988e+01	2.3729649e-01
4.4637797e+01	1.5002114e-01
4.4659606e+01	2.0227672e-01
4.4681415e+01	2.9322239e-01
4.4703224e+01	-1.0197172e-01
4.4725033e+01	8.8560941e-02
4.4746842e+01	-2.0944419e-01
4.4768651e+01	3.7574825e-01
4.4790460e+01	3.4580710e-01
4.4812269e+01	1.1761935e-01
4.4834077e+01	1.0868364e-02
4.4855886e+01	1.4428513e-01
4.4877695e+01	-3.5948490e-01
4.4899504e+01	-1.7070341e-01
4.4921313e+01	-5.6311260e-02
4.4943122e+01	1.3575377e-01
4.4964931e+01	9.2302479e-02
4.4986740e+01	1.1347577e-01