Image file: \\Gfs05\g45\SAXS\2020_12\HDF5\2020-12.10_Kevin_day2_SN\2020-12-10_Max_Cu123_SN_000017_data_000130.h5
ImageIntegration1d_chi_output; Output_Directory= \\Gfs05\g45\SAXS\2020_12\Processed\2020-12-09_Kevin_day1_SN\Chi-Sample-7
Profile = Radial, StartAzimuth = 0.0, EndAzimuth = 360.0, Sam_Det_distance = 250.818474293, InnerRadius = 15.0, OuterRadius = 2400.0, Lambda = 30, Ratio = 0.001, Itermax = 100
2400
2.0013229e+00	-4.3888705e-02
2.0231319e+00	8.5012905e-02
2.0449408e+00	2.3984080e-01
2.0667497e+00	1.8929805e-02
2.0885587e+00	-1.1402714e-01
2.1103676e+00	-7.1460492e-02
2.1321765e+00	-8.7486871e-03
2.1539855e+00	1.2733135e-01
2.1757944e+00	7.8074495e-03
2.1976034e+00	-1.5545952e-02
2.2194123e+00	1.1929383e-01
2.2412212e+00	-1.9740410e-02
2.2630302e+00	-3.5121056e-02
2.2848391e+00	3.1675140e-01
2.3066480e+00	2.9318557e-01
2.3284570e+00	2.7452327e-02
2.3502659e+00	-6.9441518e-02
2.3720749e+00	6.4923037e-02
2.3938838e+00	7.3909292e-02
2.4156927e+00	-1.7017747e-01
2.4375017e+00	-1.4000342e-02
2.4593106e+00	-4.3718758e-02
2.4811196e+00	-1.1307314e-01
2.5029285e+00	1.1996562e-01
2.5247374e+00	1.4495915e-01
2.5465464e+00	2.2328863e-01
2.5683553e+00	1.7123168e-02
2.5901642e+00	1.2720264e-01
2.6119732e+00	3.3647066e-01
2.6337821e+00	1.1774749e-02
2.6555911e+00	-1.6071980e-01
2.6774000e+00	-1.2099636e-01
2.6992089e+00	2.1574101e-01
2.7210179e+00	2.7343442e-01
2.7428268e+00	3.6444111e-01
2.7646358e+00	6.6812994e-02
2.7864447e+00	3.0986516e-02
2.8082536e+00	-6.9525156e-02
2.8300626e+00	-8.3412124e-02
2.8518715e+00	1.2733780e-01
2.8736804e+00	2.1915037e-02
2.8954894e+00	1.1371210e-01
2.9172983e+00	2.3900928e-01
2.9391073e+00	2.1871466e-01
2.9609162e+00	-7.8053907e-02
2.9827251e+00	-1.0453819e-01
3.0045341e+00	1.8407684e-02
3.0263430e+00	-3.0048905e-02
3.0481519e+00	3.2888535e-02
3.0699609e+00	-5.4703306e-02
3.0917698e+00	-5.3788756e-02
3.1135788e+00	5.2435996e-02
3.1353877e+00	1.7094841e-01
3.1571966e+00	1.1348874e-01
3.1790056e+00	-6.1829723e-02
3.2008145e+00	-7.6814531e-02
3.2226235e+00	1.9979148e-01
3.2444324e+00	1.4411177e-01
3.2662413e+00	-9.3795794e-03
3.2880503e+00	-1.2261413e-01
3.3098592e+00	3.6669125e-03
3.3316681e+00	8.0532427e-02
3.3534771e+00	-1.1690174e-01
3.3752860e+00	-1.3766285e-01
3.3970950e+00	2.6971508e-02
3.4189039e+00	2.2397248e-01
3.4407128e+00	5.6944590e-02
3.4625218e+00	7.1653939e-02
3.4843307e+00	1.0548327e-01
3.5061396e+00	-7.6499115e-02
3.5279486e+00	1.3624478e-02
3.5497575e+00	-7.8454471e-02
3.5715665e+00	-8.4922586e-02
3.5933754e+00	1.1668048e-01
3.6151843e+00	7.2428686e-02
3.6369933e+00	-9.3446254e-02
3.6588022e+00	5.7849166e-02
3.6806112e+00	6.6206203e-02
3.7024201e+00	-2.6126201e-02
3.7242290e+00	-1.6277633e-01
3.7460380e+00	4.9454965e-02
3.7678469e+00	1.4060671e-01
3.7896558e+00	-1.1263869e-01
3.8114648e+00	9.2480522e-02
3.8332737e+00	2.0725366e-01
3.8550827e+00	1.0160158e-02
3.8768916e+00	-9.3224211e-02
3.8987005e+00	-4.7371642e-02
3.9205095e+00	5.5280015e-02
3.9423184e+00	1.6079762e-01
3.9641273e+00	-9.2248727e-03
3.9859363e+00	-1.4027214e-02
4.0077452e+00	-1.2156896e-01
4.0295542e+00	-3.2370455e-02
4.0513631e+00	-9.3008110e-03
4.0731720e+00	2.7753446e-01
4.0949810e+00	2.7617057e-01
4.1167899e+00	1.7982501e-01
4.1385989e+00	8.1629531e-03
4.1604078e+00	-3.1158905e-02
4.1822167e+00	-1.8244474e-02
4.2040257e+00	5.1773540e-02
4.2258346e+00	1.0495417e-01
4.2476435e+00	-1.0306831e-01
4.2694525e+00	-2.8233675e-02
4.2912614e+00	8.1587792e-02
4.3130704e+00	4.0602512e-02
4.3348793e+00	-2.9520145e-02
4.3566882e+00	-8.8306500e-02
4.3784972e+00	1.8075470e-01
4.4003061e+00	2.4216212e-01
4.4221151e+00	9.7961070e-02
4.4439240e+00	-1.3094507e-01
4.4657329e+00	-1.7975154e-01
4.4875419e+00	-2.0827540e-03
4.5093508e+00	3.2482547e-02
4.5311597e+00	1.3725198e-01
4.5529687e+00	8.7398533e-02
4.5747776e+00	-3.1605057e-02
4.5965866e+00	-5.1810617e-02
4.6183955e+00	5.1938101e-02
4.6402044e+00	-9.5657960e-02
4.6620134e+00	4.6844057e-02
4.6838223e+00	-2.8723506e-02
4.7056312e+00	1.8521097e-01
4.7274402e+00	1.9470813e-01
4.7492491e+00	-1.0102223e-01
4.7710581e+00	-6.6654901e-02
4.7928670e+00	6.2637645e-02
4.8146759e+00	-2.0386478e-02
4.8364849e+00	7.0089802e-03
4.8582938e+00	3.1253396e-02
4.8801028e+00	1.4132293e-01
4.9019117e+00	4.9913668e-02
4.9237206e+00	-1.3768537e-01
4.9455296e+00	-7.2496620e-02
4.9673385e+00	1.0164193e-01
4.9891474e+00	-5.7569326e-02
5.0109564e+00	-3.2908435e-02
5.0327653e+00	1.3162626e-01
5.0545743e+00	5.8728938e-02
5.0763832e+00	-1.1469318e-01
5.0981921e+00	-3.1161335e-02
5.1200011e+00	-3.6740721e-02
5.1418100e+00	1.3439174e-01
5.1636189e+00	2.4588343e-01
5.1854279e+00	-2.5456651e-02
5.2072368e+00	-1.0738964e-01
5.2290458e+00	-7.2875577e-02
5.2508547e+00	1.9753910e-01
5.2726636e+00	1.2665591e-01
5.2944726e+00	2.6911691e-01
5.3162815e+00	2.6641068e-01
5.3380905e+00	1.3152375e-01
5.3598994e+00	-5.1446379e-02
5.3817083e+00	-6.0129367e-02
5.4035173e+00	4.0986929e-03
5.4253262e+00	-9.9714257e-02
5.4471351e+00	-1.0287968e-01
5.4689441e+00	1.9031673e-02
5.4907530e+00	8.5630281e-02
5.5125620e+00	1.5102803e-01
5.5343709e+00	1.5026911e-01
5.5561798e+00	-1.1571159e-02
5.5779888e+00	1.6975069e-02
5.5997977e+00	-6.1504993e-02
5.6216066e+00	-1.5879249e-01
5.6434156e+00	-3.2060657e-02
5.6652245e+00	9.9159325e-02
5.6870335e+00	1.4779255e-01
5.7088424e+00	-6.0834986e-02
5.7306513e+00	-3.9773061e-02
5.7524603e+00	-4.6339002e-03
5.7742692e+00	2.6170465e-01
5.7960782e+00	2.6000502e-01
5.8178871e+00	2.0567010e-01
5.8396960e+00	4.6679377e-02
5.8615050e+00	1.5211814e-03
5.8833139e+00	-1.3857853e-01
5.9051228e+00	-1.6401342e-01
5.9269318e+00	1.3783508e-01
5.9487407e+00	1.3190967e-01
5.9705497e+00	5.2767668e-02
5.9923586e+00	-2.4106052e-02
6.0141675e+00	-5.7062529e-02
6.0359765e+00	-4.6868702e-02
6.0577854e+00	5.6965288e-02
6.0795944e+00	1.3228923e-01
6.1014033e+00	-2.5908146e-04
6.1232122e+00	-8.0649618e-02
6.1450212e+00	5.4886279e-02
6.1668301e+00	-4.5249579e-02
6.1886390e+00	-2.9343582e-02
6.2104480e+00	3.6138837e-02
6.2322569e+00	-1.4635307e-01
6.2540659e+00	-8.6671249e-03
6.2758748e+00	6.4133275e-02
6.2976837e+00	1.1073335e-01
6.3194927e+00	1.3542260e-02
6.3413016e+00	-3.6379829e-03
6.3631105e+00	2.6922389e-03
6.3849195e+00	-4.0653288e-03
6.4067284e+00	-1.5755546e-02
6.4285374e+00	-1.8195919e-02
6.4503463e+00	-1.5928165e-02
6.4721552e+00	-4.0524878e-02
6.4939642e+00	7.8658889e-02
6.5157731e+00	4.6780524e-02
6.5375821e+00	-2.0973215e-01
6.5593910e+00	-2.8071937e-02
6.5811999e+00	9.8852446e-02
6.6030089e+00	1.0616356e-01
6.6248178e+00	1.4206337e-01
6.6466267e+00	2.1090698e-01
6.6684357e+00	-2.7651576e-02
6.6902446e+00	-9.9052691e-02
6.7120536e+00	-1.6433946e-01
6.7338625e+00	1.1666919e-03
6.7556714e+00	7.7609282e-02
6.7774804e+00	5.7973009e-02
6.7992893e+00	-6.9337693e-02
6.8210982e+00	1.0928318e-02
6.8429072e+00	-3.0344778e-02
6.8647161e+00	1.5315268e-01
6.8865251e+00	2.8340400e-02
6.9083340e+00	-1.8849514e-02
6.9301429e+00	-3.3059836e-02
6.9519519e+00	-8.5376436e-02
6.9737608e+00	2.3844388e-02
6.9955698e+00	-2.2929929e-02
7.0173787e+00	7.6960941e-02
7.0391876e+00	3.7079226e-02
7.0609966e+00	-1.8906632e-02
7.0828055e+00	8.3068815e-02
7.1046144e+00	2.2545818e-02
7.1264234e+00	-2.2160463e-02
7.1482323e+00	-2.0227196e-01
7.1700413e+00	3.7330636e-02
7.1918502e+00	2.6794405e-01
7.2136591e+00	1.5716871e-01
7.2354681e+00	-1.0162824e-01
7.2572770e+00	-5.8771938e-02
7.2790859e+00	4.6691984e-02
7.3008949e+00	1.6852468e-01
7.3227038e+00	1.4232153e-01
7.3445128e+00	7.7294713e-02
7.3663217e+00	9.8533517e-02
7.3881306e+00	-1.0783379e-01
7.4099396e+00	-2.9387811e-01
7.4317485e+00	-1.3405693e-01
7.4535575e+00	9.6084180e-02
7.4753664e+00	2.0809617e-01
7.4971753e+00	1.6574355e-01
7.5189843e+00	2.5295246e-01
7.5407932e+00	-3.1703254e-02
7.5626021e+00	-8.4622550e-02
7.5844111e+00	1.3117796e-01
7.6062200e+00	7.5937268e-02
7.6280290e+00	2.3826610e-02
7.6498379e+00	-8.1049684e-03
7.6716468e+00	7.6529056e-02
7.6934558e+00	-2.4158899e-02
7.7152647e+00	-1.1416624e-01
7.7370737e+00	-1.2740152e-01
7.7588826e+00	-1.7731794e-02
7.7806915e+00	1.1904527e-02
7.8025005e+00	1.0769270e-01
7.8243094e+00	1.0933402e-01
7.8461183e+00	-4.4890734e-02
7.8679273e+00	5.3517335e-02
7.8897362e+00	-1.5101787e-01
7.9115452e+00	2.1708465e-02
7.9333541e+00	5.4395070e-02
7.9551630e+00	1.7962323e-02
7.9769720e+00	-2.3831780e-02
7.9987809e+00	5.0712640e-02
8.0205898e+00	2.3295342e-01
8.0423988e+00	-1.5428300e-01
8.0642077e+00	-3.7021308e-02
8.0860167e+00	3.1755423e-03
8.1078256e+00	1.4141024e-01
8.1296345e+00	2.1677780e-02
8.1514435e+00	-5.9291637e-02
8.1732524e+00	1.3100785e-01
8.1950614e+00	8.4991215e-02
8.2168703e+00	-4.7089756e-02
8.2386792e+00	-1.7337218e-03
8.2604882e+00	-6.9235030e-02
8.2822971e+00	-2.9627315e-02
8.3041060e+00	-6.5490595e-02
8.3259150e+00	-8.2083747e-02
8.3477239e+00	1.4124213e-01
8.3695329e+00	3.7837908e-02
8.3913418e+00	-4.2373154e-02
8.4131507e+00	2.8793827e-01
8.4349597e+00	3.8511565e-02
8.4567686e+00	6.3494935e-02
8.4785775e+00	6.0478518e-02
8.5003865e+00	-9.3480448e-02
8.5221954e+00	-2.3748969e-02
8.5440044e+00	-7.7603156e-02
8.5658133e+00	-8.3133920e-02
8.5876222e+00	6.7851416e-02
8.6094312e+00	9.8565506e-02
8.6312401e+00	-1.2056640e-02
8.6530491e+00	-1.1042023e-01
8.6748580e+00	4.8224060e-02
8.6966669e+00	8.2288171e-02
8.7184759e+00	7.3982440e-02
8.7402848e+00	3.4357790e-02
8.7620937e+00	3.2269435e-02
8.7839027e+00	1.6048157e-02
8.8057116e+00	-1.6772386e-01
8.8275206e+00	2.4148997e-01
8.8493295e+00	2.3589704e-01
8.8711384e+00	-2.4525818e-02
8.8929474e+00	-1.5267153e-01
8.9147563e+00	1.6151065e-02
8.9365652e+00	2.4666717e-01
8.9583742e+00	3.7797897e-01
8.9801831e+00	2.3340226e-01
9.0019921e+00	1.0918018e-01
9.0238010e+00	4.5576955e-02
9.0456099e+00	1.1385631e-01
9.0674189e+00	6.1107599e-02
9.0892278e+00	-1.6368644e-01
9.1110368e+00	-1.0492433e-01
9.1328457e+00	1.5428056e-01
9.1546546e+00	8.0913295e-02
9.1764636e+00	-1.9025806e-01
9.1982725e+00	2.9501622e-01
9.2200814e+00	2.4903875e-01
9.2418904e+00	3.7097075e-01
9.2636993e+00	1.2256981e-01
9.2855083e+00	-1.7297043e-01
9.3073172e+00	1.2803716e-01
9.3291261e+00	4.2464352e-02
9.3509351e+00	-1.5189060e-01
9.3727440e+00	1.1141887e-01
9.3945530e+00	1.2285132e-01
9.4163619e+00	3.8569881e-03
9.4381708e+00	-1.6401990e-01
9.4599798e+00	-1.8824449e-02
9.4817887e+00	7.5876528e-02
9.5035976e+00	9.2413296e-02
9.5254066e+00	1.7446494e-01
9.5472155e+00	3.4970573e-02
9.5690245e+00	-7.8989218e-02
9.5908334e+00	-2.3190446e-01
9.6126423e+00	-7.4114399e-02
9.6344513e+00	6.7041895e-02
9.6562602e+00	1.3881462e-01
9.6780691e+00	1.6883440e-01
9.6998781e+00	-3.0894536e-02
9.7216870e+00	3.0858568e-01
9.7434960e+00	3.1198428e-01
9.7653049e+00	-7.2187759e-02
9.7871138e+00	-5.2372740e-02
9.8089228e+00	1.8223611e-01
9.8307317e+00	1.8026899e-01
9.8525407e+00	6.7310631e-02
9.8743496e+00	-1.2058990e-01
9.8961585e+00	-1.3157675e-02
9.9179675e+00	3.2035878e-02
9.9397764e+00	2.7936540e-02
9.9615853e+00	-1.5898281e-01
9.9833943e+00	6.1089202e-02
1.0005203e+01	-1.2919654e-02
1.0027012e+01	6.0537741e-02
1.0048821e+01	1.1272797e-02
1.0070630e+01	5.2383811e-02
1.0092439e+01	-3.6803887e-02
1.0114248e+01	7.4099561e-02
1.0136057e+01	4.6368404e-02
1.0157866e+01	9.9126614e-02
1.0179675e+01	2.2501598e-01
1.0201484e+01	-9.6227872e-02
1.0223293e+01	-6.2370013e-02
1.0245102e+01	-1.1547404e-01
1.0266910e+01	5.2804202e-02
1.0288719e+01	-1.2385808e-01
1.0310528e+01	4.2532891e-03
1.0332337e+01	9.9543601e-01
1.0354146e+01	1.5444533e+00
1.0375955e+01	1.9565312e+00
1.0397764e+01	2.3150950e+00
1.0419573e+01	3.1268308e+00
1.0441382e+01	3.5468188e+00
1.0463191e+01	4.2830331e+00
1.0485000e+01	5.9742190e+00
1.0506809e+01	7.8377035e+00
1.0528618e+01	9.0189909e+00
1.0550427e+01	8.2705233e+00
1.0572236e+01	7.6442039e+00
1.0594045e+01	7.4311569e+00
1.0615853e+01	7.7333403e+00
1.0637662e+01	7.9284534e+00
1.0659471e+01	7.6071434e+00
1.0681280e+01	6.4324644e+00
1.0703089e+01	4.6955835e+00
1.0724898e+01	3.1668240e+00
1.0746707e+01	2.1068390e+00
1.0768516e+01	1.3381547e+00
1.0790325e+01	9.3297616e-01
1.0812134e+01	3.9234267e-01
1.0833943e+01	8.9796337e-02
1.0855752e+01	3.9390258e-01
1.0877561e+01	4.8050271e-01
1.0899370e+01	1.1341943e-01
1.0921179e+01	-2.5985268e-01
1.0942988e+01	7.6372316e-02
1.0964796e+01	1.9728810e-01
1.0986605e+01	4.8484388e-01
1.1008414e+01	2.8713977e-01
1.1030223e+01	9.9446777e-02
1.1052032e+01	3.6095479e-01
1.1073841e+01	7.9404739e-01
1.1095650e+01	1.0984976e+00
1.1117459e+01	1.5670904e+00
1.1139268e+01	1.7251580e+00
1.1161077e+01	1.7291022e+00
1.1182886e+01	2.4390192e+00
1.1204695e+01	2.6422840e+00
1.1226504e+01	2.7561946e+00
1.1248313e+01	2.5873621e+00
1.1270122e+01	1.3734184e+00
1.1291931e+01	7.0490473e-01
1.1313740e+01	4.0291398e-01
1.1335548e+01	4.3787523e-01
1.1357357e+01	1.0173962e-01
1.1379166e+01	-4.9678253e-02
1.1400975e+01	-1.2930064e-01
1.1422784e+01	1.1097678e-01
1.1444593e+01	-1.5165466e-01
1.1466402e+01	2.4997463e-02
1.1488211e+01	-1.1611297e-02
1.1510020e+01	4.0114534e-01
1.1531829e+01	2.2668135e-01
1.1553638e+01	3.3099694e-02
1.1575447e+01	-6.0815775e-02
1.1597256e+01	-6.6782188e-02
1.1619065e+01	-1.1142751e-02
1.1640874e+01	3.0026169e-02
1.1662683e+01	1.2922030e-01
1.1684491e+01	2.4439281e-01
1.1706300e+01	1.3187630e-01
1.1728109e+01	-9.1565984e-02
1.1749918e+01	-1.6297320e-01
1.1771727e+01	-5.5431446e-02
1.1793536e+01	7.9719626e-02
1.1815345e+01	1.2674766e-02
1.1837154e+01	8.2809668e-02
1.1858963e+01	6.9856472e-02
1.1880772e+01	-1.2540829e-01
1.1902581e+01	1.4011295e-01
1.1924390e+01	8.4779975e-02
1.1946199e+01	-3.9240394e-02
1.1968008e+01	3.2263258e-02
1.1989817e+01	2.6579997e-01
1.2011626e+01	2.3777377e-02
1.2033434e+01	-2.0119214e-01
1.2055243e+01	-1.3512107e-02
1.2077052e+01	-9.6780631e-02
1.2098861e+01	4.8422073e-03
1.2120670e+01	7.5919243e-02
1.2142479e+01	6.2641691e-03
1.2164288e+01	7.0565258e-02
1.2186097e+01	-4.1978662e-02
1.2207906e+01	1.8242370e-02
1.2229715e+01	-5.7047778e-02
1.2251524e+01	9.2883516e-03
1.2273333e+01	1.0015152e-01
1.2295142e+01	9.4266482e-02
1.2316951e+01	6.9204031e-02
1.2338760e+01	-3.5917912e-02
1.2360569e+01	-1.5012317e-01
1.2382377e+01	-7.9192718e-02
1.2404186e+01	2.4185056e-01
1.2425995e+01	3.2539035e-01
1.2447804e+01	2.4879878e-01
1.2469613e+01	4.6498038e-02
1.2491422e+01	1.1505757e-01
1.2513231e+01	-1.0099653e-02
1.2535040e+01	3.7040228e-01
1.2556849e+01	3.5245860e-01
1.2578658e+01	4.5976549e-01
1.2600467e+01	2.1106864e-01
1.2622276e+01	-2.4864651e-01
1.2644085e+01	-5.0652410e-03
1.2665894e+01	-2.9045613e-02
1.2687703e+01	-3.2070415e-03
1.2709512e+01	7.7572813e-02
1.2731320e+01	9.8361063e-02
1.2753129e+01	1.2576765e-01
1.2774938e+01	-5.8178719e-02
1.2796747e+01	-2.2625380e-02
1.2818556e+01	-2.1066578e-03
1.2840365e+01	-4.1915131e-02
1.2862174e+01	-9.0036247e-02
1.2883983e+01	-4.9732662e-02
1.2905792e+01	5.2270442e-03
1.2927601e+01	1.1326971e-01
1.2949410e+01	2.4312324e-01
1.2971219e+01	2.4103560e-02
1.2993028e+01	5.2716954e-02
1.3014837e+01	3.6896901e-01
1.3036646e+01	6.7350307e-01
1.3058455e+01	7.1811511e-01
1.3080264e+01	8.0644609e-01
1.3102072e+01	5.9228099e-01
1.3123881e+01	8.2013763e-02
1.3145690e+01	1.4285388e-02
1.3167499e+01	9.8886329e-02
1.3189308e+01	2.7364900e-01
1.3211117e+01	2.2096344e-01
1.3232926e+01	-3.2870174e-02
1.3254735e+01	-1.9849509e-01
1.3276544e+01	9.0096838e-03
1.3298353e+01	1.0744647e-02
1.3320162e+01	2.1575488e-03
1.3341971e+01	-2.2954027e-01
1.3363780e+01	4.2381070e-01
1.3385589e+01	4.7982934e-01
1.3407398e+01	4.1826561e-01
1.3429207e+01	6.6420337e-01
1.3451015e+01	5.9617439e-01
1.3472824e+01	4.6569043e-01
1.3494633e+01	4.2143226e-01
1.3516442e+01	2.6336044e-01
1.3538251e+01	1.1925565e-02
1.3560060e+01	2.2649832e-02
1.3581869e+01	1.2519077e-01
1.3603678e+01	1.0269335e-01
1.3625487e+01	2.5010411e-01
1.3647296e+01	9.0405443e-02
1.3669105e+01	-6.1314994e-03
1.3690914e+01	-6.4027305e-02
1.3712723e+01	-3.7410401e-02
1.3734532e+01	1.8447772e-03
1.3756341e+01	3.4420404e-02
1.3778150e+01	-2.0615751e-02
1.3799958e+01	-2.7823411e-02
1.3821767e+01	-1.0100353e-01
1.3843576e+01	-2.9330068e-02
1.3865385e+01	2.7191728e-02
1.3887194e+01	-1.8724167e-02
1.3909003e+01	1.3345034e-01
1.3930812e+01	-5.4881941e-02
1.3952621e+01	-3.2348094e-02
1.3974430e+01	4.6240883e-02
1.3996239e+01	5.3498381e-03
1.4018048e+01	-6.3815415e-02
1.4039857e+01	4.4958910e-02
1.4061666e+01	1.8643953e-01
1.4083475e+01	9.2633935e-02
1.4105284e+01	-1.5496452e-01
1.4127093e+01	8.7956041e-03
1.4148901e+01	-4.6176620e-04
1.4170710e+01	-7.5536344e-02
1.4192519e+01	6.8981531e-02
1.4214328e+01	-2.5701789e-02
1.4236137e+01	-4.1022778e-02
1.4257946e+01	-3.3441619e-02
1.4279755e+01	5.1696544e-02
1.4301564e+01	9.6743864e-02
1.4323373e+01	3.4943244e-02
1.4345182e+01	-4.3227189e-02
1.4366991e+01	1.6061397e-01
1.4388800e+01	1.3054567e-01
1.4410609e+01	-1.0401936e-01
1.4432418e+01	-4.2362252e-02
1.4454227e+01	-1.4274791e-01
1.4476036e+01	5.0924487e-03
1.4497844e+01	2.6180849e-02
1.4519653e+01	3.7851846e-02
1.4541462e+01	2.0098551e-02
1.4563271e+01	-5.5132321e-02
1.4585080e+01	7.5035973e-02
1.4606889e+01	4.9104615e-02
1.4628698e+01	-1.1960592e-01
1.4650507e+01	-4.6618351e-02
1.4672316e+01	-4.0996616e-02
1.4694125e+01	4.1318958e-02
1.4715934e+01	2.3571220e-01
1.4737743e+01	4.2283788e-02
1.4759552e+01	-5.0835074e-02
1.4781361e+01	8.3997067e-02
1.4803170e+01	3.7705683e-01
1.4824979e+01	8.2328194e-01
1.4846787e+01	1.2286553e+00
1.4868596e+01	1.5447299e+00
1.4890405e+01	1.7114726e+00
1.4912214e+01	1.7308344e+00
1.4934023e+01	1.5016522e+00
1.4955832e+01	1.4576799e+00
1.4977641e+01	1.7224926e+00
1.4999450e+01	2.0846870e+00
1.5021259e+01	2.3532932e+00
1.5043068e+01	2.2694601e+00
1.5064877e+01	2.0510836e+00
1.5086686e+01	1.7132967e+00
1.5108495e+01	1.4629263e+00
1.5130304e+01	1.1872133e+00
1.5152113e+01	5.0630666e-01
1.5173922e+01	3.4278134e-01
1.5195731e+01	1.6654203e-02
1.5217539e+01	-1.4863000e-01
1.5239348e+01	-1.1160823e-01
1.5261157e+01	9.7068864e-02
1.5282966e+01	2.1302382e-01
1.5304775e+01	7.8902131e-02
1.5326584e+01	1.0318902e-01
1.5348393e+01	4.6692842e-02
1.5370202e+01	2.6373439e-01
1.5392011e+01	3.3586871e-01
1.5413820e+01	-1.1919379e-02
1.5435629e+01	-1.5125266e-01
1.5457438e+01	9.1493039e-02
1.5479247e+01	1.3187634e-02
1.5501056e+01	-4.4962139e-02
1.5522865e+01	-1.6147138e-02
1.5544674e+01	-6.6043847e-02
1.5566482e+01	-8.5809057e-03
1.5588291e+01	3.1187267e-02
1.5610100e+01	2.1870100e-01
1.5631909e+01	3.3400373e-01
1.5653718e+01	2.0804157e-01
1.5675527e+01	-9.7233450e-02
1.5697336e+01	-3.6265460e-02
1.5719145e+01	3.7780432e-02
1.5740954e+01	4.3577552e-02
1.5762763e+01	2.6221169e-02
1.5784572e+01	-1.3961538e-02
1.5806381e+01	1.7344830e-02
1.5828190e+01	-1.5691316e-02
1.5849999e+01	3.7027808e-02
1.5871808e+01	2.4355638e-02
1.5893617e+01	4.2191304e-02
1.5915425e+01	-1.0762110e-01
1.5937234e+01	1.3862078e-01
1.5959043e+01	1.3737961e-01
1.5980852e+01	-1.6489373e-01
1.6002661e+01	-1.9028247e-01
1.6024470e+01	2.1637558e-02
1.6046279e+01	6.7402296e-02
1.6068088e+01	-3.3072324e-02
1.6089897e+01	-3.9853010e-02
1.6111706e+01	8.4240515e-02
1.6133515e+01	2.3990568e-02
1.6155324e+01	1.1109758e-01
1.6177133e+01	4.4256038e-02
1.6198942e+01	-1.2530368e-01
1.6220751e+01	-2.8854434e-02
1.6242560e+01	2.5793640e-02
1.6264368e+01	6.3238799e-02
1.6286177e+01	-1.7918340e-02
1.6307986e+01	-4.0797964e-02
1.6329795e+01	-4.8522395e-02
1.6351604e+01	1.3832359e-01
1.6373413e+01	1.1916229e-01
1.6395222e+01	-1.4264802e-01
1.6417031e+01	-5.1156811e-02
1.6438840e+01	1.4472833e-01
1.6460649e+01	3.2486722e-02
1.6482458e+01	-6.8468593e-02
1.6504267e+01	-6.6928343e-02
1.6526076e+01	-1.3448819e-01
1.6547885e+01	-4.6181011e-03
1.6569694e+01	8.5732887e-02
1.6591503e+01	7.0514480e-02
1.6613311e+01	2.0680180e-01
1.6635120e+01	5.1688609e-02
1.6656929e+01	-7.3759685e-02
1.6678738e+01	-1.1977569e-01
1.6700547e+01	1.6274428e-03
1.6722356e+01	1.3773603e-01
1.6744165e+01	4.2476123e-01
1.6765974e+01	4.1675309e-01
1.6787783e+01	3.9336378e-01
1.6809592e+01	3.9644435e-01
1.6831401e+01	2.5121116e-01
1.6853210e+01	1.0736418e-01
1.6875019e+01	1.2453457e-01
1.6896828e+01	-2.2511749e-02
1.6918637e+01	-3.7824582e-02
1.6940446e+01	-1.4015375e-01
1.6962254e+01	-8.4142684e-02
1.6984063e+01	-9.5920241e-03
1.7005872e+01	3.7851768e-03
1.7027681e+01	6.9987301e-02
1.7049490e+01	-7.6092243e-02
1.7071299e+01	-1.7710421e-03
1.7093108e+01	2.5554535e-02
1.7114917e+01	8.8394082e-02
1.7136726e+01	-5.3459533e-02
1.7158535e+01	-5.3174722e-02
1.7180344e+01	6.6723771e-02
1.7202153e+01	1.1538238e-01
1.7223962e+01	5.3762106e-02
1.7245771e+01	-1.4709692e-02
1.7267580e+01	3.5457360e-02
1.7289389e+01	-1.9345423e-02
1.7311198e+01	-1.8014237e-01
1.7333006e+01	-1.9063637e-01
1.7354815e+01	9.0950418e-02
1.7376624e+01	1.0864536e-01
1.7398433e+01	1.3637232e-01
1.7420242e+01	-2.8702107e-02
1.7442051e+01	-6.7222553e-02
1.7463860e+01	5.4400637e-02
1.7485669e+01	4.8293643e-02
1.7507478e+01	-6.8473924e-02
1.7529287e+01	-6.5715310e-02
1.7551096e+01	-3.4986520e-02
1.7572905e+01	8.7935709e-02
1.7594714e+01	4.4933439e-02
1.7616523e+01	-7.0422789e-02
1.7638332e+01	9.1178188e-02
1.7660141e+01	4.5086745e-02
1.7681949e+01	-3.6333379e-02
1.7703758e+01	-3.2771827e-02
1.7725567e+01	2.5944462e-02
1.7747376e+01	-4.1806481e-02
1.7769185e+01	-8.6409251e-02
1.7790994e+01	-7.4622756e-03
1.7812803e+01	1.1505518e-01
1.7834612e+01	7.9543462e-03
1.7856421e+01	-1.1743198e-01
1.7878230e+01	6.6603712e-03
1.7900039e+01	7.1747879e-02
1.7921848e+01	1.8487342e-01
1.7943657e+01	1.1499347e-01
1.7965466e+01	-7.5887052e-02
1.7987275e+01	-2.2245146e-02
1.8009084e+01	-2.4980431e-02
1.8030892e+01	-9.3766454e-02
1.8052701e+01	1.6548448e-01
1.8074510e+01	-5.9294899e-03
1.8096319e+01	4.5617778e-03
1.8118128e+01	-2.6514130e-02
1.8139937e+01	-8.4364440e-02
1.8161746e+01	-6.4902012e-02
1.8183555e+01	9.5044291e-02
1.8205364e+01	2.1399761e-02
1.8227173e+01	8.7220603e-02
1.8248982e+01	-3.2781095e-02
1.8270791e+01	-1.5007748e-02
1.8292600e+01	4.8502506e-02
1.8314409e+01	-2.6795989e-03
1.8336218e+01	-1.2760971e-02
1.8358027e+01	2.2479690e-02
1.8379835e+01	-8.1200305e-02
1.8401644e+01	-4.6936551e-02
1.8423453e+01	-2.7252125e-02
1.8445262e+01	2.0255009e-01
1.8467071e+01	3.5240318e-01
1.8488880e+01	4.2431168e-01
1.8510689e+01	3.0443263e-01
1.8532498e+01	9.2733186e-02
1.8554307e+01	-3.7557727e-03
1.8576116e+01	1.0394062e-02
1.8597925e+01	-1.4579896e-01
1.8619734e+01	4.0067738e-02
1.8641543e+01	1.2431169e-01
1.8663352e+01	2.8089225e-01
1.8685161e+01	3.8356368e-01
1.8706970e+01	1.8327244e-01
1.8728778e+01	1.0987522e-01
1.8750587e+01	1.4332134e-03
1.8772396e+01	-1.4132684e-01
1.8794205e+01	-1.7959188e-01
1.8816014e+01	1.5350982e-02
1.8837823e+01	-6.6024944e-02
1.8859632e+01	4.2902195e-02
1.8881441e+01	-5.0768153e-02
1.8903250e+01	4.7724549e-03
1.8925059e+01	1.4503240e-01
1.8946868e+01	1.8602426e-01
1.8968677e+01	9.0271217e-02
1.8990486e+01	-5.2894343e-02
1.9012295e+01	-5.6564314e-02
1.9034104e+01	-1.7118757e-02
1.9055913e+01	6.6947448e-02
1.9077721e+01	1.0207165e-01
1.9099530e+01	-1.4617240e-02
1.9121339e+01	-1.1041866e-01
1.9143148e+01	-9.6625220e-02
1.9164957e+01	7.4993044e-02
1.9186766e+01	1.7693815e-02
1.9208575e+01	-6.0385646e-02
1.9230384e+01	-1.1544529e-01
1.9252193e+01	1.5782152e-01
1.9274002e+01	-2.5664653e-03
1.9295811e+01	3.4231674e-03
1.9317620e+01	-3.4077193e-03
1.9339429e+01	2.1362680e-01
1.9361238e+01	4.0040213e-01
1.9383047e+01	2.7795794e-01
1.9404856e+01	2.3953182e-01
1.9426665e+01	-2.6543454e-02
1.9448473e+01	4.1105782e-02
1.9470282e+01	1.8815956e-01
1.9492091e+01	1.0765651e-01
1.9513900e+01	5.0724593e-02
1.9535709e+01	-7.0378056e-02
1.9557518e+01	-1.3657624e-01
1.9579327e+01	-3.6013032e-02
1.9601136e+01	-5.9085012e-02
1.9622945e+01	-5.1773727e-02
1.9644754e+01	1.2049950e-01
1.9666563e+01	8.2071795e-02
1.9688372e+01	-8.2202198e-02
1.9710181e+01	-2.7039859e-02
1.9731990e+01	-2.2528650e-02
1.9753799e+01	4.8087858e-02
1.9775608e+01	8.2516616e-02
1.9797416e+01	-4.8167582e-02
1.9819225e+01	-1.3162303e-01
1.9841034e+01	-1.0027761e-02
1.9862843e+01	1.4496560e-02
1.9884652e+01	1.0633723e-01
1.9906461e+01	1.9227748e-01
1.9928270e+01	3.4396300e-01
1.9950079e+01	4.0711626e-01
1.9971888e+01	2.3086515e-01
1.9993697e+01	9.5654887e-02
2.0015506e+01	4.4752949e-02
2.0037315e+01	-6.2606854e-02
2.0059124e+01	2.3887669e-03
2.0080933e+01	-8.6747264e-02
2.0102742e+01	-1.0667853e-01
2.0124551e+01	2.8759827e-02
2.0146359e+01	-4.0464750e-03
2.0168168e+01	-7.1055434e-02
2.0189977e+01	2.6939676e-02
2.0211786e+01	9.5708823e-03
2.0233595e+01	-1.1261733e-01
2.0255404e+01	-9.1485893e-02
2.0277213e+01	1.3743013e-01
2.0299022e+01	8.7281054e-02
2.0320831e+01	1.5544182e-01
2.0342640e+01	8.7678983e-02
2.0364449e+01	1.0458162e-01
2.0386258e+01	-5.4871699e-02
2.0408067e+01	-1.0364439e-01
2.0429876e+01	-1.5780612e-01
2.0451685e+01	2.6158186e-02
2.0473494e+01	1.1856877e-01
2.0495302e+01	3.3721218e-01
2.0517111e+01	4.2106454e-01
2.0538920e+01	4.9603230e-01
2.0560729e+01	2.4238791e-01
2.0582538e+01	7.0390771e-02
2.0604347e+01	-7.9981182e-02
2.0626156e+01	-4.0605293e-03
2.0647965e+01	8.9959020e-02
2.0669774e+01	-3.1095049e-02
2.0691583e+01	7.7033259e-02
2.0713392e+01	4.6397015e-02
2.0735201e+01	-1.5796768e-01
2.0757010e+01	-1.1283882e-01
2.0778819e+01	-1.6628470e-03
2.0800628e+01	4.3284030e-02
2.0822437e+01	-3.7984038e-02
2.0844245e+01	6.1205618e-02
2.0866054e+01	-8.3969604e-02
2.0887863e+01	1.8674331e-02
2.0909672e+01	2.6970729e-01
2.0931481e+01	-3.0826596e-02
2.0953290e+01	9.6749444e-02
2.0975099e+01	3.9298730e-01
2.0996908e+01	1.1992110e+00
2.1018717e+01	2.0985629e+00
2.1040526e+01	2.7230703e+00
2.1062335e+01	2.8531056e+00
2.1084144e+01	2.3491370e+00
2.1105953e+01	1.8588160e+00
2.1127762e+01	1.5697577e+00
2.1149571e+01	1.7503617e+00
2.1171380e+01	2.9013832e+00
2.1193188e+01	4.5635465e+00
2.1214997e+01	6.7000580e+00
2.1236806e+01	8.1627559e+00
2.1258615e+01	9.1839608e+00
2.1280424e+01	9.4733817e+00
2.1302233e+01	8.7411102e+00
2.1324042e+01	7.2806415e+00
2.1345851e+01	5.4898320e+00
2.1367660e+01	3.7080700e+00
2.1389469e+01	2.1013508e+00
2.1411278e+01	9.2044870e-01
2.1433087e+01	2.5692214e-01
2.1454896e+01	1.0096392e-02
2.1476705e+01	-3.5288368e-02
2.1498514e+01	7.8559146e-02
2.1520323e+01	3.9453909e-01
2.1542132e+01	8.1682199e-01
2.1563940e+01	9.4697081e-01
2.1585749e+01	8.6685453e-01
2.1607558e+01	6.0116611e-01
2.1629367e+01	5.3402453e-01
2.1651176e+01	2.4116976e-01
2.1672985e+01	4.7662746e-02
2.1694794e+01	-3.5798976e-02
2.1716603e+01	-5.3741212e-02
2.1738412e+01	-6.7509883e-02
2.1760221e+01	1.9100153e-02
2.1782030e+01	-5.7349866e-02
2.1803839e+01	3.9251438e-02
2.1825648e+01	3.8273812e-02
2.1847457e+01	1.6405649e-02
2.1869266e+01	-3.9974914e-02
2.1891075e+01	3.0302806e-02
2.1912883e+01	-2.2764019e-03
2.1934692e+01	-1.2143244e-01
2.1956501e+01	6.9082563e-02
2.1978310e+01	1.2696192e-02
2.2000119e+01	9.1384035e-02
2.2021928e+01	1.8147141e-01
2.2043737e+01	-4.7241717e-02
2.2065546e+01	-1.0159153e-01
2.2087355e+01	1.8705174e-02
2.2109164e+01	1.2606883e-02
2.2130973e+01	7.2390326e-02
2.2152782e+01	-7.1111072e-02
2.2174591e+01	-1.2811194e-01
2.2196400e+01	9.7498257e-02
2.2218209e+01	8.0050398e-02
2.2240018e+01	-1.8399300e-02
2.2261826e+01	-8.2210420e-02
2.2283635e+01	-6.3816512e-03
2.2305444e+01	6.0018508e-02
2.2327253e+01	-1.1641948e-02
2.2349062e+01	3.1640383e-02
2.2370871e+01	4.1164626e-02
2.2392680e+01	2.1515067e-02
2.2414489e+01	-1.1506511e-01
2.2436298e+01	-6.3236542e-03
2.2458107e+01	5.3795121e-02
2.2479916e+01	-3.3967533e-02
2.2501725e+01	-4.7828403e-02
2.2523534e+01	5.1233554e-02
2.2545343e+01	5.7133121e-03
2.2567152e+01	8.0955591e-02
2.2588961e+01	-1.5471011e-02
2.2610769e+01	7.0752637e-02
2.2632578e+01	-1.5429602e-01
2.2654387e+01	-2.0401232e-02
2.2676196e+01	1.6386794e-01
2.2698005e+01	3.7810535e-03
2.2719814e+01	-1.0812027e-01
2.2741623e+01	6.7002753e-02
2.2763432e+01	2.3076585e-01
2.2785241e+01	1.8426538e-02
2.2807050e+01	5.0148022e-02
2.2828859e+01	-2.2580023e-02
2.2850668e+01	-5.4224001e-02
2.2872477e+01	-1.0129108e-01
2.2894286e+01	-3.9976283e-02
2.2916095e+01	7.7456662e-02
2.2937904e+01	-1.0067837e-02
2.2959712e+01	-2.7906023e-02
2.2981521e+01	4.8937144e-02
2.3003330e+01	1.5309468e-02
2.3025139e+01	9.2967983e-02
2.3046948e+01	1.2037066e-01
2.3068757e+01	2.9688243e-03
2.3090566e+01	-1.0647263e-01
2.3112375e+01	-9.7995616e-02
2.3134184e+01	7.0159955e-02
2.3155993e+01	8.0783590e-02
2.3177802e+01	1.1821458e-02
2.3199611e+01	4.9246345e-02
2.3221420e+01	-6.4115163e-02
2.3243229e+01	-1.0108229e-01
2.3265038e+01	-1.4824533e-01
2.3286847e+01	1.7423724e-02
2.3308655e+01	1.0916738e-01
2.3330464e+01	4.7167894e-02
2.3352273e+01	-1.5276740e-01
2.3374082e+01	-3.1134287e-03
2.3395891e+01	1.3280212e-01
2.3417700e+01	1.7527319e-01
2.3439509e+01	-3.7918693e-02
2.3461318e+01	-1.4874522e-01
2.3483127e+01	2.1756447e-01
2.3504936e+01	9.8642241e-01
2.3526745e+01	1.4280524e+00
2.3548554e+01	1.4583761e+00
2.3570363e+01	1.0066233e+00
2.3592172e+01	3.1773885e-01
2.3613981e+01	2.3326449e-02
2.3635790e+01	1.3190653e-01
2.3657599e+01	5.9826156e-01
2.3679407e+01	1.6560607e+00
2.3701216e+01	3.2340361e+00
2.3723025e+01	5.0395539e+00
2.3744834e+01	6.5451394e+00
2.3766643e+01	7.8095576e+00
2.3788452e+01	9.7627727e+00
2.3810261e+01	1.0386261e+01
2.3832070e+01	1.0046040e+01
2.3853879e+01	9.0769233e+00
2.3875688e+01	7.4122569e+00
2.3897497e+01	5.4879591e+00
2.3919306e+01	3.8935393e+00
2.3941115e+01	2.6406236e+00
2.3962924e+01	1.5588891e+00
2.3984733e+01	8.3951699e-01
2.4006542e+01	5.5850850e-01
2.4028350e+01	2.7488174e-01
2.4050159e+01	-1.4818108e-02
2.4071968e+01	1.3054063e-01
2.4093777e+01	-2.9099783e-02
2.4115586e+01	-1.5628861e-01
2.4137395e+01	-3.2241559e-02
2.4159204e+01	1.1756329e-01
2.4181013e+01	7.3275132e-02
2.4202822e+01	-1.1325507e-02
2.4224631e+01	-1.3429923e-01
2.4246440e+01	-7.6409458e-02
2.4268249e+01	-4.9516004e-02
2.4290058e+01	-3.7493889e-02
2.4311867e+01	-2.3538934e-02
2.4333676e+01	4.2839428e-02
2.4355485e+01	9.5334961e-02
2.4377293e+01	9.9234920e-03
2.4399102e+01	-1.3785762e-02
2.4420911e+01	3.0208295e-02
2.4442720e+01	8.9610916e-02
2.4464529e+01	1.1079778e-01
2.4486338e+01	4.4025562e-01
2.4508147e+01	3.9179065e-01
2.4529956e+01	4.1749059e-01
2.4551765e+01	6.8749936e-01
2.4573574e+01	8.4758472e-01
2.4595383e+01	1.1174945e+00
2.4617192e+01	1.2387834e+00
2.4639001e+01	1.0850703e+00
2.4660810e+01	4.5632987e-01
2.4682619e+01	4.8602500e-01
2.4704428e+01	3.0678817e-01
2.4726236e+01	-5.9561226e-02
2.4748045e+01	-8.4836032e-02
2.4769854e+01	7.7909890e-03
2.4791663e+01	3.7251796e-02
2.4813472e+01	-7.7819873e-02
2.4835281e+01	-4.2553953e-02
2.4857090e+01	1.0664044e-01
2.4878899e+01	2.2233281e-02
2.4900708e+01	-3.6941975e-02
2.4922517e+01	2.2269398e-02
2.4944326e+01	1.4085612e-01
2.4966135e+01	-6.9789043e-02
2.4987944e+01	-6.0572861e-02
2.5009753e+01	-4.2077039e-02
2.5031562e+01	8.7227548e-02
2.5053371e+01	1.8919521e-01
2.5075179e+01	-4.4654617e-02
2.5096988e+01	-1.2269468e-01
2.5118797e+01	-5.9806580e-02
2.5140606e+01	-6.7178171e-02
2.5162415e+01	6.7706985e-02
2.5184224e+01	1.7500536e-01
2.5206033e+01	8.5000238e-02
2.5227842e+01	2.0280526e-02
2.5249651e+01	-1.5050614e-02
2.5271460e+01	8.8733963e-02
2.5293269e+01	1.2207041e-03
2.5315078e+01	-2.2819707e-02
2.5336887e+01	-3.6097220e-02
2.5358696e+01	-1.7467561e-02
2.5380505e+01	6.0993739e-03
2.5402314e+01	-1.0427947e-01
2.5424123e+01	7.6046900e-02
2.5445931e+01	1.2318636e-01
2.5467740e+01	-1.0235751e-01
2.5489549e+01	-5.1485659e-02
2.5511358e+01	1.1689076e-01
2.5533167e+01	1.3686448e-01
2.5554976e+01	-9.6068488e-02
2.5576785e+01	-1.3247750e-01
2.5598594e+01	-1.0442732e-02
2.5620403e+01	3.8997512e-02
2.5642212e+01	1.0924706e-02
2.5664021e+01	-1.3257703e-02
2.5685830e+01	-8.3234665e-02
2.5707639e+01	6.7923427e-02
2.5729448e+01	-9.6874864e-03
2.5751257e+01	3.1459565e-01
2.5773066e+01	5.0292949e-01
2.5794874e+01	5.3275913e-01
2.5816683e+01	4.2787459e-01
2.5838492e+01	2.9036390e-01
2.5860301e+01	1.6585294e-02
2.5882110e+01	-7.6481286e-02
2.5903919e+01	6.9421686e-02
2.5925728e+01	8.1043924e-02
2.5947537e+01	5.9827265e-01
2.5969346e+01	9.5436601e-01
2.5991155e+01	1.3623482e+00
2.6012964e+01	1.9743012e+00
2.6034773e+01	2.3280114e+00
2.6056582e+01	2.6645037e+00
2.6078391e+01	2.7516975e+00
2.6100200e+01	2.7930837e+00
2.6122009e+01	2.5045656e+00
2.6143817e+01	1.8555732e+00
2.6165626e+01	1.3369669e+00
2.6187435e+01	8.7925958e-01
2.6209244e+01	4.7091053e-01
2.6231053e+01	2.2684886e-01
2.6252862e+01	7.6653544e-02
2.6274671e+01	-3.0744407e-02
2.6296480e+01	-1.1140065e-01
2.6318289e+01	6.1885332e-03
2.6340098e+01	-4.8587836e-02
2.6361907e+01	-4.3258677e-02
2.6383716e+01	-1.0747165e-01
2.6405525e+01	1.8127115e-01
2.6427334e+01	5.1886964e-02
2.6449143e+01	-3.4270344e-02
2.6470952e+01	1.6001265e-01
2.6492760e+01	9.0787288e-02
2.6514569e+01	-5.4119143e-02
2.6536378e+01	-4.5160597e-02
2.6558187e+01	4.3576384e-03
2.6579996e+01	8.4293264e-02
2.6601805e+01	4.3350596e-01
2.6623614e+01	7.6953523e-01
2.6645423e+01	6.2531196e-01
2.6667232e+01	4.4972702e-01
2.6689041e+01	4.8403129e-01
2.6710850e+01	4.6977030e-01
2.6732659e+01	2.3438947e-01
2.6754468e+01	-7.2593924e-02
2.6776277e+01	-1.7394685e-02
2.6798086e+01	-7.1281004e-02
2.6819895e+01	-5.8882653e-02
2.6841703e+01	1.8907042e-01
2.6863512e+01	3.2447977e-01
2.6885321e+01	3.5182866e-01
2.6907130e+01	5.9370587e-01
2.6928939e+01	4.7453176e-01
2.6950748e+01	2.9232466e-01
2.6972557e+01	1.8896579e-01
2.6994366e+01	4.6559390e-02
2.7016175e+01	5.5370308e-02
2.7037984e+01	9.4383538e-02
2.7059793e+01	-1.1644525e-01
2.7081602e+01	-6.2236823e-02
2.7103411e+01	1.2105494e-02
2.7125220e+01	4.9809681e-02
2.7147029e+01	-4.8349214e-03
2.7168838e+01	-4.6052060e-02
2.7190646e+01	-6.7427500e-02
2.7212455e+01	8.6068702e-02
2.7234264e+01	4.3877842e-02
2.7256073e+01	-1.3988564e-01
2.7277882e+01	4.1945798e-02
2.7299691e+01	-6.6494495e-03
2.7321500e+01	-8.6678692e-02
2.7343309e+01	1.1393218e-01
2.7365118e+01	2.8893419e-02
2.7386927e+01	3.3599945e-02
2.7408736e+01	-6.5832467e-02
2.7430545e+01	-5.9006500e-02
2.7452354e+01	4.4844337e-02
2.7474163e+01	-2.3553863e-02
2.7495972e+01	2.4835532e-02
2.7517781e+01	1.8495845e-02
2.7539590e+01	1.3753476e-02
2.7561398e+01	-5.3571991e-02
2.7583207e+01	-4.6757361e-02
2.7605016e+01	5.7196980e-02
2.7626825e+01	-3.8309128e-02
2.7648634e+01	7.8459716e-02
2.7670443e+01	2.8135148e-01
2.7692252e+01	2.4801141e-01
2.7714061e+01	4.8156737e-01
2.7735870e+01	7.1885470e-01
2.7757679e+01	7.4253064e-01
2.7779488e+01	8.4451144e-01
2.7801297e+01	6.9092232e-01
2.7823106e+01	5.9934853e-01
2.7844915e+01	5.9666330e-01
2.7866724e+01	4.6139887e-01
2.7888533e+01	5.1989483e-02
2.7910341e+01	-1.3220865e-02
2.7932150e+01	2.6811093e-02
2.7953959e+01	1.4761296e-01
2.7975768e+01	-8.3374967e-02
2.7997577e+01	-1.0996568e-01
2.8019386e+01	3.2585850e-02
2.8041195e+01	-4.4280921e-02
2.8063004e+01	-3.8733552e-02
2.8084813e+01	4.2320533e-03
2.8106622e+01	-5.3781286e-02
2.8128431e+01	-4.1523596e-02
2.8150240e+01	3.6165498e-02
2.8172049e+01	8.1955105e-02
2.8193858e+01	5.4538388e-02
2.8215667e+01	1.5052376e-01
2.8237476e+01	-4.9303622e-03
2.8259284e+01	-1.0173301e-01
2.8281093e+01	-1.8556204e-01
2.8302902e+01	3.0374696e-02
2.8324711e+01	7.8044730e-02
2.8346520e+01	3.8487536e-02
2.8368329e+01	-2.0456657e-02
2.8390138e+01	3.0892100e-02
2.8411947e+01	-1.2129878e-01
2.8433756e+01	9.9639736e-03
2.8455565e+01	8.3504865e-02
2.8477374e+01	6.2196934e-02
2.8499183e+01	3.0359949e-01
2.8520992e+01	4.5719601e-01
2.8542801e+01	6.5707589e-01
2.8564610e+01	5.6156228e-01
2.8586419e+01	6.3252833e-01
2.8608227e+01	4.6731516e-01
2.8630036e+01	3.6878891e-01
2.8651845e+01	2.5585452e-01
2.8673654e+01	1.2803754e-01
2.8695463e+01	5.8660701e-02
2.8717272e+01	-2.0151939e-02
2.8739081e+01	-1.1973062e-01
2.8760890e+01	-5.1213291e-02
2.8782699e+01	4.8626091e-02
2.8804508e+01	-3.9909668e-02
2.8826317e+01	-6.1493419e-02
2.8848126e+01	8.1299139e-03
2.8869935e+01	-6.8380756e-03
2.8891744e+01	-6.9132287e-02
2.8913553e+01	3.2386078e-02
2.8935362e+01	1.2382300e-01
2.8957170e+01	-2.9153966e-02
2.8978979e+01	4.2736739e-02
2.9000788e+01	-1.0707694e-01
2.9022597e+01	-7.4135663e-02
2.9044406e+01	1.1347509e-01
2.9066215e+01	2.0295813e-02
2.9088024e+01	1.0106755e-01
2.9109833e+01	7.4362827e-02
2.9131642e+01	-1.3266971e-01
2.9153451e+01	-8.5777685e-02
2.9175260e+01	-1.3494457e-02
2.9197069e+01	8.7938741e-02
2.9218878e+01	4.5134121e-02
2.9240687e+01	4.7432680e-03
2.9262496e+01	-3.9662163e-02
2.9284305e+01	-1.0837636e-01
2.9306113e+01	1.1393115e-01
2.9327922e+01	-3.3967135e-04
2.9349731e+01	-5.7802284e-02
2.9371540e+01	1.1344616e-01
2.9393349e+01	9.8490968e-02
2.9415158e+01	-1.1026128e-01
2.9436967e+01	-6.3669200e-02
2.9458776e+01	1.0388968e-03
2.9480585e+01	8.5329750e-02
2.9502394e+01	1.8970520e-02
2.9524203e+01	-2.3964199e-02
2.9546012e+01	6.3651632e-02
2.9567821e+01	7.0394209e-03
2.9589630e+01	-4.5361159e-02
2.9611439e+01	4.1404335e-02
2.9633248e+01	-1.4430897e-01
2.9655057e+01	-1.6353309e-01
2.9676865e+01	5.0180232e-02
2.9698674e+01	2.4320535e-01
2.9720483e+01	2.4669130e-01
2.9742292e+01	5.3187785e-01
2.9764101e+01	7.9101895e-01
2.9785910e+01	8.2300854e-01
2.9807719e+01	6.0421555e-01
2.9829528e+01	3.4788891e-01
2.9851337e+01	1.5444857e-01
2.9873146e+01	-5.1468661e-02
2.9894955e+01	-1.3830485e-02
2.9916764e+01	1.4350469e-01
2.9938573e+01	4.6738215e-01
2.9960382e+01	1.2487951e+00
2.9982191e+01	2.0915594e+00
3.0004000e+01	3.2606332e+00
3.0025808e+01	4.5451255e+00
3.0047617e+01	5.6679891e+00
3.0069426e+01	6.5981463e+00
3.0091235e+01	7.2954068e+00
3.0113044e+01	7.6643628e+00
3.0134853e+01	7.4384991e+00
3.0156662e+01	6.5220079e+00
3.0178471e+01	5.2033271e+00
3.0200280e+01	3.7193447e+00
3.0222089e+01	2.3989667e+00
3.0243898e+01	1.2420710e+00
3.0265707e+01	4.3143177e-01
3.0287516e+01	1.1833589e-01
3.0309325e+01	-2.5112833e-03
3.0331134e+01	7.5737680e-02
3.0352943e+01	-8.6997173e-02
3.0374751e+01	-1.9866364e-01
3.0396560e+01	1.1440263e-02
3.0418369e+01	5.8046614e-02
3.0440178e+01	4.1110972e-02
3.0461987e+01	-3.0948750e-02
3.0483796e+01	-1.2277985e-02
3.0505605e+01	-1.0850971e-02
3.0527414e+01	1.0404970e-02
3.0549223e+01	1.1946889e-02
3.0571032e+01	-6.6548288e-02
3.0592841e+01	-6.5207005e-02
3.0614650e+01	-1.3204668e-02
3.0636459e+01	-4.1499358e-02
3.0658268e+01	1.5652664e-01
3.0680077e+01	2.9849609e-03
3.0701886e+01	4.6081862e-02
3.0723694e+01	-5.8747504e-03
3.0745503e+01	-3.3119818e-02
3.0767312e+01	7.7007331e-02
3.0789121e+01	1.0176594e-01
3.0810930e+01	9.5941041e-02
3.0832739e+01	-9.3495688e-02
3.0854548e+01	-1.4171879e-01
3.0876357e+01	5.5199589e-02
3.0898166e+01	7.9375251e-02
3.0919975e+01	1.0192704e-02
3.0941784e+01	-9.5549365e-02
3.0963593e+01	3.6765656e-02
3.0985402e+01	6.0329250e-02
3.1007211e+01	-4.8773786e-02
3.1029020e+01	-4.0157146e-02
3.1050829e+01	4.2566926e-02
3.1072637e+01	-1.1796632e-02
3.1094446e+01	-1.5029907e-02
3.1116255e+01	-1.8426810e-01
3.1138064e+01	4.0614179e-02
3.1159873e+01	5.1815614e-02
3.1181682e+01	5.7847807e-02
3.1203491e+01	2.3742730e-03
3.1225300e+01	3.1851255e-02
3.1247109e+01	5.1949717e-03
3.1268918e+01	-8.7776156e-02
3.1290727e+01	6.4329415e-02
3.1312536e+01	5.1718962e-02
3.1334345e+01	1.1583054e-01
3.1356154e+01	1.9172423e-03
3.1377963e+01	-4.5506818e-03
3.1399772e+01	-1.3189179e-01
3.1421580e+01	-1.2957113e-01
3.1443389e+01	1.4027606e-02
3.1465198e+01	-5.9643271e-02
3.1487007e+01	5.6004874e-04
3.1508816e+01	1.5550521e-01
3.1530625e+01	2.6882522e-01
3.1552434e+01	5.1538047e-01
3.1574243e+01	6.3939211e-01
3.1596052e+01	6.7022828e-01
3.1617861e+01	4.6571808e-01
3.1639670e+01	2.7502165e-01
3.1661479e+01	8.4680907e-02
3.1683288e+01	-5.5922499e-02
3.1705097e+01	-6.6591958e-02
3.1726906e+01	1.6765993e-01
3.1748715e+01	4.2326207e-01
3.1770524e+01	1.0241183e+00
3.1792332e+01	1.9675825e+00
3.1814141e+01	3.0248016e+00
3.1835950e+01	4.1676575e+00
3.1857759e+01	5.0431181e+00
3.1879568e+01	5.8939494e+00
3.1901377e+01	6.7474343e+00
3.1923186e+01	7.4878196e+00
3.1944995e+01	7.6700523e+00
3.1966804e+01	7.3099743e+00
3.1988613e+01	6.4666564e+00
3.2010422e+01	5.2832197e+00
3.2032231e+01	3.8196641e+00
3.2054040e+01	2.4311824e+00
3.2075849e+01	1.3178245e+00
3.2097658e+01	5.7927339e-01
3.2119467e+01	4.1047897e-01
3.2141275e+01	9.7073147e-02
3.2163084e+01	9.4252379e-02
3.2184893e+01	-5.3253077e-02
3.2206702e+01	8.7764398e-03
3.2228511e+01	1.9420377e-02
3.2250320e+01	-1.4233180e-01
3.2272129e+01	-1.0643513e-01
3.2293938e+01	8.7387416e-03
3.2315747e+01	3.7147907e-02
3.2337556e+01	2.1226728e-02
3.2359365e+01	-3.5956863e-03
3.2381174e+01	-8.7364606e-02
3.2402983e+01	4.4536413e-02
3.2424792e+01	-4.8230171e-02
3.2446601e+01	-1.2129311e-02
3.2468410e+01	-9.1816293e-03
3.2490218e+01	5.7244211e-02
3.2512027e+01	1.0587131e-01
3.2533836e+01	2.5701823e-02
3.2555645e+01	-2.5219070e-02
3.2577454e+01	-4.3689789e-02
3.2599263e+01	4.1974444e-02
3.2621072e+01	-2.2037637e-02
3.2642881e+01	-5.3365930e-02
3.2664690e+01	1.3084782e-01
3.2686499e+01	6.8578438e-02
3.2708308e+01	-2.6048602e-02
3.2730117e+01	3.3054895e-02
3.2751926e+01	-7.6770032e-02
3.2773735e+01	-1.0045784e-01
3.2795544e+01	-2.6104169e-02
3.2817353e+01	7.0624839e-02
3.2839161e+01	-5.0163257e-02
3.2860970e+01	-1.6232606e-02
3.2882779e+01	5.2148415e-02
3.2904588e+01	5.2941122e-02
3.2926397e+01	1.7413967e-02
3.2948206e+01	-1.3833607e-01
3.2970015e+01	6.5250058e-02
3.2991824e+01	9.1203585e-02
3.3013633e+01	4.2634536e-02
3.3035442e+01	-6.9600396e-02
3.3057251e+01	-6.3908751e-02
3.3079060e+01	4.2293721e-02
3.3100869e+01	-3.7475687e-02
3.3122678e+01	2.4092382e-03
3.3144487e+01	2.8412492e-02
3.3166296e+01	3.9148833e-03
3.3188104e+01	-6.4330228e-03
3.3209913e+01	-7.1259496e-03
3.3231722e+01	1.2064584e-02
3.3253531e+01	-1.4413965e-01
3.3275340e+01	2.2202820e-02
3.3297149e+01	1.1300412e-01
3.3318958e+01	7.9499639e-02
3.3340767e+01	-5.2670371e-02
3.3362576e+01	1.1049583e-01
3.3384385e+01	5.6769332e-02
3.3406194e+01	-1.3304543e-01
3.3428003e+01	-1.5624073e-01
3.3449812e+01	-2.5672058e-02
3.3471621e+01	4.0720135e-02
3.3493430e+01	9.3445679e-02
3.3515239e+01	3.1411087e-01
3.3537047e+01	4.7318168e-01
3.3558856e+01	6.2904574e-01
3.3580665e+01	8.4194451e-01
3.3602474e+01	9.9916747e-01
3.3624283e+01	1.1406071e+00
3.3646092e+01	1.1884398e+00
3.3667901e+01	1.1317902e+00
3.3689710e+01	9.0868756e-01
3.3711519e+01	7.9740651e-01
3.3733328e+01	7.6956647e-01
3.3755137e+01	5.7728291e-01
3.3776946e+01	4.2434930e-01
3.3798755e+01	1.3509911e-01
3.3820564e+01	-3.8951069e-02
3.3842373e+01	-8.0392804e-02
3.3864182e+01	8.0703307e-02
3.3885991e+01	9.7962258e-02
3.3907799e+01	-6.2178027e-02
3.3929608e+01	-3.6862938e-02
3.3951417e+01	1.2050477e-02
3.3973226e+01	3.0622529e-02
3.3995035e+01	-1.0103529e-01
3.4016844e+01	-2.3870725e-02
3.4038653e+01	-7.4809784e-02
3.4060462e+01	-9.9242213e-02
3.4082271e+01	4.5839705e-02
3.4104080e+01	1.2665366e-01
3.4125889e+01	7.4425405e-02
3.4147698e+01	5.1570390e-02
3.4169507e+01	1.3813088e-01
3.4191316e+01	-1.6410052e-02
3.4213125e+01	-1.0803979e-01
3.4234934e+01	-1.0463611e-01
3.4256742e+01	-5.6700572e-02
3.4278551e+01	2.9036081e-02
3.4300360e+01	8.5129818e-02
3.4322169e+01	4.7887561e-03
3.4343978e+01	1.9706358e-01
3.4365787e+01	2.1450629e-02
3.4387596e+01	-1.2684291e-01
3.4409405e+01	-4.8655855e-05
3.4431214e+01	-1.8868149e-02
3.4453023e+01	6.3281672e-02
3.4474832e+01	-6.3499609e-02
3.4496641e+01	-2.4566720e-05
3.4518450e+01	1.0497662e-01
3.4540259e+01	3.5926599e-02
3.4562068e+01	2.4353577e-02
3.4583877e+01	-2.5745318e-02
3.4605685e+01	-6.1303924e-02
3.4627494e+01	-3.3059341e-02
3.4649303e+01	1.6501529e-02
3.4671112e+01	2.7379339e-02
3.4692921e+01	-2.8205894e-02
3.4714730e+01	-1.6480241e-02
3.4736539e+01	-1.3776014e-02
3.4758348e+01	6.8299419e-02
3.4780157e+01	-1.9866478e-02
3.4801966e+01	-1.0043785e-01
3.4823775e+01	-4.8698042e-02
3.4845584e+01	8.1366426e-02
3.4867393e+01	9.4497964e-02
3.4889202e+01	5.3657478e-02
3.4911011e+01	6.2939898e-03
3.4932820e+01	3.3361916e-02
3.4954628e+01	-2.0314759e-02
3.4976437e+01	-3.8625670e-02
3.4998246e+01	-3.8798715e-02
3.5020055e+01	1.8242329e-02
3.5041864e+01	-3.8461424e-02
3.5063673e+01	-1.0412527e-01
3.5085482e+01	-4.6565844e-02
3.5107291e+01	3.5420954e-02
3.5129100e+01	1.1449007e-01
3.5150909e+01	7.9774025e-02
3.5172718e+01	-4.8095512e-03
3.5194527e+01	-1.3137665e-01
3.5216336e+01	5.0337872e-02
3.5238145e+01	9.2673357e-03
3.5259954e+01	-1.0404168e-02
3.5281763e+01	-8.5418573e-03
3.5303571e+01	2.6468537e-02
3.5325380e+01	-2.1657269e-02
3.5347189e+01	9.2816480e-02
3.5368998e+01	4.5631015e-02
3.5390807e+01	3.0278978e-02
3.5412616e+01	-1.2147613e-01
3.5434425e+01	-9.1581712e-02
3.5456234e+01	-1.5231017e-02
3.5478043e+01	7.1117304e-02
3.5499852e+01	1.0019892e-01
3.5521661e+01	-6.0131424e-02
3.5543470e+01	-8.3764030e-02
3.5565279e+01	-9.4870111e-02
3.5587088e+01	7.3187105e-02
3.5608897e+01	3.8004615e-02
3.5630706e+01	-2.1770043e-02
3.5652514e+01	8.1379253e-02
3.5674323e+01	1.7164286e-01
3.5696132e+01	2.0880164e-02
3.5717941e+01	5.5054059e-03
3.5739750e+01	-4.6714060e-02
3.5761559e+01	-8.9638085e-02
3.5783368e+01	1.6311126e-01
3.5805177e+01	5.1031713e-02
3.5826986e+01	5.2676221e-02
3.5848795e+01	4.4482998e-02
3.5870604e+01	-1.0727680e-02
3.5892413e+01	1.1713794e-02
3.5914222e+01	7.7172915e-03
3.5936031e+01	-1.4430994e-01
3.5957840e+01	-1.7656643e-01
3.5979649e+01	-1.0372238e-01
3.6001458e+01	3.0199951e-01
3.6023266e+01	5.4509990e-01
3.6045075e+01	6.1669270e-01
3.6066884e+01	5.6905082e-01
3.6088693e+01	6.0784817e-01
3.6110502e+01	3.4958366e-01
3.6132311e+01	3.1043519e-01
3.6154120e+01	1.3585394e-01
3.6175929e+01	1.2922960e-01
3.6197738e+01	4.7131862e-02
3.6219547e+01	-9.8369185e-02
3.6241356e+01	5.9218466e-02
3.6263165e+01	9.1685696e-02
3.6284974e+01	3.4914300e-02
3.6306783e+01	-6.4177240e-02
3.6328592e+01	-8.5216203e-02
3.6350401e+01	-1.7575874e-02
3.6372209e+01	-5.3281147e-02
3.6394018e+01	2.5973539e-02
3.6415827e+01	-7.2211530e-02
3.6437636e+01	8.3274332e-02
3.6459445e+01	2.6304066e-01
3.6481254e+01	2.7218917e-01
3.6503063e+01	2.0304189e-01
3.6524872e+01	2.7978267e-01
3.6546681e+01	9.9069134e-02
3.6568490e+01	-3.7419556e-02
3.6590299e+01	-1.7226564e-01
3.6612108e+01	-1.1844144e-01
3.6633917e+01	4.6709903e-02
3.6655726e+01	1.3369523e-01
3.6677535e+01	7.8480070e-02
3.6699344e+01	4.7907064e-01
3.6721152e+01	9.4382797e-01
3.6742961e+01	1.1086479e+00
3.6764770e+01	1.3355945e+00
3.6786579e+01	1.7807625e+00
3.6808388e+01	2.0774178e+00
3.6830197e+01	2.4874924e+00
3.6852006e+01	2.7719131e+00
3.6873815e+01	3.1035278e+00
3.6895624e+01	3.3040986e+00
3.6917433e+01	3.1176901e+00
3.6939242e+01	3.0178204e+00
3.6961051e+01	2.5103204e+00
3.6982860e+01	2.0650558e+00
3.7004669e+01	1.5660078e+00
3.7026478e+01	1.4209300e+00
3.7048287e+01	1.2000695e+00
3.7070095e+01	1.1224742e+00
3.7091904e+01	2.6309283e-01
3.7113713e+01	-3.2829570e-02
3.7135522e+01	1.6847687e-01
3.7157331e+01	-1.3791805e-01
3.7179140e+01	1.3376192e-01
3.7200949e+01	1.4844233e-02
3.7222758e+01	-6.2147900e-02
3.7244567e+01	3.3704097e-02
3.7266376e+01	-1.3114886e-01
3.7288185e+01	-1.1647623e-03
3.7309994e+01	1.4225004e-02
3.7331803e+01	1.5400817e-02
3.7353612e+01	-1.5321993e-02
3.7375421e+01	-1.7101903e-03
3.7397230e+01	1.8525807e-02
3.7419038e+01	-3.0196486e-02
3.7440847e+01	1.1743663e-01
3.7462656e+01	5.2883399e-01
3.7484465e+01	1.0051006e+00
3.7506274e+01	7.6253340e-01
3.7528083e+01	3.6889945e-01
3.7549892e+01	7.4412703e-02
3.7571701e+01	1.3060477e-01
3.7593510e+01	-7.5856565e-02
3.7615319e+01	-1.1972702e-01
3.7637128e+01	2.5772039e-02
3.7658937e+01	-1.1117788e-01
3.7680746e+01	-3.3811216e-02
3.7702555e+01	-6.8753274e-04
3.7724364e+01	3.2900218e-02
3.7746173e+01	-5.2275027e-02
3.7767981e+01	-6.8847725e-02
3.7789790e+01	5.8968844e-02
3.7811599e+01	9.8662103e-02
3.7833408e+01	2.5441341e-02
3.7855217e+01	1.0958796e-01
3.7877026e+01	2.6196937e-01
3.7898835e+01	2.6268417e-01
3.7920644e+01	5.1523865e-01
3.7942453e+01	4.2843494e-01
3.7964262e+01	3.9673612e-01
3.7986071e+01	4.2067254e-01
3.8007880e+01	1.5350415e-01
3.8029689e+01	-5.7459096e-02
3.8051498e+01	-2.4217750e-01
3.8073307e+01	-2.4288350e-02
3.8095116e+01	6.3094634e-02
3.8116925e+01	-8.3553079e-02
3.8138733e+01	5.3615711e-02
3.8160542e+01	9.7615151e-02
3.8182351e+01	4.3275514e-01
3.8204160e+01	8.2459406e-01
3.8225969e+01	1.3664807e+00
3.8247778e+01	1.9192597e+00
3.8269587e+01	2.1690029e+00
3.8291396e+01	2.3290870e+00
3.8313205e+01	2.7938057e+00
3.8335014e+01	3.0618788e+00
3.8356823e+01	3.3194400e+00
3.8378632e+01	3.3123552e+00
3.8400441e+01	3.1842889e+00
3.8422250e+01	3.0706670e+00
3.8444059e+01	2.6861591e+00
3.8465868e+01	2.1227591e+00
3.8487676e+01	1.4934557e+00
3.8509485e+01	9.9353061e-01
3.8531294e+01	6.9970457e-01
3.8553103e+01	3.3901533e-01
3.8574912e+01	9.0305643e-02
3.8596721e+01	-3.8573204e-02
3.8618530e+01	-3.4148833e-02
3.8640339e+01	-5.9950494e-02
3.8662148e+01	5.2965435e-02
3.8683957e+01	4.2843653e-02
3.8705766e+01	-1.1234641e-01
3.8727575e+01	-2.9530389e-02
3.8749384e+01	1.2287687e-01
3.8771193e+01	2.7710456e-02
3.8793002e+01	5.0841364e-02
3.8814811e+01	-5.0363440e-02
3.8836619e+01	4.9109454e-02
3.8858428e+01	3.6854904e-02
3.8880237e+01	-9.8377599e-02
3.8902046e+01	2.7157781e-01
3.8923855e+01	2.8934016e-01
3.8945664e+01	-4.0108305e-02
3.8967473e+01	-5.0545284e-02
3.8989282e+01	-7.0671945e-02
3.9011091e+01	4.4437062e-02
3.9032900e+01	2.2080604e-02
3.9054709e+01	2.1542237e-01
3.9076518e+01	6.3902384e-02
3.9098327e+01	-1.0436617e-01
3.9120136e+01	6.0694127e-02
3.9141945e+01	2.8119646e-01
3.9163754e+01	1.3621087e-01
3.9185562e+01	-2.0361561e-02
3.9207371e+01	-6.6191615e-02
3.9229180e+01	4.3697241e-02
3.9250989e+01	-5.0231059e-04
3.9272798e+01	-9.3029588e-02
3.9294607e+01	-1.4367518e-01
3.9316416e+01	1.0734317e-01
3.9338225e+01	-6.8351032e-03
3.9360034e+01	-2.2302873e-02
3.9381843e+01	6.7137592e-02
3.9403652e+01	6.4066020e-02
3.9425461e+01	2.2759578e-01
3.9447270e+01	7.7923261e-03
3.9469079e+01	2.6307541e-03
3.9490888e+01	5.9719894e-02
3.9512697e+01	-8.5894983e-02
3.9534505e+01	-1.1461869e-01
3.9556314e+01	-6.2664019e-02
3.9578123e+01	8.9278797e-02
3.9599932e+01	1.9652207e-01
3.9621741e+01	1.1447710e-02
3.9643550e+01	6.3173938e-01
3.9665359e+01	1.0647290e+00
3.9687168e+01	1.4970973e+00
3.9708977e+01	1.6352583e+00
3.9730786e+01	1.7838078e+00
3.9752595e+01	2.0929906e+00
3.9774404e+01	2.4934728e+00
3.9796213e+01	2.7631830e+00
3.9818022e+01	2.7683192e+00
3.9839831e+01	2.5843243e+00
3.9861640e+01	2.5631721e+00
3.9883449e+01	2.3034106e+00
3.9905257e+01	1.8676045e+00
3.9927066e+01	1.2208937e+00
3.9948875e+01	9.2577912e-01
3.9970684e+01	6.0992564e-01
3.9992493e+01	6.5419610e-01
4.0014302e+01	4.1040039e-01
4.0036111e+01	1.8178736e-01
4.0057920e+01	-1.3918613e-02
4.0079729e+01	3.5360810e-02
4.0101538e+01	-8.2304450e-02
4.0123347e+01	2.1229096e-01
4.0145156e+01	1.1619723e-02
4.0166965e+01	-1.3203080e-02
4.0188774e+01	-8.4701866e-02
4.0210583e+01	-1.8600231e-01
4.0232392e+01	4.1276154e-02
4.0254200e+01	1.3049717e-01
4.0276009e+01	1.1381763e-01
4.0297818e+01	4.6150610e-03
4.0319627e+01	3.2048090e-01
4.0341436e+01	1.1147197e-01
4.0363245e+01	-9.1731097e-04
4.0385054e+01	-1.4379760e-01
4.0406863e+01	-2.9682014e-02
4.0428672e+01	7.2705779e-03
4.0450481e+01	-2.0964743e-02
4.0472290e+01	-1.0650081e-01
4.0494099e+01	1.8831957e-02
4.0515908e+01	3.4677059e-02
4.0537717e+01	8.4685045e-02
4.0559526e+01	7.3553513e-02
4.0581335e+01	5.9416430e-02
4.0603143e+01	-1.0762785e-01
4.0624952e+01	2.8478607e-02
4.0646761e+01	-2.4465721e-02
4.0668570e+01	-4.5037801e-02
4.0690379e+01	-3.7885104e-03
4.0712188e+01	-7.1748286e-03
4.0733997e+01	1.1970340e-01
4.0755806e+01	1.7516237e-02
4.0777615e+01	7.4291026e-02
4.0799424e+01	-1.9630521e-01
4.0821233e+01	-8.4297549e-02
4.0843042e+01	1.0688644e-01
4.0864851e+01	-9.1980619e-03
4.0886660e+01	-2.1769593e-02
4.0908469e+01	1.3189360e-01
4.0930278e+01	2.3168502e-02
4.0952086e+01	-7.3407645e-02
4.0973895e+01	-8.9275317e-02
4.0995704e+01	2.7399373e-01
4.1017513e+01	1.4571546e-01
4.1039322e+01	-2.4723735e-02
4.1061131e+01	-2.4555583e-02
4.1082940e+01	7.8289877e-02
4.1104749e+01	4.9177688e-02
4.1126558e+01	4.9002097e-03
4.1148367e+01	-2.3366829e-02
4.1170176e+01	-2.3244177e-01
4.1191985e+01	1.6756150e-01
4.1213794e+01	1.5546016e-01
4.1235603e+01	-9.6944502e-02
4.1257412e+01	1.8097176e-01
4.1279221e+01	3.2571660e-01
4.1301029e+01	4.2398054e-02
4.1322838e+01	-2.0434657e-02
4.1344647e+01	8.3342096e-02
4.1366456e+01	-1.5336233e-01
4.1388265e+01	1.4273903e-01
4.1410074e+01	2.6211170e-02
4.1431883e+01	-1.8007007e-01
4.1453692e+01	3.5525566e-01
4.1475501e+01	2.2783706e-01
4.1497310e+01	6.1223437e-02
4.1519119e+01	9.2285721e-02
4.1540928e+01	3.4325874e-02
4.1562737e+01	2.1807030e-01
4.1584546e+01	2.7630162e-03
4.1606355e+01	-2.9030147e-01
4.1628164e+01	-1.0612260e-01
4.1649972e+01	-1.2047115e-02
4.1671781e+01	1.1348759e-01
4.1693590e+01	9.3003330e-02
4.1715399e+01	-6.1735702e-02
4.1737208e+01	-5.2236919e-02
4.1759017e+01	6.5578865e-02
4.1780826e+01	1.2408074e-01
4.1802635e+01	-2.3714765e-02
4.1824444e+01	1.2876029e-01
4.1846253e+01	9.9328934e-02
4.1868062e+01	-1.2838355e-01
4.1889871e+01	2.2733114e-01
4.1911680e+01	1.7725370e-01
4.1933489e+01	5.1381418e-02
4.1955298e+01	3.1210209e-01
4.1977107e+01	-1.2329567e-01
4.1998916e+01	-9.9906105e-02
4.2020724e+01	2.0687935e-01
4.2042533e+01	2.1252345e-02
4.2064342e+01	-6.6580737e-02
4.2086151e+01	-9.0590762e-02
4.2107960e+01	9.7368529e-02
4.2129769e+01	-1.4085804e-01
4.2151578e+01	1.1505584e-01
4.2173387e+01	5.3062723e-02
4.2195196e+01	9.8777847e-02
4.2217005e+01	8.0623056e-02
4.2238814e+01	-9.4283260e-02
4.2260623e+01	-1.0938538e-01
4.2282432e+01	-9.7866928e-02
4.2304241e+01	5.7547584e-02
4.2326050e+01	2.8767476e-01
4.2347859e+01	2.9610056e-01
4.2369667e+01	5.3644716e-02
4.2391476e+01	6.0833286e-01
4.2413285e+01	8.9185039e-01
4.2435094e+01	8.8045173e-01
4.2456903e+01	1.1913063e+00
4.2478712e+01	1.6382125e+00
4.2500521e+01	1.9239707e+00
4.2522330e+01	2.2030374e+00
4.2544139e+01	2.5778359e+00
4.2565948e+01	2.5205497e+00
4.2587757e+01	2.8140802e+00
4.2609566e+01	3.1470748e+00
4.2631375e+01	2.9749518e+00
4.2653184e+01	2.2618018e+00
4.2674993e+01	1.4601812e+00
4.2696802e+01	1.7633422e+00
4.2718610e+01	1.8033114e+00
4.2740419e+01	1.1790832e+00
4.2762228e+01	1.2606110e+00
4.2784037e+01	5.6593308e-01
4.2805846e+01	2.3002900e-01
4.2827655e+01	5.1783112e-02
4.2849464e+01	-1.7416539e-02
4.2871273e+01	2.5357597e-01
4.2893082e+01	1.8837708e-02
4.2914891e+01	7.8062345e-02
4.2936700e+01	3.3859639e-01
4.2958509e+01	-4.1665511e-02
4.2980318e+01	-8.5075430e-02
4.3002127e+01	3.4360101e-01
4.3023936e+01	2.2284390e-01
4.3045745e+01	1.1756064e-01
4.3067553e+01	-1.1848982e-01
4.3089362e+01	-6.6772269e-03
4.3111171e+01	-1.5802776e-01
4.3132980e+01	3.8598756e-02
4.3154789e+01	2.5750406e-01
4.3176598e+01	-9.2819020e-02
4.3198407e+01	1.6936216e-01
4.3220216e+01	1.0735713e-01
4.3242025e+01	5.5491134e-02
4.3263834e+01	-1.0739592e-01
4.3285643e+01	2.0856087e-02
4.3307452e+01	3.4241008e-01
4.3329261e+01	-2.1578129e-02
4.3351070e+01	1.8549468e-01
4.3372879e+01	5.1836659e-01
4.3394688e+01	5.3368927e-01
4.3416496e+01	6.3303937e-01
4.3438305e+01	6.5087452e-01
4.3460114e+01	6.9796833e-01
4.3481923e+01	3.1547545e-01
4.3503732e+01	2.3110448e-01
4.3525541e+01	-6.7588930e-02
4.3547350e+01	-1.0665915e-01
4.3569159e+01	-4.2722779e-02
4.3590968e+01	9.0962788e-02
4.3612777e+01	1.7646888e-01
4.3634586e+01	7.4279888e-01
4.3656395e+01	1.0585893e+00
4.3678204e+01	1.7720977e+00
4.3700013e+01	2.3210145e+00
4.3721822e+01	2.4745562e+00
4.3743631e+01	2.8494815e+00
4.3765439e+01	3.8334528e+00
4.3787248e+01	4.3053545e+00
4.3809057e+01	5.2796523e+00
4.3830866e+01	5.8036487e+00
4.3852675e+01	6.5113911e+00
4.3874484e+01	6.7393501e+00
4.3896293e+01	7.0684602e+00
4.3918102e+01	6.6925388e+00
4.3939911e+01	5.8686716e+00
4.3961720e+01	4.6760301e+00
4.3983529e+01	3.4870037e+00
4.4005338e+01	1.9502330e+00
4.4027147e+01	1.2483484e+00
4.4048956e+01	4.5067855e-01
4.4070765e+01	2.2947091e-01
4.4092574e+01	-4.4213330e-02
4.4114383e+01	5.8422842e-02
4.4136191e+01	1.0247686e-01
4.4158000e+01	4.5910485e-02
4.4179809e+01	-1.0570536e-02
4.4201618e+01	-2.2528695e-02
4.4223427e+01	-7.8624562e-03
4.4245236e+01	-2.0725276e-01
4.4267045e+01	-1.3327574e-01
4.4288854e+01	1.6940892e-01
4.4310663e+01	3.9692998e-02
4.4332472e+01	2.4907869e-01
4.4354281e+01	3.7308925e-01
4.4376090e+01	6.1933865e-01
4.4397899e+01	1.5999728e-01
4.4419708e+01	2.4510511e-02
4.4441517e+01	1.4702558e-01
4.4463326e+01	4.6590049e-01
4.4485134e+01	-1.1184274e-01
4.4506943e+01	-1.9292032e-01
4.4528752e+01	-5.4500410e-02
4.4550561e+01	-3.2845199e-03
4.4572370e+01	5.0681225e-02
4.4594179e+01	7.3625052e-02
4.4615988e+01	3.0439482e-01
4.4637797e+01	-1.0254293e-03
4.4659606e+01	3.8344511e-01
4.4681415e+01	-2.3246626e-02
4.4703224e+01	1.5726549e-01
4.4725033e+01	1.1640905e-01
4.4746842e+01	-1.1421291e-01
4.4768651e+01	3.6793176e-02
4.4790460e+01	2.6126289e-01
4.4812269e+01	1.1482222e-01
4.4834077e+01	3.8324254e-02
4.4855886e+01	-9.0662617e-02
4.4877695e+01	-9.0200921e-02
4.4899504e+01	6.2453277e-01
4.4921313e+01	7.9177647e-01
4.4943122e+01	8.1429517e-01
4.4964931e+01	1.3268119e+00
4.4986740e+01	2.2072826e+00