Image file: \\Gfs05\g45\SAXS\2020_12\HDF5\2020-12.10_Kevin_day2_SN\2020-12-10_Max_Cu123_SN_000017_data_000150.h5
ImageIntegration1d_chi_output; Output_Directory= \\Gfs05\g45\SAXS\2020_12\Processed\2020-12-09_Kevin_day1_SN\Chi-Sample-7
Profile = Radial, StartAzimuth = 0.0, EndAzimuth = 360.0, Sam_Det_distance = 250.818474293, InnerRadius = 15.0, OuterRadius = 2400.0, Lambda = 30, Ratio = 0.001, Itermax = 100
2400
2.0013229e+00	1.8301995e-02
2.0231319e+00	-7.4973915e-02
2.0449408e+00	-5.4654163e-02
2.0667497e+00	1.1170784e-01
2.0885587e+00	7.8465180e-02
2.1103676e+00	-8.9708736e-03
2.1321765e+00	-6.9162862e-02
2.1539855e+00	1.1324440e-01
2.1757944e+00	3.8705428e-01
2.1976034e+00	-1.8043579e-02
2.2194123e+00	-5.5598108e-02
2.2412212e+00	1.1428797e-02
2.2630302e+00	-8.3135807e-02
2.2848391e+00	2.6233401e-01
2.3066480e+00	3.5273920e-01
2.3284570e+00	2.8847559e-01
2.3502659e+00	2.4105198e-01
2.3720749e+00	2.5131478e-02
2.3938838e+00	-5.1311812e-02
2.4156927e+00	4.8788585e-02
2.4375017e+00	-1.3170806e-02
2.4593106e+00	2.3980880e-02
2.4811196e+00	-8.3416839e-02
2.5029285e+00	-2.0587998e-02
2.5247374e+00	6.7796766e-02
2.5465464e+00	-1.8758360e-02
2.5683553e+00	1.1784155e-01
2.5901642e+00	5.0754263e-02
2.6119732e+00	4.5576601e-02
2.6337821e+00	1.6200986e-02
2.6555911e+00	2.6590745e-02
2.6774000e+00	-2.8215642e-01
2.6992089e+00	-1.2031671e-01
2.7210179e+00	3.9926862e-02
2.7428268e+00	8.0905807e-02
2.7646358e+00	1.2936829e-01
2.7864447e+00	2.3418936e-01
2.8082536e+00	7.6340977e-02
2.8300626e+00	-1.3125942e-03
2.8518715e+00	-2.3387440e-02
2.8736804e+00	-7.3243956e-02
2.8954894e+00	-8.7131410e-02
2.9172983e+00	-1.0652814e-02
2.9391073e+00	1.3046051e-02
2.9609162e+00	4.2605217e-01
2.9827251e+00	4.2062465e-01
3.0045341e+00	1.2005273e-01
3.0263430e+00	2.3488257e-01
3.0481519e+00	9.5216341e-02
3.0699609e+00	-1.3418098e-01
3.0917698e+00	-1.4796002e-02
3.1135788e+00	-6.0065687e-02
3.1353877e+00	-2.9660182e-02
3.1571966e+00	1.7732227e-01
3.1790056e+00	1.4626064e-01
3.2008145e+00	1.0667030e-01
3.2226235e+00	-7.7940244e-02
3.2444324e+00	-2.3047968e-01
3.2662413e+00	-2.7350855e-02
3.2880503e+00	3.1983018e-02
3.3098592e+00	2.7410898e-01
3.3316681e+00	1.5687700e-01
3.3534771e+00	6.4602901e-03
3.3752860e+00	2.4127188e-01
3.3970950e+00	1.8111583e-01
3.4189039e+00	-1.0257310e-01
3.4407128e+00	1.0724571e-01
3.4625218e+00	7.5723910e-02
3.4843307e+00	-3.9475347e-02
3.5061396e+00	-1.5082503e-01
3.5279486e+00	-9.5975682e-02
3.5497575e+00	6.4174639e-02
3.5715665e+00	3.6419433e-03
3.5933754e+00	3.3809494e-02
3.6151843e+00	-4.3701648e-02
3.6369933e+00	2.4603361e-02
3.6588022e+00	4.5848694e-02
3.6806112e+00	8.7887371e-02
3.7024201e+00	-5.2611548e-02
3.7242290e+00	-7.5264844e-02
3.7460380e+00	1.6750873e-03
3.7678469e+00	9.5969477e-02
3.7896558e+00	4.3948804e-02
3.8114648e+00	-1.9669719e-01
3.8332737e+00	9.0629236e-02
3.8550827e+00	2.2774538e-01
3.8768916e+00	2.2058341e-01
3.8987005e+00	4.3700418e-03
3.9205095e+00	-1.3180821e-01
3.9423184e+00	8.6224735e-02
3.9641273e+00	1.1913853e-01
3.9859363e+00	-1.3370583e-01
4.0077452e+00	-3.3411021e-02
4.0295542e+00	7.1487108e-02
4.0513631e+00	4.9290963e-02
4.0731720e+00	2.5050837e-01
4.0949810e+00	3.2141218e-01
4.1167899e+00	-1.2482155e-01
4.1385989e+00	-8.9622721e-02
4.1604078e+00	7.0979441e-02
4.1822167e+00	4.9902986e-02
4.2040257e+00	7.0499063e-02
4.2258346e+00	3.2799016e-02
4.2476435e+00	9.2234106e-02
4.2694525e+00	-6.6556330e-02
4.2912614e+00	-7.0300583e-02
4.3130704e+00	-1.5246765e-01
4.3348793e+00	6.4578600e-02
4.3566882e+00	6.7212530e-02
4.3784972e+00	-1.1444596e-01
4.4003061e+00	7.8041984e-02
4.4221151e+00	3.1791023e-02
4.4439240e+00	-9.3058405e-02
4.4657329e+00	6.7770449e-02
4.4875419e+00	9.9755158e-02
4.5093508e+00	-3.8842219e-03
4.5311597e+00	2.6541022e-01
4.5529687e+00	2.2737671e-01
4.5747776e+00	3.6548576e-03
4.5965866e+00	-3.6103450e-02
4.6183955e+00	-1.4699568e-03
4.6402044e+00	-7.8822386e-02
4.6620134e+00	-6.9916529e-02
4.6838223e+00	9.0790054e-02
4.7056312e+00	-1.5448783e-03
4.7274402e+00	-8.9623357e-02
4.7492491e+00	3.2674015e-02
4.7710581e+00	9.6884939e-02
4.7928670e+00	-8.0023686e-02
4.8146759e+00	3.7200397e-02
4.8364849e+00	8.8213720e-02
4.8582938e+00	-2.5703989e-02
4.8801028e+00	-2.8163980e-02
4.9019117e+00	2.2108845e-02
4.9237206e+00	-4.1453074e-02
4.9455296e+00	-1.1265839e-02
4.9673385e+00	-4.4185189e-02
4.9891474e+00	-5.3201680e-02
5.0109564e+00	6.6515588e-02
5.0327653e+00	7.4941571e-02
5.0545743e+00	2.4085965e-02
5.0763832e+00	-5.0119526e-02
5.0981921e+00	-2.9633230e-02
5.1200011e+00	-1.7750171e-02
5.1418100e+00	1.4262295e-01
5.1636189e+00	1.1557767e-01
5.1854279e+00	-9.2178788e-02
5.2072368e+00	-8.9128345e-03
5.2290458e+00	-6.9893372e-02
5.2508547e+00	-8.6798509e-02
5.2726636e+00	-1.5351806e-02
5.2944726e+00	9.8364313e-02
5.3162815e+00	9.7566747e-02
5.3380905e+00	-4.5936294e-02
5.3598994e+00	-9.0654238e-03
5.3817083e+00	2.8311579e-02
5.4035173e+00	1.5256813e-02
5.4253262e+00	-7.8413429e-02
5.4471351e+00	-9.9071288e-03
5.4689441e+00	-6.0266765e-03
5.4907530e+00	2.9995046e-01
5.5125620e+00	2.4117347e-01
5.5343709e+00	-3.5410185e-02
5.5561798e+00	-5.6826432e-02
5.5779888e+00	3.3348700e-02
5.5997977e+00	3.3909092e-02
5.6216066e+00	9.1638579e-02
5.6434156e+00	6.9783479e-02
5.6652245e+00	-1.7819886e-01
5.6870335e+00	-7.6656210e-02
5.7088424e+00	6.6371606e-02
5.7306513e+00	1.7055678e-01
5.7524603e+00	1.8438541e-01
5.7742692e+00	1.0014865e-01
5.7960782e+00	-3.4732537e-02
5.8178871e+00	-8.2277070e-02
5.8396960e+00	-1.2057654e-01
5.8615050e+00	2.1566852e-02
5.8833139e+00	2.3731078e-02
5.9051228e+00	-6.2252494e-02
5.9269318e+00	7.7031219e-02
5.9487407e+00	-5.1522889e-02
5.9705497e+00	-1.1974370e-02
5.9923586e+00	1.8358632e-01
6.0141675e+00	2.7571651e-01
6.0359765e+00	1.9293261e-01
6.0577854e+00	1.8940732e-02
6.0795944e+00	-5.5620374e-02
6.1014033e+00	-5.3648489e-02
6.1232122e+00	-1.8386697e-02
6.1450212e+00	-2.2033125e-02
6.1668301e+00	-6.1829435e-02
6.1886390e+00	7.1623700e-02
6.2104480e+00	2.1543131e-01
6.2322569e+00	-2.5675380e-02
6.2540659e+00	1.0040869e-01
6.2758748e+00	5.8721972e-02
6.2976837e+00	-6.0371728e-02
6.3194927e+00	-1.2846539e-01
6.3413016e+00	-5.1101878e-02
6.3631105e+00	2.2735070e-02
6.3849195e+00	8.0626775e-02
6.4067284e+00	1.2344326e-01
6.4285374e+00	2.0239682e-02
6.4503463e+00	1.5075766e-01
6.4721552e+00	1.0982213e-03
6.4939642e+00	-2.9429075e-01
6.5157731e+00	-3.2793926e-02
6.5375821e+00	2.7232730e-02
6.5593910e+00	2.5623593e-01
6.5811999e+00	8.5542248e-02
6.6030089e+00	-9.2545795e-03
6.6248178e+00	-4.9092788e-02
6.6466267e+00	-8.0717435e-02
6.6684357e+00	7.8627493e-02
6.6902446e+00	1.2746541e-01
6.7120536e+00	-5.9610998e-03
6.7338625e+00	1.3885627e-01
6.7556714e+00	2.5164331e-01
6.7774804e+00	-1.0391169e-01
6.7992893e+00	-2.1492866e-01
6.8210982e+00	-6.6629026e-03
6.8429072e+00	1.7718558e-01
6.8647161e+00	1.6846262e-01
6.8865251e+00	3.9403046e-02
6.9083340e+00	1.9778910e-03
6.9301429e+00	-4.5478018e-02
6.9519519e+00	5.6970309e-02
6.9737608e+00	1.2387242e-01
6.9955698e+00	-1.5138293e-01
7.0173787e+00	-6.6264207e-02
7.0391876e+00	6.5307227e-02
7.0609966e+00	-3.9948448e-02
7.0828055e+00	1.8995558e-02
7.1046144e+00	-1.7849763e-02
7.1264234e+00	-2.3676068e-04
7.1482323e+00	2.0302378e-01
7.1700413e+00	-9.3898043e-02
7.1918502e+00	9.6992052e-04
7.2136591e+00	4.1838635e-02
7.2354681e+00	4.3640781e-02
7.2572770e+00	5.8530541e-03
7.2790859e+00	-6.3455783e-02
7.3008949e+00	8.3142275e-02
7.3227038e+00	1.6004616e-01
7.3445128e+00	1.4664631e-01
7.3663217e+00	-4.2785552e-02
7.3881306e+00	-1.9458249e-01
7.4099396e+00	-1.9862477e-01
7.4317485e+00	-1.9947565e-02
7.4535575e+00	5.6952743e-02
7.4753664e+00	1.0359327e-01
7.4971753e+00	2.1532393e-01
7.5189843e+00	4.2605235e-02
7.5407932e+00	5.6641238e-02
7.5626021e+00	3.8812903e-02
7.5844111e+00	-3.0704015e-02
7.6062200e+00	-6.2242550e-02
7.6280290e+00	-4.6180714e-02
7.6498379e+00	1.4971896e-01
7.6716468e+00	-3.8543092e-02
7.6934558e+00	-1.7088326e-01
7.7152647e+00	1.0865341e-01
7.7370737e+00	2.4632297e-01
7.7588826e+00	1.2967172e-01
7.7806915e+00	-1.1169914e-01
7.8025005e+00	7.3207360e-02
7.8243094e+00	2.3174543e-01
7.8461183e+00	-1.0891910e-03
7.8679273e+00	-1.4232588e-01
7.8897362e+00	-9.2587676e-03
7.9115452e+00	-4.7224808e-02
7.9333541e+00	-3.4403641e-02
7.9551630e+00	1.2835589e-01
7.9769720e+00	9.8525281e-02
7.9987809e+00	3.7278762e-02
8.0205898e+00	6.3289777e-02
8.0423988e+00	-6.7101616e-02
8.0642077e+00	-1.5255219e-02
8.0860167e+00	2.5349564e-01
8.1078256e+00	-2.1304263e-02
8.1296345e+00	-1.0232504e-01
8.1514435e+00	-8.9920109e-02
8.1732524e+00	9.8302851e-02
8.1950614e+00	1.3080636e-01
8.2168703e+00	-1.3836546e-01
8.2386792e+00	-3.5246840e-02
8.2604882e+00	1.3096617e-01
8.2822971e+00	5.4137948e-02
8.3041060e+00	7.3649738e-03
8.3259150e+00	2.2925976e-02
8.3477239e+00	2.6195765e-01
8.3695329e+00	-5.6127936e-02
8.3913418e+00	-1.0751653e-01
8.4131507e+00	6.8730723e-02
8.4349597e+00	7.3181496e-02
8.4567686e+00	9.7275109e-02
8.4785775e+00	3.3590431e-02
8.5003865e+00	-1.3897119e-01
8.5221954e+00	-1.3111643e-01
8.5440044e+00	-5.1143609e-02
8.5658133e+00	2.7434646e-01
8.5876222e+00	9.0874396e-02
8.6094312e+00	-3.5470658e-02
8.6312401e+00	5.9228357e-02
8.6530491e+00	-5.7049576e-02
8.6748580e+00	5.1850600e-02
8.6966669e+00	1.0348429e-01
8.7184759e+00	-1.0728500e-01
8.7402848e+00	-1.0218428e-02
8.7620937e+00	2.3732693e-01
8.7839027e+00	1.3420729e-01
8.8057116e+00	8.0256324e-02
8.8275206e+00	-1.1019097e-01
8.8493295e+00	-3.1577730e-02
8.8711384e+00	2.8474879e-02
8.8929474e+00	2.3503283e-01
8.9147563e+00	2.8817888e-01
8.9365652e+00	-1.5936817e-01
8.9583742e+00	-5.3985210e-02
8.9801831e+00	1.1133311e-01
9.0019921e+00	8.5905316e-02
9.0238010e+00	5.3903804e-02
9.0456099e+00	-7.7555335e-02
9.0674189e+00	1.8258824e-02
9.0892278e+00	-3.5055809e-02
9.1110368e+00	-1.2310023e-01
9.1328457e+00	1.3806266e-01
9.1546546e+00	9.6268251e-02
9.1764636e+00	-3.9099419e-02
9.1982725e+00	-7.3382436e-02
9.2200814e+00	-1.1353987e-02
9.2418904e+00	3.7213609e-02
9.2636993e+00	2.8131156e-02
9.2855083e+00	1.1368920e-01
9.3073172e+00	1.3316843e-01
9.3291261e+00	-2.8139194e-01
9.3509351e+00	-1.8473659e-01
9.3727440e+00	1.8727655e-01
9.3945530e+00	1.0779241e-01
9.4163619e+00	6.1533655e-02
9.4381708e+00	1.7844628e-02
9.4599798e+00	1.3046429e-01
9.4817887e+00	1.1615440e-02
9.5035976e+00	-3.9351910e-02
9.5254066e+00	-1.5528907e-01
9.5472155e+00	1.0405498e-01
9.5690245e+00	4.2710051e-01
9.5908334e+00	1.3149342e-02
9.6126423e+00	-6.7575574e-02
9.6344513e+00	1.5052643e-01
9.6562602e+00	3.1778229e-01
9.6780691e+00	8.3989279e-02
9.6998781e+00	-1.0599518e-01
9.7216870e+00	-1.4303428e-01
9.7434960e+00	-1.0543214e-01
9.7653049e+00	1.0376890e-01
9.7871138e+00	1.1205382e-01
9.8089228e+00	6.3327566e-02
9.8307317e+00	3.2449266e-02
9.8525407e+00	-1.5876607e-01
9.8743496e+00	-5.8715868e-02
9.8961585e+00	1.9025965e-01
9.9179675e+00	3.0968616e-01
9.9397764e+00	9.9734042e-02
9.9615853e+00	2.3652712e-01
9.9833943e+00	1.1374109e-01
1.0005203e+01	7.6480655e-02
1.0027012e+01	-1.4116522e-01
1.0048821e+01	-9.1167369e-02
1.0070630e+01	-5.3712126e-02
1.0092439e+01	6.5849939e-02
1.0114248e+01	5.0665734e-01
1.0136057e+01	3.6179215e-01
1.0157866e+01	1.1360241e-01
1.0179675e+01	7.4335440e-02
1.0201484e+01	-1.5012412e-03
1.0223293e+01	-7.2902718e-02
1.0245102e+01	7.1026904e-02
1.0266910e+01	-1.8233602e-02
1.0288719e+01	-2.4998482e-01
1.0310528e+01	7.3520469e-03
1.0332337e+01	1.0915936e+00
1.0354146e+01	1.7484838e+00
1.0375955e+01	2.2236657e+00
1.0397764e+01	2.7081693e+00
1.0419573e+01	3.1298265e+00
1.0441382e+01	3.5216684e+00
1.0463191e+01	4.5199240e+00
1.0485000e+01	6.4580273e+00
1.0506809e+01	9.3493212e+00
1.0528618e+01	1.0908275e+01
1.0550427e+01	1.0326098e+01
1.0572236e+01	9.0812198e+00
1.0594045e+01	9.1036563e+00
1.0615853e+01	1.0144407e+01
1.0637662e+01	1.1087500e+01
1.0659471e+01	1.0903994e+01
1.0681280e+01	9.4517068e+00
1.0703089e+01	6.8690075e+00
1.0724898e+01	4.2133769e+00
1.0746707e+01	2.2201139e+00
1.0768516e+01	1.4262015e+00
1.0790325e+01	6.5137973e-01
1.0812134e+01	6.5881258e-01
1.0833943e+01	5.6378406e-01
1.0855752e+01	2.9659516e-01
1.0877561e+01	2.1821857e-02
1.0899370e+01	2.2962844e-02
1.0921179e+01	1.6375474e-01
1.0942988e+01	9.1987313e-02
1.0964796e+01	-9.5213282e-02
1.0986605e+01	2.2638297e-01
1.1008414e+01	6.5672374e-01
1.1030223e+01	1.0287405e+00
1.1052032e+01	1.1023889e+00
1.1073841e+01	1.2661923e+00
1.1095650e+01	1.5820242e+00
1.1117459e+01	1.6406913e+00
1.1139268e+01	1.7747259e+00
1.1161077e+01	2.4461926e+00
1.1182886e+01	2.5816180e+00
1.1204695e+01	2.6885845e+00
1.1226504e+01	3.0006596e+00
1.1248313e+01	2.8086878e+00
1.1270122e+01	1.5158868e+00
1.1291931e+01	9.3645788e-01
1.1313740e+01	4.8717767e-01
1.1335548e+01	-4.6730336e-02
1.1357357e+01	1.2477267e-02
1.1379166e+01	-1.1408979e-01
1.1400975e+01	-2.7822766e-02
1.1422784e+01	2.1802003e-01
1.1444593e+01	1.1624525e-01
1.1466402e+01	2.5804070e-04
1.1488211e+01	-9.0121199e-02
1.1510020e+01	-7.5674677e-02
1.1531829e+01	1.3126531e-01
1.1553638e+01	7.5247742e-02
1.1575447e+01	-1.0041959e-01
1.1597256e+01	2.0603363e-01
1.1619065e+01	8.8228934e-02
1.1640874e+01	5.6401029e-02
1.1662683e+01	-1.0637614e-01
1.1684491e+01	9.3468332e-03
1.1706300e+01	1.9705160e-02
1.1728109e+01	3.0308811e-01
1.1749918e+01	-6.4657939e-02
1.1771727e+01	-1.4779558e-01
1.1793536e+01	-4.9945413e-02
1.1815345e+01	1.3453246e-01
1.1837154e+01	-2.5156574e-02
1.1858963e+01	1.7582781e-01
1.1880772e+01	3.0256022e-02
1.1902581e+01	-7.9435016e-02
1.1924390e+01	2.4833564e-02
1.1946199e+01	6.5728282e-02
1.1968008e+01	1.2178387e-01
1.1989817e+01	1.1332840e-01
1.2011626e+01	-1.1851903e-01
1.2033434e+01	-1.0833775e-01
1.2055243e+01	1.0723347e-01
1.2077052e+01	-1.1642795e-01
1.2098861e+01	1.4260999e-02
1.2120670e+01	1.0589422e-01
1.2142479e+01	-1.5056163e-01
1.2164288e+01	3.0570205e-01
1.2186097e+01	3.5415050e-01
1.2207906e+01	1.0888280e-01
1.2229715e+01	-1.9988142e-01
1.2251524e+01	1.9129323e-01
1.2273333e+01	2.5111847e-02
1.2295142e+01	1.6899922e-02
1.2316951e+01	3.9610932e-02
1.2338760e+01	1.8003536e-02
1.2360569e+01	5.5086411e-02
1.2382377e+01	3.3421794e-02
1.2404186e+01	1.0053643e-02
1.2425995e+01	2.0956645e-01
1.2447804e+01	-5.0975716e-02
1.2469613e+01	2.7677876e-02
1.2491422e+01	-1.3825619e-01
1.2513231e+01	-7.2740203e-02
1.2535040e+01	2.2901505e-01
1.2556849e+01	1.1687925e-01
1.2578658e+01	-8.8049780e-02
1.2600467e+01	6.6972836e-02
1.2622276e+01	-1.0918417e-01
1.2644085e+01	8.1818219e-02
1.2665894e+01	2.0905043e-01
1.2687703e+01	-9.6763117e-02
1.2709512e+01	5.3661848e-02
1.2731320e+01	9.7405907e-02
1.2753129e+01	1.4826421e-01
1.2774938e+01	-7.1615461e-02
1.2796747e+01	-1.2621556e-02
1.2818556e+01	-1.9418856e-01
1.2840365e+01	-9.6261620e-02
1.2862174e+01	-7.0119131e-03
1.2883983e+01	-2.7802029e-02
1.2905792e+01	1.5952926e-02
1.2927601e+01	9.3260126e-02
1.2949410e+01	9.5987357e-02
1.2971219e+01	6.5763189e-02
1.2993028e+01	1.4859480e-01
1.3014837e+01	-2.8960503e-02
1.3036646e+01	3.0035143e-01
1.3058455e+01	5.2974765e-01
1.3080264e+01	6.8730787e-01
1.3102072e+01	5.1029478e-01
1.3123881e+01	2.2343107e-01
1.3145690e+01	3.6311139e-01
1.3167499e+01	5.8037180e-02
1.3189308e+01	-2.5165490e-02
1.3211117e+01	1.9344421e-02
1.3232926e+01	4.1229349e-02
1.3254735e+01	-9.1259187e-02
1.3276544e+01	-8.9086693e-02
1.3298353e+01	1.1718166e-02
1.3320162e+01	-6.1482859e-02
1.3341971e+01	-1.0166676e-01
1.3363780e+01	6.0954762e-01
1.3385589e+01	9.7753823e-01
1.3407398e+01	1.1731570e+00
1.3429207e+01	1.0655790e+00
1.3451015e+01	9.6534596e-01
1.3472824e+01	8.3094600e-01
1.3494633e+01	9.1204002e-01
1.3516442e+01	9.5259596e-01
1.3538251e+01	5.4323379e-01
1.3560060e+01	3.9670845e-01
1.3581869e+01	5.0168487e-01
1.3603678e+01	3.3255047e-01
1.3625487e+01	8.3976613e-02
1.3647296e+01	-4.2355677e-02
1.3669105e+01	9.3477455e-02
1.3690914e+01	-6.0825674e-02
1.3712723e+01	1.4725550e-02
1.3734532e+01	1.1839998e-01
1.3756341e+01	2.1166844e-02
1.3778150e+01	-5.4694828e-02
1.3799958e+01	1.8856676e-02
1.3821767e+01	6.7058906e-02
1.3843576e+01	6.0368674e-02
1.3865385e+01	-5.3663455e-02
1.3887194e+01	-1.1609615e-01
1.3909003e+01	-1.8784565e-01
1.3930812e+01	8.9084658e-02
1.3952621e+01	5.2235858e-02
1.3974430e+01	-2.9041149e-02
1.3996239e+01	1.5055018e-01
1.4018048e+01	1.1451989e-02
1.4039857e+01	-1.4446462e-01
1.4061666e+01	2.3470576e-02
1.4083475e+01	2.8598248e-02
1.4105284e+01	8.0816417e-02
1.4127093e+01	9.9375820e-02
1.4148901e+01	1.3035858e-02
1.4170710e+01	5.7934046e-03
1.4192519e+01	-1.8152819e-01
1.4214328e+01	-6.9064331e-02
1.4236137e+01	5.2882480e-02
1.4257946e+01	-2.2240330e-02
1.4279755e+01	-5.4895756e-03
1.4301564e+01	2.3220683e-01
1.4323373e+01	3.0148173e-01
1.4345182e+01	1.0326332e-01
1.4366991e+01	1.1917744e-02
1.4388800e+01	-5.9659852e-02
1.4410609e+01	-5.3257703e-02
1.4432418e+01	1.6433133e-01
1.4454227e+01	-3.1707693e-02
1.4476036e+01	4.1155596e-02
1.4497844e+01	-1.1597965e-02
1.4519653e+01	-9.9343158e-02
1.4541462e+01	9.7582486e-02
1.4563271e+01	1.6073977e-01
1.4585080e+01	-1.4417795e-01
1.4606889e+01	-9.7124992e-02
1.4628698e+01	3.4346222e-02
1.4650507e+01	8.6416658e-02
1.4672316e+01	1.7525384e-02
1.4694125e+01	2.4860916e-02
1.4715934e+01	2.1463197e-02
1.4737743e+01	-1.0676452e-01
1.4759552e+01	7.0788567e-03
1.4781361e+01	-4.0218861e-02
1.4803170e+01	1.8707261e-01
1.4824979e+01	6.7454880e-01
1.4846787e+01	1.3373779e+00
1.4868596e+01	1.8891611e+00
1.4890405e+01	2.1708937e+00
1.4912214e+01	2.2443148e+00
1.4934023e+01	1.8721446e+00
1.4955832e+01	1.5727684e+00
1.4977641e+01	1.6637244e+00
1.4999450e+01	2.2538008e+00
1.5021259e+01	2.6063657e+00
1.5043068e+01	2.6852664e+00
1.5064877e+01	2.7585121e+00
1.5086686e+01	2.5505121e+00
1.5108495e+01	2.0608374e+00
1.5130304e+01	1.5718234e+00
1.5152113e+01	7.8414615e-01
1.5173922e+01	3.9640598e-01
1.5195731e+01	2.6294305e-01
1.5217539e+01	1.4253395e-01
1.5239348e+01	-1.2804899e-02
1.5261157e+01	-2.0040142e-01
1.5282966e+01	-3.8620082e-02
1.5304775e+01	6.5347687e-02
1.5326584e+01	7.2262384e-02
1.5348393e+01	8.5945784e-02
1.5370202e+01	7.0252351e-02
1.5392011e+01	-3.8764675e-02
1.5413820e+01	-1.1470743e-01
1.5435629e+01	-2.2663266e-03
1.5457438e+01	-2.6562434e-03
1.5479247e+01	-3.1134627e-02
1.5501056e+01	-9.8740492e-02
1.5522865e+01	5.5362520e-02
1.5544674e+01	1.1421901e-01
1.5566482e+01	-7.7471577e-02
1.5588291e+01	1.7616602e-02
1.5610100e+01	1.4839759e-01
1.5631909e+01	2.8265482e-01
1.5653718e+01	2.2556023e-01
1.5675527e+01	-2.6750163e-02
1.5697336e+01	3.2574922e-02
1.5719145e+01	-1.3430802e-01
1.5740954e+01	-1.2847034e-02
1.5762763e+01	2.9876701e-02
1.5784572e+01	-3.1469108e-02
1.5806381e+01	5.8877727e-02
1.5828190e+01	-1.3506708e-01
1.5849999e+01	4.9559463e-02
1.5871808e+01	8.2065545e-02
1.5893617e+01	9.2327706e-02
1.5915425e+01	4.9036782e-03
1.5937234e+01	-5.6913889e-02
1.5959043e+01	1.6204475e-02
1.5980852e+01	-6.3693578e-04
1.6002661e+01	-1.8161564e-02
1.6024470e+01	-9.7749649e-02
1.6046279e+01	3.2377528e-02
1.6068088e+01	-1.4425511e-01
1.6089897e+01	-5.7686583e-03
1.6111706e+01	1.8585324e-01
1.6133515e+01	9.5206012e-02
1.6155324e+01	4.2086407e-02
1.6177133e+01	1.9550883e-02
1.6198942e+01	8.8938807e-02
1.6220751e+01	8.4042781e-02
1.6242560e+01	-2.6731849e-02
1.6264368e+01	-1.8658990e-01
1.6286177e+01	-3.4880567e-02
1.6307986e+01	-3.8156406e-02
1.6329795e+01	-6.0277712e-02
1.6351604e+01	1.6309468e-01
1.6373413e+01	7.9077905e-02
1.6395222e+01	1.2865378e-02
1.6417031e+01	5.5513420e-03
1.6438840e+01	-1.7949819e-02
1.6460649e+01	-3.5698443e-02
1.6482458e+01	-4.6005968e-02
1.6504267e+01	1.3928669e-01
1.6526076e+01	6.8795757e-02
1.6547885e+01	-7.0620054e-02
1.6569694e+01	-9.3732420e-02
1.6591503e+01	-1.3819424e-01
1.6613311e+01	-9.8961050e-03
1.6635120e+01	6.2910806e-02
1.6656929e+01	5.1640884e-02
1.6678738e+01	1.1035064e-01
1.6700547e+01	-1.4230503e-02
1.6722356e+01	-8.5458502e-02
1.6744165e+01	1.0246066e-01
1.6765974e+01	4.4124346e-01
1.6787783e+01	6.4362367e-01
1.6809592e+01	3.5649952e-01
1.6831401e+01	2.5817927e-01
1.6853210e+01	1.5622061e-01
1.6875019e+01	-2.7861313e-03
1.6896828e+01	-1.3382128e-01
1.6918637e+01	-1.0482842e-01
1.6940446e+01	6.4141542e-02
1.6962254e+01	2.9186896e-02
1.6984063e+01	-3.5028491e-03
1.7005872e+01	5.1757092e-02
1.7027681e+01	-1.0006879e-02
1.7049490e+01	-6.5149212e-02
1.7071299e+01	1.0283888e-02
1.7093108e+01	-2.4649403e-02
1.7114917e+01	-1.4030989e-02
1.7136726e+01	1.2355142e-01
1.7158535e+01	1.2179343e-01
1.7180344e+01	1.7830541e-02
1.7202153e+01	-5.8014377e-02
1.7223962e+01	-1.4548216e-01
1.7245771e+01	-6.8221276e-03
1.7267580e+01	5.1294778e-02
1.7289389e+01	-3.0251229e-02
1.7311198e+01	-7.6138829e-02
1.7333006e+01	-5.3786777e-02
1.7354815e+01	9.0367935e-02
1.7376624e+01	2.5744880e-02
1.7398433e+01	1.0072435e-01
1.7420242e+01	-3.2896303e-02
1.7442051e+01	6.0329252e-02
1.7463860e+01	6.6762441e-02
1.7485669e+01	-8.3066292e-02
1.7507478e+01	-4.2660482e-02
1.7529287e+01	2.8120501e-03
1.7551096e+01	-1.1029690e-01
1.7572905e+01	-1.7121159e-03
1.7594714e+01	1.1808093e-02
1.7616523e+01	7.5992420e-02
1.7638332e+01	-4.0520176e-02
1.7660141e+01	-3.0596467e-02
1.7681949e+01	7.6627035e-02
1.7703758e+01	9.0288257e-02
1.7725567e+01	1.2255724e-01
1.7747376e+01	-3.0777215e-02
1.7769185e+01	-1.6358702e-01
1.7790994e+01	-6.7971626e-02
1.7812803e+01	1.5657540e-01
1.7834612e+01	-5.9916029e-02
1.7856421e+01	-6.2812752e-02
1.7878230e+01	-5.3373695e-02
1.7900039e+01	1.1817970e-01
1.7921848e+01	1.0547280e-01
1.7943657e+01	-9.6637498e-02
1.7965466e+01	-2.4566118e-02
1.7987275e+01	7.7418162e-02
1.8009084e+01	9.0545981e-02
1.8030892e+01	1.6933403e-02
1.8052701e+01	3.2059369e-02
1.8074510e+01	-1.5554105e-02
1.8096319e+01	-5.0031544e-02
1.8118128e+01	-1.3028740e-01
1.8139937e+01	-1.0803878e-01
1.8161746e+01	2.0189122e-02
1.8183555e+01	1.3218228e-01
1.8205364e+01	-4.4653233e-02
1.8227173e+01	2.3204337e-02
1.8248982e+01	1.6753180e-01
1.8270791e+01	2.2481410e-03
1.8292600e+01	4.1320085e-03
1.8314409e+01	2.0998247e-02
1.8336218e+01	-3.0272811e-02
1.8358027e+01	-1.0945358e-01
1.8379835e+01	4.0132171e-02
1.8401644e+01	-2.7060957e-02
1.8423453e+01	2.1455756e-01
1.8445262e+01	4.2820381e-01
1.8467071e+01	4.7853050e-01
1.8488880e+01	4.1948446e-01
1.8510689e+01	5.4211743e-01
1.8532498e+01	2.9056501e-01
1.8554307e+01	7.2434784e-02
1.8576116e+01	7.7886123e-02
1.8597925e+01	-1.4109362e-01
1.8619734e+01	-8.0166280e-02
1.8641543e+01	1.8807738e-01
1.8663352e+01	9.8645626e-02
1.8685161e+01	2.2733480e-01
1.8706970e+01	2.2517425e-01
1.8728778e+01	-1.3345963e-02
1.8750587e+01	-1.2962226e-01
1.8772396e+01	1.5997412e-02
1.8794205e+01	-1.5411834e-03
1.8816014e+01	-2.6353159e-02
1.8837823e+01	2.2350676e-02
1.8859632e+01	-1.5223499e-02
1.8881441e+01	1.7841393e-01
1.8903250e+01	6.9603614e-02
1.8925059e+01	-1.0846847e-01
1.8946868e+01	-8.1207839e-02
1.8968677e+01	-6.8606477e-02
1.8990486e+01	6.5400388e-02
1.9012295e+01	1.2649318e-01
1.9034104e+01	6.5503976e-02
1.9055913e+01	-5.6106156e-02
1.9077721e+01	-7.2115738e-02
1.9099530e+01	-6.6323967e-03
1.9121339e+01	-3.1339118e-02
1.9143148e+01	6.2343949e-02
1.9164957e+01	1.5068785e-01
1.9186766e+01	7.5054644e-02
1.9208575e+01	-8.7119230e-02
1.9230384e+01	-9.6787825e-02
1.9252193e+01	-2.5252369e-02
1.9274002e+01	5.7139058e-02
1.9295811e+01	-1.9883433e-01
1.9317620e+01	-4.3958464e-02
1.9339429e+01	9.9886552e-02
1.9361238e+01	9.3551494e-02
1.9383047e+01	6.1552222e-02
1.9404856e+01	9.6209801e-03
1.9426665e+01	4.0308173e-02
1.9448473e+01	4.0161591e-03
1.9470282e+01	-1.8747526e-02
1.9492091e+01	6.9979000e-02
1.9513900e+01	3.9447108e-02
1.9535709e+01	-7.0483841e-02
1.9557518e+01	-1.7158069e-02
1.9579327e+01	-4.7965625e-03
1.9601136e+01	9.6562079e-03
1.9622945e+01	-8.8123532e-02
1.9644754e+01	-7.9423774e-02
1.9666563e+01	-2.6930200e-02
1.9688372e+01	1.0042878e-01
1.9710181e+01	-2.7716017e-02
1.9731990e+01	-6.1507390e-03
1.9753799e+01	-7.9044118e-02
1.9775608e+01	4.6775909e-02
1.9797416e+01	1.2781703e-01
1.9819225e+01	5.8013730e-02
1.9841034e+01	-1.3497275e-02
1.9862843e+01	-7.4599436e-02
1.9884652e+01	-3.8204666e-02
1.9906461e+01	1.4189563e-02
1.9928270e+01	2.3304285e-01
1.9950079e+01	2.6223095e-01
1.9971888e+01	7.3134759e-02
1.9993697e+01	7.8329259e-02
2.0015506e+01	-1.3060711e-02
2.0037315e+01	4.1754778e-02
2.0059124e+01	9.9905643e-02
2.0080933e+01	-1.9116843e-01
2.0102742e+01	-1.1907620e-01
2.0124551e+01	-9.0404156e-02
2.0146359e+01	-2.2574648e-02
2.0168168e+01	7.2569320e-02
2.0189977e+01	5.9899780e-02
2.0211786e+01	-5.8715952e-02
2.0233595e+01	-5.9723871e-02
2.0255404e+01	-6.5921068e-02
2.0277213e+01	9.0078873e-02
2.0299022e+01	1.3703248e-01
2.0320831e+01	1.2121174e-01
2.0342640e+01	1.1227148e-01
2.0364449e+01	4.5892962e-03
2.0386258e+01	-2.0325514e-01
2.0408067e+01	-7.6364863e-02
2.0429876e+01	-2.5635748e-02
2.0451685e+01	2.3740863e-01
2.0473494e+01	1.0802179e-01
2.0495302e+01	2.6251037e-01
2.0517111e+01	4.4060183e-01
2.0538920e+01	3.2444415e-01
2.0560729e+01	1.4979277e-01
2.0582538e+01	1.1823346e-01
2.0604347e+01	5.3781557e-02
2.0626156e+01	-6.4587468e-02
2.0647965e+01	-1.7176345e-01
2.0669774e+01	-7.4843587e-02
2.0691583e+01	-1.4058762e-01
2.0713392e+01	2.9450281e-02
2.0735201e+01	8.1572171e-02
2.0757010e+01	6.1914681e-02
2.0778819e+01	3.1370154e-03
2.0800628e+01	-5.0429451e-03
2.0822437e+01	4.6033280e-02
2.0844245e+01	1.2370207e-01
2.0866054e+01	-1.0658217e-01
2.0887863e+01	-1.5348444e-02
2.0909672e+01	-6.8877084e-02
2.0931481e+01	1.7903782e-02
2.0953290e+01	5.3219070e-01
2.0975099e+01	7.8584207e-01
2.0996908e+01	1.3656263e+00
2.1018717e+01	2.4706238e+00
2.1040526e+01	3.5749130e+00
2.1062335e+01	4.1190411e+00
2.1084144e+01	3.8027388e+00
2.1105953e+01	2.6823523e+00
2.1127762e+01	2.1926080e+00
2.1149571e+01	2.2984463e+00
2.1171380e+01	3.1360837e+00
2.1193188e+01	4.8869195e+00
2.1214997e+01	6.7883041e+00
2.1236806e+01	8.5048190e+00
2.1258615e+01	9.8000724e+00
2.1280424e+01	1.0646218e+01
2.1302233e+01	1.0524257e+01
2.1324042e+01	9.3258654e+00
2.1345851e+01	7.3582433e+00
2.1367660e+01	5.0564947e+00
2.1389469e+01	2.8862422e+00
2.1411278e+01	1.3049700e+00
2.1433087e+01	3.2044965e-01
2.1454896e+01	1.0168450e-02
2.1476705e+01	2.4180696e-02
2.1498514e+01	5.9952414e-02
2.1520323e+01	4.1211546e-01
2.1542132e+01	5.7417764e-01
2.1563940e+01	5.6690028e-01
2.1585749e+01	6.0515573e-01
2.1607558e+01	4.7384431e-01
2.1629367e+01	3.2506236e-01
2.1651176e+01	2.2453304e-01
2.1672985e+01	9.7890664e-02
2.1694794e+01	8.4124195e-02
2.1716603e+01	-9.9772309e-02
2.1738412e+01	-1.4916859e-01
2.1760221e+01	-6.3696755e-02
2.1782030e+01	2.5023591e-03
2.1803839e+01	-2.5200129e-02
2.1825648e+01	-1.4082381e-02
2.1847457e+01	-5.3590010e-02
2.1869266e+01	-6.2873605e-02
2.1891075e+01	5.1755254e-02
2.1912883e+01	1.0125850e-01
2.1934692e+01	1.0841286e-02
2.1956501e+01	-1.0156940e-02
2.1978310e+01	8.9041673e-02
2.2000119e+01	-2.1483786e-02
2.2021928e+01	9.6754796e-02
2.2043737e+01	1.3136521e-01
2.2065546e+01	-9.4570261e-02
2.2087355e+01	-1.1119828e-01
2.2109164e+01	-1.1542129e-01
2.2130973e+01	9.7309794e-02
2.2152782e+01	-1.9262361e-04
2.2174591e+01	-1.4231616e-02
2.2196400e+01	-6.5796841e-02
2.2218209e+01	6.9750369e-03
2.2240018e+01	1.4641133e-01
2.2261826e+01	6.4614289e-02
2.2283635e+01	6.1992018e-03
2.2305444e+01	-2.9360263e-02
2.2327253e+01	-9.5701712e-02
2.2349062e+01	-3.2213527e-02
2.2370871e+01	3.3916850e-02
2.2392680e+01	5.0221317e-02
2.2414489e+01	4.2960031e-03
2.2436298e+01	3.8396888e-02
2.2458107e+01	2.0265199e-01
2.2479916e+01	-8.2308113e-03
2.2501725e+01	-1.1938565e-01
2.2523534e+01	-1.0410157e-01
2.2545343e+01	6.5288827e-02
2.2567152e+01	9.2910910e-02
2.2588961e+01	7.2242056e-03
2.2610769e+01	-7.4548511e-02
2.2632578e+01	5.4679174e-02
2.2654387e+01	-2.4088578e-02
2.2676196e+01	-6.6879737e-02
2.2698005e+01	4.3173229e-02
2.2719814e+01	1.0709193e-01
2.2741623e+01	1.5852345e-02
2.2763432e+01	-5.2282798e-02
2.2785241e+01	-1.0143583e-01
2.2807050e+01	2.5528343e-02
2.2828859e+01	1.0072592e-01
2.2850668e+01	2.3750630e-01
2.2872477e+01	1.4511431e-02
2.2894286e+01	1.3515283e-03
2.2916095e+01	-9.1359710e-02
2.2937904e+01	2.7041443e-01
2.2959712e+01	1.4968484e-01
2.2981521e+01	-1.1689636e-01
2.3003330e+01	-5.0702409e-02
2.3025139e+01	3.8091929e-02
2.3046948e+01	-2.5796363e-02
2.3068757e+01	5.5823583e-02
2.3090566e+01	-1.0416941e-02
2.3112375e+01	8.1422416e-02
2.3134184e+01	-3.1351095e-02
2.3155993e+01	4.7403609e-02
2.3177802e+01	1.0203920e-01
2.3199611e+01	1.7440171e-01
2.3221420e+01	-5.6687514e-02
2.3243229e+01	-1.9766176e-01
2.3265038e+01	-8.3076044e-02
2.3286847e+01	-5.3005638e-02
2.3308655e+01	-2.2820795e-02
2.3330464e+01	1.3614376e-01
2.3352273e+01	1.5935355e-01
2.3374082e+01	-3.1319444e-02
2.3395891e+01	-2.2328692e-02
2.3417700e+01	-6.9706136e-02
2.3439509e+01	-1.4178875e-02
2.3461318e+01	-6.0477700e-02
2.3483127e+01	3.1261184e-01
2.3504936e+01	1.0182438e+00
2.3526745e+01	1.6023425e+00
2.3548554e+01	1.8542232e+00
2.3570363e+01	1.5447450e+00
2.3592172e+01	7.1411725e-01
2.3613981e+01	1.1571417e-01
2.3635790e+01	9.3712016e-02
2.3657599e+01	3.5958023e-01
2.3679407e+01	1.4424702e+00
2.3701216e+01	3.1488320e+00
2.3723025e+01	5.0447984e+00
2.3744834e+01	6.5759036e+00
2.3766643e+01	7.9921014e+00
2.3788452e+01	9.9562319e+00
2.3810261e+01	1.1384111e+01
2.3832070e+01	1.1355570e+01
2.3853879e+01	1.0379913e+01
2.3875688e+01	8.6384931e+00
2.3897497e+01	6.3711936e+00
2.3919306e+01	4.2138006e+00
2.3941115e+01	2.5776072e+00
2.3962924e+01	1.4688142e+00
2.3984733e+01	9.2392866e-01
2.4006542e+01	3.5110959e-01
2.4028350e+01	5.5170932e-02
2.4050159e+01	1.9343000e-02
2.4071968e+01	1.4681139e-02
2.4093777e+01	-9.3727169e-02
2.4115586e+01	-4.4203603e-02
2.4137395e+01	-8.7767730e-02
2.4159204e+01	5.2709954e-02
2.4181013e+01	3.5565395e-02
2.4202822e+01	-3.9556101e-02
2.4224631e+01	2.1187364e-03
2.4246440e+01	-2.2511702e-02
2.4268249e+01	-7.2177540e-02
2.4290058e+01	-2.6894961e-02
2.4311867e+01	3.8071552e-02
2.4333676e+01	-6.7184410e-03
2.4355485e+01	-5.5594807e-02
2.4377293e+01	-1.5319713e-02
2.4399102e+01	8.8447523e-02
2.4420911e+01	1.1121383e-01
2.4442720e+01	3.0846662e-02
2.4464529e+01	-5.8021141e-02
2.4486338e+01	4.5769743e-02
2.4508147e+01	9.4385373e-02
2.4529956e+01	3.4135139e-01
2.4551765e+01	4.2391062e-01
2.4573574e+01	4.3911394e-01
2.4595383e+01	7.8869529e-01
2.4617192e+01	9.6520004e-01
2.4639001e+01	1.0078716e+00
2.4660810e+01	5.2891425e-01
2.4682619e+01	2.2199345e-01
2.4704428e+01	-1.3774581e-03
2.4726236e+01	1.5982183e-02
2.4748045e+01	6.5059906e-02
2.4769854e+01	-1.6346125e-02
2.4791663e+01	-2.3884744e-01
2.4813472e+01	-1.0979810e-01
2.4835281e+01	1.0886539e-01
2.4857090e+01	7.8861409e-02
2.4878899e+01	-4.0241560e-02
2.4900708e+01	-1.0681167e-01
2.4922517e+01	-2.6714111e-02
2.4944326e+01	1.2076225e-01
2.4966135e+01	1.5574055e-01
2.4987944e+01	1.1472879e-01
2.5009753e+01	-1.0547371e-01
2.5031562e+01	-1.6294391e-01
2.5053371e+01	-1.0699907e-01
2.5075179e+01	1.3294999e-01
2.5096988e+01	4.6392024e-02
2.5118797e+01	3.5863659e-02
2.5140606e+01	4.3452828e-02
2.5162415e+01	1.8999597e-02
2.5184224e+01	2.3413824e-01
2.5206033e+01	1.2736755e-01
2.5227842e+01	-7.0666402e-02
2.5249651e+01	-5.7517056e-02
2.5271460e+01	-2.2620523e-02
2.5293269e+01	-4.9042983e-02
2.5315078e+01	7.8459504e-03
2.5336887e+01	5.9207659e-04
2.5358696e+01	3.4693159e-02
2.5380505e+01	4.3954255e-02
2.5402314e+01	5.0162091e-02
2.5424123e+01	-1.1739575e-01
2.5445931e+01	-8.2896894e-02
2.5467740e+01	7.0168166e-02
2.5489549e+01	1.1628600e-01
2.5511358e+01	1.1546829e-01
2.5533167e+01	1.0934157e-02
2.5554976e+01	-4.4927552e-03
2.5576785e+01	-7.7319503e-02
2.5598594e+01	-1.5932560e-02
2.5620403e+01	-1.7723828e-01
2.5642212e+01	-1.2005532e-01
2.5664021e+01	7.0783564e-02
2.5685830e+01	9.8724278e-03
2.5707639e+01	5.8331468e-02
2.5729448e+01	-8.5719522e-02
2.5751257e+01	9.4279984e-02
2.5773066e+01	3.2172967e-01
2.5794874e+01	4.6947960e-01
2.5816683e+01	3.2284830e-01
2.5838492e+01	4.7795125e-02
2.5860301e+01	3.6158286e-02
2.5882110e+01	-1.2713368e-02
2.5903919e+01	4.1456468e-02
2.5925728e+01	3.1116351e-01
2.5947537e+01	6.7313298e-01
2.5969346e+01	1.0319535e+00
2.5991155e+01	1.7635718e+00
2.6012964e+01	2.2261515e+00
2.6034773e+01	2.5501832e+00
2.6056582e+01	3.1151906e+00
2.6078391e+01	3.2397984e+00
2.6100200e+01	3.2702321e+00
2.6122009e+01	2.9433444e+00
2.6143817e+01	2.3169740e+00
2.6165626e+01	1.5813696e+00
2.6187435e+01	1.1106707e+00
2.6209244e+01	8.0200305e-01
2.6231053e+01	4.6479927e-01
2.6252862e+01	1.8072803e-01
2.6274671e+01	6.5703725e-02
2.6296480e+01	-1.4273238e-01
2.6318289e+01	-2.0096423e-01
2.6340098e+01	-1.0838103e-01
2.6361907e+01	4.8269803e-02
2.6383716e+01	1.1181648e-01
2.6405525e+01	8.9444538e-02
2.6427334e+01	7.8438609e-02
2.6449143e+01	1.4201231e-01
2.6470952e+01	-4.7035445e-02
2.6492760e+01	-1.8429482e-01
2.6514569e+01	3.0670489e-02
2.6536378e+01	8.0254945e-02
2.6558187e+01	3.0719605e-01
2.6579996e+01	3.9502926e-01
2.6601805e+01	5.6956383e-01
2.6623614e+01	6.2928988e-01
2.6645423e+01	5.9731353e-01
2.6667232e+01	4.7788592e-01
2.6689041e+01	2.9520515e-01
2.6710850e+01	3.4515418e-01
2.6732659e+01	3.4503282e-01
2.6754468e+01	8.4681983e-02
2.6776277e+01	-1.7385878e-01
2.6798086e+01	-1.2728075e-01
2.6819895e+01	-1.6859428e-03
2.6841703e+01	8.2648293e-02
2.6863512e+01	-1.3800276e-02
2.6885321e+01	8.4291511e-02
2.6907130e+01	7.0600443e-02
2.6928939e+01	4.6747264e-03
2.6950748e+01	6.6076779e-02
2.6972557e+01	-2.5279539e-02
2.6994366e+01	3.2011414e-02
2.7016175e+01	7.5875473e-02
2.7037984e+01	-1.0099457e-02
2.7059793e+01	-1.2528149e-01
2.7081602e+01	-1.8223440e-01
2.7103411e+01	3.2633023e-02
2.7125220e+01	6.8124464e-02
2.7147029e+01	8.5845158e-02
2.7168838e+01	-3.4535146e-02
2.7190646e+01	-3.7208231e-02
2.7212455e+01	9.4066856e-02
2.7234264e+01	-1.4766082e-02
2.7256073e+01	-4.5324425e-02
2.7277882e+01	3.2922256e-02
2.7299691e+01	3.0331823e-02
2.7321500e+01	-9.8398851e-02
2.7343309e+01	9.3048575e-02
2.7365118e+01	-5.5693705e-02
2.7386927e+01	-9.9075818e-02
2.7408736e+01	8.1048257e-02
2.7430545e+01	3.3050957e-02
2.7452354e+01	-5.6983825e-03
2.7474163e+01	-3.9770658e-02
2.7495972e+01	5.0819655e-03
2.7517781e+01	-3.6670400e-02
2.7539590e+01	-3.3306750e-02
2.7561398e+01	2.4651837e-02
2.7583207e+01	4.8958069e-02
2.7605016e+01	4.3125890e-02
2.7626825e+01	-3.0732889e-02
2.7648634e+01	-5.1074538e-02
2.7670443e+01	-3.1127345e-02
2.7692252e+01	1.2159454e-01
2.7714061e+01	4.9391111e-01
2.7735870e+01	4.9399899e-01
2.7757679e+01	4.1304070e-01
2.7779488e+01	5.3536673e-01
2.7801297e+01	5.9197710e-01
2.7823106e+01	5.1300185e-01
2.7844915e+01	3.2167499e-01
2.7866724e+01	1.7548850e-01
2.7888533e+01	3.3698302e-02
2.7910341e+01	1.5559339e-02
2.7932150e+01	3.4175953e-02
2.7953959e+01	7.7841516e-03
2.7975768e+01	-9.2896381e-02
2.7997577e+01	-1.1047940e-02
2.8019386e+01	1.6875968e-03
2.8041195e+01	-1.3762172e-01
2.8063004e+01	-1.2672502e-01
2.8084813e+01	4.5896936e-02
2.8106622e+01	-3.4271497e-02
2.8128431e+01	-4.8231501e-02
2.8150240e+01	8.3020685e-02
2.8172049e+01	3.7931180e-02
2.8193858e+01	9.0586473e-02
2.8215667e+01	2.3084823e-01
2.8237476e+01	9.5149699e-02
2.8259284e+01	-1.3277323e-02
2.8281093e+01	-8.1028581e-02
2.8302902e+01	6.0993873e-03
2.8324711e+01	-2.2691787e-03
2.8346520e+01	3.1837011e-02
2.8368329e+01	-1.0370221e-01
2.8390138e+01	-1.0729823e-01
2.8411947e+01	7.9017225e-02
2.8433756e+01	1.6071195e-01
2.8455565e+01	3.7538192e-02
2.8477374e+01	2.8832769e-01
2.8499183e+01	4.3867023e-01
2.8520992e+01	5.1050200e-01
2.8542801e+01	9.8870565e-01
2.8564610e+01	9.7445478e-01
2.8586419e+01	6.4721398e-01
2.8608227e+01	6.9283487e-01
2.8630036e+01	6.7237603e-01
2.8651845e+01	4.1019907e-01
2.8673654e+01	3.1751758e-01
2.8695463e+01	-2.7983399e-02
2.8717272e+01	7.5530941e-02
2.8739081e+01	1.6464734e-02
2.8760890e+01	-7.8467738e-02
2.8782699e+01	-1.3526456e-01
2.8804508e+01	-3.2937432e-02
2.8826317e+01	5.0737757e-02
2.8848126e+01	-2.2276430e-02
2.8869935e+01	8.9950721e-02
2.8891744e+01	-8.4809767e-03
2.8913553e+01	8.4762408e-02
2.8935362e+01	8.3314215e-02
2.8957170e+01	-3.2573910e-02
2.8978979e+01	-1.4471343e-01
2.9000788e+01	-2.9196436e-02
2.9022597e+01	1.4125371e-01
2.9044406e+01	1.0076641e-01
2.9066215e+01	-7.9274114e-03
2.9088024e+01	-1.7413714e-01
2.9109833e+01	-8.7169117e-05
2.9131642e+01	-5.6026334e-02
2.9153451e+01	2.4912430e-02
2.9175260e+01	9.2945421e-02
2.9197069e+01	7.3890547e-02
2.9218878e+01	-6.9670876e-02
2.9240687e+01	-1.5108592e-02
2.9262496e+01	-1.5009214e-02
2.9284305e+01	5.4342865e-02
2.9306113e+01	3.1821162e-02
2.9327922e+01	1.5309891e-02
2.9349731e+01	-6.2178414e-02
2.9371540e+01	-3.7278258e-02
2.9393349e+01	3.7897195e-02
2.9415158e+01	4.0521967e-02
2.9436967e+01	-3.5586243e-03
2.9458776e+01	-2.2346082e-02
2.9480585e+01	-1.8881438e-02
2.9502394e+01	-8.6845301e-02
2.9524203e+01	4.7848663e-02
2.9546012e+01	8.0103486e-02
2.9567821e+01	4.4913128e-02
2.9589630e+01	8.2732598e-03
2.9611439e+01	-4.4454915e-02
2.9633248e+01	-2.2762437e-02
2.9655057e+01	-1.6893090e-01
2.9676865e+01	-1.3032581e-02
2.9698674e+01	1.8372424e-01
2.9720483e+01	2.5359335e-01
2.9742292e+01	8.3705634e-01
2.9764101e+01	1.0169095e+00
2.9785910e+01	1.1652351e+00
2.9807719e+01	1.0406755e+00
2.9829528e+01	7.6156989e-01
2.9851337e+01	3.3624259e-01
2.9873146e+01	-1.5784107e-02
2.9894955e+01	7.4482194e-02
2.9916764e+01	2.3243963e-01
2.9938573e+01	8.0781135e-01
2.9960382e+01	1.3943552e+00
2.9982191e+01	2.3441862e+00
3.0004000e+01	3.6623032e+00
3.0025808e+01	4.7836120e+00
3.0047617e+01	5.7833936e+00
3.0069426e+01	6.7007969e+00
3.0091235e+01	7.5985988e+00
3.0113044e+01	8.3329631e+00
3.0134853e+01	8.1282779e+00
3.0156662e+01	7.3891179e+00
3.0178471e+01	6.1239762e+00
3.0200280e+01	4.6427215e+00
3.0222089e+01	2.8609608e+00
3.0243898e+01	1.4466410e+00
3.0265707e+01	7.0688903e-01
3.0287516e+01	1.2037673e-01
3.0309325e+01	3.9140393e-03
3.0331134e+01	9.1458320e-02
3.0352943e+01	9.4823698e-02
3.0374751e+01	-6.3186638e-02
3.0396560e+01	-1.7985445e-01
3.0418369e+01	-7.2149529e-02
3.0440178e+01	-6.2915555e-02
3.0461987e+01	-4.9555421e-02
3.0483796e+01	5.0583889e-02
3.0505605e+01	1.1011089e-01
3.0527414e+01	-1.1187821e-03
3.0549223e+01	-6.7892801e-02
3.0571032e+01	1.7418396e-02
3.0592841e+01	-9.8856773e-02
3.0614650e+01	-2.2439912e-02
3.0636459e+01	-1.0487851e-01
3.0658268e+01	3.8758500e-02
3.0680077e+01	1.0106404e-01
3.0701886e+01	2.0706101e-01
3.0723694e+01	4.7279386e-02
3.0745503e+01	8.3902693e-02
3.0767312e+01	-1.0453196e-02
3.0789121e+01	1.0937307e-01
3.0810930e+01	1.9492493e-01
3.0832739e+01	-6.2047626e-02
3.0854548e+01	-9.3076271e-02
3.0876357e+01	5.2869322e-02
3.0898166e+01	-3.3066104e-02
3.0919975e+01	-1.5370965e-01
3.0941784e+01	5.6283361e-02
3.0963593e+01	6.8287223e-02
3.0985402e+01	5.2322532e-02
3.1007211e+01	1.4241231e-01
3.1029020e+01	-8.0541558e-02
3.1050829e+01	-1.7980956e-01
3.1072637e+01	1.2481378e-02
3.1094446e+01	-2.8430483e-03
3.1116255e+01	-2.8419231e-02
3.1138064e+01	1.7930083e-02
3.1159873e+01	1.8093001e-02
3.1181682e+01	8.8844631e-02
3.1203491e+01	-4.6172323e-02
3.1225300e+01	-4.2288620e-02
3.1247109e+01	2.3853683e-02
3.1268918e+01	-2.1000247e-02
3.1290727e+01	7.2890416e-02
3.1312536e+01	1.0016306e-01
3.1334345e+01	2.8191547e-02
3.1356154e+01	-5.7173827e-02
3.1377963e+01	-1.9170592e-02
3.1399772e+01	3.4104209e-02
3.1421580e+01	-2.8426881e-02
3.1443389e+01	-5.6797255e-02
3.1465198e+01	-9.1130196e-02
3.1487007e+01	-2.7652051e-02
3.1508816e+01	2.8019037e-01
3.1530625e+01	2.9402955e-01
3.1552434e+01	7.5603270e-01
3.1574243e+01	1.1059700e+00
3.1596052e+01	1.1274136e+00
3.1617861e+01	8.3794460e-01
3.1639670e+01	5.4760425e-01
3.1661479e+01	2.5096367e-01
3.1683288e+01	6.8334015e-02
3.1705097e+01	2.9494551e-02
3.1726906e+01	1.7100432e-02
3.1748715e+01	3.0981791e-01
3.1770524e+01	9.1415176e-01
3.1792332e+01	1.9924719e+00
3.1814141e+01	2.9687991e+00
3.1835950e+01	4.0150463e+00
3.1857759e+01	5.2056253e+00
3.1879568e+01	6.1326461e+00
3.1901377e+01	7.1703354e+00
3.1923186e+01	7.8670002e+00
3.1944995e+01	8.5013813e+00
3.1966804e+01	8.3696566e+00
3.1988613e+01	7.5930620e+00
3.2010422e+01	6.2297652e+00
3.2032231e+01	4.5165833e+00
3.2054040e+01	2.9167670e+00
3.2075849e+01	1.7078593e+00
3.2097658e+01	7.7651193e-01
3.2119467e+01	5.7284784e-01
3.2141275e+01	2.3988188e-01
3.2163084e+01	8.7008919e-02
3.2184893e+01	-4.9941441e-02
3.2206702e+01	-2.3744393e-02
3.2228511e+01	6.1847236e-02
3.2250320e+01	-7.2336358e-02
3.2272129e+01	-3.6322200e-02
3.2293938e+01	-2.0708320e-02
3.2315747e+01	-3.6837439e-02
3.2337556e+01	1.6341558e-02
3.2359365e+01	2.0256274e-02
3.2381174e+01	-1.1181597e-01
3.2402983e+01	2.2042989e-02
3.2424792e+01	3.6303454e-02
3.2446601e+01	1.2444635e-01
3.2468410e+01	-1.7710701e-02
3.2490218e+01	-4.6388952e-02
3.2512027e+01	-1.0092271e-01
3.2533836e+01	-5.4463456e-03
3.2555645e+01	4.5124738e-02
3.2577454e+01	3.8055486e-02
3.2599263e+01	1.2840348e-01
3.2621072e+01	5.0550382e-02
3.2642881e+01	2.9909466e-02
3.2664690e+01	-2.0717984e-03
3.2686499e+01	-1.0659753e-01
3.2708308e+01	-4.3098791e-03
3.2730117e+01	-7.7834830e-02
3.2751926e+01	-3.1110878e-02
3.2773735e+01	1.0862879e-01
3.2795544e+01	7.4135615e-03
3.2817353e+01	4.5060834e-02
3.2839161e+01	-6.4057660e-02
3.2860970e+01	-9.6634461e-02
3.2882779e+01	2.0450878e-02
3.2904588e+01	1.3244384e-01
3.2926397e+01	-3.0406686e-02
3.2948206e+01	-8.1077723e-03
3.2970015e+01	-2.4117376e-02
3.2991824e+01	4.8695522e-02
3.3013633e+01	8.8942401e-02
3.3035442e+01	-5.9632877e-02
3.3057251e+01	5.8383638e-03
3.3079060e+01	2.0002271e-02
3.3100869e+01	-3.6226277e-02
3.3122678e+01	-3.0537125e-02
3.3144487e+01	-3.6271007e-02
3.3166296e+01	-3.3183202e-02
3.3188104e+01	-3.0404382e-02
3.3209913e+01	5.1842443e-02
3.3231722e+01	-7.5769705e-02
3.3253531e+01	8.2385887e-03
3.3275340e+01	9.9859195e-02
3.3297149e+01	5.4811898e-02
3.3318958e+01	-5.1969952e-04
3.3340767e+01	-3.3243880e-03
3.3362576e+01	5.1284341e-02
3.3384385e+01	-3.1445331e-02
3.3406194e+01	-2.3512770e-02
3.3428003e+01	-4.0970614e-02
3.3449812e+01	-7.1346194e-02
3.3471621e+01	-4.3297556e-02
3.3493430e+01	2.1008238e-02
3.3515239e+01	1.5786499e-01
3.3537047e+01	4.5843041e-01
3.3558856e+01	4.9555331e-01
3.3580665e+01	6.9153325e-01
3.3602474e+01	8.1336468e-01
3.3624283e+01	9.9047307e-01
3.3646092e+01	1.0476119e+00
3.3667901e+01	1.2932176e+00
3.3689710e+01	1.3832997e+00
3.3711519e+01	1.0771696e+00
3.3733328e+01	8.0973384e-01
3.3755137e+01	4.3343282e-01
3.3776946e+01	3.7239803e-01
3.3798755e+01	2.4494270e-02
3.3820564e+01	5.3153322e-02
3.3842373e+01	-3.6026560e-02
3.3864182e+01	6.9453897e-02
3.3885991e+01	3.0184249e-03
3.3907799e+01	3.6182998e-02
3.3929608e+01	-7.6808866e-02
3.3951417e+01	-1.0009800e-01
3.3973226e+01	-2.5688145e-02
3.3995035e+01	-4.5546534e-02
3.4016844e+01	7.9162410e-02
3.4038653e+01	-4.0265894e-02
3.4060462e+01	4.3873485e-02
3.4082271e+01	4.9003269e-02
3.4104080e+01	1.1326743e-03
3.4125889e+01	-6.0463683e-02
3.4147698e+01	2.2821112e-02
3.4169507e+01	5.5047148e-02
3.4191316e+01	9.5993676e-03
3.4213125e+01	-3.1510284e-02
3.4234934e+01	-1.0139119e-01
3.4256742e+01	-4.2094839e-02
3.4278551e+01	1.8679589e-01
3.4300360e+01	1.5010889e-01
3.4322169e+01	-2.1958847e-02
3.4343978e+01	2.1376239e-02
3.4365787e+01	-3.1592776e-02
3.4387596e+01	1.3611890e-01
3.4409405e+01	-4.9253301e-02
3.4431214e+01	-6.4455715e-02
3.4453023e+01	-1.9761265e-02
3.4474832e+01	-7.5703606e-02
3.4496641e+01	2.3368747e-03
3.4518450e+01	7.9539046e-02
3.4540259e+01	8.5960016e-03
3.4562068e+01	-4.6046851e-02
3.4583877e+01	-4.2641074e-02
3.4605685e+01	-1.2397130e-03
3.4627494e+01	3.4699166e-02
3.4649303e+01	1.7869476e-01
3.4671112e+01	1.3787270e-01
3.4692921e+01	-1.1514549e-01
3.4714730e+01	-4.1852236e-02
3.4736539e+01	1.7557215e-01
3.4758348e+01	-5.3960967e-02
3.4780157e+01	-2.6780473e-02
3.4801966e+01	-3.2702888e-02
3.4823775e+01	-9.1093500e-02
3.4845584e+01	1.4717506e-01
3.4867393e+01	3.0098478e-02
3.4889202e+01	8.5437118e-02
3.4911011e+01	3.9563509e-02
3.4932820e+01	1.9769166e-02
3.4954628e+01	-9.1018805e-02
3.4976437e+01	2.9317039e-03
3.4998246e+01	-2.4378370e-02
3.5020055e+01	1.6295338e-02
3.5041864e+01	-1.9257645e-02
3.5063673e+01	-2.2109546e-02
3.5085482e+01	-5.2931104e-02
3.5107291e+01	-7.0440522e-02
3.5129100e+01	-9.1734966e-02
3.5150909e+01	6.4069190e-02
3.5172718e+01	1.3990028e-01
3.5194527e+01	1.9317143e-02
3.5216336e+01	1.2217668e-01
3.5238145e+01	-4.2281249e-02
3.5259954e+01	-2.1574131e-02
3.5281763e+01	2.3132513e-02
3.5303571e+01	4.5797856e-02
3.5325380e+01	3.7078611e-02
3.5347189e+01	3.3219176e-02
3.5368998e+01	-1.3474086e-01
3.5390807e+01	-1.7097067e-01
3.5412616e+01	7.6436877e-02
3.5434425e+01	7.2350939e-02
3.5456234e+01	-2.7248435e-02
3.5478043e+01	7.4999777e-02
3.5499852e+01	-5.7106571e-02
3.5521661e+01	-3.4470353e-02
3.5543470e+01	7.1298038e-03
3.5565279e+01	-5.3342150e-02
3.5587088e+01	1.9263513e-02
3.5608897e+01	3.9473267e-02
3.5630706e+01	-7.6046457e-03
3.5652514e+01	7.8260568e-02
3.5674323e+01	3.6492386e-04
3.5696132e+01	-1.9655389e-02
3.5717941e+01	2.0392867e-01
3.5739750e+01	3.9315892e-02
3.5761559e+01	3.7932044e-02
3.5783368e+01	7.5985598e-02
3.5805177e+01	-4.1007842e-02
3.5826986e+01	-8.3101299e-02
3.5848795e+01	-9.1987272e-02
3.5870604e+01	6.2366617e-02
3.5892413e+01	4.2513861e-02
3.5914222e+01	6.4381301e-02
3.5936031e+01	-1.1250628e-01
3.5957840e+01	1.0521655e-02
3.5979649e+01	-1.3577024e-01
3.6001458e+01	3.6281973e-01
3.6023266e+01	7.5236889e-01
3.6045075e+01	9.5257417e-01
3.6066884e+01	9.5038951e-01
3.6088693e+01	9.9982186e-01
3.6110502e+01	8.2023316e-01
3.6132311e+01	8.2010336e-01
3.6154120e+01	8.1890038e-01
3.6175929e+01	6.4543318e-01
3.6197738e+01	5.0387069e-01
3.6219547e+01	4.3405187e-01
3.6241356e+01	3.9114058e-01
3.6263165e+01	1.2167006e-01
3.6284974e+01	-4.0780534e-02
3.6306783e+01	-2.8348790e-02
3.6328592e+01	1.3124659e-02
3.6350401e+01	-8.0622317e-02
3.6372209e+01	6.3136682e-02
3.6394018e+01	-3.1434709e-02
3.6415827e+01	-7.2768940e-02
3.6437636e+01	9.1184917e-02
3.6459445e+01	1.6253821e-01
3.6481254e+01	-8.7667172e-02
3.6503063e+01	1.7337331e-01
3.6524872e+01	1.2843530e-01
3.6546681e+01	-5.7151657e-03
3.6568490e+01	6.8839994e-04
3.6590299e+01	-7.0781210e-02
3.6612108e+01	1.4934878e-02
3.6633917e+01	-1.3404931e-01
3.6655726e+01	5.6513655e-02
3.6677535e+01	4.7108449e-01
3.6699344e+01	7.8292784e-01
3.6721152e+01	1.0314682e+00
3.6742961e+01	1.2602890e+00
3.6764770e+01	1.6168198e+00
3.6786579e+01	2.2478561e+00
3.6808388e+01	2.5438192e+00
3.6830197e+01	2.8453708e+00
3.6852006e+01	3.2810203e+00
3.6873815e+01	3.4832941e+00
3.6895624e+01	3.5545438e+00
3.6917433e+01	3.5421958e+00
3.6939242e+01	3.3157816e+00
3.6961051e+01	2.8888267e+00
3.6982860e+01	2.3036506e+00
3.7004669e+01	1.9072998e+00
3.7026478e+01	1.6079796e+00
3.7048287e+01	1.4002387e+00
3.7070095e+01	1.0555785e+00
3.7091904e+01	3.6099450e-01
3.7113713e+01	4.4746134e-02
3.7135522e+01	1.1299597e-01
3.7157331e+01	3.2318531e-02
3.7179140e+01	-5.4405847e-02
3.7200949e+01	-4.0577925e-02
3.7222758e+01	-1.1018257e-02
3.7244567e+01	-7.4691206e-02
3.7266376e+01	-3.7263200e-02
3.7288185e+01	-5.5036164e-02
3.7309994e+01	-5.6933342e-02
3.7331803e+01	7.0025244e-02
3.7353612e+01	1.2729042e-02
3.7375421e+01	4.6167064e-02
3.7397230e+01	-3.8732009e-02
3.7419038e+01	-9.8048405e-03
3.7440847e+01	8.7184556e-02
3.7462656e+01	6.2591168e-01
3.7484465e+01	9.6679078e-01
3.7506274e+01	8.9465512e-01
3.7528083e+01	4.4193795e-01
3.7549892e+01	8.8075523e-02
3.7571701e+01	3.6955160e-01
3.7593510e+01	2.6628744e-03
3.7615319e+01	-9.0595558e-02
3.7637128e+01	6.9252776e-02
3.7658937e+01	-3.7908937e-02
3.7680746e+01	-9.8922979e-02
3.7702555e+01	-6.1637424e-02
3.7724364e+01	-2.0384019e-02
3.7746173e+01	6.6595790e-02
3.7767981e+01	-3.8018413e-02
3.7789790e+01	-2.5380408e-03
3.7811599e+01	3.1920736e-01
3.7833408e+01	1.6948272e-01
3.7855217e+01	7.7511466e-02
3.7877026e+01	2.3342148e-01
3.7898835e+01	5.1671661e-01
3.7920644e+01	5.7984370e-01
3.7942453e+01	4.1611457e-01
3.7964262e+01	4.3862801e-01
3.7986071e+01	2.8057956e-01
3.8007880e+01	7.0713159e-02
3.8029689e+01	-1.7200913e-01
3.8051498e+01	7.5295629e-02
3.8073307e+01	-2.4223993e-02
3.8095116e+01	-7.6460305e-02
3.8116925e+01	4.5063400e-02
3.8138733e+01	3.2985631e-01
3.8160542e+01	7.0217328e-01
3.8182351e+01	1.0137414e+00
3.8204160e+01	1.2338649e+00
3.8225969e+01	1.4921669e+00
3.8247778e+01	2.1869995e+00
3.8269587e+01	2.5118919e+00
3.8291396e+01	2.8462871e+00
3.8313205e+01	3.2129355e+00
3.8335014e+01	3.7349840e+00
3.8356823e+01	4.1284429e+00
3.8378632e+01	4.2565582e+00
3.8400441e+01	4.3063942e+00
3.8422250e+01	3.9422929e+00
3.8444059e+01	3.4374176e+00
3.8465868e+01	2.7975513e+00
3.8487676e+01	2.1083502e+00
3.8509485e+01	1.4199245e+00
3.8531294e+01	1.0078343e+00
3.8553103e+01	6.2346763e-01
3.8574912e+01	4.9431878e-01
3.8596721e+01	2.8385185e-01
3.8618530e+01	1.5628190e-01
3.8640339e+01	-1.0008656e-01
3.8662148e+01	-5.7841284e-02
3.8683957e+01	8.4286072e-02
3.8705766e+01	2.7466961e-01
3.8727575e+01	5.6196763e-02
3.8749384e+01	-1.0153748e-01
3.8771193e+01	1.6819685e-01
3.8793002e+01	-3.6110777e-02
3.8814811e+01	-3.2440011e-02
3.8836619e+01	9.0787610e-03
3.8858428e+01	-1.1034896e-01
3.8880237e+01	8.0800312e-02
3.8902046e+01	4.5699276e-02
3.8923855e+01	7.1227750e-03
3.8945664e+01	3.6425469e-03
3.8967473e+01	9.6437345e-02
3.8989282e+01	-2.1460298e-02
3.9011091e+01	-2.0597034e-01
3.9032900e+01	-3.6732842e-02
3.9054709e+01	1.9387881e-01
3.9076518e+01	2.7563233e-02
3.9098327e+01	7.3677974e-02
3.9120136e+01	9.1505496e-02
3.9141945e+01	-9.5452434e-02
3.9163754e+01	-3.3420328e-02
3.9185562e+01	5.3638934e-02
3.9207371e+01	9.8768039e-02
3.9229180e+01	-1.3485895e-01
3.9250989e+01	4.4105284e-02
3.9272798e+01	-1.7458679e-02
3.9294607e+01	-1.6950371e-02
3.9316416e+01	-1.3804979e-01
3.9338225e+01	2.4570266e-01
3.9360034e+01	1.8463521e-01
3.9381843e+01	6.2317888e-02
3.9403652e+01	2.8926138e-01
3.9425461e+01	4.3493590e-01
3.9447270e+01	3.6613813e-01
3.9469079e+01	6.4880097e-02
3.9490888e+01	1.8000336e-02
3.9512697e+01	-8.2381782e-02
3.9534505e+01	-1.3052522e-01
3.9556314e+01	-4.9136040e-02
3.9578123e+01	7.9346480e-02
3.9599932e+01	1.1847658e-01
3.9621741e+01	6.3342656e-01
3.9643550e+01	7.4313880e-01
3.9665359e+01	9.4637169e-01
3.9687168e+01	1.2280756e+00
3.9708977e+01	1.2933690e+00
3.9730786e+01	1.7308702e+00
3.9752595e+01	1.9910406e+00
3.9774404e+01	2.1512297e+00
3.9796213e+01	2.3941557e+00
3.9818022e+01	2.5749361e+00
3.9839831e+01	2.6394933e+00
3.9861640e+01	2.8407887e+00
3.9883449e+01	2.6302416e+00
3.9905257e+01	1.9624785e+00
3.9927066e+01	1.4599817e+00
3.9948875e+01	1.0452147e+00
3.9970684e+01	6.7151983e-01
3.9992493e+01	2.8806945e-01
4.0014302e+01	4.0069863e-03
4.0036111e+01	3.1426981e-02
4.0057920e+01	3.7388644e-02
4.0079729e+01	-1.1509150e-01
4.0101538e+01	5.7259066e-02
4.0123347e+01	-5.4853816e-02
4.0145156e+01	1.7379567e-01
4.0166965e+01	8.0743480e-02
4.0188774e+01	-1.4477572e-01
4.0210583e+01	-1.0204065e-01
4.0232392e+01	-9.5882054e-03
4.0254200e+01	6.6658991e-02
4.0276009e+01	2.9572760e-01
4.0297818e+01	1.2027349e-01
4.0319627e+01	6.3066905e-02
4.0341436e+01	5.5383885e-02
4.0363245e+01	-1.8964742e-01
4.0385054e+01	-1.2399071e-01
4.0406863e+01	1.6543386e-01
4.0428672e+01	2.0769014e-01
4.0450481e+01	3.5552821e-02
4.0472290e+01	-9.6934258e-02
4.0494099e+01	-9.5669614e-03
4.0515908e+01	1.1122187e-01
4.0537717e+01	3.1985100e-01
4.0559526e+01	3.7763734e-01
4.0581335e+01	2.2656670e-01
4.0603143e+01	-3.9263851e-05
4.0624952e+01	-1.4137467e-01
4.0646761e+01	1.9940468e-01
4.0668570e+01	2.3600943e-01
4.0690379e+01	3.7370416e-01
4.0712188e+01	1.0018679e-01
4.0733997e+01	-6.2944740e-02
4.0755806e+01	2.4600464e-01
4.0777615e+01	3.0559887e-02
4.0799424e+01	-6.2369657e-02
4.0821233e+01	8.3621229e-02
4.0843042e+01	-1.3646452e-01
4.0864851e+01	1.5253355e-01
4.0886660e+01	-2.0873437e-01
4.0908469e+01	2.2285824e-02
4.0930278e+01	1.0884201e-01
4.0952086e+01	2.2008964e-01
4.0973895e+01	1.8887962e-01
4.0995704e+01	-6.4222698e-02
4.1017513e+01	4.3303062e-03
4.1039322e+01	-7.6637263e-02
4.1061131e+01	1.0661860e-01
4.1082940e+01	-9.6817731e-02
4.1104749e+01	1.2370688e-01
4.1126558e+01	1.3266069e-01
4.1148367e+01	-6.4038467e-02
4.1170176e+01	-4.8691840e-02
4.1191985e+01	4.1233693e-02
4.1213794e+01	-6.6996049e-02
4.1235603e+01	-4.7069403e-02
4.1257412e+01	1.1653825e-01
4.1279221e+01	-2.7875854e-02
4.1301029e+01	-6.8875353e-02
4.1322838e+01	1.9307860e-02
4.1344647e+01	-2.6460493e-02
4.1366456e+01	1.9264960e-01
4.1388265e+01	3.1469170e-01
4.1410074e+01	2.7000910e-01
4.1431883e+01	1.0136630e-01
4.1453692e+01	-1.5201952e-01
4.1475501e+01	-1.5595661e-03
4.1497310e+01	9.2060245e-02
4.1519119e+01	-2.5552073e-02
4.1540928e+01	7.2318300e-02
4.1562737e+01	9.3555466e-02
4.1584546e+01	-1.1633951e-01
4.1606355e+01	-1.8281023e-01
4.1628164e+01	-8.5790401e-02
4.1649972e+01	3.3887967e-02
4.1671781e+01	1.0324337e-01
4.1693590e+01	4.3089449e-01
4.1715399e+01	2.5525030e-01
4.1737208e+01	-1.1368697e-01
4.1759017e+01	1.2623289e-01
4.1780826e+01	1.4029757e-01
4.1802635e+01	4.4883595e-01
4.1824444e+01	4.4965632e-01
4.1846253e+01	4.3314057e-01
4.1868062e+01	2.6468923e-01
4.1889871e+01	8.6040113e-02
4.1911680e+01	2.1156587e-01
4.1933489e+01	1.1830891e-02
4.1955298e+01	-7.6975044e-03
4.1977107e+01	-8.2925510e-02
4.1998916e+01	-1.8519000e-01
4.2020724e+01	2.2884167e-02
4.2042533e+01	-9.0849868e-02
4.2064342e+01	3.3326794e-02
4.2086151e+01	3.7368248e-02
4.2107960e+01	2.0676926e-01
4.2129769e+01	8.8965255e-02
4.2151578e+01	5.0261695e-02
4.2173387e+01	1.0115498e-01
4.2195196e+01	-1.0062959e-02
4.2217005e+01	2.9250226e-01
4.2238814e+01	-1.3327861e-02
4.2260623e+01	-2.6120669e-01
4.2282432e+01	-4.5950711e-02
4.2304241e+01	5.7305502e-02
4.2326050e+01	-5.4701325e-02
4.2347859e+01	1.3883060e-02
4.2369667e+01	9.2322969e-02
4.2391476e+01	2.4740405e-01
4.2413285e+01	8.0939449e-01
4.2435094e+01	8.7629430e-01
4.2456903e+01	1.0746475e+00
4.2478712e+01	1.4366381e+00
4.2500521e+01	1.8696501e+00
4.2522330e+01	2.0617225e+00
4.2544139e+01	2.0970023e+00
4.2565948e+01	2.4535106e+00
4.2587757e+01	2.6829334e+00
4.2609566e+01	2.6229616e+00
4.2631375e+01	2.2254193e+00
4.2653184e+01	2.0198404e+00
4.2674993e+01	1.5060721e+00
4.2696802e+01	8.7091429e-01
4.2718610e+01	7.5546201e-01
4.2740419e+01	4.4123926e-01
4.2762228e+01	5.0394106e-01
4.2784037e+01	7.3387902e-02
4.2805846e+01	-2.7834762e-02
4.2827655e+01	5.1888678e-02
4.2849464e+01	1.4848821e-01
4.2871273e+01	-1.7663321e-02
4.2893082e+01	-2.6568655e-02
4.2914891e+01	9.0707816e-02
4.2936700e+01	-8.2467133e-02
4.2958509e+01	-1.4464444e-01
4.2980318e+01	2.3790271e-01
4.3002127e+01	-2.1147434e-02
4.3023936e+01	6.0013220e-02
4.3045745e+01	3.2715624e-01
4.3067553e+01	6.2313116e-01
4.3089362e+01	5.1833802e-01
4.3111171e+01	5.1314184e-01
4.3132980e+01	-5.6148397e-02
4.3154789e+01	-1.6541673e-01
4.3176598e+01	1.8149110e-01
4.3198407e+01	3.0267623e-01
4.3220216e+01	1.4477334e-01
4.3242025e+01	-3.4331469e-02
4.3263834e+01	1.0456261e-02
4.3285643e+01	-4.3537073e-02
4.3307452e+01	1.1646312e-01
4.3329261e+01	-2.0980673e-01
4.3351070e+01	4.2850919e-02
4.3372879e+01	2.6618817e-01
4.3394688e+01	4.6883896e-01
4.3416496e+01	9.9760090e-02
4.3438305e+01	2.0909215e-01
4.3460114e+01	4.8173429e-01
4.3481923e+01	3.9620609e-01
4.3503732e+01	8.4896048e-02
4.3525541e+01	1.1922060e-02
4.3547350e+01	-4.9772960e-02
4.3569159e+01	-7.0160615e-02
4.3590968e+01	-4.9140765e-02
4.3612777e+01	-2.0034807e-02
4.3634586e+01	8.9653531e-02
4.3656395e+01	6.0453091e-01
4.3678204e+01	8.7883738e-01
4.3700013e+01	1.8686340e+00
4.3721822e+01	2.5728569e+00
4.3743631e+01	2.9625540e+00
4.3765439e+01	3.7368944e+00
4.3787248e+01	4.8017813e+00
4.3809057e+01	5.5746846e+00
4.3830866e+01	6.1990524e+00
4.3852675e+01	6.6107067e+00
4.3874484e+01	7.5633027e+00
4.3896293e+01	7.9940674e+00
4.3918102e+01	7.6581168e+00
4.3939911e+01	6.5170201e+00
4.3961720e+01	5.3456301e+00
4.3983529e+01	3.9608001e+00
4.4005338e+01	2.7378991e+00
4.4027147e+01	1.6376931e+00
4.4048956e+01	1.2458312e+00
4.4070765e+01	8.0156751e-01
4.4092574e+01	3.6107199e-01
4.4114383e+01	7.1508735e-02
4.4136191e+01	-3.2660104e-02
4.4158000e+01	2.8119740e-01
4.4179809e+01	2.9668841e-01
4.4201618e+01	-3.7958041e-02
4.4223427e+01	-1.0935482e-01
4.4245236e+01	8.3253087e-02
4.4267045e+01	5.4986074e-01
4.4288854e+01	1.8780752e-01
4.4310663e+01	-7.8130216e-02
4.4332472e+01	4.1671005e-02
4.4354281e+01	2.9629681e-01
4.4376090e+01	4.0083033e-01
4.4397899e+01	1.1105717e-03
4.4419708e+01	-4.7286030e-03
4.4441517e+01	-5.1988314e-02
4.4463326e+01	-1.5493224e-01
4.4485134e+01	1.0734253e-01
4.4506943e+01	1.0517432e-01
4.4528752e+01	-6.9706900e-02
4.4550561e+01	-6.6746389e-02
4.4572370e+01	1.2828594e-01
4.4594179e+01	2.0729779e-01
4.4615988e+01	2.2364675e-01
4.4637797e+01	5.5828182e-02
4.4659606e+01	-9.8030172e-02
4.4681415e+01	7.8932120e-02
4.4703224e+01	2.7744049e-02
4.4725033e+01	2.2684436e-01
4.4746842e+01	3.5022371e-01
4.4768651e+01	2.9364803e-02
4.4790460e+01	-1.6192680e-01
4.4812269e+01	-1.7916316e-01
4.4834077e+01	1.0465924e-01
4.4855886e+01	-1.5588011e-02
4.4877695e+01	3.0382280e-01
4.4899504e+01	3.7277576e-02
4.4921313e+01	-3.3219084e-02
4.4943122e+01	1.0900403e-01
4.4964931e+01	2.1071500e-01
4.4986740e+01	-5.0757456e-02