Image file: \\Gfs05\g45\SAXS\2020_12\HDF5\2020-12.10_Kevin_day2_SN\2020-12-10_Max_Cu123_SN_000017_data_000148.h5
ImageIntegration1d_chi_output; Output_Directory= \\Gfs05\g45\SAXS\2020_12\Processed\2020-12-09_Kevin_day1_SN\Chi-Sample-7
Profile = Radial, StartAzimuth = 0.0, EndAzimuth = 360.0, Sam_Det_distance = 250.818474293, InnerRadius = 15.0, OuterRadius = 2400.0, Lambda = 30, Ratio = 0.001, Itermax = 100
2400
2.0013229e+00	9.5747686e-02
2.0231319e+00	1.6348340e-02
2.0449408e+00	-1.5312588e-01
2.0667497e+00	-6.2838058e-02
2.0885587e+00	3.1265294e-02
2.1103676e+00	5.1657404e-02
2.1321765e+00	-8.1167205e-02
2.1539855e+00	3.8188497e-02
2.1757944e+00	8.2976840e-02
2.1976034e+00	3.8483601e-02
2.2194123e+00	-6.2454748e-02
2.2412212e+00	4.5616995e-02
2.2630302e+00	9.8988589e-02
2.2848391e+00	-7.0267757e-02
2.3066480e+00	1.7466702e-02
2.3284570e+00	-1.6538325e-01
2.3502659e+00	1.8665931e-01
2.3720749e+00	3.7819409e-01
2.3938838e+00	4.6770145e-03
2.4156927e+00	5.2120108e-02
2.4375017e+00	-1.1894270e-02
2.4593106e+00	-6.4297619e-02
2.4811196e+00	1.2398715e-02
2.5029285e+00	-1.0061461e-01
2.5247374e+00	-6.2693431e-02
2.5465464e+00	8.7515153e-02
2.5683553e+00	1.2229454e-01
2.5901642e+00	-3.0676232e-02
2.6119732e+00	2.2048133e-01
2.6337821e+00	1.4560888e-01
2.6555911e+00	-4.5102257e-02
2.6774000e+00	1.5511641e-02
2.6992089e+00	6.2041334e-02
2.7210179e+00	-2.2563333e-01
2.7428268e+00	-8.7634886e-02
2.7646358e+00	-3.5207432e-03
2.7864447e+00	2.3640695e-02
2.8082536e+00	1.4921225e-01
2.8300626e+00	2.1810407e-01
2.8518715e+00	2.3728795e-02
2.8736804e+00	-5.1061428e-02
2.8954894e+00	-8.5043074e-02
2.9172983e+00	9.6175101e-02
2.9391073e+00	1.2436895e-01
2.9609162e+00	2.7473015e-02
2.9827251e+00	-2.4142095e-01
3.0045341e+00	-6.8792824e-02
3.0263430e+00	4.8703859e-02
3.0481519e+00	2.3606044e-01
3.0699609e+00	2.7480273e-01
3.0917698e+00	8.9168450e-02
3.1135788e+00	-9.5093447e-02
3.1353877e+00	-1.5654495e-02
3.1571966e+00	9.2533422e-02
3.1790056e+00	6.6393875e-02
3.2008145e+00	-4.8059351e-02
3.2226235e+00	-6.2196697e-03
3.2444324e+00	3.8847137e-02
3.2662413e+00	4.1165404e-02
3.2880503e+00	-1.8107772e-02
3.3098592e+00	-3.9247893e-03
3.3316681e+00	-2.0950384e-01
3.3534771e+00	-2.1243436e-02
3.3752860e+00	9.1058373e-02
3.3970950e+00	1.3428324e-01
3.4189039e+00	-1.0303897e-01
3.4407128e+00	4.0372679e-03
3.4625218e+00	7.8417040e-02
3.4843307e+00	2.5078040e-02
3.5061396e+00	-1.5352066e-01
3.5279486e+00	2.3064687e-02
3.5497575e+00	1.1647816e-01
3.5715665e+00	7.5694227e-02
3.5933754e+00	-7.3207406e-02
3.6151843e+00	7.8108250e-04
3.6369933e+00	9.3535585e-03
3.6588022e+00	-3.1730116e-02
3.6806112e+00	1.2525568e-01
3.7024201e+00	-1.2660516e-01
3.7242290e+00	-1.2107677e-01
3.7460380e+00	-5.4976129e-02
3.7678469e+00	1.0358060e-01
3.7896558e+00	1.3608948e-01
3.8114648e+00	9.1286456e-03
3.8332737e+00	3.0113476e-02
3.8550827e+00	-3.7813917e-03
3.8768916e+00	3.4906539e-03
3.8987005e+00	1.5008133e-02
3.9205095e+00	-1.0343963e-01
3.9423184e+00	-2.3139482e-02
3.9641273e+00	-4.7140796e-04
3.9859363e+00	2.7579528e-02
4.0077452e+00	-3.9575049e-02
4.0295542e+00	-5.4931690e-02
4.0513631e+00	8.8169831e-02
4.0731720e+00	8.8559495e-02
4.0949810e+00	-1.5388814e-01
4.1167899e+00	6.8718745e-02
4.1385989e+00	5.9823527e-02
4.1604078e+00	1.9384789e-02
4.1822167e+00	5.1373974e-02
4.2040257e+00	-6.5580997e-02
4.2258346e+00	-1.0212277e-01
4.2476435e+00	5.4415787e-02
4.2694525e+00	6.6219812e-02
4.2912614e+00	-1.2193199e-01
4.3130704e+00	-1.2349578e-02
4.3348793e+00	5.5859426e-02
4.3566882e+00	3.3629729e-02
4.3784972e+00	4.1563837e-02
4.4003061e+00	-7.9097963e-02
4.4221151e+00	3.6814030e-02
4.4439240e+00	1.2688793e-01
4.4657329e+00	-3.2723408e-02
4.4875419e+00	-6.9902556e-02
4.5093508e+00	-8.1580708e-02
4.5311597e+00	-8.3321201e-02
4.5529687e+00	1.5899811e-02
4.5747776e+00	1.4127939e-01
4.5965866e+00	-2.7812324e-03
4.6183955e+00	-2.6099849e-03
4.6402044e+00	-1.9377209e-02
4.6620134e+00	9.4681658e-02
4.6838223e+00	-6.9923310e-02
4.7056312e+00	7.5961932e-02
4.7274402e+00	3.6580298e-01
4.7492491e+00	1.9464726e-01
4.7710581e+00	-1.0776189e-01
4.7928670e+00	-4.8269040e-02
4.8146759e+00	-1.5162829e-02
4.8364849e+00	1.6656752e-02
4.8582938e+00	2.3662773e-02
4.8801028e+00	-8.9941650e-02
4.9019117e+00	1.3280171e-02
4.9237206e+00	2.6718884e-01
4.9455296e+00	1.9997418e-01
4.9673385e+00	6.6854319e-03
4.9891474e+00	-2.4270602e-03
5.0109564e+00	1.6162856e-01
5.0327653e+00	9.3553951e-02
5.0545743e+00	-7.8600490e-02
5.0763832e+00	-1.9896213e-01
5.0981921e+00	-1.3589349e-01
5.1200011e+00	2.7061951e-02
5.1418100e+00	9.9504820e-03
5.1636189e+00	1.4450434e-01
5.1854279e+00	2.7510366e-01
5.2072368e+00	8.9860882e-02
5.2290458e+00	5.7377751e-02
5.2508547e+00	2.9271953e-01
5.2726636e+00	2.8489218e-01
5.2944726e+00	-4.0229130e-02
5.3162815e+00	-2.0454650e-01
5.3380905e+00	6.8102533e-02
5.3598994e+00	3.0674658e-02
5.3817083e+00	1.0869821e-01
5.4035173e+00	9.0994465e-04
5.4253262e+00	-1.7212139e-01
5.4471351e+00	1.2196267e-01
5.4689441e+00	3.2196293e-01
5.4907530e+00	1.3414774e-01
5.5125620e+00	-9.4474146e-02
5.5343709e+00	-1.5708729e-01
5.5561798e+00	2.3224767e-02
5.5779888e+00	-4.6557320e-02
5.5997977e+00	4.5538218e-02
5.6216066e+00	1.6258770e-01
5.6434156e+00	1.5335847e-01
5.6652245e+00	-5.3108598e-03
5.6870335e+00	-1.3217129e-01
5.7088424e+00	-1.1600598e-01
5.7306513e+00	6.8708584e-02
5.7524603e+00	1.1357572e-01
5.7742692e+00	-2.5418768e-02
5.7960782e+00	1.4922218e-02
5.8178871e+00	-5.0370343e-02
5.8396960e+00	-2.4408135e-03
5.8615050e+00	1.4090313e-01
5.8833139e+00	5.0660616e-03
5.9051228e+00	-5.0427774e-02
5.9269318e+00	-1.2262976e-01
5.9487407e+00	4.5699308e-02
5.9705497e+00	3.2727251e-02
5.9923586e+00	-4.2291371e-02
6.0141675e+00	-1.1495406e-02
6.0359765e+00	1.0338063e-01
6.0577854e+00	3.1889101e-02
6.0795944e+00	-8.3894522e-02
6.1014033e+00	-1.2440448e-01
6.1232122e+00	1.3355232e-01
6.1450212e+00	-3.0831283e-02
6.1668301e+00	2.8726419e-02
6.1886390e+00	4.4447439e-02
6.2104480e+00	4.5536485e-03
6.2322569e+00	-6.0117314e-02
6.2540659e+00	7.4566270e-03
6.2758748e+00	2.8973418e-01
6.2976837e+00	2.5802990e-01
6.3194927e+00	-3.5458115e-03
6.3413016e+00	8.6603279e-02
6.3631105e+00	8.6564796e-03
6.3849195e+00	-5.6848454e-02
6.4067284e+00	-8.8262823e-02
6.4285374e+00	8.4288723e-02
6.4503463e+00	-3.9678514e-02
6.4721552e+00	-8.2617379e-02
6.4939642e+00	5.7721514e-02
6.5157731e+00	2.4531830e-01
6.5375821e+00	2.9051760e-01
6.5593910e+00	2.6455643e-01
6.5811999e+00	1.5790000e-01
6.6030089e+00	-4.2038761e-03
6.6248178e+00	-1.5522375e-01
6.6466267e+00	-1.4481416e-01
6.6684357e+00	1.3390442e-01
6.6902446e+00	1.1562765e-01
6.7120536e+00	4.2896881e-05
6.7338625e+00	-2.7896443e-02
6.7556714e+00	-1.6305738e-01
6.7774804e+00	5.1143515e-02
6.7992893e+00	1.2117293e-01
6.8210982e+00	1.3716647e-01
6.8429072e+00	1.3666492e-01
6.8647161e+00	-7.3951225e-02
6.8865251e+00	-7.9608156e-03
6.9083340e+00	-1.4856688e-01
6.9301429e+00	-2.1031731e-01
6.9519519e+00	6.9590172e-02
6.9737608e+00	7.9075442e-02
6.9955698e+00	-5.1899925e-02
7.0173787e+00	6.2898905e-02
7.0391876e+00	7.3642438e-02
7.0609966e+00	-2.9009617e-02
7.0828055e+00	-4.0004764e-02
7.1046144e+00	9.6908063e-02
7.1264234e+00	5.2576036e-02
7.1482323e+00	-8.5804968e-02
7.1700413e+00	3.5209247e-02
7.1918502e+00	2.6958189e-01
7.2136591e+00	2.6893781e-01
7.2354681e+00	-5.1898478e-02
7.2572770e+00	-7.0715154e-02
7.2790859e+00	-1.2164478e-01
7.3008949e+00	9.4902043e-02
7.3227038e+00	3.0229467e-02
7.3445128e+00	7.7227522e-02
7.3663217e+00	8.2660378e-02
7.3881306e+00	-1.5142494e-01
7.4099396e+00	3.1675266e-02
7.4317485e+00	1.6618017e-01
7.4535575e+00	9.1788278e-02
7.4753664e+00	-6.7306916e-02
7.4971753e+00	-1.6214360e-01
7.5189843e+00	-4.8870626e-02
7.5407932e+00	-5.5208094e-02
7.5626021e+00	2.7516759e-01
7.5844111e+00	1.3771998e-01
7.6062200e+00	1.3139447e-01
7.6280290e+00	1.3821549e-01
7.6498379e+00	-7.0728270e-02
7.6716468e+00	3.3310551e-02
7.6934558e+00	-1.4038429e-01
7.7152647e+00	-8.9128721e-02
7.7370737e+00	-5.5626228e-02
7.7588826e+00	3.0210519e-02
7.7806915e+00	3.2563755e-02
7.8025005e+00	-1.1225552e-01
7.8243094e+00	1.4027267e-01
7.8461183e+00	1.8755409e-01
7.8679273e+00	4.9817789e-02
7.8897362e+00	-5.8916731e-02
7.9115452e+00	-2.9681835e-02
7.9333541e+00	8.0078719e-02
7.9551630e+00	-1.2775685e-01
7.9769720e+00	1.9384338e-02
7.9987809e+00	4.7450672e-02
8.0205898e+00	2.5723303e-01
8.0423988e+00	3.0045775e-01
8.0642077e+00	6.4542189e-02
8.0860167e+00	1.1552355e-02
8.1078256e+00	-1.2124305e-01
8.1296345e+00	-1.1782668e-01
8.1514435e+00	9.0765201e-02
8.1732524e+00	7.1096818e-02
8.1950614e+00	-1.3568409e-01
8.2168703e+00	1.5335503e-02
8.2386792e+00	2.3119042e-01
8.2604882e+00	1.6268838e-01
8.2822971e+00	1.1413807e-01
8.3041060e+00	4.3100221e-02
8.3259150e+00	2.7970375e-02
8.3477239e+00	-2.0661600e-01
8.3695329e+00	-1.1182654e-01
8.3913418e+00	3.1944228e-01
8.4131507e+00	3.8041150e-01
8.4349597e+00	2.5452461e-01
8.4567686e+00	8.8635890e-02
8.4785775e+00	-5.8510854e-02
8.5003865e+00	1.9379773e-01
8.5221954e+00	2.7997809e-01
8.5440044e+00	-1.1504487e-01
8.5658133e+00	-1.8099417e-02
8.5876222e+00	5.1343942e-02
8.6094312e+00	4.9464623e-02
8.6312401e+00	1.3463343e-01
8.6530491e+00	-1.1434020e-01
8.6748580e+00	2.4598444e-01
8.6966669e+00	9.3910345e-02
8.7184759e+00	-2.1369336e-01
8.7402848e+00	-5.6678041e-02
8.7620937e+00	1.2564502e-01
8.7839027e+00	-5.2748470e-02
8.8057116e+00	9.3140473e-04
8.8275206e+00	1.1392953e-01
8.8493295e+00	8.2883776e-02
8.8711384e+00	1.4535076e-01
8.8929474e+00	-7.0195937e-02
8.9147563e+00	-5.7826092e-02
8.9365652e+00	-1.5956683e-01
8.9583742e+00	1.4092598e-01
8.9801831e+00	2.1624432e-01
9.0019921e+00	-7.2249183e-02
9.0238010e+00	-8.0321396e-02
9.0456099e+00	6.7889189e-03
9.0674189e+00	-1.1902480e-01
9.0892278e+00	1.0349410e-03
9.1110368e+00	4.4217081e-02
9.1328457e+00	8.9590094e-02
9.1546546e+00	1.4812876e-01
9.1764636e+00	3.0743000e-01
9.1982725e+00	1.9472199e-01
9.2200814e+00	3.8244687e-03
9.2418904e+00	-8.9488176e-02
9.2636993e+00	-5.7481874e-02
9.2855083e+00	-2.7877757e-02
9.3073172e+00	-1.0534718e-01
9.3291261e+00	5.8983328e-03
9.3509351e+00	9.8645749e-02
9.3727440e+00	-4.0636279e-02
9.3945530e+00	-1.5223301e-03
9.4163619e+00	1.1756917e-01
9.4381708e+00	1.0727950e-01
9.4599798e+00	-5.0186344e-02
9.4817887e+00	-6.9173582e-02
9.5035976e+00	-2.9718947e-03
9.5254066e+00	4.6894594e-02
9.5472155e+00	-8.5832288e-02
9.5690245e+00	-9.6598082e-02
9.5908334e+00	2.8955590e-02
9.6126423e+00	2.5993927e-02
9.6344513e+00	3.3517241e-01
9.6562602e+00	1.6036583e-01
9.6780691e+00	8.0148799e-02
9.6998781e+00	-2.9278374e-02
9.7216870e+00	1.8511169e-02
9.7434960e+00	1.8845814e-02
9.7653049e+00	-1.8161579e-02
9.7871138e+00	-1.4211778e-01
9.8089228e+00	-4.8274567e-02
9.8307317e+00	-6.0826488e-02
9.8525407e+00	1.5288472e-01
9.8743496e+00	3.4265799e-03
9.8961585e+00	-1.2705943e-01
9.9179675e+00	1.7364109e-01
9.9397764e+00	1.5934822e-02
9.9615853e+00	7.0184891e-02
9.9833943e+00	-2.7280539e-02
1.0005203e+01	6.5234635e-02
1.0027012e+01	-1.2625555e-01
1.0048821e+01	2.2535256e-01
1.0070630e+01	1.4161095e-02
1.0092439e+01	1.2251186e-01
1.0114248e+01	1.2969962e-01
1.0136057e+01	-1.0126527e-01
1.0157866e+01	-1.1652382e-01
1.0179675e+01	1.8910436e-01
1.0201484e+01	1.0256571e-01
1.0223293e+01	4.4414296e-03
1.0245102e+01	-1.5506094e-03
1.0266910e+01	-1.3852738e-01
1.0288719e+01	-1.2415923e-01
1.0310528e+01	-6.7249568e-03
1.0332337e+01	1.2044812e+00
1.0354146e+01	1.9046260e+00
1.0375955e+01	2.4852912e+00
1.0397764e+01	2.7189835e+00
1.0419573e+01	3.0941207e+00
1.0441382e+01	3.8949134e+00
1.0463191e+01	4.5317144e+00
1.0485000e+01	6.2986794e+00
1.0506809e+01	8.7842062e+00
1.0528618e+01	1.0155522e+01
1.0550427e+01	9.5581629e+00
1.0572236e+01	8.3874504e+00
1.0594045e+01	8.9611875e+00
1.0615853e+01	9.5288101e+00
1.0637662e+01	1.0079003e+01
1.0659471e+01	1.0101689e+01
1.0681280e+01	8.5957576e+00
1.0703089e+01	6.2790972e+00
1.0724898e+01	3.8722858e+00
1.0746707e+01	2.2522453e+00
1.0768516e+01	1.4392033e+00
1.0790325e+01	1.2519025e+00
1.0812134e+01	9.7043878e-01
1.0833943e+01	7.7918378e-01
1.0855752e+01	5.2799124e-01
1.0877561e+01	6.4947911e-02
1.0899370e+01	-3.3187549e-02
1.0921179e+01	-9.1290677e-02
1.0942988e+01	1.4903783e-01
1.0964796e+01	1.0986516e-01
1.0986605e+01	6.7015763e-01
1.1008414e+01	6.2960921e-01
1.1030223e+01	7.3846083e-01
1.1052032e+01	4.6216346e-01
1.1073841e+01	9.2692605e-01
1.1095650e+01	1.4874460e+00
1.1117459e+01	1.6876006e+00
1.1139268e+01	1.7671964e+00
1.1161077e+01	1.8417618e+00
1.1182886e+01	2.4027230e+00
1.1204695e+01	2.5694385e+00
1.1226504e+01	3.0797017e+00
1.1248313e+01	2.7924300e+00
1.1270122e+01	1.6858737e+00
1.1291931e+01	1.0588954e+00
1.1313740e+01	5.3409222e-01
1.1335548e+01	3.2319872e-01
1.1357357e+01	3.8128820e-01
1.1379166e+01	6.8283071e-02
1.1400975e+01	-1.9581120e-01
1.1422784e+01	2.4439825e-02
1.1444593e+01	1.2518594e-02
1.1466402e+01	-8.6881612e-02
1.1488211e+01	9.2134020e-02
1.1510020e+01	7.8376209e-02
1.1531829e+01	-1.0217076e-01
1.1553638e+01	-4.0309971e-02
1.1575447e+01	-1.2713292e-01
1.1597256e+01	3.7986192e-02
1.1619065e+01	8.3004857e-02
1.1640874e+01	5.6940689e-02
1.1662683e+01	1.4262165e-01
1.1684491e+01	-6.2119469e-02
1.1706300e+01	-1.5318796e-02
1.1728109e+01	8.7645931e-02
1.1749918e+01	-1.2286767e-02
1.1771727e+01	-8.9531497e-02
1.1793536e+01	-1.6731563e-01
1.1815345e+01	9.8834687e-02
1.1837154e+01	5.2374508e-02
1.1858963e+01	9.1315584e-02
1.1880772e+01	-8.5674512e-03
1.1902581e+01	-8.4831100e-02
1.1924390e+01	5.7057457e-02
1.1946199e+01	1.2166858e-01
1.1968008e+01	-1.9986301e-02
1.1989817e+01	-7.7820852e-03
1.2011626e+01	-1.0045185e-01
1.2033434e+01	-8.9750518e-02
1.2055243e+01	-3.3778721e-02
1.2077052e+01	-1.7469549e-02
1.2098861e+01	1.5387457e-02
1.2120670e+01	-5.4428307e-02
1.2142479e+01	1.0086476e-01
1.2164288e+01	2.1389422e-01
1.2186097e+01	1.1098078e-01
1.2207906e+01	1.9189746e-01
1.2229715e+01	-9.2292923e-02
1.2251524e+01	-1.4296449e-01
1.2273333e+01	8.6119554e-03
1.2295142e+01	-3.6084947e-02
1.2316951e+01	1.5793387e-01
1.2338760e+01	9.7128902e-02
1.2360569e+01	-1.8577409e-02
1.2382377e+01	7.7975961e-02
1.2404186e+01	-8.8502107e-02
1.2425995e+01	-1.4895986e-01
1.2447804e+01	3.5350364e-02
1.2469613e+01	-1.3710545e-01
1.2491422e+01	9.0822674e-02
1.2513231e+01	1.9688384e-01
1.2535040e+01	3.8690082e-03
1.2556849e+01	-1.7964362e-02
1.2578658e+01	-6.4459596e-02
1.2600467e+01	1.5307641e-01
1.2622276e+01	5.6861155e-02
1.2644085e+01	4.0673020e-02
1.2665894e+01	4.2933770e-02
1.2687703e+01	-1.1936714e-01
1.2709512e+01	-4.0858829e-02
1.2731320e+01	-2.9444585e-02
1.2753129e+01	-8.4426109e-02
1.2774938e+01	4.4183963e-02
1.2796747e+01	1.2656204e-01
1.2818556e+01	-1.3118306e-01
1.2840365e+01	-1.2149336e-01
1.2862174e+01	1.2802383e-01
1.2883983e+01	2.3745925e-02
1.2905792e+01	-3.6673280e-02
1.2927601e+01	4.4245824e-02
1.2949410e+01	1.0165189e-01
1.2971219e+01	-4.1541052e-02
1.2993028e+01	9.0442444e-02
1.3014837e+01	4.7183815e-01
1.3036646e+01	2.4793656e-01
1.3058455e+01	4.4588881e-01
1.3080264e+01	6.4428678e-01
1.3102072e+01	7.5471437e-01
1.3123881e+01	2.4864932e-03
1.3145690e+01	-3.5636948e-02
1.3167499e+01	-1.3467816e-02
1.3189308e+01	1.6850852e-01
1.3211117e+01	-3.2302723e-02
1.3232926e+01	7.0462229e-02
1.3254735e+01	1.0041850e-01
1.3276544e+01	2.2205464e-02
1.3298353e+01	-8.2047803e-02
1.3320162e+01	-2.2870634e-01
1.3341971e+01	-4.1837344e-01
1.3363780e+01	2.1459161e-02
1.3385589e+01	1.7755951e-01
1.3407398e+01	3.6661228e-01
1.3429207e+01	4.8975759e-01
1.3451015e+01	1.1022777e-01
1.3472824e+01	2.5264975e-02
1.3494633e+01	1.6489782e-01
1.3516442e+01	1.1066236e-01
1.3538251e+01	5.0433602e-02
1.3560060e+01	1.9186514e-01
1.3581869e+01	2.4000446e-01
1.3603678e+01	-1.7631806e-01
1.3625487e+01	-5.0934062e-02
1.3647296e+01	3.8581082e-02
1.3669105e+01	2.6541448e-01
1.3690914e+01	-4.4787313e-02
1.3712723e+01	4.4909778e-02
1.3734532e+01	2.4299937e-01
1.3756341e+01	1.8740461e-01
1.3778150e+01	-4.1077567e-02
1.3799958e+01	-1.7676494e-01
1.3821767e+01	-6.4988390e-02
1.3843576e+01	1.5850733e-01
1.3865385e+01	2.7288652e-01
1.3887194e+01	1.2684930e-01
1.3909003e+01	-1.2018589e-01
1.3930812e+01	9.4982576e-03
1.3952621e+01	2.0020199e-02
1.3974430e+01	6.2328333e-02
1.3996239e+01	-2.5662553e-02
1.4018048e+01	-3.2089212e-02
1.4039857e+01	3.2384599e-02
1.4061666e+01	3.1378355e-02
1.4083475e+01	2.2663433e-02
1.4105284e+01	-2.5053629e-02
1.4127093e+01	-1.1645459e-01
1.4148901e+01	-8.5842486e-02
1.4170710e+01	8.7211370e-02
1.4192519e+01	-6.8830544e-03
1.4214328e+01	2.3785801e-02
1.4236137e+01	-2.1838289e-02
1.4257946e+01	-3.9080055e-02
1.4279755e+01	1.0558731e-01
1.4301564e+01	-4.8811112e-03
1.4323373e+01	6.0649684e-02
1.4345182e+01	8.5091230e-02
1.4366991e+01	-6.6009633e-02
1.4388800e+01	3.3438057e-02
1.4410609e+01	-7.4868664e-02
1.4432418e+01	-5.5811647e-02
1.4454227e+01	-1.6667326e-02
1.4476036e+01	5.1447954e-02
1.4497844e+01	-1.3919514e-03
1.4519653e+01	6.8128363e-03
1.4541462e+01	1.9654018e-04
1.4563271e+01	-2.7685348e-02
1.4585080e+01	6.1160121e-02
1.4606889e+01	2.2982321e-02
1.4628698e+01	-7.2813458e-02
1.4650507e+01	1.6391221e-01
1.4672316e+01	-3.0362352e-02
1.4694125e+01	-1.6029583e-01
1.4715934e+01	-5.8211249e-02
1.4737743e+01	4.3035533e-02
1.4759552e+01	-1.8540247e-02
1.4781361e+01	1.4345872e-01
1.4803170e+01	2.9057235e-01
1.4824979e+01	5.6808758e-01
1.4846787e+01	9.8838968e-01
1.4868596e+01	1.6718309e+00
1.4890405e+01	1.8527075e+00
1.4912214e+01	1.8922017e+00
1.4934023e+01	1.4815929e+00
1.4955832e+01	1.2157651e+00
1.4977641e+01	1.5142117e+00
1.4999450e+01	2.0178320e+00
1.5021259e+01	2.3728182e+00
1.5043068e+01	2.4175545e+00
1.5064877e+01	2.3466963e+00
1.5086686e+01	2.0451267e+00
1.5108495e+01	1.9317090e+00
1.5130304e+01	1.3186204e+00
1.5152113e+01	8.1662431e-01
1.5173922e+01	1.5795686e-01
1.5195731e+01	-5.9852663e-02
1.5217539e+01	1.0766237e-01
1.5239348e+01	-4.3197579e-02
1.5261157e+01	-2.4436500e-01
1.5282966e+01	-1.1336781e-01
1.5304775e+01	1.6383356e-01
1.5326584e+01	2.7434954e-01
1.5348393e+01	1.2657272e-01
1.5370202e+01	-6.2431708e-02
1.5392011e+01	1.1373768e-01
1.5413820e+01	1.3862108e-01
1.5435629e+01	1.2801828e-01
1.5457438e+01	-4.3593144e-03
1.5479247e+01	-2.2178320e-01
1.5501056e+01	-8.4657703e-02
1.5522865e+01	2.0705603e-02
1.5544674e+01	-2.2385082e-02
1.5566482e+01	4.3734087e-02
1.5588291e+01	-3.2366284e-02
1.5610100e+01	-9.6496430e-02
1.5631909e+01	1.2161879e-02
1.5653718e+01	4.8147304e-02
1.5675527e+01	9.1618898e-02
1.5697336e+01	6.6160390e-02
1.5719145e+01	-4.5878282e-02
1.5740954e+01	1.3810041e-02
1.5762763e+01	7.5635433e-02
1.5784572e+01	6.0793590e-02
1.5806381e+01	-6.6378844e-02
1.5828190e+01	-9.9464538e-02
1.5849999e+01	-1.4288078e-01
1.5871808e+01	-9.6778479e-02
1.5893617e+01	1.3393311e-01
1.5915425e+01	8.6346579e-02
1.5937234e+01	9.2722082e-02
1.5959043e+01	1.2827979e-01
1.5980852e+01	-9.5275211e-02
1.6002661e+01	-8.8424802e-02
1.6024470e+01	-2.2432143e-02
1.6046279e+01	4.4027956e-02
1.6068088e+01	-6.9861993e-02
1.6089897e+01	-7.3529950e-02
1.6111706e+01	1.4369863e-01
1.6133515e+01	1.1330508e-01
1.6155324e+01	8.8045718e-02
1.6177133e+01	-1.1293701e-01
1.6198942e+01	-3.6422455e-02
1.6220751e+01	-1.1506548e-01
1.6242560e+01	-5.3439262e-02
1.6264368e+01	8.2264460e-02
1.6286177e+01	1.8155945e-02
1.6307986e+01	1.7320501e-01
1.6329795e+01	5.2420757e-02
1.6351604e+01	-9.8457368e-02
1.6373413e+01	5.8030463e-02
1.6395222e+01	-5.1649125e-02
1.6417031e+01	-6.4721881e-02
1.6438840e+01	6.9434761e-02
1.6460649e+01	-1.7717490e-02
1.6482458e+01	-5.6204327e-02
1.6504267e+01	3.7160758e-02
1.6526076e+01	6.3553448e-02
1.6547885e+01	5.8591733e-02
1.6569694e+01	-1.8525120e-02
1.6591503e+01	-1.6199831e-01
1.6613311e+01	-8.6629239e-03
1.6635120e+01	1.7260878e-02
1.6656929e+01	1.3154435e-02
1.6678738e+01	8.4293075e-02
1.6700547e+01	-1.0201547e-01
1.6722356e+01	7.9880358e-02
1.6744165e+01	4.5036054e-01
1.6765974e+01	5.6441176e-01
1.6787783e+01	6.0184183e-01
1.6809592e+01	6.3035559e-01
1.6831401e+01	2.9426383e-01
1.6853210e+01	2.9176838e-01
1.6875019e+01	1.3353651e-01
1.6896828e+01	-6.6995828e-02
1.6918637e+01	-7.0108535e-02
1.6940446e+01	-3.7650544e-02
1.6962254e+01	1.4439193e-01
1.6984063e+01	1.5789132e-01
1.7005872e+01	-5.4695290e-02
1.7027681e+01	-1.5367880e-01
1.7049490e+01	-4.1112251e-02
1.7071299e+01	-1.3507097e-02
1.7093108e+01	-5.8397752e-02
1.7114917e+01	-1.3807736e-02
1.7136726e+01	1.2924173e-01
1.7158535e+01	9.0485346e-02
1.7180344e+01	8.4789125e-03
1.7202153e+01	3.5795853e-02
1.7223962e+01	2.8994387e-03
1.7245771e+01	-8.4082756e-02
1.7267580e+01	8.0053256e-03
1.7289389e+01	-1.5275659e-02
1.7311198e+01	2.2997655e-01
1.7333006e+01	5.0113302e-01
1.7354815e+01	2.7177942e-01
1.7376624e+01	-8.6814773e-02
1.7398433e+01	-5.5503996e-02
1.7420242e+01	2.4036977e-02
1.7442051e+01	2.0800021e-01
1.7463860e+01	4.3066915e-02
1.7485669e+01	4.7387777e-02
1.7507478e+01	-4.4325497e-02
1.7529287e+01	-4.7293706e-02
1.7551096e+01	-9.0513501e-02
1.7572905e+01	2.2223579e-02
1.7594714e+01	7.6323971e-02
1.7616523e+01	-2.8757589e-02
1.7638332e+01	3.1930321e-02
1.7660141e+01	1.0039929e-01
1.7681949e+01	7.4828404e-03
1.7703758e+01	-1.1584030e-01
1.7725567e+01	8.2325785e-03
1.7747376e+01	4.2833481e-02
1.7769185e+01	4.7184440e-02
1.7790994e+01	-7.1767797e-02
1.7812803e+01	-7.8195331e-02
1.7834612e+01	-1.2576222e-02
1.7856421e+01	7.2971795e-02
1.7878230e+01	2.1635686e-01
1.7900039e+01	1.1587278e-01
1.7921848e+01	-1.1160823e-01
1.7943657e+01	-1.2639578e-01
1.7965466e+01	1.3415370e-01
1.7987275e+01	1.0841918e-02
1.8009084e+01	-7.7220679e-03
1.8030892e+01	-9.4979180e-03
1.8052701e+01	-8.9625135e-02
1.8074510e+01	5.7530951e-03
1.8096319e+01	1.5318195e-01
1.8118128e+01	1.8106314e-01
1.8139937e+01	-2.8802992e-02
1.8161746e+01	-1.8842437e-01
1.8183555e+01	-6.7204219e-02
1.8205364e+01	1.1843002e-01
1.8227173e+01	-2.8417821e-04
1.8248982e+01	2.0016674e-02
1.8270791e+01	1.5278653e-01
1.8292600e+01	2.0534849e-02
1.8314409e+01	-4.4303398e-02
1.8336218e+01	-2.5416925e-02
1.8358027e+01	-1.1719603e-01
1.8379835e+01	-1.0609921e-01
1.8401644e+01	-3.0232465e-02
1.8423453e+01	6.3624721e-02
1.8445262e+01	1.3353215e-02
1.8467071e+01	1.2417870e-01
1.8488880e+01	1.9140632e-02
1.8510689e+01	1.9638395e-01
1.8532498e+01	2.9467514e-01
1.8554307e+01	1.8994049e-01
1.8576116e+01	-6.3795827e-02
1.8597925e+01	3.1897619e-02
1.8619734e+01	-1.2894447e-01
1.8641543e+01	-3.8974783e-03
1.8663352e+01	2.1779733e-01
1.8685161e+01	3.4939744e-01
1.8706970e+01	2.6785578e-01
1.8728778e+01	8.1899876e-02
1.8750587e+01	-1.0979114e-01
1.8772396e+01	-1.3942183e-01
1.8794205e+01	5.3935880e-02
1.8816014e+01	-3.9065595e-02
1.8837823e+01	-1.2255069e-01
1.8859632e+01	1.0726896e-01
1.8881441e+01	9.0860673e-02
1.8903250e+01	1.2963986e-01
1.8925059e+01	9.7257817e-02
1.8946868e+01	-1.0866630e-02
1.8968677e+01	-1.4304440e-01
1.8990486e+01	-4.7999499e-02
1.9012295e+01	6.2971930e-03
1.9034104e+01	-3.4179574e-02
1.9055913e+01	4.4205375e-02
1.9077721e+01	4.1144128e-02
1.9099530e+01	1.6465476e-02
1.9121339e+01	9.3401417e-02
1.9143148e+01	3.9100349e-02
1.9164957e+01	-8.1478541e-02
1.9186766e+01	-1.4277664e-01
1.9208575e+01	-1.2752655e-01
1.9230384e+01	-2.9765699e-02
1.9252193e+01	-1.1194366e-01
1.9274002e+01	1.0197775e-01
1.9295811e+01	6.7169108e-02
1.9317620e+01	2.4865036e-02
1.9339429e+01	7.6072379e-02
1.9361238e+01	1.0431271e-01
1.9383047e+01	1.0290705e-01
1.9404856e+01	7.1813040e-02
1.9426665e+01	2.3121525e-02
1.9448473e+01	-7.2421760e-02
1.9470282e+01	-2.5525557e-02
1.9492091e+01	4.2642380e-03
1.9513900e+01	-7.3608838e-02
1.9535709e+01	2.8558179e-03
1.9557518e+01	-3.3416769e-02
1.9579327e+01	-9.4715638e-02
1.9601136e+01	-7.0115343e-02
1.9622945e+01	1.8751623e-02
1.9644754e+01	6.4140723e-02
1.9666563e+01	3.8003913e-02
1.9688372e+01	-3.5976329e-02
1.9710181e+01	-8.6139943e-03
1.9731990e+01	7.5370732e-02
1.9753799e+01	3.2331539e-02
1.9775608e+01	-2.4076745e-02
1.9797416e+01	-1.2814063e-01
1.9819225e+01	-4.5801494e-02
1.9841034e+01	-3.5015392e-02
1.9862843e+01	-1.7403179e-04
1.9884652e+01	1.0302966e-01
1.9906461e+01	1.3378053e-01
1.9928270e+01	8.9878482e-02
1.9950079e+01	1.5017512e-01
1.9971888e+01	9.6880968e-03
1.9993697e+01	-1.5597493e-01
2.0015506e+01	-1.1420865e-01
2.0037315e+01	6.0353683e-03
2.0059124e+01	7.3744448e-02
2.0080933e+01	3.6682048e-02
2.0102742e+01	-1.3268766e-02
2.0124551e+01	2.4781580e-03
2.0146359e+01	3.6778921e-02
2.0168168e+01	-8.1159868e-02
2.0189977e+01	-1.5531771e-01
2.0211786e+01	-4.7919945e-02
2.0233595e+01	-1.5574569e-01
2.0255404e+01	2.2271935e-02
2.0277213e+01	1.3550630e-01
2.0299022e+01	1.1135049e-01
2.0320831e+01	1.3555196e-01
2.0342640e+01	9.4802353e-02
2.0364449e+01	7.6864408e-02
2.0386258e+01	-7.7705467e-02
2.0408067e+01	-1.1902583e-01
2.0429876e+01	-6.0283240e-02
2.0451685e+01	-2.4958004e-03
2.0473494e+01	4.0425555e-02
2.0495302e+01	3.3668099e-01
2.0517111e+01	4.4784947e-01
2.0538920e+01	2.6338068e-01
2.0560729e+01	1.9412536e-01
2.0582538e+01	7.5116839e-02
2.0604347e+01	1.1574209e-03
2.0626156e+01	-1.4403804e-02
2.0647965e+01	8.1257190e-03
2.0669774e+01	7.6415319e-02
2.0691583e+01	-1.4516308e-01
2.0713392e+01	-1.5032973e-01
2.0735201e+01	1.7429852e-02
2.0757010e+01	-9.2982893e-02
2.0778819e+01	9.4544861e-02
2.0800628e+01	2.0156224e-01
2.0822437e+01	9.0917110e-02
2.0844245e+01	-1.2224393e-01
2.0866054e+01	-8.7841128e-03
2.0887863e+01	-6.4859482e-03
2.0909672e+01	-2.1142394e-02
2.0931481e+01	-1.1400424e-02
2.0953290e+01	6.1732324e-02
2.0975099e+01	4.0637592e-01
2.0996908e+01	1.1378860e+00
2.1018717e+01	2.0843284e+00
2.1040526e+01	3.0451369e+00
2.1062335e+01	3.4076984e+00
2.1084144e+01	2.6840137e+00
2.1105953e+01	1.8272257e+00
2.1127762e+01	1.5730001e+00
2.1149571e+01	1.9583298e+00
2.1171380e+01	2.9284217e+00
2.1193188e+01	4.6413636e+00
2.1214997e+01	6.6066913e+00
2.1236806e+01	8.4712097e+00
2.1258615e+01	9.5536305e+00
2.1280424e+01	1.0010960e+01
2.1302233e+01	9.6983560e+00
2.1324042e+01	8.4810153e+00
2.1345851e+01	6.7566434e+00
2.1367660e+01	4.8598952e+00
2.1389469e+01	2.6320974e+00
2.1411278e+01	1.1162880e+00
2.1433087e+01	4.0409880e-01
2.1454896e+01	5.4747547e-02
2.1476705e+01	-6.6504978e-02
2.1498514e+01	1.3805677e-01
2.1520323e+01	5.7405793e-01
2.1542132e+01	7.9897906e-01
2.1563940e+01	7.8737474e-01
2.1585749e+01	6.6512351e-01
2.1607558e+01	6.4471594e-01
2.1629367e+01	6.4523858e-01
2.1651176e+01	3.7042699e-01
2.1672985e+01	2.6222173e-01
2.1694794e+01	1.1268450e-02
2.1716603e+01	-9.3137564e-02
2.1738412e+01	1.3370452e-03
2.1760221e+01	-1.2652903e-02
2.1782030e+01	1.2226902e-02
2.1803839e+01	-1.5679280e-01
2.1825648e+01	-8.4512031e-02
2.1847457e+01	2.2603583e-02
2.1869266e+01	1.2928233e-01
2.1891075e+01	1.1082019e-01
2.1912883e+01	-4.6292391e-02
2.1934692e+01	5.4129012e-02
2.1956501e+01	1.2843455e-01
2.1978310e+01	3.0123425e-01
2.2000119e+01	1.6007581e-01
2.2021928e+01	-1.5273217e-01
2.2043737e+01	-1.7840431e-01
2.2065546e+01	-1.0082220e-01
2.2087355e+01	6.1916392e-02
2.2109164e+01	3.6143339e-03
2.2130973e+01	-3.5627863e-02
2.2152782e+01	1.1018001e-01
2.2174591e+01	9.8645347e-02
2.2196400e+01	-6.7741809e-02
2.2218209e+01	3.6487356e-02
2.2240018e+01	1.3558448e-01
2.2261826e+01	-1.8824292e-02
2.2283635e+01	1.8558953e-02
2.2305444e+01	-2.0445781e-02
2.2327253e+01	-1.9871661e-01
2.2349062e+01	-7.6801510e-02
2.2370871e+01	8.4565402e-02
2.2392680e+01	1.1839688e-01
2.2414489e+01	2.5640417e-02
2.2436298e+01	-1.7183722e-02
2.2458107e+01	-1.1245323e-01
2.2479916e+01	1.2014459e-01
2.2501725e+01	1.2944831e-02
2.2523534e+01	1.6518952e-02
2.2545343e+01	-6.7604209e-02
2.2567152e+01	1.1068069e-03
2.2588961e+01	-4.4903038e-03
2.2610769e+01	-3.4029690e-02
2.2632578e+01	-3.3345984e-02
2.2654387e+01	1.1042610e-01
2.2676196e+01	6.9986967e-02
2.2698005e+01	-9.3018958e-02
2.2719814e+01	1.7319964e-02
2.2741623e+01	-3.1705128e-02
2.2763432e+01	2.1299934e-02
2.2785241e+01	2.8074737e-02
2.2807050e+01	1.1076780e-01
2.2828859e+01	-5.2697922e-02
2.2850668e+01	-9.8437234e-02
2.2872477e+01	-2.8709656e-02
2.2894286e+01	-2.0535790e-03
2.2916095e+01	-7.0888243e-03
2.2937904e+01	-3.1434840e-02
2.2959712e+01	7.5991582e-05
2.2981521e+01	3.9686703e-02
2.3003330e+01	9.2833796e-02
2.3025139e+01	2.0286905e-02
2.3046948e+01	-5.9800565e-02
2.3068757e+01	-5.9310670e-02
2.3090566e+01	5.7930609e-02
2.3112375e+01	1.2804029e-02
2.3134184e+01	1.0206620e-01
2.3155993e+01	1.0395790e-02
2.3177802e+01	2.6551743e-03
2.3199611e+01	1.7894684e-01
2.3221420e+01	-2.2623100e-02
2.3243229e+01	-1.3759502e-01
2.3265038e+01	-6.7898588e-02
2.3286847e+01	-1.0122601e-01
2.3308655e+01	-5.0032456e-02
2.3330464e+01	3.2060214e-03
2.3352273e+01	3.8069771e-02
2.3374082e+01	-2.6995718e-03
2.3395891e+01	2.4609827e-03
2.3417700e+01	-1.8724690e-02
2.3439509e+01	3.4263363e-02
2.3461318e+01	1.6231386e-01
2.3483127e+01	7.1084437e-01
2.3504936e+01	1.2210399e+00
2.3526745e+01	1.7254256e+00
2.3548554e+01	1.9326815e+00
2.3570363e+01	1.6407535e+00
2.3592172e+01	1.2762089e+00
2.3613981e+01	1.0565136e+00
2.3635790e+01	8.7566767e-01
2.3657599e+01	1.2145322e+00
2.3679407e+01	2.2567382e+00
2.3701216e+01	3.9444948e+00
2.3723025e+01	5.7873269e+00
2.3744834e+01	7.3863757e+00
2.3766643e+01	8.7281063e+00
2.3788452e+01	1.0614817e+01
2.3810261e+01	1.2007008e+01
2.3832070e+01	1.1846460e+01
2.3853879e+01	1.0760670e+01
2.3875688e+01	8.9035475e+00
2.3897497e+01	6.5535044e+00
2.3919306e+01	4.6567365e+00
2.3941115e+01	3.1135317e+00
2.3962924e+01	1.7921650e+00
2.3984733e+01	9.6624267e-01
2.4006542e+01	6.0912861e-01
2.4028350e+01	2.5295291e-01
2.4050159e+01	4.1033622e-02
2.4071968e+01	2.0386805e-02
2.4093777e+01	-5.5951672e-02
2.4115586e+01	7.0463282e-02
2.4137395e+01	-1.2787348e-01
2.4159204e+01	-5.6574911e-02
2.4181013e+01	5.8022467e-02
2.4202822e+01	2.0311641e-02
2.4224631e+01	-2.6134936e-03
2.4246440e+01	-3.2946326e-02
2.4268249e+01	5.4657773e-02
2.4290058e+01	-6.9140765e-02
2.4311867e+01	-2.1304773e-02
2.4333676e+01	-1.4162162e-01
2.4355485e+01	1.9858075e-02
2.4377293e+01	1.4240138e-01
2.4399102e+01	7.6583146e-02
2.4420911e+01	2.7707314e-02
2.4442720e+01	-7.1624508e-02
2.4464529e+01	-6.6695131e-02
2.4486338e+01	1.0480990e-01
2.4508147e+01	2.7996398e-01
2.4529956e+01	3.4910149e-01
2.4551765e+01	1.9157662e-01
2.4573574e+01	3.1312836e-02
2.4595383e+01	6.1266040e-01
2.4617192e+01	7.7305782e-01
2.4639001e+01	8.5284663e-01
2.4660810e+01	3.8280534e-01
2.4682619e+01	8.6995485e-02
2.4704428e+01	7.1954076e-02
2.4726236e+01	-3.2811211e-02
2.4748045e+01	-9.9444299e-02
2.4769854e+01	-1.1229782e-01
2.4791663e+01	3.9123309e-02
2.4813472e+01	-9.8622664e-02
2.4835281e+01	8.2891956e-03
2.4857090e+01	-1.3639873e-02
2.4878899e+01	-1.5916047e-01
2.4900708e+01	4.5263127e-02
2.4922517e+01	1.3091896e-01
2.4944326e+01	1.0620813e-01
2.4966135e+01	-3.6828455e-02
2.4987944e+01	8.0970842e-02
2.5009753e+01	-1.3602514e-01
2.5031562e+01	-7.9805910e-02
2.5053371e+01	1.0676214e-01
2.5075179e+01	9.3063648e-02
2.5096988e+01	-2.6339543e-02
2.5118797e+01	-4.8890295e-02
2.5140606e+01	-9.1524907e-02
2.5162415e+01	5.8975662e-02
2.5184224e+01	1.9814565e-04
2.5206033e+01	-6.5865559e-02
2.5227842e+01	5.5726846e-02
2.5249651e+01	1.0355793e-01
2.5271460e+01	-1.2871635e-02
2.5293269e+01	-5.3319559e-02
2.5315078e+01	7.5230179e-02
2.5336887e+01	4.1340602e-02
2.5358696e+01	-6.1557787e-03
2.5380505e+01	-3.9778700e-02
2.5402314e+01	2.9644088e-02
2.5424123e+01	-7.5753594e-02
2.5445931e+01	9.9669574e-02
2.5467740e+01	2.2181839e-02
2.5489549e+01	-5.7721078e-02
2.5511358e+01	6.3255227e-02
2.5533167e+01	-4.2291098e-02
2.5554976e+01	-1.9841310e-01
2.5576785e+01	-9.9729497e-02
2.5598594e+01	1.3713376e-01
2.5620403e+01	1.0092893e-01
2.5642212e+01	7.6204158e-02
2.5664021e+01	-7.2613054e-02
2.5685830e+01	4.6896163e-02
2.5707639e+01	-1.0061209e-01
2.5729448e+01	-4.7151156e-02
2.5751257e+01	-2.3566718e-02
2.5773066e+01	3.8557487e-01
2.5794874e+01	4.4485643e-01
2.5816683e+01	1.4688101e-01
2.5838492e+01	2.2942370e-01
2.5860301e+01	7.6796545e-03
2.5882110e+01	-6.3752033e-02
2.5903919e+01	6.0477159e-02
2.5925728e+01	4.0729957e-01
2.5947537e+01	6.8869233e-01
2.5969346e+01	1.1882809e+00
2.5991155e+01	1.7007558e+00
2.6012964e+01	2.0959604e+00
2.6034773e+01	2.5001041e+00
2.6056582e+01	2.8430636e+00
2.6078391e+01	3.2422402e+00
2.6100200e+01	3.0186653e+00
2.6122009e+01	2.5827165e+00
2.6143817e+01	2.0889722e+00
2.6165626e+01	1.6391538e+00
2.6187435e+01	1.0584259e+00
2.6209244e+01	6.1166783e-01
2.6231053e+01	1.0144311e-01
2.6252862e+01	-3.9744800e-02
2.6274671e+01	7.2480485e-02
2.6296480e+01	-4.3748193e-02
2.6318289e+01	-1.4670796e-01
2.6340098e+01	-1.1209005e-01
2.6361907e+01	-1.1624245e-01
2.6383716e+01	5.9145108e-02
2.6405525e+01	1.0880758e-01
2.6427334e+01	1.5515960e-01
2.6449143e+01	6.8797152e-02
2.6470952e+01	1.4313900e-01
2.6492760e+01	-4.3574411e-02
2.6514569e+01	-1.7449641e-01
2.6536378e+01	-1.1702123e-01
2.6558187e+01	8.5804427e-02
2.6579996e+01	2.4218052e-01
2.6601805e+01	4.7855581e-01
2.6623614e+01	4.3571748e-01
2.6645423e+01	5.2393039e-01
2.6667232e+01	2.8441702e-01
2.6689041e+01	1.3747777e-01
2.6710850e+01	1.1620188e-01
2.6732659e+01	-6.7245855e-02
2.6754468e+01	-6.5552356e-02
2.6776277e+01	-6.4897252e-02
2.6798086e+01	-1.7748344e-02
2.6819895e+01	1.5698558e-02
2.6841703e+01	-1.2299913e-01
2.6863512e+01	-5.5052124e-02
2.6885321e+01	1.1826278e-01
2.6907130e+01	2.6106755e-01
2.6928939e+01	2.2731997e-01
2.6950748e+01	1.2702653e-02
2.6972557e+01	-2.7280000e-02
2.6994366e+01	1.0454383e-01
2.7016175e+01	8.8304861e-02
2.7037984e+01	-1.4755525e-02
2.7059793e+01	4.5333627e-02
2.7081602e+01	-8.6123230e-02
2.7103411e+01	-1.4639892e-01
2.7125220e+01	-5.9888634e-02
2.7147029e+01	6.5712354e-02
2.7168838e+01	5.9913791e-02
2.7190646e+01	5.2807882e-02
2.7212455e+01	-2.7111205e-02
2.7234264e+01	-1.1375516e-02
2.7256073e+01	-9.0938065e-03
2.7277882e+01	1.1031038e-02
2.7299691e+01	-8.2442012e-02
2.7321500e+01	2.1059000e-02
2.7343309e+01	3.0771927e-02
2.7365118e+01	1.0544549e-02
2.7386927e+01	1.2152846e-02
2.7408736e+01	4.5496187e-04
2.7430545e+01	-5.0219269e-02
2.7452354e+01	6.7216842e-02
2.7474163e+01	-6.6036373e-02
2.7495972e+01	-9.3914886e-02
2.7517781e+01	5.9735299e-02
2.7539590e+01	1.3900455e-01
2.7561398e+01	-3.9720073e-02
2.7583207e+01	-4.7187827e-02
2.7605016e+01	3.5467635e-02
2.7626825e+01	1.5131237e-02
2.7648634e+01	-2.1036964e-02
2.7670443e+01	3.2116680e-01
2.7692252e+01	3.9678414e-01
2.7714061e+01	7.0813829e-01
2.7735870e+01	6.6972823e-01
2.7757679e+01	7.2607897e-01
2.7779488e+01	8.4402647e-01
2.7801297e+01	9.0552971e-01
2.7823106e+01	7.0682569e-01
2.7844915e+01	6.3407737e-01
2.7866724e+01	2.8633176e-01
2.7888533e+01	1.6398815e-02
2.7910341e+01	8.6749887e-03
2.7932150e+01	1.7230833e-01
2.7953959e+01	1.0409022e-01
2.7975768e+01	6.2937091e-02
2.7997577e+01	-1.7032063e-01
2.8019386e+01	-1.1554256e-01
2.8041195e+01	-6.8693001e-02
2.8063004e+01	-9.3348773e-03
2.8084813e+01	-5.7549592e-02
2.8106622e+01	-2.5521661e-02
2.8128431e+01	3.0570429e-02
2.8150240e+01	5.2333496e-02
2.8172049e+01	7.5561224e-02
2.8193858e+01	-9.7289490e-02
2.8215667e+01	7.1025503e-02
2.8237476e+01	-4.9954777e-02
2.8259284e+01	9.2213280e-02
2.8281093e+01	1.2703411e-01
2.8302902e+01	9.2561512e-02
2.8324711e+01	-4.0727903e-02
2.8346520e+01	-1.3119601e-01
2.8368329e+01	-5.4343462e-02
2.8390138e+01	-3.3727690e-03
2.8411947e+01	-8.4052294e-02
2.8433756e+01	-1.7483110e-01
2.8455565e+01	8.6763301e-03
2.8477374e+01	1.0815721e-01
2.8499183e+01	1.9460402e-01
2.8520992e+01	3.3166466e-02
2.8542801e+01	1.4305713e-01
2.8564610e+01	4.4864664e-01
2.8586419e+01	3.7028998e-01
2.8608227e+01	2.3347823e-01
2.8630036e+01	1.3086336e-01
2.8651845e+01	-3.8086952e-03
2.8673654e+01	-6.1961909e-02
2.8695463e+01	-4.4867416e-02
2.8717272e+01	-1.7484228e-02
2.8739081e+01	2.4643868e-02
2.8760890e+01	-4.3126494e-02
2.8782699e+01	-1.1679262e-01
2.8804508e+01	1.7991355e-02
2.8826317e+01	2.9303326e-02
2.8848126e+01	4.6901916e-02
2.8869935e+01	-1.1608848e-01
2.8891744e+01	3.4008939e-02
2.8913553e+01	5.0687506e-02
2.8935362e+01	4.8230829e-02
2.8957170e+01	-2.7974695e-02
2.8978979e+01	-8.6869718e-02
2.9000788e+01	-4.4461824e-02
2.9022597e+01	6.1855914e-02
2.9044406e+01	7.9980117e-02
2.9066215e+01	-4.5181001e-02
2.9088024e+01	-6.3927541e-02
2.9109833e+01	3.3671067e-02
2.9131642e+01	2.3248106e-01
2.9153451e+01	4.8929072e-02
2.9175260e+01	-7.5813317e-02
2.9197069e+01	1.2308595e-02
2.9218878e+01	8.2578428e-02
2.9240687e+01	1.2047832e-01
2.9262496e+01	-7.9729468e-02
2.9284305e+01	-1.1226331e-01
2.9306113e+01	-4.2890126e-02
2.9327922e+01	1.4607204e-02
2.9349731e+01	1.1831010e-01
2.9371540e+01	8.9831098e-02
2.9393349e+01	6.9041781e-03
2.9415158e+01	-1.0736426e-01
2.9436967e+01	-1.1161860e-01
2.9458776e+01	-3.7982469e-02
2.9480585e+01	9.9946011e-02
2.9502394e+01	1.4930142e-01
2.9524203e+01	-1.1741454e-02
2.9546012e+01	-1.0038030e-02
2.9567821e+01	2.9363462e-03
2.9589630e+01	-4.8913360e-02
2.9611439e+01	-2.6534928e-02
2.9633248e+01	-4.2922031e-02
2.9655057e+01	-9.8368262e-02
2.9676865e+01	4.0111148e-02
2.9698674e+01	-1.3747205e-02
2.9720483e+01	3.7453042e-01
2.9742292e+01	5.2603868e-01
2.9764101e+01	7.3395589e-01
2.9785910e+01	8.6055534e-01
2.9807719e+01	7.3942031e-01
2.9829528e+01	2.9389808e-01
2.9851337e+01	1.8275092e-01
2.9873146e+01	-3.2680491e-02
2.9894955e+01	9.1572548e-02
2.9916764e+01	3.1116568e-01
2.9938573e+01	6.9111911e-01
2.9960382e+01	1.3715705e+00
2.9982191e+01	2.3900276e+00
3.0004000e+01	3.6166931e+00
3.0025808e+01	4.8008266e+00
3.0047617e+01	5.9277798e+00
3.0069426e+01	7.0149434e+00
3.0091235e+01	8.0552622e+00
3.0113044e+01	8.6920327e+00
3.0134853e+01	8.6048107e+00
3.0156662e+01	7.7841448e+00
3.0178471e+01	6.5059988e+00
3.0200280e+01	4.8378263e+00
3.0222089e+01	3.0485550e+00
3.0243898e+01	1.8823866e+00
3.0265707e+01	1.0400817e+00
3.0287516e+01	4.7945814e-01
3.0309325e+01	2.3279851e-01
3.0331134e+01	-5.6499806e-02
3.0352943e+01	-4.1093838e-02
3.0374751e+01	1.8744415e-02
3.0396560e+01	1.4180037e-01
3.0418369e+01	-1.3390838e-02
3.0440178e+01	-9.0052925e-02
3.0461987e+01	-9.2672597e-02
3.0483796e+01	-1.2958932e-02
3.0505605e+01	5.0354948e-02
3.0527414e+01	6.6065549e-02
3.0549223e+01	8.5932015e-02
3.0571032e+01	-5.1494264e-02
3.0592841e+01	-1.2214463e-01
3.0614650e+01	-1.3239527e-01
3.0636459e+01	-1.0306957e-02
3.0658268e+01	1.0557569e-01
3.0680077e+01	3.0665301e-02
3.0701886e+01	5.8955736e-02
3.0723694e+01	3.1915573e-02
3.0745503e+01	-2.9193803e-02
3.0767312e+01	-1.5753607e-02
3.0789121e+01	4.6967659e-02
3.0810930e+01	6.0967240e-02
3.0832739e+01	2.6828625e-02
3.0854548e+01	-4.4161595e-02
3.0876357e+01	-2.2864140e-02
3.0898166e+01	3.7149955e-02
3.0919975e+01	6.5945379e-02
3.0941784e+01	5.0456486e-02
3.0963593e+01	-1.0028432e-01
3.0985402e+01	-6.8093321e-02
3.1007211e+01	6.4949917e-02
3.1029020e+01	-9.6585637e-02
3.1050829e+01	-1.7531287e-02
3.1072637e+01	4.0754069e-02
3.1094446e+01	-6.0258478e-02
3.1116255e+01	-3.2888062e-03
3.1138064e+01	7.2803542e-02
3.1159873e+01	-1.7948947e-01
3.1181682e+01	3.7519059e-02
3.1203491e+01	1.1809499e-01
3.1225300e+01	-1.0001932e-01
3.1247109e+01	9.7035812e-02
3.1268918e+01	1.7137791e-01
3.1290727e+01	5.9589599e-02
3.1312536e+01	1.3708656e-01
3.1334345e+01	5.4881336e-04
3.1356154e+01	-1.1413619e-01
3.1377963e+01	-1.7786626e-01
3.1399772e+01	1.1408220e-02
3.1421580e+01	-7.6273227e-02
3.1443389e+01	1.0263499e-03
3.1465198e+01	-6.2920852e-02
3.1487007e+01	1.0783520e-01
3.1508816e+01	2.7497563e-01
3.1530625e+01	4.7866062e-01
3.1552434e+01	6.0354761e-01
3.1574243e+01	6.8601773e-01
3.1596052e+01	8.5785711e-01
3.1617861e+01	8.1791889e-01
3.1639670e+01	4.2793318e-01
3.1661479e+01	6.3391117e-02
3.1683288e+01	2.3787992e-02
3.1705097e+01	-5.5718925e-02
3.1726906e+01	2.1243500e-01
3.1748715e+01	5.4216440e-01
3.1770524e+01	1.2937477e+00
3.1792332e+01	2.1885042e+00
3.1814141e+01	3.1767062e+00
3.1835950e+01	4.3386932e+00
3.1857759e+01	5.5050444e+00
3.1879568e+01	6.4152233e+00
3.1901377e+01	7.4735901e+00
3.1923186e+01	8.3329232e+00
3.1944995e+01	8.7659921e+00
3.1966804e+01	8.5690869e+00
3.1988613e+01	7.8017311e+00
3.2010422e+01	6.4562580e+00
3.2032231e+01	4.9031280e+00
3.2054040e+01	3.2064544e+00
3.2075849e+01	1.9334896e+00
3.2097658e+01	1.1908480e+00
3.2119467e+01	7.8905874e-01
3.2141275e+01	4.4083935e-01
3.2163084e+01	2.8874414e-01
3.2184893e+01	7.6332260e-02
3.2206702e+01	-1.0046177e-01
3.2228511e+01	-1.1872387e-02
3.2250320e+01	2.8597584e-02
3.2272129e+01	-3.9923251e-02
3.2293938e+01	3.9331840e-02
3.2315747e+01	-3.3161025e-02
3.2337556e+01	2.9638091e-02
3.2359365e+01	3.7614077e-02
3.2381174e+01	8.5865301e-03
3.2402983e+01	-1.0783558e-01
3.2424792e+01	-7.5476016e-02
3.2446601e+01	-6.3836101e-02
3.2468410e+01	9.4319505e-02
3.2490218e+01	1.1563476e-01
3.2512027e+01	-8.3291287e-02
3.2533836e+01	-3.0018308e-02
3.2555645e+01	8.4738223e-02
3.2577454e+01	-1.7190973e-02
3.2599263e+01	-8.9415811e-03
3.2621072e+01	1.5836136e-01
3.2642881e+01	7.1047604e-02
3.2664690e+01	2.4884147e-02
3.2686499e+01	-6.7239130e-02
3.2708308e+01	-2.6476254e-02
3.2730117e+01	-1.1839819e-01
3.2751926e+01	3.1092384e-03
3.2773735e+01	-5.5761279e-02
3.2795544e+01	6.7011471e-02
3.2817353e+01	2.1272710e-01
3.2839161e+01	3.0099412e-02
3.2860970e+01	1.9570388e-02
3.2882779e+01	3.4253462e-02
3.2904588e+01	-6.1765621e-02
3.2926397e+01	-2.6010928e-02
3.2948206e+01	-8.3782939e-02
3.2970015e+01	-3.8433521e-02
3.2991824e+01	2.9574060e-02
3.3013633e+01	-1.2495737e-02
3.3035442e+01	9.3994365e-02
3.3057251e+01	8.2268412e-03
3.3079060e+01	-6.4756721e-03
3.3100869e+01	1.1949698e-02
3.3122678e+01	-4.8419534e-02
3.3144487e+01	1.0629959e-01
3.3166296e+01	1.9423268e-01
3.3188104e+01	-4.5479400e-02
3.3209913e+01	-4.2259823e-02
3.3231722e+01	-7.1476128e-02
3.3253531e+01	-3.0098573e-02
3.3275340e+01	-2.1889095e-02
3.3297149e+01	-3.1414763e-02
3.3318958e+01	8.3788582e-02
3.3340767e+01	6.6252844e-02
3.3362576e+01	-3.0753179e-02
3.3384385e+01	-3.1994407e-02
3.3406194e+01	5.0870931e-02
3.3428003e+01	1.4798670e-02
3.3449812e+01	-7.1050533e-02
3.3471621e+01	-6.8381258e-02
3.3493430e+01	5.2842048e-02
3.3515239e+01	4.0192508e-01
3.3537047e+01	4.9462721e-01
3.3558856e+01	6.3604339e-01
3.3580665e+01	8.1279538e-01
3.3602474e+01	9.3060296e-01
3.3624283e+01	9.6958690e-01
3.3646092e+01	1.1216910e+00
3.3667901e+01	1.0966969e+00
3.3689710e+01	1.0044705e+00
3.3711519e+01	9.6517552e-01
3.3733328e+01	6.5316274e-01
3.3755137e+01	3.6668592e-01
3.3776946e+01	1.4148982e-01
3.3798755e+01	3.3630602e-02
3.3820564e+01	3.3719549e-02
3.3842373e+01	-3.2792942e-03
3.3864182e+01	-8.2248067e-02
3.3885991e+01	-1.1617226e-03
3.3907799e+01	6.7361220e-02
3.3929608e+01	1.4694919e-02
3.3951417e+01	-4.4107345e-02
3.3973226e+01	-1.7187508e-01
3.3995035e+01	-9.5582904e-02
3.4016844e+01	3.8970704e-02
3.4038653e+01	9.3629253e-02
3.4060462e+01	2.4313945e-02
3.4082271e+01	-1.5168622e-02
3.4104080e+01	-5.2204854e-02
3.4125889e+01	7.1929100e-02
3.4147698e+01	2.5255930e-02
3.4169507e+01	2.3079593e-02
3.4191316e+01	6.5745826e-02
3.4213125e+01	3.6452711e-03
3.4234934e+01	-7.3847030e-02
3.4256742e+01	1.4774626e-02
3.4278551e+01	-9.3296696e-02
3.4300360e+01	-8.2933363e-02
3.4322169e+01	3.9389019e-02
3.4343978e+01	2.4238122e-02
3.4365787e+01	7.6919545e-02
3.4387596e+01	3.2659392e-02
3.4409405e+01	-5.4495919e-02
3.4431214e+01	1.7977886e-01
3.4453023e+01	2.0999188e-02
3.4474832e+01	-1.1363709e-02
3.4496641e+01	-2.9211708e-02
3.4518450e+01	-4.8469203e-02
3.4540259e+01	-3.4132286e-02
3.4562068e+01	5.4196253e-02
3.4583877e+01	-7.7979045e-02
3.4605685e+01	-5.4997937e-02
3.4627494e+01	-1.6078066e-02
3.4649303e+01	8.7923881e-02
3.4671112e+01	-1.5617216e-02
3.4692921e+01	-2.7486720e-02
3.4714730e+01	6.9452123e-03
3.4736539e+01	9.2477232e-02
3.4758348e+01	9.4873852e-02
3.4780157e+01	8.7974389e-03
3.4801966e+01	-5.1106956e-02
3.4823775e+01	6.9988975e-02
3.4845584e+01	-1.0879822e-01
3.4867393e+01	-7.9909848e-02
3.4889202e+01	3.2388317e-02
3.4911011e+01	-5.7352025e-02
3.4932820e+01	8.6373614e-02
3.4954628e+01	3.1796158e-02
3.4976437e+01	-7.2689269e-02
3.4998246e+01	-3.2118202e-02
3.5020055e+01	1.2245594e-02
3.5041864e+01	1.9160854e-01
3.5063673e+01	7.7623684e-02
3.5085482e+01	1.5332844e-02
3.5107291e+01	8.4765029e-03
3.5129100e+01	-1.0563284e-01
3.5150909e+01	-1.2484576e-01
3.5172718e+01	3.2794189e-02
3.5194527e+01	-4.8167103e-02
3.5216336e+01	-3.4725354e-02
3.5238145e+01	1.2329094e-01
3.5259954e+01	1.0303383e-02
3.5281763e+01	4.8622132e-02
3.5303571e+01	-2.0263488e-02
3.5325380e+01	1.3937702e-01
3.5347189e+01	-8.5217801e-02
3.5368998e+01	1.3460812e-02
3.5390807e+01	7.5902062e-02
3.5412616e+01	1.5635371e-02
3.5434425e+01	-6.4233125e-02
3.5456234e+01	-1.3895832e-01
3.5478043e+01	3.1340744e-02
3.5499852e+01	-5.2627069e-02
3.5521661e+01	-8.1567494e-02
3.5543470e+01	5.4336488e-03
3.5565279e+01	3.3217286e-02
3.5587088e+01	8.4716496e-02
3.5608897e+01	3.7815757e-02
3.5630706e+01	1.7977675e-01
3.5652514e+01	1.1221586e-01
3.5674323e+01	-2.8734105e-02
3.5696132e+01	-2.8096641e-02
3.5717941e+01	-6.1850870e-02
3.5739750e+01	3.9693228e-02
3.5761559e+01	-2.9807901e-02
3.5783368e+01	-7.1520894e-02
3.5805177e+01	1.4136179e-01
3.5826986e+01	-1.5394494e-02
3.5848795e+01	-4.2800641e-02
3.5870604e+01	4.5715237e-02
3.5892413e+01	-3.4948652e-02
3.5914222e+01	7.6408126e-02
3.5936031e+01	3.8636556e-02
3.5957840e+01	-1.8467530e-01
3.5979649e+01	-1.4857569e-01
3.6001458e+01	2.6320997e-01
3.6023266e+01	4.8701277e-01
3.6045075e+01	6.5629467e-01
3.6066884e+01	6.0850142e-01
3.6088693e+01	5.9047973e-01
3.6110502e+01	4.5225035e-01
3.6132311e+01	5.4073999e-01
3.6154120e+01	6.0899458e-01
3.6175929e+01	3.0044203e-01
3.6197738e+01	1.4892421e-01
3.6219547e+01	7.7766261e-02
3.6241356e+01	-3.2936404e-02
3.6263165e+01	7.3913865e-02
3.6284974e+01	8.0684187e-02
3.6306783e+01	1.0525999e-01
3.6328592e+01	-2.2494201e-01
3.6350401e+01	-1.9083213e-01
3.6372209e+01	-4.2218649e-02
3.6394018e+01	5.1880231e-02
3.6415827e+01	1.2313822e-01
3.6437636e+01	2.2085598e-01
3.6459445e+01	4.2557093e-01
3.6481254e+01	3.7345710e-01
3.6503063e+01	3.5041253e-01
3.6524872e+01	2.7916764e-01
3.6546681e+01	1.0579656e-01
3.6568490e+01	-1.8105149e-01
3.6590299e+01	-1.1299262e-01
3.6612108e+01	-2.7311933e-02
3.6633917e+01	8.1827839e-02
3.6655726e+01	4.3964930e-02
3.6677535e+01	1.7576286e-01
3.6699344e+01	3.7674865e-01
3.6721152e+01	5.9824620e-01
3.6742961e+01	8.9852383e-01
3.6764770e+01	1.1586119e+00
3.6786579e+01	1.5987117e+00
3.6808388e+01	1.9559865e+00
3.6830197e+01	2.4547087e+00
3.6852006e+01	2.8189927e+00
3.6873815e+01	3.1995767e+00
3.6895624e+01	3.4558481e+00
3.6917433e+01	3.2722252e+00
3.6939242e+01	3.0875823e+00
3.6961051e+01	2.7268198e+00
3.6982860e+01	2.1347680e+00
3.7004669e+01	1.7657901e+00
3.7026478e+01	1.2175976e+00
3.7048287e+01	1.2564518e+00
3.7070095e+01	1.1027790e+00
3.7091904e+01	3.7986749e-01
3.7113713e+01	-8.9924371e-02
3.7135522e+01	1.0342380e-02
3.7157331e+01	8.7396043e-02
3.7179140e+01	8.8852805e-02
3.7200949e+01	-1.7926672e-02
3.7222758e+01	-4.4634577e-02
3.7244567e+01	-4.3816936e-02
3.7266376e+01	-8.7712320e-02
3.7288185e+01	-1.5227103e-02
3.7309994e+01	2.2902935e-02
3.7331803e+01	6.2926226e-02
3.7353612e+01	1.1109893e-01
3.7375421e+01	-9.0233220e-02
3.7397230e+01	-7.8896920e-02
3.7419038e+01	2.3629279e-01
3.7440847e+01	3.4340459e-01
3.7462656e+01	9.3190413e-01
3.7484465e+01	1.1162757e+00
3.7506274e+01	7.3851344e-01
3.7528083e+01	4.6147674e-01
3.7549892e+01	3.4747783e-01
3.7571701e+01	3.0398033e-01
3.7593510e+01	1.1010839e-01
3.7615319e+01	5.7669965e-02
3.7637128e+01	-4.5653723e-02
3.7658937e+01	7.8841786e-03
3.7680746e+01	-2.8057034e-02
3.7702555e+01	-3.5827438e-02
3.7724364e+01	-1.2732230e-01
3.7746173e+01	-6.5427021e-02
3.7767981e+01	6.7830996e-02
3.7789790e+01	-1.2728298e-01
3.7811599e+01	-1.3980323e-02
3.7833408e+01	8.4885335e-02
3.7855217e+01	2.2785004e-02
3.7877026e+01	4.0230062e-02
3.7898835e+01	5.6919563e-02
3.7920644e+01	1.0506882e-01
3.7942453e+01	5.0397674e-02
3.7964262e+01	2.6675563e-01
3.7986071e+01	1.3301425e-02
3.8007880e+01	1.2666016e-01
3.8029689e+01	2.8166421e-02
3.8051498e+01	-9.6823659e-02
3.8073307e+01	-1.6761356e-01
3.8095116e+01	-7.4140437e-02
3.8116925e+01	3.6463679e-02
3.8138733e+01	5.2008889e-01
3.8160542e+01	8.2227458e-01
3.8182351e+01	1.0341001e+00
3.8204160e+01	1.2844296e+00
3.8225969e+01	1.6065566e+00
3.8247778e+01	2.1593693e+00
3.8269587e+01	2.6052780e+00
3.8291396e+01	3.2214260e+00
3.8313205e+01	3.5445677e+00
3.8335014e+01	3.5842443e+00
3.8356823e+01	3.9327422e+00
3.8378632e+01	4.3718466e+00
3.8400441e+01	4.2254959e+00
3.8422250e+01	4.0101244e+00
3.8444059e+01	3.6484903e+00
3.8465868e+01	2.9956171e+00
3.8487676e+01	2.0847240e+00
3.8509485e+01	1.3365473e+00
3.8531294e+01	9.1921827e-01
3.8553103e+01	6.3186831e-01
3.8574912e+01	3.9752469e-01
3.8596721e+01	3.9753971e-01
3.8618530e+01	1.9073547e-02
3.8640339e+01	-2.3043753e-02
3.8662148e+01	6.2146653e-02
3.8683957e+01	2.4299033e-01
3.8705766e+01	1.5060608e-01
3.8727575e+01	-6.7515675e-02
3.8749384e+01	-1.0015809e-01
3.8771193e+01	-1.1105105e-01
3.8793002e+01	7.9004073e-02
3.8814811e+01	-1.3494878e-03
3.8836619e+01	-2.3829070e-02
3.8858428e+01	6.0039138e-03
3.8880237e+01	7.1211940e-02
3.8902046e+01	-3.4178336e-02
3.8923855e+01	1.6284717e-03
3.8945664e+01	1.3275621e-02
3.8967473e+01	1.0259156e-02
3.8989282e+01	8.0521500e-02
3.9011091e+01	1.8349572e-01
3.9032900e+01	-2.4745389e-01
3.9054709e+01	-4.2814990e-02
3.9076518e+01	6.7576246e-02
3.9098327e+01	4.5724426e-02
3.9120136e+01	7.7681460e-02
3.9141945e+01	2.7821823e-03
3.9163754e+01	2.1411338e-02
3.9185562e+01	-1.6706494e-01
3.9207371e+01	-8.3630280e-02
3.9229180e+01	2.3535004e-03
3.9250989e+01	1.1763010e-01
3.9272798e+01	4.0482887e-01
3.9294607e+01	2.5866651e-02
3.9316416e+01	-1.1252173e-01
3.9338225e+01	1.4533011e-01
3.9360034e+01	2.3861824e-03
3.9381843e+01	1.2535648e-01
3.9403652e+01	3.8900533e-02
3.9425461e+01	-3.2220636e-02
3.9447270e+01	-1.2861015e-02
3.9469079e+01	-8.6850979e-02
3.9490888e+01	2.2397462e-02
3.9512697e+01	-1.2498882e-01
3.9534505e+01	-6.9117419e-02
3.9556314e+01	-4.6312698e-02
3.9578123e+01	6.7767668e-02
3.9599932e+01	4.2768409e-02
3.9621741e+01	1.1413549e-01
3.9643550e+01	4.8771174e-01
3.9665359e+01	7.1997711e-01
3.9687168e+01	8.9119033e-01
3.9708977e+01	1.3039091e+00
3.9730786e+01	1.7752842e+00
3.9752595e+01	1.9632273e+00
3.9774404e+01	2.2291902e+00
3.9796213e+01	2.4561636e+00
3.9818022e+01	2.6604361e+00
3.9839831e+01	2.6597386e+00
3.9861640e+01	2.7136128e+00
3.9883449e+01	2.1016253e+00
3.9905257e+01	1.8234500e+00
3.9927066e+01	1.3092215e+00
3.9948875e+01	8.5719053e-01
3.9970684e+01	5.5662988e-01
3.9992493e+01	4.7403225e-01
4.0014302e+01	1.7211934e-01
4.0036111e+01	-5.6052522e-02
4.0057920e+01	5.7230940e-02
4.0079729e+01	-1.0448893e-02
4.0101538e+01	3.0802742e-02
4.0123347e+01	-8.5139390e-02
4.0145156e+01	-1.5247734e-01
4.0166965e+01	-4.4049354e-02
4.0188774e+01	1.6945901e-02
4.0210583e+01	5.3126889e-03
4.0232392e+01	-2.9870279e-02
4.0254200e+01	1.6515689e-01
4.0276009e+01	1.0513434e-01
4.0297818e+01	8.2920186e-02
4.0319627e+01	-2.5620369e-02
4.0341436e+01	-1.0228321e-01
4.0363245e+01	-1.1253864e-01
4.0385054e+01	1.1498439e-01
4.0406863e+01	4.4568512e-01
4.0428672e+01	1.8476348e-02
4.0450481e+01	1.1689985e-01
4.0472290e+01	-6.5737938e-02
4.0494099e+01	-1.5611924e-01
4.0515908e+01	2.1979878e-01
4.0537717e+01	2.5225486e-01
4.0559526e+01	-4.4379613e-02
4.0581335e+01	2.5964904e-02
4.0603143e+01	2.4557920e-02
4.0624952e+01	4.7577229e-02
4.0646761e+01	2.7232528e-02
4.0668570e+01	-4.3501185e-02
4.0690379e+01	9.5433946e-03
4.0712188e+01	-4.4126755e-02
4.0733997e+01	3.8589479e-01
4.0755806e+01	7.0594987e-02
4.0777615e+01	6.2990165e-02
4.0799424e+01	-3.9182229e-02
4.0821233e+01	8.3703537e-02
4.0843042e+01	-1.2258012e-01
4.0864851e+01	-8.9499373e-02
4.0886660e+01	1.2770555e-02
4.0908469e+01	-8.4183388e-02
4.0930278e+01	2.3529190e-01
4.0952086e+01	3.5985749e-01
4.0973895e+01	1.2514424e-01
4.0995704e+01	5.4163152e-01
4.1017513e+01	4.2451718e-01
4.1039322e+01	1.7337901e-01
4.1061131e+01	-1.5084925e-01
4.1082940e+01	-3.3047800e-02
4.1104749e+01	-2.9977558e-02
4.1126558e+01	8.4404739e-02
4.1148367e+01	-4.1338808e-02
4.1170176e+01	1.2643134e-01
4.1191985e+01	9.3504311e-02
4.1213794e+01	-1.7147893e-01
4.1235603e+01	5.0595472e-02
4.1257412e+01	1.5575433e-01
4.1279221e+01	4.5613251e-02
4.1301029e+01	-2.9207318e-02
4.1322838e+01	-1.5046535e-01
4.1344647e+01	-4.8958671e-02
4.1366456e+01	1.9970739e-01
4.1388265e+01	-1.0956488e-01
4.1410074e+01	4.0134518e-02
4.1431883e+01	6.0686702e-03
4.1453692e+01	4.0545052e-02
4.1475501e+01	1.3845217e-01
4.1497310e+01	7.8730401e-02
4.1519119e+01	1.8899439e-01
4.1540928e+01	-2.0294053e-01
4.1562737e+01	-1.7554464e-01
4.1584546e+01	-1.5279598e-02
4.1606355e+01	-1.1584954e-01
4.1628164e+01	1.0794333e-01
4.1649972e+01	7.9491402e-02
4.1671781e+01	-7.9530173e-02
4.1693590e+01	8.3522826e-03
4.1715399e+01	8.7442732e-03
4.1737208e+01	2.8143336e-01
4.1759017e+01	4.5757714e-01
4.1780826e+01	8.9880648e-02
4.1802635e+01	2.5143528e-01
4.1824444e+01	1.5636363e-01
4.1846253e+01	3.1329524e-01
4.1868062e+01	1.4996522e-01
4.1889871e+01	8.0748514e-02
4.1911680e+01	4.8136176e-02
4.1933489e+01	-1.9136073e-01
4.1955298e+01	-2.3888614e-01
4.1977107e+01	-6.5886316e-02
4.1998916e+01	6.9457344e-02
4.2020724e+01	2.1285142e-01
4.2042533e+01	5.5165317e-02
4.2064342e+01	-6.2089065e-02
4.2086151e+01	9.4884154e-03
4.2107960e+01	3.9390227e-01
4.2129769e+01	2.0810530e-01
4.2151578e+01	9.0580465e-02
4.2173387e+01	-2.9487612e-02
4.2195196e+01	4.0134364e-02
4.2217005e+01	2.6121120e-01
4.2238814e+01	-5.9872921e-02
4.2260623e+01	-1.0846156e-01
4.2282432e+01	3.2442185e-02
4.2304241e+01	-1.6876547e-01
4.2326050e+01	-1.6510032e-01
4.2347859e+01	1.4004835e-01
4.2369667e+01	9.2628581e-02
4.2391476e+01	1.0011737e-01
4.2413285e+01	4.6063331e-01
4.2435094e+01	8.2021565e-01
4.2456903e+01	1.0446981e+00
4.2478712e+01	1.4173382e+00
4.2500521e+01	1.4303427e+00
4.2522330e+01	1.6943343e+00
4.2544139e+01	1.7736395e+00
4.2565948e+01	2.0677742e+00
4.2587757e+01	2.4369289e+00
4.2609566e+01	2.2902263e+00
4.2631375e+01	1.9957741e+00
4.2653184e+01	1.6691539e+00
4.2674993e+01	1.0486015e+00
4.2696802e+01	7.1869234e-01
4.2718610e+01	6.3511724e-01
4.2740419e+01	3.0979184e-01
4.2762228e+01	3.8994178e-01
4.2784037e+01	8.7561707e-02
4.2805846e+01	5.1131629e-02
4.2827655e+01	-4.6386096e-02
4.2849464e+01	1.1684422e-01
4.2871273e+01	2.0505410e-01
4.2893082e+01	-1.3938534e-01
4.2914891e+01	3.7709014e-02
4.2936700e+01	3.0851845e-01
4.2958509e+01	-2.5024535e-02
4.2980318e+01	-2.6851334e-01
4.3002127e+01	5.6074393e-02
4.3023936e+01	2.0439245e-01
4.3045745e+01	-4.7697860e-03
4.3067553e+01	2.2824156e-01
4.3089362e+01	5.1776318e-01
4.3111171e+01	1.5158457e-01
4.3132980e+01	8.8838136e-02
4.3154789e+01	-1.8163873e-01
4.3176598e+01	-1.4769752e-01
4.3198407e+01	-6.4977068e-02
4.3220216e+01	3.0975969e-02
4.3242025e+01	1.1058661e-01
4.3263834e+01	1.8869732e-01
4.3285643e+01	4.4548015e-02
4.3307452e+01	8.5788991e-03
4.3329261e+01	-2.8616932e-01
4.3351070e+01	4.1146576e-02
4.3372879e+01	2.6986981e-01
4.3394688e+01	1.7795777e-01
4.3416496e+01	2.4067559e-02
4.3438305e+01	4.2797629e-01
4.3460114e+01	1.8884626e-01
4.3481923e+01	-3.2250137e-03
4.3503732e+01	8.7120303e-02
4.3525541e+01	3.0714349e-03
4.3547350e+01	-1.7022962e-01
4.3569159e+01	4.9058889e-02
4.3590968e+01	3.6112503e-01
4.3612777e+01	4.0062378e-01
4.3634586e+01	6.4894644e-01
4.3656395e+01	7.5146869e-01
4.3678204e+01	1.3832002e+00
4.3700013e+01	2.1014756e+00
4.3721822e+01	2.3811687e+00
4.3743631e+01	3.1812080e+00
4.3765439e+01	4.4323823e+00
4.3787248e+01	4.9762603e+00
4.3809057e+01	5.6816675e+00
4.3830866e+01	6.5115068e+00
4.3852675e+01	7.4661606e+00
4.3874484e+01	7.7446319e+00
4.3896293e+01	7.8568891e+00
4.3918102e+01	7.6125000e+00
4.3939911e+01	6.6312173e+00
4.3961720e+01	5.4320876e+00
4.3983529e+01	4.3360247e+00
4.4005338e+01	3.0824781e+00
4.4027147e+01	2.3443026e+00
4.4048956e+01	1.5780868e+00
4.4070765e+01	1.5146654e+00
4.4092574e+01	9.1145108e-01
4.4114383e+01	6.3832354e-01
4.4136191e+01	5.0612644e-01
4.4158000e+01	5.9454405e-03
4.4179809e+01	3.2272910e-01
4.4201618e+01	-1.0823591e-01
4.4223427e+01	4.8867397e-01
4.4245236e+01	2.2929007e-01
4.4267045e+01	2.6232248e-01
4.4288854e+01	1.5357899e-01
4.4310663e+01	-6.2964231e-02
4.4332472e+01	2.9771750e-01
4.4354281e+01	3.9225743e-01
4.4376090e+01	7.3739436e-02
4.4397899e+01	-2.0036977e-01
4.4419708e+01	7.2835178e-02
4.4441517e+01	3.2291961e-01
4.4463326e+01	1.2927759e-01
4.4485134e+01	-3.6260699e-02
4.4506943e+01	5.3863141e-01
4.4528752e+01	2.6495790e-01
4.4550561e+01	4.2339372e-01
4.4572370e+01	5.7129965e-01
4.4594179e+01	1.2072233e+00
4.4615988e+01	1.0258304e+00
4.4637797e+01	1.2068805e+00
4.4659606e+01	7.0946617e-01
4.4681415e+01	6.4377113e-01
4.4703224e+01	3.8587697e-01
4.4725033e+01	7.0613032e-01
4.4746842e+01	4.4718111e-01
4.4768651e+01	-2.4950673e-01
4.4790460e+01	9.7664788e-02
4.4812269e+01	4.0534855e-01
4.4834077e+01	8.5315322e-02
4.4855886e+01	6.0381963e-02
4.4877695e+01	-1.3276225e-01
4.4899504e+01	6.0572889e-02
4.4921313e+01	2.6044928e-02
4.4943122e+01	1.0567213e-02
4.4964931e+01	5.9267872e-01
4.4986740e+01	4.7321885e-01