Image file: \\Gfs05\g45\SAXS\2020_12\HDF5\2020-12.10_Kevin_day2_SN\2020-12-10_Max_Cu123_SN_000017_data_000057.h5
ImageIntegration1d_chi_output; Output_Directory= \\Gfs05\g45\SAXS\2020_12\Processed\2020-12-09_Kevin_day1_SN\Chi-Sample-7
Profile = Radial, StartAzimuth = 0.0, EndAzimuth = 360.0, Sam_Det_distance = 250.818474293, InnerRadius = 15.0, OuterRadius = 2400.0, Lambda = 30, Ratio = 0.001, Itermax = 100
2400
2.0013229e+00	-6.8986919e-02
2.0231319e+00	-1.2111011e-01
2.0449408e+00	1.8174885e-01
2.0667497e+00	1.3081595e-01
2.0885587e+00	-1.7906853e-01
2.1103676e+00	8.3936887e-02
2.1321765e+00	3.8632576e-02
2.1539855e+00	1.0982164e-01
2.1757944e+00	2.0685258e-02
2.1976034e+00	-6.8360753e-02
2.2194123e+00	2.3103474e-01
2.2412212e+00	-1.6895786e-01
2.2630302e+00	-7.0443251e-02
2.2848391e+00	3.0825276e-01
2.3066480e+00	9.6949039e-02
2.3284570e+00	-1.0215138e-02
2.3502659e+00	2.6636417e-01
2.3720749e+00	-1.8474949e-02
2.3938838e+00	-3.3795348e-02
2.4156927e+00	3.5169844e-01
2.4375017e+00	2.1783805e-02
2.4593106e+00	-1.1980085e-01
2.4811196e+00	-1.0961727e-01
2.5029285e+00	2.4539029e-02
2.5247374e+00	1.8747222e-01
2.5465464e+00	1.5846296e-01
2.5683553e+00	-1.0474115e-01
2.5901642e+00	-1.7724011e-02
2.6119732e+00	-1.3079437e-01
2.6337821e+00	1.9301344e-02
2.6555911e+00	-1.1291623e-02
2.6774000e+00	8.5768208e-02
2.6992089e+00	2.7242833e-01
2.7210179e+00	2.2942843e-01
2.7428268e+00	2.3076135e-01
2.7646358e+00	1.7738265e-01
2.7864447e+00	-2.1312663e-01
2.8082536e+00	-1.8642691e-01
2.8300626e+00	5.5661586e-02
2.8518715e+00	8.9531849e-02
2.8736804e+00	-2.6822282e-01
2.8954894e+00	6.5658953e-02
2.9172983e+00	1.2068632e-01
2.9391073e+00	-1.8080906e-01
2.9609162e+00	2.5461841e-02
2.9827251e+00	5.7389983e-02
3.0045341e+00	9.0860210e-02
3.0263430e+00	9.0277557e-02
3.0481519e+00	-2.4876987e-02
3.0699609e+00	-1.5142591e-02
3.0917698e+00	-3.5120753e-02
3.1135788e+00	9.6513321e-02
3.1353877e+00	8.0545316e-03
3.1571966e+00	-6.6734836e-03
3.1790056e+00	-1.7191084e-02
3.2008145e+00	-1.3632944e-01
3.2226235e+00	-9.9206173e-02
3.2444324e+00	1.8974929e-01
3.2662413e+00	2.9085175e-02
3.2880503e+00	-2.7294546e-02
3.3098592e+00	1.6853921e-02
3.3316681e+00	-2.2988396e-02
3.3534771e+00	-4.7275934e-02
3.3752860e+00	2.5236760e-01
3.3970950e+00	2.6971814e-02
3.4189039e+00	9.2208372e-02
3.4407128e+00	-3.6717243e-02
3.4625218e+00	-5.3976046e-02
3.4843307e+00	1.5653273e-02
3.5061396e+00	-5.2421289e-02
3.5279486e+00	-1.0948332e-01
3.5497575e+00	5.4560462e-02
3.5715665e+00	9.6691562e-02
3.5933754e+00	6.1304067e-02
3.6151843e+00	-1.8322558e-01
3.6369933e+00	2.5154766e-02
3.6588022e+00	2.0712975e-01
3.6806112e+00	4.3955073e-02
3.7024201e+00	2.2864522e-02
3.7242290e+00	-1.1607748e-01
3.7460380e+00	1.7237490e-02
3.7678469e+00	3.4137936e-02
3.7896558e+00	-1.0904985e-01
3.8114648e+00	-9.9445977e-02
3.8332737e+00	-4.4077856e-03
3.8550827e+00	9.5127026e-02
3.8768916e+00	1.2978499e-02
3.8987005e+00	9.6300285e-02
3.9205095e+00	1.1092733e-01
3.9423184e+00	-4.8049269e-02
3.9641273e+00	-5.0312863e-02
3.9859363e+00	8.3900298e-02
4.0077452e+00	-1.6716473e-02
4.0295542e+00	-1.8485399e-01
4.0513631e+00	4.9445666e-02
4.0731720e+00	1.2392618e-01
4.0949810e+00	3.9314359e-02
4.1167899e+00	-1.2374431e-01
4.1385989e+00	-2.4922875e-01
4.1604078e+00	8.0088778e-02
4.1822167e+00	8.3198625e-02
4.2040257e+00	4.6079458e-03
4.2258346e+00	1.1306076e-01
4.2476435e+00	1.3551775e-01
4.2694525e+00	-7.6407169e-02
4.2912614e+00	-5.7937654e-02
4.3130704e+00	9.0271680e-03
4.3348793e+00	-9.8301063e-02
4.3566882e+00	-5.0460049e-02
4.3784972e+00	1.0013697e-01
4.4003061e+00	-7.3978796e-02
4.4221151e+00	1.1418320e-01
4.4439240e+00	1.0051072e-02
4.4657329e+00	1.1190535e-01
4.4875419e+00	-5.0118829e-02
4.5093508e+00	-1.2899805e-01
4.5311597e+00	2.8341192e-02
4.5529687e+00	2.3454197e-02
4.5747776e+00	5.1692721e-02
4.5965866e+00	1.5418296e-01
4.6183955e+00	-1.1493145e-01
4.6402044e+00	-1.9621381e-01
4.6620134e+00	8.5940429e-02
4.6838223e+00	-7.3111722e-02
4.7056312e+00	1.1131986e-01
4.7274402e+00	2.4352696e-01
4.7492491e+00	-2.0889010e-02
4.7710581e+00	-1.0077767e-01
4.7928670e+00	-7.0565871e-02
4.8146759e+00	-5.3804306e-03
4.8364849e+00	2.5761612e-02
4.8582938e+00	7.7004348e-02
4.8801028e+00	-1.0401971e-03
4.9019117e+00	-6.8148446e-02
4.9237206e+00	4.7138059e-03
4.9455296e+00	2.2264895e-01
4.9673385e+00	1.6882352e-01
4.9891474e+00	5.2422450e-02
5.0109564e+00	1.4079829e-01
5.0327653e+00	-2.2094489e-01
5.0545743e+00	-2.1929811e-01
5.0763832e+00	6.6840405e-02
5.0981921e+00	7.5709359e-02
5.1200011e+00	-1.7299190e-02
5.1418100e+00	-8.4200421e-02
5.1636189e+00	-1.1001236e-01
5.1854279e+00	-5.9004687e-02
5.2072368e+00	1.3661782e-01
5.2290458e+00	2.7993708e-02
5.2508547e+00	4.2592845e-02
5.2726636e+00	1.2511005e-01
5.2944726e+00	2.0325621e-02
5.3162815e+00	-1.5322897e-02
5.3380905e+00	-1.0260971e-01
5.3598994e+00	-6.5773705e-02
5.3817083e+00	8.6539302e-02
5.4035173e+00	5.2733531e-02
5.4253262e+00	6.4471685e-02
5.4471351e+00	2.7173981e-01
5.4689441e+00	-6.9156076e-02
5.4907530e+00	-1.0750164e-01
5.5125620e+00	-2.8348759e-02
5.5343709e+00	-1.2063127e-02
5.5561798e+00	1.0433942e-02
5.5779888e+00	-6.6659164e-02
5.5997977e+00	-1.2442175e-02
5.6216066e+00	7.0313719e-02
5.6434156e+00	4.9553658e-02
5.6652245e+00	-4.0784760e-02
5.6870335e+00	1.2270664e-01
5.7088424e+00	-5.3157040e-02
5.7306513e+00	-5.0175307e-02
5.7524603e+00	1.4551726e-02
5.7742692e+00	7.2968919e-02
5.7960782e+00	-5.8149853e-02
5.8178871e+00	8.4572577e-02
5.8396960e+00	7.0944215e-02
5.8615050e+00	-2.0738209e-01
5.8833139e+00	-5.5016308e-02
5.9051228e+00	3.2583340e-02
5.9269318e+00	7.7778982e-02
5.9487407e+00	2.3938754e-02
5.9705497e+00	7.0260736e-02
5.9923586e+00	-7.5626613e-02
6.0141675e+00	-2.3730968e-01
6.0359765e+00	2.0110365e-01
6.0577854e+00	1.6051283e-01
6.0795944e+00	-8.5480768e-02
6.1014033e+00	1.0084203e-01
6.1232122e+00	1.3321944e-01
6.1450212e+00	4.3557041e-02
6.1668301e+00	-1.2432242e-01
6.1886390e+00	-1.5232350e-01
6.2104480e+00	3.1542213e-03
6.2322569e+00	1.5856500e-02
6.2540659e+00	3.4800513e-01
6.2758748e+00	3.1164059e-01
6.2976837e+00	-1.1119907e-01
6.3194927e+00	2.9270605e-02
6.3413016e+00	2.4935518e-02
6.3631105e+00	-2.4926782e-02
6.3849195e+00	1.0571258e-01
6.4067284e+00	-1.8555184e-02
6.4285374e+00	1.9224406e-01
6.4503463e+00	-8.7244535e-02
6.4721552e+00	-1.2085438e-01
6.4939642e+00	7.8368964e-02
6.5157731e+00	4.0708227e-01
6.5375821e+00	9.4067524e-02
6.5593910e+00	-4.5890273e-02
6.5811999e+00	1.5284763e-01
6.6030089e+00	-4.7753895e-02
6.6248178e+00	-2.6041229e-01
6.6466267e+00	2.5602469e-03
6.6684357e+00	1.5404693e-01
6.6902446e+00	-3.9994237e-02
6.7120536e+00	7.2631411e-02
6.7338625e+00	-5.5198922e-03
6.7556714e+00	-1.2780182e-01
6.7774804e+00	-6.4105276e-02
6.7992893e+00	1.1843577e-01
6.8210982e+00	2.2435173e-01
6.8429072e+00	-2.3679362e-03
6.8647161e+00	5.9183289e-02
6.8865251e+00	1.0115766e-02
6.9083340e+00	1.8894565e-02
6.9301429e+00	-2.3362279e-01
6.9519519e+00	-2.3592988e-02
6.9737608e+00	5.3748667e-02
6.9955698e+00	1.3363770e-02
7.0173787e+00	-1.0357970e-02
7.0391876e+00	9.5842647e-02
7.0609966e+00	3.2317241e-03
7.0828055e+00	2.3072329e-02
7.1046144e+00	-9.2784025e-02
7.1264234e+00	1.8274529e-01
7.1482323e+00	3.2352442e-01
7.1700413e+00	-5.8070423e-02
7.1918502e+00	-1.3818779e-01
7.2136591e+00	8.3039704e-03
7.2354681e+00	-4.5083265e-03
7.2572770e+00	3.7527835e-02
7.2790859e+00	1.4209306e-01
7.3008949e+00	2.5176552e-01
7.3227038e+00	5.5687130e-02
7.3445128e+00	-1.5474180e-01
7.3663217e+00	-3.7591122e-01
7.3881306e+00	1.3847791e-01
7.4099396e+00	2.1056600e-01
7.4317485e+00	8.8042766e-02
7.4535575e+00	1.0691641e-01
7.4753664e+00	-3.0316097e-02
7.4971753e+00	-1.4809251e-01
7.5189843e+00	1.0449837e-01
7.5407932e+00	2.0402063e-02
7.5626021e+00	-5.4972775e-02
7.5844111e+00	-9.4255764e-02
7.6062200e+00	-2.5736081e-03
7.6280290e+00	7.6107582e-02
7.6498379e+00	9.9448369e-02
7.6716468e+00	-4.1716601e-02
7.6934558e+00	4.1477113e-02
7.7152647e+00	-7.5207063e-02
7.7370737e+00	-8.8006454e-02
7.7588826e+00	9.1376145e-02
7.7806915e+00	3.7147318e-01
7.8025005e+00	5.2955100e-02
7.8243094e+00	-3.9888970e-02
7.8461183e+00	-8.2861802e-02
7.8679273e+00	8.5088824e-03
7.8897362e+00	1.1213909e-01
7.9115452e+00	-1.3592678e-03
7.9333541e+00	-9.4643521e-02
7.9551630e+00	6.4962571e-03
7.9769720e+00	1.2610951e-01
7.9987809e+00	-1.5954548e-01
8.0205898e+00	-9.0548718e-02
8.0423988e+00	1.6894292e-01
8.0642077e+00	3.8622556e-01
8.0860167e+00	2.6559116e-01
8.1078256e+00	2.4476943e-02
8.1296345e+00	-6.8674465e-02
8.1514435e+00	1.2381078e-02
8.1732524e+00	1.4138145e-01
8.1950614e+00	-1.9913325e-02
8.2168703e+00	1.6937785e-03
8.2386792e+00	-5.2984966e-02
8.2604882e+00	-1.2809366e-01
8.2822971e+00	-1.2929374e-01
8.3041060e+00	2.8395981e-02
8.3259150e+00	1.7797138e-01
8.3477239e+00	1.3421896e-01
8.3695329e+00	-1.3018758e-01
8.3913418e+00	-1.3237319e-02
8.4131507e+00	1.6602810e-01
8.4349597e+00	-1.6947131e-02
8.4567686e+00	-1.5672272e-01
8.4785775e+00	-3.8490976e-02
8.5003865e+00	1.6878384e-01
8.5221954e+00	3.9409104e-03
8.5440044e+00	8.9175161e-02
8.5658133e+00	3.2610377e-02
8.5876222e+00	4.1113080e-02
8.6094312e+00	-8.3290101e-02
8.6312401e+00	-7.6981285e-02
8.6530491e+00	-1.0318558e-01
8.6748580e+00	-3.7346417e-02
8.6966669e+00	-6.2655936e-02
8.7184759e+00	1.0651002e-01
8.7402848e+00	-3.9169302e-02
8.7620937e+00	9.7969293e-02
8.7839027e+00	2.4963209e-01
8.8057116e+00	2.7169340e-02
8.8275206e+00	9.7061741e-02
8.8493295e+00	-1.6554476e-01
8.8711384e+00	9.2899047e-02
8.8929474e+00	3.1594145e-01
8.9147563e+00	-6.8840865e-02
8.9365652e+00	-8.1655001e-02
8.9583742e+00	-7.0905798e-02
8.9801831e+00	3.3452401e-02
9.0019921e+00	-1.5706623e-02
9.0238010e+00	6.8522162e-02
9.0456099e+00	2.8900188e-01
9.0674189e+00	1.2402275e-01
9.0892278e+00	-2.8137874e-01
9.1110368e+00	1.3021416e-01
9.1328457e+00	1.2792848e-01
9.1546546e+00	8.4948373e-02
9.1764636e+00	1.6563974e-01
9.1982725e+00	-2.1320442e-02
9.2200814e+00	-3.4007947e-01
9.2418904e+00	-2.7556150e-01
9.2636993e+00	1.0892832e-01
9.2855083e+00	1.8102118e-01
9.3073172e+00	-4.9959922e-02
9.3291261e+00	1.8227444e-01
9.3509351e+00	4.0781147e-01
9.3727440e+00	2.2512561e-01
9.3945530e+00	6.2125200e-02
9.4163619e+00	-2.5243783e-02
9.4381708e+00	-1.7231134e-01
9.4599798e+00	8.9436419e-02
9.4817887e+00	-2.9839942e-02
9.5035976e+00	-9.3455194e-02
9.5254066e+00	1.0207898e-01
9.5472155e+00	2.3511279e-01
9.5690245e+00	1.2188537e-01
9.5908334e+00	-2.4407089e-01
9.6126423e+00	-9.7134264e-02
9.6344513e+00	-9.9438354e-02
9.6562602e+00	1.2247781e-01
9.6780691e+00	4.2651356e-01
9.6998781e+00	9.6674453e-02
9.7216870e+00	8.7954884e-02
9.7434960e+00	3.5073129e-02
9.7653049e+00	4.3677972e-02
9.7871138e+00	3.7508858e-02
9.8089228e+00	-1.1908203e-01
9.8307317e+00	-6.2812313e-02
9.8525407e+00	-1.4067138e-01
9.8743496e+00	1.9737662e-02
9.8961585e+00	1.4830067e-01
9.9179675e+00	-5.8080745e-02
9.9397764e+00	-1.3265720e-02
9.9615853e+00	1.1387134e-02
9.9833943e+00	-9.5560245e-03
1.0005203e+01	-4.7100847e-02
1.0027012e+01	7.8070209e-02
1.0048821e+01	-8.3178359e-03
1.0070630e+01	1.0988775e-01
1.0092439e+01	1.2470464e-01
1.0114248e+01	-4.2160680e-02
1.0136057e+01	2.4896361e-01
1.0157866e+01	3.8029412e-01
1.0179675e+01	-3.0720397e-02
1.0201484e+01	1.4738337e-02
1.0223293e+01	-1.8452299e-01
1.0245102e+01	-1.7183787e-01
1.0266910e+01	2.9517932e-02
1.0288719e+01	-6.2618458e-02
1.0310528e+01	1.8758954e-01
1.0332337e+01	1.0424494e+00
1.0354146e+01	2.1627951e+00
1.0375955e+01	2.4199109e+00
1.0397764e+01	2.9294360e+00
1.0419573e+01	3.5078755e+00
1.0441382e+01	3.9239204e+00
1.0463191e+01	4.5627720e+00
1.0485000e+01	5.9887744e+00
1.0506809e+01	6.9186578e+00
1.0528618e+01	7.7690242e+00
1.0550427e+01	8.4821648e+00
1.0572236e+01	8.9602768e+00
1.0594045e+01	9.9719693e+00
1.0615853e+01	1.0128921e+01
1.0637662e+01	9.9455364e+00
1.0659471e+01	9.3400122e+00
1.0681280e+01	7.8845451e+00
1.0703089e+01	6.0644863e+00
1.0724898e+01	4.7824608e+00
1.0746707e+01	3.3944127e+00
1.0768516e+01	2.4564833e+00
1.0790325e+01	1.8810897e+00
1.0812134e+01	1.6109330e+00
1.0833943e+01	1.5234394e+00
1.0855752e+01	9.3633597e-01
1.0877561e+01	5.3890587e-01
1.0899370e+01	-1.1630741e-02
1.0921179e+01	-1.9502796e-01
1.0942988e+01	-2.8875699e-03
1.0964796e+01	1.0580154e-01
1.0986605e+01	-3.6080391e-02
1.1008414e+01	1.1898624e-01
1.1030223e+01	1.4124911e-01
1.1052032e+01	-2.6604669e-02
1.1073841e+01	1.9793816e-01
1.1095650e+01	5.0732210e-01
1.1117459e+01	6.6886989e-01
1.1139268e+01	9.6052627e-01
1.1161077e+01	1.0008990e+00
1.1182886e+01	1.4796007e+00
1.1204695e+01	1.9215952e+00
1.1226504e+01	1.9738391e+00
1.1248313e+01	1.6702072e+00
1.1270122e+01	9.9939216e-01
1.1291931e+01	5.0314276e-01
1.1313740e+01	-1.7507032e-01
1.1335548e+01	2.1100283e-02
1.1357357e+01	2.6578573e-02
1.1379166e+01	5.8646089e-02
1.1400975e+01	-4.5907772e-02
1.1422784e+01	-9.5747405e-02
1.1444593e+01	2.3965502e-02
1.1466402e+01	-1.0144419e-02
1.1488211e+01	-1.6690048e-02
1.1510020e+01	1.5002253e-01
1.1531829e+01	2.9704706e-01
1.1553638e+01	1.0255293e-01
1.1575447e+01	5.0810666e-02
1.1597256e+01	-3.9644116e-01
1.1619065e+01	-2.0860466e-01
1.1640874e+01	2.9922678e-01
1.1662683e+01	1.5766523e-01
1.1684491e+01	7.3880197e-02
1.1706300e+01	1.7395902e-01
1.1728109e+01	2.9136723e-01
1.1749918e+01	8.5367777e-03
1.1771727e+01	-4.1114823e-02
1.1793536e+01	-9.2411328e-04
1.1815345e+01	3.6512920e-03
1.1837154e+01	8.6595380e-03
1.1858963e+01	1.6926254e-02
1.1880772e+01	-1.3782205e-01
1.1902581e+01	1.7969228e-01
1.1924390e+01	3.0945842e-02
1.1946199e+01	2.4980496e-02
1.1968008e+01	-5.7914707e-02
1.1989817e+01	5.1423114e-02
1.2011626e+01	-8.6714159e-02
1.2033434e+01	-1.4601637e-01
1.2055243e+01	-9.1120213e-02
1.2077052e+01	1.5408176e-01
1.2098861e+01	2.8547047e-02
1.2120670e+01	-7.3908550e-02
1.2142479e+01	1.1000440e-01
1.2164288e+01	6.9586562e-02
1.2186097e+01	-7.6051892e-02
1.2207906e+01	2.9434406e-01
1.2229715e+01	3.0555313e-01
1.2251524e+01	1.0456196e-01
1.2273333e+01	1.3095912e-01
1.2295142e+01	-3.4187503e-02
1.2316951e+01	-1.0788825e-03
1.2338760e+01	-1.1143999e-01
1.2360569e+01	-1.2441789e-01
1.2382377e+01	-1.1844154e-02
1.2404186e+01	-1.9492426e-01
1.2425995e+01	9.4561750e-02
1.2447804e+01	1.8441261e-02
1.2469613e+01	8.9623430e-02
1.2491422e+01	2.4023223e-01
1.2513231e+01	6.0255043e-04
1.2535040e+01	2.9137094e-02
1.2556849e+01	-5.3125494e-02
1.2578658e+01	-1.5401949e-01
1.2600467e+01	7.7998177e-02
1.2622276e+01	1.8715947e-01
1.2644085e+01	9.4520335e-02
1.2665894e+01	1.1746105e-01
1.2687703e+01	-2.7693132e-02
1.2709512e+01	-2.2053010e-01
1.2731320e+01	-1.2058223e-01
1.2753129e+01	-8.3164885e-02
1.2774938e+01	-5.6233194e-02
1.2796747e+01	1.8415055e-01
1.2818556e+01	1.5595501e-01
1.2840365e+01	-1.3304710e-01
1.2862174e+01	-1.0277767e-01
1.2883983e+01	3.5502180e-02
1.2905792e+01	7.5277049e-02
1.2927601e+01	1.7153700e-01
1.2949410e+01	6.0186639e-02
1.2971219e+01	-9.0788210e-02
1.2993028e+01	-3.8582669e-02
1.3014837e+01	3.3922126e-02
1.3036646e+01	3.8498855e-01
1.3058455e+01	5.5431669e-01
1.3080264e+01	3.9006499e-01
1.3102072e+01	4.7664912e-01
1.3123881e+01	1.3894136e-01
1.3145690e+01	-1.6013899e-01
1.3167499e+01	1.2878743e-01
1.3189308e+01	3.6202890e-01
1.3211117e+01	2.0124618e-01
1.3232926e+01	7.0705215e-02
1.3254735e+01	3.4209262e-01
1.3276544e+01	3.2754089e-01
1.3298353e+01	-1.1446181e-01
1.3320162e+01	-2.3093900e-01
1.3341971e+01	-1.6596697e-01
1.3363780e+01	5.1576791e-01
1.3385589e+01	7.9123348e-01
1.3407398e+01	9.1897622e-01
1.3429207e+01	8.1608659e-01
1.3451015e+01	7.8291308e-01
1.3472824e+01	6.8953615e-01
1.3494633e+01	5.0498029e-01
1.3516442e+01	4.5021394e-01
1.3538251e+01	4.5226137e-01
1.3560060e+01	1.5779423e-01
1.3581869e+01	5.0885342e-02
1.3603678e+01	-5.8369252e-02
1.3625487e+01	9.5506398e-02
1.3647296e+01	1.3075939e-01
1.3669105e+01	-8.3367056e-02
1.3690914e+01	-1.0324189e-02
1.3712723e+01	3.1233325e-02
1.3734532e+01	9.7417596e-02
1.3756341e+01	1.2928641e-01
1.3778150e+01	-2.0093294e-01
1.3799958e+01	-1.6941442e-01
1.3821767e+01	-6.2163274e-02
1.3843576e+01	-8.3186375e-03
1.3865385e+01	-1.4974002e-02
1.3887194e+01	1.2237512e-01
1.3909003e+01	-1.6552011e-01
1.3930812e+01	1.1133927e-01
1.3952621e+01	1.5093449e-01
1.3974430e+01	-7.6781225e-02
1.3996239e+01	1.3570574e-01
1.4018048e+01	-3.8420028e-03
1.4039857e+01	-1.8191846e-01
1.4061666e+01	5.7471278e-02
1.4083475e+01	1.7035802e-01
1.4105284e+01	2.7860111e-01
1.4127093e+01	6.1405707e-02
1.4148901e+01	-1.8361093e-01
1.4170710e+01	-1.2771716e-01
1.4192519e+01	5.8924005e-02
1.4214328e+01	2.9335659e-02
1.4236137e+01	-3.7474953e-02
1.4257946e+01	-3.7916077e-02
1.4279755e+01	7.7300625e-02
1.4301564e+01	-7.5731225e-02
1.4323373e+01	5.8998141e-02
1.4345182e+01	7.0334486e-02
1.4366991e+01	4.7375319e-02
1.4388800e+01	-3.9765060e-02
1.4410609e+01	4.1140761e-02
1.4432418e+01	6.3245122e-02
1.4454227e+01	-1.0907930e-01
1.4476036e+01	-5.4935111e-02
1.4497844e+01	-2.1826150e-02
1.4519653e+01	1.1809941e-01
1.4541462e+01	-8.9269591e-02
1.4563271e+01	4.0480560e-02
1.4585080e+01	1.9973295e-01
1.4606889e+01	1.4700678e-01
1.4628698e+01	-9.8565319e-02
1.4650507e+01	-2.4566218e-01
1.4672316e+01	-2.5755378e-02
1.4694125e+01	8.0176241e-02
1.4715934e+01	-5.9122283e-04
1.4737743e+01	1.7009636e-01
1.4759552e+01	-1.8675020e-01
1.4781361e+01	-3.3582121e-01
1.4803170e+01	-1.6471102e-01
1.4824979e+01	1.2463107e-01
1.4846787e+01	2.6477608e-01
1.4868596e+01	1.6366400e-01
1.4890405e+01	8.9659652e-02
1.4912214e+01	1.4764322e-01
1.4934023e+01	7.8976610e-02
1.4955832e+01	8.6408407e-02
1.4977641e+01	2.4399808e-01
1.4999450e+01	6.6184352e-01
1.5021259e+01	7.5185875e-01
1.5043068e+01	8.9151976e-01
1.5064877e+01	7.7683753e-01
1.5086686e+01	5.8826604e-01
1.5108495e+01	2.0529829e-01
1.5130304e+01	-9.6832050e-02
1.5152113e+01	-1.5624089e-01
1.5173922e+01	-4.9990672e-02
1.5195731e+01	-9.7970851e-02
1.5217539e+01	-5.4618080e-02
1.5239348e+01	4.0132440e-02
1.5261157e+01	1.3723601e-02
1.5282966e+01	-9.2636114e-02
1.5304775e+01	6.5986307e-02
1.5326584e+01	4.0951947e-01
1.5348393e+01	4.2045983e-01
1.5370202e+01	3.9992060e-01
1.5392011e+01	2.1875149e-01
1.5413820e+01	2.2193421e-01
1.5435629e+01	8.5519383e-02
1.5457438e+01	-1.3685124e-01
1.5479247e+01	-9.5274054e-02
1.5501056e+01	5.8471136e-02
1.5522865e+01	-7.3298930e-02
1.5544674e+01	-1.2151964e-01
1.5566482e+01	7.7140515e-02
1.5588291e+01	-8.3221439e-02
1.5610100e+01	4.5250741e-02
1.5631909e+01	1.5546902e-01
1.5653718e+01	1.4335233e-01
1.5675527e+01	-1.1990022e-01
1.5697336e+01	5.0295347e-02
1.5719145e+01	1.4054351e-01
1.5740954e+01	7.2859847e-03
1.5762763e+01	-3.8341643e-02
1.5784572e+01	-1.3694524e-01
1.5806381e+01	-1.7874120e-01
1.5828190e+01	-7.0523163e-02
1.5849999e+01	7.6938201e-02
1.5871808e+01	7.7170605e-02
1.5893617e+01	1.0868142e-01
1.5915425e+01	-4.0956728e-02
1.5937234e+01	-4.0698282e-02
1.5959043e+01	2.3697295e-01
1.5980852e+01	-1.1590803e-02
1.6002661e+01	-1.4395596e-02
1.6024470e+01	-5.4525520e-02
1.6046279e+01	5.1774353e-04
1.6068088e+01	2.0507652e-01
1.6089897e+01	6.2259909e-02
1.6111706e+01	-1.5569811e-01
1.6133515e+01	-1.0488589e-01
1.6155324e+01	8.1170936e-03
1.6177133e+01	1.0138534e-01
1.6198942e+01	8.1936283e-02
1.6220751e+01	9.8386687e-02
1.6242560e+01	-1.1293913e-01
1.6264368e+01	-1.9397337e-01
1.6286177e+01	-4.2758781e-02
1.6307986e+01	6.6042629e-02
1.6329795e+01	2.3601659e-01
1.6351604e+01	8.4864953e-02
1.6373413e+01	3.1354354e-03
1.6395222e+01	9.0406441e-02
1.6417031e+01	-4.4682972e-02
1.6438840e+01	-1.1246996e-01
1.6460649e+01	-4.4080794e-02
1.6482458e+01	-1.2079948e-02
1.6504267e+01	-9.4847089e-02
1.6526076e+01	1.0309438e-01
1.6547885e+01	2.3745636e-01
1.6569694e+01	5.1060863e-02
1.6591503e+01	-1.0260564e-01
1.6613311e+01	3.5284145e-01
1.6635120e+01	7.1630770e-01
1.6656929e+01	7.0703672e-01
1.6678738e+01	7.9646508e-01
1.6700547e+01	6.6657436e-01
1.6722356e+01	7.1599214e-01
1.6744165e+01	9.6773796e-01
1.6765974e+01	1.1179414e+00
1.6787783e+01	1.4139569e+00
1.6809592e+01	1.3067300e+00
1.6831401e+01	1.1142643e+00
1.6853210e+01	1.0556763e+00
1.6875019e+01	5.2335762e-01
1.6896828e+01	1.6960767e-01
1.6918637e+01	4.7648127e-02
1.6940446e+01	-5.8477114e-02
1.6962254e+01	-9.3928018e-02
1.6984063e+01	-1.1056180e-01
1.7005872e+01	2.0284010e-02
1.7027681e+01	1.5446054e-02
1.7049490e+01	1.6585963e-01
1.7071299e+01	8.1363371e-03
1.7093108e+01	-1.2544421e-01
1.7114917e+01	6.6923893e-02
1.7136726e+01	-6.1670119e-02
1.7158535e+01	-1.5133482e-03
1.7180344e+01	2.6053306e-02
1.7202153e+01	6.4531323e-02
1.7223962e+01	-4.8687558e-02
1.7245771e+01	-1.9270569e-02
1.7267580e+01	-2.9503567e-02
1.7289389e+01	1.2316943e-01
1.7311198e+01	-5.0369725e-02
1.7333006e+01	-1.0623048e-01
1.7354815e+01	9.3900169e-02
1.7376624e+01	-5.4464954e-02
1.7398433e+01	-1.4040174e-02
1.7420242e+01	7.4361755e-03
1.7442051e+01	3.4406329e-02
1.7463860e+01	7.0300885e-03
1.7485669e+01	2.7850966e-02
1.7507478e+01	5.6462549e-02
1.7529287e+01	5.2032113e-02
1.7551096e+01	-1.1208964e-01
1.7572905e+01	4.0275302e-02
1.7594714e+01	-9.0603902e-02
1.7616523e+01	-5.1030218e-02
1.7638332e+01	4.1202337e-03
1.7660141e+01	5.7807812e-02
1.7681949e+01	-2.6356245e-02
1.7703758e+01	-2.8912165e-02
1.7725567e+01	1.6068979e-01
1.7747376e+01	3.1003534e-02
1.7769185e+01	3.7290564e-02
1.7790994e+01	-7.1598327e-02
1.7812803e+01	-8.0795951e-02
1.7834612e+01	-1.4670911e-02
1.7856421e+01	-2.5979563e-03
1.7878230e+01	5.0429745e-02
1.7900039e+01	5.5593508e-02
1.7921848e+01	-5.3960513e-02
1.7943657e+01	-7.0355356e-02
1.7965466e+01	1.1122911e-01
1.7987275e+01	8.7741785e-02
1.8009084e+01	-4.7772303e-02
1.8030892e+01	-4.7303014e-02
1.8052701e+01	-9.0662341e-02
1.8074510e+01	-1.0481706e-01
1.8096319e+01	1.1879285e-01
1.8118128e+01	9.0650093e-02
1.8139937e+01	-6.4371036e-02
1.8161746e+01	8.4961054e-02
1.8183555e+01	-5.9548796e-02
1.8205364e+01	5.5664945e-02
1.8227173e+01	6.0340287e-02
1.8248982e+01	-1.0879285e-02
1.8270791e+01	-3.2618232e-02
1.8292600e+01	-9.6564747e-02
1.8314409e+01	4.7107668e-02
1.8336218e+01	-1.3019792e-01
1.8358027e+01	7.3804545e-03
1.8379835e+01	-9.2597419e-02
1.8401644e+01	-3.6939340e-02
1.8423453e+01	8.5351989e-03
1.8445262e+01	1.1162843e-01
1.8467071e+01	1.5687862e-01
1.8488880e+01	6.6979958e-02
1.8510689e+01	-3.5448772e-02
1.8532498e+01	-7.3944944e-02
1.8554307e+01	6.0844109e-02
1.8576116e+01	7.2770498e-02
1.8597925e+01	-1.3303299e-01
1.8619734e+01	6.1359085e-02
1.8641543e+01	3.3125048e-01
1.8663352e+01	3.5834489e-01
1.8685161e+01	3.9280452e-01
1.8706970e+01	2.8724014e-01
1.8728778e+01	1.3836371e-01
1.8750587e+01	3.4499981e-02
1.8772396e+01	-8.2364340e-02
1.8794205e+01	-1.9143091e-01
1.8816014e+01	-2.7875265e-02
1.8837823e+01	9.9470863e-03
1.8859632e+01	1.2953217e-02
1.8881441e+01	-1.0626173e-01
1.8903250e+01	-4.6514641e-03
1.8925059e+01	5.6698135e-02
1.8946868e+01	9.1751054e-02
1.8968677e+01	4.1695012e-02
1.8990486e+01	-7.4586782e-02
1.9012295e+01	2.8468951e-02
1.9034104e+01	5.7926335e-02
1.9055913e+01	-1.4729293e-02
1.9077721e+01	-2.7560927e-02
1.9099530e+01	-1.9245036e-02
1.9121339e+01	-6.1133968e-02
1.9143148e+01	2.8359915e-02
1.9164957e+01	3.5169581e-02
1.9186766e+01	-5.7881767e-03
1.9208575e+01	-2.3032089e-02
1.9230384e+01	-5.1950180e-02
1.9252193e+01	-1.8880289e-02
1.9274002e+01	1.1622893e-02
1.9295811e+01	3.3420509e-02
1.9317620e+01	6.7905054e-02
1.9339429e+01	-7.0301670e-02
1.9361238e+01	1.8493145e-02
1.9383047e+01	1.1825282e-02
1.9404856e+01	8.7481622e-02
1.9426665e+01	1.4051367e-01
1.9448473e+01	5.7416124e-02
1.9470282e+01	-1.9492940e-02
1.9492091e+01	8.0150872e-02
1.9513900e+01	-1.4186180e-01
1.9535709e+01	-3.2356450e-01
1.9557518e+01	-1.1360112e-01
1.9579327e+01	2.1182592e-01
1.9601136e+01	8.5895734e-02
1.9622945e+01	3.4972890e-03
1.9644754e+01	6.1411081e-02
1.9666563e+01	-1.1699790e-02
1.9688372e+01	1.2280502e-01
1.9710181e+01	1.3033344e-01
1.9731990e+01	-3.4437682e-02
1.9753799e+01	-1.4913317e-01
1.9775608e+01	-2.0981747e-01
1.9797416e+01	3.9346961e-02
1.9819225e+01	-1.2939416e-02
1.9841034e+01	-9.1334639e-02
1.9862843e+01	4.5685152e-02
1.9884652e+01	7.1465022e-02
1.9906461e+01	1.8674371e-01
1.9928270e+01	1.4490445e-01
1.9950079e+01	3.8511298e-01
1.9971888e+01	9.4107521e-02
1.9993697e+01	9.3517892e-02
2.0015506e+01	-7.8175491e-03
2.0037315e+01	-1.1717796e-01
2.0059124e+01	-1.8887921e-01
2.0080933e+01	-1.1873341e-01
2.0102742e+01	-4.9978708e-02
2.0124551e+01	5.6262343e-02
2.0146359e+01	1.5982624e-02
2.0168168e+01	7.4443977e-02
2.0189977e+01	-2.3407283e-02
2.0211786e+01	-4.8232700e-02
2.0233595e+01	-1.2781813e-01
2.0255404e+01	8.1150779e-02
2.0277213e+01	2.7695686e-01
2.0299022e+01	3.6222427e-01
2.0320831e+01	3.7163775e-01
2.0342640e+01	4.7433033e-01
2.0364449e+01	1.7297637e-01
2.0386258e+01	-3.3378215e-02
2.0408067e+01	-1.3123445e-01
2.0429876e+01	-4.9537348e-02
2.0451685e+01	4.1335460e-02
2.0473494e+01	6.8795036e-02
2.0495302e+01	1.7909836e-01
2.0517111e+01	2.1196169e-01
2.0538920e+01	4.0840351e-01
2.0560729e+01	3.2478306e-01
2.0582538e+01	4.0242422e-01
2.0604347e+01	9.5945485e-02
2.0626156e+01	-1.5824120e-01
2.0647965e+01	-1.2501814e-01
2.0669774e+01	7.7626002e-02
2.0691583e+01	9.9293693e-02
2.0713392e+01	-6.9501803e-02
2.0735201e+01	-1.3155683e-01
2.0757010e+01	-2.0034198e-03
2.0778819e+01	-2.5544498e-02
2.0800628e+01	-1.4100030e-01
2.0822437e+01	-6.0130147e-02
2.0844245e+01	7.7688555e-02
2.0866054e+01	1.3182926e-01
2.0887863e+01	-6.7747532e-03
2.0909672e+01	-3.4797945e-02
2.0931481e+01	-8.1080209e-02
2.0953290e+01	1.0947191e-01
2.0975099e+01	3.0848618e-01
2.0996908e+01	8.1784100e-01
2.1018717e+01	1.3650180e+00
2.1040526e+01	1.8752468e+00
2.1062335e+01	2.2116012e+00
2.1084144e+01	2.4739896e+00
2.1105953e+01	2.4611828e+00
2.1127762e+01	2.6476185e+00
2.1149571e+01	3.0342062e+00
2.1171380e+01	3.9842296e+00
2.1193188e+01	4.9205553e+00
2.1214997e+01	6.3440481e+00
2.1236806e+01	7.6475755e+00
2.1258615e+01	8.1923492e+00
2.1280424e+01	8.0613459e+00
2.1302233e+01	7.2734561e+00
2.1324042e+01	6.1415166e+00
2.1345851e+01	4.7951540e+00
2.1367660e+01	3.2423298e+00
2.1389469e+01	1.9151899e+00
2.1411278e+01	9.6540178e-01
2.1433087e+01	3.9442612e-01
2.1454896e+01	-1.8884427e-02
2.1476705e+01	1.0510201e-01
2.1498514e+01	4.7864126e-01
2.1520323e+01	8.2891478e-01
2.1542132e+01	1.1676004e+00
2.1563940e+01	1.6891729e+00
2.1585749e+01	1.8590121e+00
2.1607558e+01	1.5849499e+00
2.1629367e+01	1.2659430e+00
2.1651176e+01	8.9589128e-01
2.1672985e+01	5.5250953e-01
2.1694794e+01	1.1827657e-01
2.1716603e+01	6.7594385e-02
2.1738412e+01	1.9535410e-01
2.1760221e+01	-9.4817122e-02
2.1782030e+01	-1.7027889e-01
2.1803839e+01	-2.0660149e-01
2.1825648e+01	-8.0722311e-02
2.1847457e+01	-1.8122603e-01
2.1869266e+01	5.8978063e-02
2.1891075e+01	1.8915152e-01
2.1912883e+01	1.8053327e-01
2.1934692e+01	-4.2041690e-02
2.1956501e+01	1.0052184e-01
2.1978310e+01	7.1568884e-02
2.2000119e+01	-1.1266869e-01
2.2021928e+01	-5.2243833e-02
2.2043737e+01	2.8798917e-02
2.2065546e+01	6.7101975e-02
2.2087355e+01	7.5852036e-02
2.2109164e+01	3.2922706e-02
2.2130973e+01	-9.7429186e-02
2.2152782e+01	9.3329964e-02
2.2174591e+01	-2.2040853e-02
2.2196400e+01	-1.6398941e-01
2.2218209e+01	-1.4362935e-01
2.2240018e+01	5.5913979e-02
2.2261826e+01	8.0277742e-02
2.2283635e+01	1.3505846e-01
2.2305444e+01	-4.0351781e-04
2.2327253e+01	3.3345367e-02
2.2349062e+01	-6.9618881e-03
2.2370871e+01	-1.5494649e-01
2.2392680e+01	-4.8640869e-02
2.2414489e+01	9.7483380e-02
2.2436298e+01	1.2273347e-01
2.2458107e+01	8.9755151e-02
2.2479916e+01	-1.5156911e-01
2.2501725e+01	-1.6328501e-01
2.2523534e+01	8.3895994e-02
2.2545343e+01	2.1284202e-02
2.2567152e+01	1.0513893e-01
2.2588961e+01	5.2480949e-02
2.2610769e+01	-1.2098045e-01
2.2632578e+01	-5.8102336e-02
2.2654387e+01	-3.5008269e-02
2.2676196e+01	7.6792457e-02
2.2698005e+01	1.1883904e-02
2.2719814e+01	2.6144426e-02
2.2741623e+01	-2.1689455e-03
2.2763432e+01	-2.9794937e-02
2.2785241e+01	1.2977293e-01
2.2807050e+01	5.9160704e-02
2.2828859e+01	1.3896831e-02
2.2850668e+01	-1.0099781e-01
2.2872477e+01	-7.3482552e-02
2.2894286e+01	-1.0650638e-01
2.2916095e+01	-8.6896245e-02
2.2937904e+01	1.4036791e-01
2.2959712e+01	1.1614369e-02
2.2981521e+01	-1.1849139e-01
2.3003330e+01	8.0037750e-02
2.3025139e+01	1.3131645e-01
2.3046948e+01	3.7548791e-02
2.3068757e+01	-5.0062320e-02
2.3090566e+01	-1.4857098e-02
2.3112375e+01	4.7840452e-02
2.3134184e+01	8.8435107e-02
2.3155993e+01	1.0810447e-01
2.3177802e+01	-8.8019209e-02
2.3199611e+01	3.3214611e-02
2.3221420e+01	2.0237157e-02
2.3243229e+01	-1.2159223e-01
2.3265038e+01	-8.7829017e-02
2.3286847e+01	-1.7182274e-01
2.3308655e+01	-8.7060619e-02
2.3330464e+01	5.9732521e-02
2.3352273e+01	1.2999756e-01
2.3374082e+01	4.7812201e-02
2.3395891e+01	-3.0931659e-02
2.3417700e+01	4.1806621e-02
2.3439509e+01	-2.2284184e-01
2.3461318e+01	3.4766461e-02
2.3483127e+01	1.0125908e-01
2.3504936e+01	1.9848937e-01
2.3526745e+01	4.6131665e-01
2.3548554e+01	8.3346983e-01
2.3570363e+01	8.5574401e-01
2.3592172e+01	1.0241253e+00
2.3613981e+01	1.3845189e+00
2.3635790e+01	1.6776548e+00
2.3657599e+01	2.2851183e+00
2.3679407e+01	3.3330153e+00
2.3701216e+01	4.3343591e+00
2.3723025e+01	5.3668518e+00
2.3744834e+01	6.3883504e+00
2.3766643e+01	7.2173232e+00
2.3788452e+01	8.2371472e+00
2.3810261e+01	9.0698135e+00
2.3832070e+01	9.0789244e+00
2.3853879e+01	8.2753338e+00
2.3875688e+01	7.2088339e+00
2.3897497e+01	6.2298119e+00
2.3919306e+01	4.9333898e+00
2.3941115e+01	3.6766748e+00
2.3962924e+01	2.7083960e+00
2.3984733e+01	1.9004116e+00
2.4006542e+01	9.9683560e-01
2.4028350e+01	3.6218718e-01
2.4050159e+01	3.8762449e-02
2.4071968e+01	-3.4606567e-02
2.4093777e+01	-2.0651053e-02
2.4115586e+01	2.4149774e-02
2.4137395e+01	1.8613553e-01
2.4159204e+01	1.0809623e-01
2.4181013e+01	-1.5795128e-01
2.4202822e+01	-6.3778578e-02
2.4224631e+01	-2.8129131e-01
2.4246440e+01	-2.4320603e-02
2.4268249e+01	1.1766779e-01
2.4290058e+01	1.7893247e-02
2.4311867e+01	-4.5384891e-03
2.4333676e+01	1.1803435e-01
2.4355485e+01	9.3170613e-02
2.4377293e+01	-8.8216188e-02
2.4399102e+01	-2.0350047e-01
2.4420911e+01	5.7444600e-02
2.4442720e+01	-2.7314831e-02
2.4464529e+01	-4.4737231e-02
2.4486338e+01	1.1199685e-01
2.4508147e+01	1.2488055e-01
2.4529956e+01	2.7546694e-02
2.4551765e+01	5.2044984e-02
2.4573574e+01	1.7706389e-01
2.4595383e+01	4.4848577e-01
2.4617192e+01	5.0300653e-01
2.4639001e+01	5.9591871e-01
2.4660810e+01	9.5278511e-02
2.4682619e+01	-2.1321319e-03
2.4704428e+01	-8.1319265e-02
2.4726236e+01	-5.5526958e-02
2.4748045e+01	-1.6199698e-01
2.4769854e+01	3.1942877e-03
2.4791663e+01	-3.5990680e-02
2.4813472e+01	-1.3804473e-01
2.4835281e+01	6.6057399e-02
2.4857090e+01	-5.4996448e-03
2.4878899e+01	8.4343438e-02
2.4900708e+01	1.0488505e-01
2.4922517e+01	-5.7865415e-02
2.4944326e+01	-6.6325646e-02
2.4966135e+01	1.1388002e-01
2.4987944e+01	2.4373665e-02
2.5009753e+01	-1.8202689e-01
2.5031562e+01	-1.2712989e-01
2.5053371e+01	4.3188976e-02
2.5075179e+01	4.5750520e-02
2.5096988e+01	6.5414122e-03
2.5118797e+01	7.0217849e-02
2.5140606e+01	1.4270036e-01
2.5162415e+01	1.1569014e-02
2.5184224e+01	-6.3542593e-02
2.5206033e+01	1.0328288e-02
2.5227842e+01	2.4069036e-02
2.5249651e+01	-1.3741057e-01
2.5271460e+01	-5.1058715e-02
2.5293269e+01	1.7549869e-01
2.5315078e+01	1.0794714e-01
2.5336887e+01	2.6101767e-01
2.5358696e+01	1.2257510e-01
2.5380505e+01	-1.4190106e-01
2.5402314e+01	-1.8134552e-01
2.5424123e+01	-1.5376086e-02
2.5445931e+01	3.4879279e-02
2.5467740e+01	6.2900671e-02
2.5489549e+01	8.0284262e-02
2.5511358e+01	-4.9440899e-02
2.5533167e+01	-1.1364133e-02
2.5554976e+01	-1.1251270e-02
2.5576785e+01	-6.1689721e-02
2.5598594e+01	-4.8058239e-02
2.5620403e+01	9.4222286e-02
2.5642212e+01	1.9523571e-03
2.5664021e+01	-6.9035446e-02
2.5685830e+01	-3.4999524e-02
2.5707639e+01	-3.1486513e-02
2.5729448e+01	1.1995201e-01
2.5751257e+01	-5.1091548e-02
2.5773066e+01	-9.2120542e-02
2.5794874e+01	-1.7029788e-02
2.5816683e+01	6.1399302e-02
2.5838492e+01	2.2180748e-01
2.5860301e+01	3.0690131e-02
2.5882110e+01	-1.7626926e-01
2.5903919e+01	4.1927476e-02
2.5925728e+01	2.0553008e-01
2.5947537e+01	4.3099969e-01
2.5969346e+01	6.0913293e-01
2.5991155e+01	8.7396943e-01
2.6012964e+01	1.3487736e+00
2.6034773e+01	1.4515399e+00
2.6056582e+01	1.6510888e+00
2.6078391e+01	1.6949557e+00
2.6100200e+01	1.3768131e+00
2.6122009e+01	1.1756863e+00
2.6143817e+01	7.5239991e-01
2.6165626e+01	5.6297526e-01
2.6187435e+01	2.1613082e-01
2.6209244e+01	5.8803394e-02
2.6231053e+01	2.5121248e-02
2.6252862e+01	3.9936652e-03
2.6274671e+01	-5.8328914e-02
2.6296480e+01	-1.6229796e-01
2.6318289e+01	-1.7837912e-01
2.6340098e+01	-8.0726185e-02
2.6361907e+01	-9.4765009e-02
2.6383716e+01	1.5229308e-01
2.6405525e+01	1.7639338e-02
2.6427334e+01	3.8585110e-02
2.6449143e+01	1.1463921e-01
2.6470952e+01	1.1356209e-01
2.6492760e+01	1.5360917e-01
2.6514569e+01	-1.4302972e-01
2.6536378e+01	-1.8863569e-01
2.6558187e+01	2.1263676e-02
2.6579996e+01	-1.1499936e-01
2.6601805e+01	9.9781574e-02
2.6623614e+01	2.0182900e-01
2.6645423e+01	2.7987728e-01
2.6667232e+01	3.9286673e-01
2.6689041e+01	1.4521897e-01
2.6710850e+01	8.3219860e-02
2.6732659e+01	9.3297314e-02
2.6754468e+01	-2.0950546e-02
2.6776277e+01	-1.4367040e-01
2.6798086e+01	-1.6469909e-01
2.6819895e+01	-7.1589571e-02
2.6841703e+01	-1.9055586e-01
2.6863512e+01	1.7698941e-02
2.6885321e+01	1.0660855e-01
2.6907130e+01	3.2618717e-01
2.6928939e+01	2.9855024e-01
2.6950748e+01	3.8912149e-01
2.6972557e+01	3.5958235e-01
2.6994366e+01	1.2704199e-01
2.7016175e+01	1.1762593e-01
2.7037984e+01	1.7464597e-01
2.7059793e+01	-1.7328533e-02
2.7081602e+01	-1.3998406e-01
2.7103411e+01	-1.6627399e-01
2.7125220e+01	-5.1484646e-02
2.7147029e+01	1.1328605e-01
2.7168838e+01	3.7435804e-02
2.7190646e+01	1.2689365e-02
2.7212455e+01	-1.1214792e-01
2.7234264e+01	-4.5748109e-03
2.7256073e+01	4.9455030e-02
2.7277882e+01	3.3451232e-02
2.7299691e+01	3.1418239e-02
2.7321500e+01	-7.6448211e-02
2.7343309e+01	2.9717136e-04
2.7365118e+01	3.4645813e-03
2.7386927e+01	-5.7825678e-02
2.7408736e+01	-5.2356073e-03
2.7430545e+01	-1.0541172e-02
2.7452354e+01	3.4099662e-03
2.7474163e+01	-5.1484866e-04
2.7495972e+01	8.4572242e-02
2.7517781e+01	-2.1484766e-02
2.7539590e+01	-9.5299665e-02
2.7561398e+01	3.2861369e-02
2.7583207e+01	6.2423551e-02
2.7605016e+01	-6.0771123e-02
2.7626825e+01	-3.5336577e-03
2.7648634e+01	-6.5898060e-03
2.7670443e+01	9.8134326e-02
2.7692252e+01	3.4104406e-01
2.7714061e+01	6.5756453e-01
2.7735870e+01	7.5345691e-01
2.7757679e+01	7.6252530e-01
2.7779488e+01	7.0889181e-01
2.7801297e+01	8.3226754e-01
2.7823106e+01	7.1010558e-01
2.7844915e+01	6.9139602e-01
2.7866724e+01	5.3293894e-01
2.7888533e+01	1.2541740e-01
2.7910341e+01	4.4662875e-02
2.7932150e+01	1.5344568e-01
2.7953959e+01	-7.2129067e-03
2.7975768e+01	-3.5020332e-02
2.7997577e+01	-1.5842087e-01
2.8019386e+01	-1.5974504e-01
2.8041195e+01	-1.2214722e-02
2.8063004e+01	1.3583964e-02
2.8084813e+01	-6.3035343e-02
2.8106622e+01	-1.6541583e-01
2.8128431e+01	-6.1605959e-02
2.8150240e+01	1.4561761e-01
2.8172049e+01	3.3674273e-02
2.8193858e+01	-4.1265348e-02
2.8215667e+01	2.3571272e-02
2.8237476e+01	7.5665602e-02
2.8259284e+01	1.7203967e-01
2.8281093e+01	1.5473460e-01
2.8302902e+01	2.3986782e-01
2.8324711e+01	5.3736664e-03
2.8346520e+01	-1.9953554e-01
2.8368329e+01	-5.7171287e-02
2.8390138e+01	-7.3687901e-02
2.8411947e+01	-4.5266494e-02
2.8433756e+01	1.0701470e-01
2.8455565e+01	3.3271177e-01
2.8477374e+01	5.8347331e-01
2.8499183e+01	7.5306892e-01
2.8520992e+01	1.0087688e+00
2.8542801e+01	1.1757793e+00
2.8564610e+01	1.1936484e+00
2.8586419e+01	1.2567626e+00
2.8608227e+01	1.1353330e+00
2.8630036e+01	7.7251185e-01
2.8651845e+01	7.1397838e-01
2.8673654e+01	4.8923182e-01
2.8695463e+01	1.1751940e-01
2.8717272e+01	1.8804438e-01
2.8739081e+01	-2.1949601e-02
2.8760890e+01	-1.8865795e-01
2.8782699e+01	8.3270707e-03
2.8804508e+01	1.0654773e-01
2.8826317e+01	-2.0036730e-02
2.8848126e+01	-2.9827224e-02
2.8869935e+01	-1.2693829e-01
2.8891744e+01	-9.5964801e-02
2.8913553e+01	2.7360497e-02
2.8935362e+01	-8.1491565e-02
2.8957170e+01	1.6839878e-01
2.8978979e+01	4.4986338e-02
2.9000788e+01	-6.9084388e-02
2.9022597e+01	2.7520763e-02
2.9044406e+01	7.9759355e-02
2.9066215e+01	2.3543575e-02
2.9088024e+01	7.1455822e-02
2.9109833e+01	-1.7612902e-01
2.9131642e+01	-7.2873001e-03
2.9153451e+01	8.5915580e-02
2.9175260e+01	1.0842833e-02
2.9197069e+01	2.0365806e-03
2.9218878e+01	-3.8557673e-03
2.9240687e+01	-5.6050585e-02
2.9262496e+01	-7.7488348e-04
2.9284305e+01	-2.2153822e-02
2.9306113e+01	4.8327233e-02
2.9327922e+01	-3.4026166e-02
2.9349731e+01	-8.9545626e-02
2.9371540e+01	7.9571866e-02
2.9393349e+01	9.3867883e-02
2.9415158e+01	4.8988139e-02
2.9436967e+01	1.1995319e-01
2.9458776e+01	1.5680719e-02
2.9480585e+01	-1.5928637e-01
2.9502394e+01	-1.2256470e-01
2.9524203e+01	1.7588063e-01
2.9546012e+01	2.9262681e-01
2.9567821e+01	6.3149092e-02
2.9589630e+01	-1.2654197e-01
2.9611439e+01	-1.2889599e-01
2.9633248e+01	-3.1671653e-02
2.9655057e+01	1.8967751e-02
2.9676865e+01	-1.1047092e-01
2.9698674e+01	-4.5223485e-02
2.9720483e+01	-2.1495579e-02
2.9742292e+01	1.9884105e-01
2.9764101e+01	4.2891627e-02
2.9785910e+01	-8.4459759e-02
2.9807719e+01	3.6747610e-02
2.9829528e+01	1.1165446e-01
2.9851337e+01	1.2021884e-01
2.9873146e+01	-5.6423946e-02
2.9894955e+01	2.1156702e-02
2.9916764e+01	3.3589369e-01
2.9938573e+01	7.5473159e-01
2.9960382e+01	1.3208190e+00
2.9982191e+01	1.8716026e+00
3.0004000e+01	2.7948980e+00
3.0025808e+01	3.7369678e+00
3.0047617e+01	4.0642247e+00
3.0069426e+01	4.4598021e+00
3.0091235e+01	4.7678239e+00
3.0113044e+01	4.7038766e+00
3.0134853e+01	4.3911128e+00
3.0156662e+01	3.7933471e+00
3.0178471e+01	3.0934672e+00
3.0200280e+01	2.2197097e+00
3.0222089e+01	1.4526953e+00
3.0243898e+01	9.6184645e-01
3.0265707e+01	4.0583588e-01
3.0287516e+01	2.7536320e-01
3.0309325e+01	8.5162446e-02
3.0331134e+01	3.7126542e-02
3.0352943e+01	-1.2174148e-02
3.0374751e+01	-1.3427744e-01
3.0396560e+01	-1.7836077e-01
3.0418369e+01	-3.1727730e-02
3.0440178e+01	-6.7816389e-03
3.0461987e+01	1.1630212e-02
3.0483796e+01	1.7663032e-01
3.0505605e+01	5.2383285e-02
3.0527414e+01	-8.2335570e-02
3.0549223e+01	8.8711878e-02
3.0571032e+01	9.8733941e-02
3.0592841e+01	-1.2031201e-01
3.0614650e+01	-1.9577952e-01
3.0636459e+01	-1.6640188e-01
3.0658268e+01	2.9955600e-03
3.0680077e+01	1.3943314e-01
3.0701886e+01	9.3758494e-02
3.0723694e+01	3.2121867e-01
3.0745503e+01	2.1499990e-01
3.0767312e+01	3.1500753e-01
3.0789121e+01	7.8480132e-02
3.0810930e+01	5.4109483e-02
3.0832739e+01	1.3340596e-03
3.0854548e+01	-2.1431340e-02
3.0876357e+01	-3.0444323e-02
3.0898166e+01	-1.3203465e-01
3.0919975e+01	6.7511284e-03
3.0941784e+01	1.3520052e-01
3.0963593e+01	2.0254837e-01
3.0985402e+01	-6.4340331e-02
3.1007211e+01	-1.2823300e-01
3.1029020e+01	-1.1021182e-01
3.1050829e+01	5.0723329e-02
3.1072637e+01	8.3832087e-02
3.1094446e+01	-1.4737668e-01
3.1116255e+01	-1.1580211e-01
3.1138064e+01	6.6421402e-03
3.1159873e+01	1.5733631e-01
3.1181682e+01	1.8659610e-02
3.1203491e+01	8.7793191e-02
3.1225300e+01	-8.3528242e-02
3.1247109e+01	-3.8899461e-02
3.1268918e+01	1.1439971e-01
3.1290727e+01	4.6278503e-02
3.1312536e+01	2.8630678e-02
3.1334345e+01	1.9083148e-02
3.1356154e+01	-5.9873158e-03
3.1377963e+01	-3.0234367e-03
3.1399772e+01	-3.9348600e-02
3.1421580e+01	-9.0778541e-02
3.1443389e+01	-7.0299540e-03
3.1465198e+01	-5.0658867e-02
3.1487007e+01	-9.5738249e-02
3.1508816e+01	-1.6775197e-01
3.1530625e+01	1.4903116e-02
3.1552434e+01	1.0991683e-01
3.1574243e+01	1.2530034e-01
3.1596052e+01	9.1744749e-02
3.1617861e+01	2.3897704e-02
3.1639670e+01	1.2664754e-01
3.1661479e+01	-7.8471688e-02
3.1683288e+01	-1.2299128e-01
3.1705097e+01	-5.5314183e-02
3.1726906e+01	9.4262184e-03
3.1748715e+01	1.4357584e-01
3.1770524e+01	8.6161800e-01
3.1792332e+01	1.3462424e+00
3.1814141e+01	2.2270048e+00
3.1835950e+01	2.8245398e+00
3.1857759e+01	3.3149543e+00
3.1879568e+01	3.8810399e+00
3.1901377e+01	4.2659383e+00
3.1923186e+01	4.2883473e+00
3.1944995e+01	4.2706966e+00
3.1966804e+01	3.9872249e+00
3.1988613e+01	3.4095730e+00
3.2010422e+01	2.8160734e+00
3.2032231e+01	2.0295630e+00
3.2054040e+01	1.4903576e+00
3.2075849e+01	8.9179666e-01
3.2097658e+01	5.0233109e-01
3.2119467e+01	2.2393156e-01
3.2141275e+01	6.7737339e-02
3.2163084e+01	-2.2830003e-02
3.2184893e+01	-2.6964567e-02
3.2206702e+01	-5.7260999e-02
3.2228511e+01	-4.7750701e-02
3.2250320e+01	-7.7272864e-02
3.2272129e+01	-8.9854537e-02
3.2293938e+01	-5.2054370e-02
3.2315747e+01	1.4203585e-01
3.2337556e+01	1.2677395e-01
3.2359365e+01	-4.1658457e-02
3.2381174e+01	-1.1953315e-01
3.2402983e+01	3.7701107e-02
3.2424792e+01	-9.2113146e-02
3.2446601e+01	-6.4685438e-03
3.2468410e+01	1.9562442e-02
3.2490218e+01	1.0659704e-02
3.2512027e+01	3.6558726e-02
3.2533836e+01	1.2020737e-01
3.2555645e+01	1.8166063e-02
3.2577454e+01	2.0458828e-02
3.2599263e+01	2.9805640e-02
3.2621072e+01	-6.5526879e-03
3.2642881e+01	-6.7574402e-02
3.2664690e+01	1.5874416e-02
3.2686499e+01	-6.9499258e-02
3.2708308e+01	-6.7273839e-03
3.2730117e+01	1.8726231e-01
3.2751926e+01	5.2160079e-02
3.2773735e+01	5.7913500e-03
3.2795544e+01	-2.5553132e-01
3.2817353e+01	2.5791891e-01
3.2839161e+01	3.4041459e-01
3.2860970e+01	6.6162102e-02
3.2882779e+01	-1.4175987e-01
3.2904588e+01	1.2708262e-01
3.2926397e+01	-2.7459241e-02
3.2948206e+01	-1.2821909e-01
3.2970015e+01	8.1762156e-02
3.2991824e+01	8.0716440e-02
3.3013633e+01	7.1021716e-02
3.3035442e+01	-3.1880081e-02
3.3057251e+01	-1.2438330e-01
3.3079060e+01	9.3411798e-02
3.3100869e+01	1.5317908e-02
3.3122678e+01	-8.4749534e-02
3.3144487e+01	-2.8925376e-03
3.3166296e+01	1.0520155e-01
3.3188104e+01	8.8456680e-02
3.3209913e+01	-1.2789248e-01
3.3231722e+01	-4.3569276e-02
3.3253531e+01	2.0808743e-03
3.3275340e+01	6.7027311e-02
3.3297149e+01	-3.2965885e-02
3.3318958e+01	4.9757690e-02
3.3340767e+01	7.3372714e-02
3.3362576e+01	-4.7510245e-02
3.3384385e+01	6.8377748e-02
3.3406194e+01	-1.2856624e-01
3.3428003e+01	-1.7568739e-01
3.3449812e+01	-4.4297444e-02
3.3471621e+01	-5.4422973e-02
3.3493430e+01	-1.0738509e-02
3.3515239e+01	7.0229997e-03
3.3537047e+01	2.2227186e-02
3.3558856e+01	1.6412399e-01
3.3580665e+01	8.3120522e-02
3.3602474e+01	1.2922929e-01
3.3624283e+01	3.7216413e-01
3.3646092e+01	5.4033292e-01
3.3667901e+01	3.8940449e-01
3.3689710e+01	5.7975537e-02
3.3711519e+01	-3.4870170e-03
3.3733328e+01	5.9977834e-02
3.3755137e+01	-1.1066382e-01
3.3776946e+01	-1.1007406e-01
3.3798755e+01	-4.0903330e-02
3.3820564e+01	2.3604836e-02
3.3842373e+01	-8.7652124e-03
3.3864182e+01	4.6975324e-02
3.3885991e+01	1.1190097e-02
3.3907799e+01	4.7899016e-02
3.3929608e+01	-3.4611265e-02
3.3951417e+01	-7.3502185e-02
3.3973226e+01	8.4529419e-03
3.3995035e+01	1.8874833e-03
3.4016844e+01	1.0520056e-01
3.4038653e+01	-2.1276519e-02
3.4060462e+01	-1.7634270e-01
3.4082271e+01	-1.1826223e-01
3.4104080e+01	1.0079666e-01
3.4125889e+01	2.1118694e-02
3.4147698e+01	4.9695307e-02
3.4169507e+01	1.6680689e-01
3.4191316e+01	1.5155751e-02
3.4213125e+01	5.0215216e-03
3.4234934e+01	6.1975771e-02
3.4256742e+01	-1.3321035e-02
3.4278551e+01	-4.4600535e-02
3.4300360e+01	-3.9835757e-02
3.4322169e+01	-9.4555605e-02
3.4343978e+01	4.0413299e-02
3.4365787e+01	2.8252919e-02
3.4387596e+01	-8.1054448e-02
3.4409405e+01	-8.6121135e-02
3.4431214e+01	9.6169981e-03
3.4453023e+01	-1.5524517e-02
3.4474832e+01	7.7421896e-02
3.4496641e+01	1.4547983e-01
3.4518450e+01	9.2593173e-02
3.4540259e+01	-1.2113644e-01
3.4562068e+01	-4.4267638e-02
3.4583877e+01	8.5594651e-02
3.4605685e+01	-1.4620146e-01
3.4627494e+01	-1.1748795e-01
3.4649303e+01	1.2246348e-01
3.4671112e+01	1.0673024e-01
3.4692921e+01	-8.9376896e-03
3.4714730e+01	1.6000277e-02
3.4736539e+01	-9.7006642e-03
3.4758348e+01	-2.6391431e-02
3.4780157e+01	-3.9640933e-02
3.4801966e+01	2.4186064e-02
3.4823775e+01	5.9304580e-02
3.4845584e+01	1.4981881e-01
3.4867393e+01	4.0657053e-03
3.4889202e+01	-1.1840133e-01
3.4911011e+01	-8.9606220e-02
3.4932820e+01	-6.5632313e-02
3.4954628e+01	4.6883606e-02
3.4976437e+01	2.6108064e-02
3.4998246e+01	2.7793859e-02
3.5020055e+01	-4.7076147e-04
3.5041864e+01	4.0360277e-03
3.5063673e+01	-5.9185278e-02
3.5085482e+01	-1.5822950e-01
3.5107291e+01	3.8319904e-02
3.5129100e+01	7.8663722e-02
3.5150909e+01	9.2411156e-02
3.5172718e+01	1.9714528e-01
3.5194527e+01	1.2173445e-01
3.5216336e+01	-5.0219714e-02
3.5238145e+01	-1.9835944e-01
3.5259954e+01	-1.4915652e-01
3.5281763e+01	4.1087225e-02
3.5303571e+01	8.1133775e-02
3.5325380e+01	5.2046213e-02
3.5347189e+01	-7.7775581e-03
3.5368998e+01	3.1923221e-02
3.5390807e+01	1.3206268e-02
3.5412616e+01	8.1101418e-03
3.5434425e+01	-5.3164870e-02
3.5456234e+01	3.4848673e-02
3.5478043e+01	-4.1366144e-02
3.5499852e+01	-4.0135148e-02
3.5521661e+01	-1.1824887e-01
3.5543470e+01	7.5414155e-03
3.5565279e+01	1.1589127e-03
3.5587088e+01	1.7279886e-02
3.5608897e+01	-2.0929706e-03
3.5630706e+01	9.3494212e-03
3.5652514e+01	1.9288581e-01
3.5674323e+01	1.7788089e-01
3.5696132e+01	6.9623864e-03
3.5717941e+01	1.1486669e-01
3.5739750e+01	-3.9583463e-02
3.5761559e+01	-9.2484618e-02
3.5783368e+01	-5.4406440e-02
3.5805177e+01	-7.7432054e-02
3.5826986e+01	8.9809455e-02
3.5848795e+01	5.8644704e-02
3.5870604e+01	2.6725490e-02
3.5892413e+01	1.2403587e-01
3.5914222e+01	-3.4646138e-02
3.5936031e+01	-1.7315156e-01
3.5957840e+01	-2.4108317e-01
3.5979649e+01	-1.9005604e-01
3.6001458e+01	1.9651184e-01
3.6023266e+01	3.7478664e-01
3.6045075e+01	5.1984051e-01
3.6066884e+01	4.9153789e-01
3.6088693e+01	3.9360415e-01
3.6110502e+01	4.9044898e-01
3.6132311e+01	1.4690665e-01
3.6154120e+01	6.7526624e-02
3.6175929e+01	1.9387186e-01
3.6197738e+01	2.6165149e-01
3.6219547e+01	2.7773179e-02
3.6241356e+01	-1.1248407e-01
3.6263165e+01	2.2840238e-03
3.6284974e+01	-1.2312698e-01
3.6306783e+01	6.7984541e-03
3.6328592e+01	4.2533960e-02
3.6350401e+01	-6.1264055e-02
3.6372209e+01	-7.0507580e-03
3.6394018e+01	-1.1066065e-01
3.6415827e+01	-4.7785473e-02
3.6437636e+01	6.0205518e-02
3.6459445e+01	1.7421379e-02
3.6481254e+01	1.2255260e-01
3.6503063e+01	5.0247366e-02
3.6524872e+01	1.2805715e-01
3.6546681e+01	6.4689239e-02
3.6568490e+01	8.0195682e-02
3.6590299e+01	-8.0474577e-02
3.6612108e+01	-6.6774170e-02
3.6633917e+01	3.0298409e-02
3.6655726e+01	-1.9077696e-01
3.6677535e+01	-2.4025976e-01
3.6699344e+01	-6.4828296e-02
3.6721152e+01	7.5277979e-03
3.6742961e+01	2.5912377e-02
3.6764770e+01	-5.4754178e-02
3.6786579e+01	4.3410448e-02
3.6808388e+01	2.3137020e-01
3.6830197e+01	1.1371358e-01
3.6852006e+01	7.7848456e-02
3.6873815e+01	6.9380076e-03
3.6895624e+01	9.4394151e-02
3.6917433e+01	8.8429943e-02
3.6939242e+01	1.1591628e-01
3.6961051e+01	-1.0783116e-01
3.6982860e+01	-1.3860369e-02
3.7004669e+01	5.3879826e-02
3.7026478e+01	8.8482172e-02
3.7048287e+01	3.9336824e-01
3.7070095e+01	4.2425780e-01
3.7091904e+01	-5.3660176e-02
3.7113713e+01	-1.8274264e-01
3.7135522e+01	-7.6579394e-02
3.7157331e+01	1.7339153e-02
3.7179140e+01	-1.3221134e-02
3.7200949e+01	-3.3310975e-02
3.7222758e+01	-2.4369810e-02
3.7244567e+01	-7.3572966e-03
3.7266376e+01	-6.5772329e-02
3.7288185e+01	6.1755161e-02
3.7309994e+01	5.3792160e-03
3.7331803e+01	-1.8486606e-01
3.7353612e+01	6.5298437e-02
3.7375421e+01	1.2080797e-01
3.7397230e+01	8.9218006e-02
3.7419038e+01	-1.2032299e-01
3.7440847e+01	9.9904876e-02
3.7462656e+01	5.2502910e-01
3.7484465e+01	8.5899440e-01
3.7506274e+01	9.5971967e-01
3.7528083e+01	5.8689978e-01
3.7549892e+01	2.1755065e-01
3.7571701e+01	3.1521845e-02
3.7593510e+01	3.1898688e-02
3.7615319e+01	-1.6395366e-02
3.7637128e+01	-8.8508207e-02
3.7658937e+01	9.5665308e-02
3.7680746e+01	-8.3032705e-02
3.7702555e+01	-2.1983380e-01
3.7724364e+01	-8.3447109e-02
3.7746173e+01	-4.4622977e-02
3.7767981e+01	-1.4774511e-02
3.7789790e+01	1.7947905e-01
3.7811599e+01	1.9756752e-01
3.7833408e+01	-6.6294497e-02
3.7855217e+01	-5.5440570e-02
3.7877026e+01	2.6280110e-01
3.7898835e+01	1.8514682e-01
3.7920644e+01	1.6263835e-01
3.7942453e+01	-5.5578672e-03
3.7964262e+01	6.0258516e-02
3.7986071e+01	2.5067789e-01
3.8007880e+01	5.2730326e-02
3.8029689e+01	-1.4693974e-01
3.8051498e+01	-8.0628445e-02
3.8073307e+01	-1.2070401e-01
3.8095116e+01	-2.5623039e-01
3.8116925e+01	6.0346770e-02
3.8138733e+01	1.1838284e-01
3.8160542e+01	2.9304302e-01
3.8182351e+01	4.7667884e-01
3.8204160e+01	8.4472860e-01
3.8225969e+01	1.1550096e+00
3.8247778e+01	1.4145820e+00
3.8269587e+01	1.3709772e+00
3.8291396e+01	1.6912084e+00
3.8313205e+01	1.8731229e+00
3.8335014e+01	1.9288389e+00
3.8356823e+01	2.0288648e+00
3.8378632e+01	1.8231057e+00
3.8400441e+01	1.6096280e+00
3.8422250e+01	1.2367949e+00
3.8444059e+01	1.0658167e+00
3.8465868e+01	7.7528163e-01
3.8487676e+01	4.2404201e-01
3.8509485e+01	2.1713309e-01
3.8531294e+01	6.0207835e-02
3.8553103e+01	1.2147921e-01
3.8574912e+01	-1.0746554e-01
3.8596721e+01	-1.8839528e-03
3.8618530e+01	1.2878391e-02
3.8640339e+01	-4.8417365e-02
3.8662148e+01	-1.7019746e-01
3.8683957e+01	-8.3616752e-02
3.8705766e+01	2.4935908e-01
3.8727575e+01	6.6478282e-02
3.8749384e+01	1.3240268e-01
3.8771193e+01	2.4863721e-01
3.8793002e+01	-8.0897526e-02
3.8814811e+01	-2.3601137e-01
3.8836619e+01	3.9119067e-02
3.8858428e+01	-4.5233767e-02
3.8880237e+01	-1.0040410e-02
3.8902046e+01	1.0920684e-01
3.8923855e+01	9.6795016e-02
3.8945664e+01	1.8045141e-02
3.8967473e+01	1.5600488e-02
3.8989282e+01	-4.8185706e-02
3.9011091e+01	7.5349970e-02
3.9032900e+01	1.3689571e-02
3.9054709e+01	-1.0695263e-01
3.9076518e+01	8.9126325e-02
3.9098327e+01	-1.5706476e-01
3.9120136e+01	5.9490216e-02
3.9141945e+01	3.2178376e-01
3.9163754e+01	-6.3970899e-02
3.9185562e+01	-5.9973570e-02
3.9207371e+01	-8.1157158e-02
3.9229180e+01	1.3446208e-01
3.9250989e+01	3.5811078e-01
3.9272798e+01	1.5240264e-01
3.9294607e+01	5.1938521e-02
3.9316416e+01	-1.2273017e-01
3.9338225e+01	-4.6483657e-02
3.9360034e+01	1.7927069e-01
3.9381843e+01	3.4495639e-01
3.9403652e+01	4.4579401e-02
3.9425461e+01	-1.6693073e-01
3.9447270e+01	1.9361613e-02
3.9469079e+01	-5.8193632e-02
3.9490888e+01	1.4619372e-01
3.9512697e+01	-6.0273854e-02
3.9534505e+01	-3.8294985e-02
3.9556314e+01	1.0598734e-01
3.9578123e+01	9.6986040e-02
3.9599932e+01	-1.0713793e-01
3.9621741e+01	-1.3357416e-01
3.9643550e+01	-1.5345414e-01
3.9665359e+01	-2.6924046e-02
3.9687168e+01	-5.2163966e-02
3.9708977e+01	-2.5701100e-02
3.9730786e+01	1.2029963e-01
3.9752595e+01	1.0293243e-01
3.9774404e+01	2.4456853e-03
3.9796213e+01	-4.1574016e-03
3.9818022e+01	1.3851298e-01
3.9839831e+01	1.2133704e-01
3.9861640e+01	1.9314351e-01
3.9883449e+01	-1.7806001e-03
3.9905257e+01	6.8506845e-03
3.9927066e+01	4.6921595e-02
3.9948875e+01	8.2639411e-02
3.9970684e+01	-3.0373056e-01
3.9992493e+01	2.0384071e-03
4.0014302e+01	-1.0726594e-02
4.0036111e+01	2.6072673e-02
4.0057920e+01	9.2262634e-02
4.0079729e+01	-6.4262671e-02
4.0101538e+01	-1.6951937e-01
4.0123347e+01	-1.1596994e-01
4.0145156e+01	4.8997716e-02
4.0166965e+01	-1.4403380e-01
4.0188774e+01	2.0550951e-02
4.0210583e+01	1.8056642e-01
4.0232392e+01	1.6034485e-01
4.0254200e+01	3.7075997e-02
4.0276009e+01	-2.2603158e-02
4.0297818e+01	-2.2310164e-02
4.0319627e+01	-2.9817674e-02
4.0341436e+01	-2.6963218e-02
4.0363245e+01	-2.9579983e-02
4.0385054e+01	9.2868042e-02
4.0406863e+01	-3.9758715e-02
4.0428672e+01	-9.3350500e-02
4.0450481e+01	3.8682151e-02
4.0472290e+01	1.0793411e-01
4.0494099e+01	-9.9535283e-02
4.0515908e+01	4.7688456e-02
4.0537717e+01	3.9925431e-02
4.0559526e+01	2.5306565e-02
4.0581335e+01	-6.4088792e-02
4.0603143e+01	1.0667873e-01
4.0624952e+01	-6.2121672e-02
4.0646761e+01	-6.5463660e-02
4.0668570e+01	6.0494345e-02
4.0690379e+01	3.0062609e-02
4.0712188e+01	-1.2369655e-01
4.0733997e+01	-1.5016404e-02
4.0755806e+01	7.9816879e-02
4.0777615e+01	8.7623201e-02
4.0799424e+01	4.3007861e-02
4.0821233e+01	-2.2772004e-01
4.0843042e+01	-2.7289593e-02
4.0864851e+01	1.9380770e-02
4.0886660e+01	2.2979469e-01
4.0908469e+01	1.1625244e-01
4.0930278e+01	1.1242756e-04
4.0952086e+01	-1.8751069e-01
4.0973895e+01	-1.0628799e-01
4.0995704e+01	2.9058782e-02
4.1017513e+01	1.7469659e-01
4.1039322e+01	2.1676409e-01
4.1061131e+01	5.8817854e-02
4.1082940e+01	-8.0868469e-02
4.1104749e+01	3.2139385e-02
4.1126558e+01	2.9853195e-01
4.1148367e+01	4.1694457e-02
4.1170176e+01	-1.9442322e-02
4.1191985e+01	-2.0513652e-01
4.1213794e+01	-3.2084697e-02
4.1235603e+01	5.8810422e-02
4.1257412e+01	-6.9659962e-02
4.1279221e+01	-8.6992799e-02
4.1301029e+01	6.2777550e-02
4.1322838e+01	9.3929173e-02
4.1344647e+01	1.5815503e-01
4.1366456e+01	1.3826804e-01
4.1388265e+01	-1.0298615e-01
4.1410074e+01	-4.4759471e-02
4.1431883e+01	-8.6217173e-02
4.1453692e+01	1.5108898e-02
4.1475501e+01	2.0133850e-01
4.1497310e+01	-7.0658122e-02
4.1519119e+01	-4.7607211e-02
4.1540928e+01	-5.1003156e-02
4.1562737e+01	-1.5852984e-02
4.1584546e+01	1.1037786e-01
4.1606355e+01	2.9477876e-02
4.1628164e+01	-1.8515443e-01
4.1649972e+01	-6.8457841e-03
4.1671781e+01	8.7052888e-02
4.1693590e+01	-1.4542342e-01
4.1715399e+01	-1.1512222e-01
4.1737208e+01	6.2619344e-02
4.1759017e+01	4.5244137e-01
4.1780826e+01	7.9624936e-02
4.1802635e+01	1.6765838e-01
4.1824444e+01	2.5260646e-01
4.1846253e+01	1.2871399e-01
4.1868062e+01	-6.1825260e-03
4.1889871e+01	3.9303242e-01
4.1911680e+01	2.3386716e-01
4.1933489e+01	1.0276355e-01
4.1955298e+01	-2.9869679e-02
4.1977107e+01	-1.3033002e-01
4.1998916e+01	-1.5434891e-01
4.2020724e+01	-1.6721058e-01
4.2042533e+01	-2.5065356e-02
4.2064342e+01	-7.5944944e-02
4.2086151e+01	1.7736590e-01
4.2107960e+01	1.7541559e-02
4.2129769e+01	1.1065464e-01
4.2151578e+01	5.8334615e-03
4.2173387e+01	-2.0895484e-02
4.2195196e+01	-1.4487820e-02
4.2217005e+01	5.7361810e-02
4.2238814e+01	1.5549425e-01
4.2260623e+01	-9.4955986e-03
4.2282432e+01	4.3348617e-03
4.2304241e+01	-2.2562561e-01
4.2326050e+01	-1.8008650e-01
4.2347859e+01	1.3500753e-01
4.2369667e+01	9.7276676e-03
4.2391476e+01	-2.5867756e-01
4.2413285e+01	-4.1866285e-02
4.2435094e+01	1.9861696e-01
4.2456903e+01	3.2498062e-01
4.2478712e+01	3.5635446e-01
4.2500521e+01	7.3210100e-02
4.2522330e+01	8.0008771e-02
4.2544139e+01	4.8831829e-01
4.2565948e+01	3.6596781e-01
4.2587757e+01	7.8292418e-02
4.2609566e+01	5.9934765e-02
4.2631375e+01	-8.4331844e-02
4.2653184e+01	5.2728150e-02
4.2674993e+01	1.0186704e-01
4.2696802e+01	1.3687866e-01
4.2718610e+01	1.1415394e-01
4.2740419e+01	-1.9251130e-01
4.2762228e+01	-2.1850209e-01
4.2784037e+01	4.3879578e-02
4.2805846e+01	1.5687509e-01
4.2827655e+01	1.4719493e-01
4.2849464e+01	-1.1733387e-01
4.2871273e+01	-7.9069786e-02
4.2893082e+01	-1.4433262e-03
4.2914891e+01	-2.6986700e-02
4.2936700e+01	-3.8783070e-02
4.2958509e+01	-1.6947162e-01
4.2980318e+01	1.0057467e-01
4.3002127e+01	1.7411481e-01
4.3023936e+01	-4.7948865e-02
4.3045745e+01	-6.7257578e-02
4.3067553e+01	3.4083721e-01
4.3089362e+01	-6.0713475e-02
4.3111171e+01	6.8549673e-02
4.3132980e+01	1.5049527e-01
4.3154789e+01	-9.3202833e-02
4.3176598e+01	1.5485983e-01
4.3198407e+01	-6.3728784e-02
4.3220216e+01	6.6652705e-03
4.3242025e+01	-9.6150234e-02
4.3263834e+01	-1.7383431e-01
4.3285643e+01	1.2600179e-01
4.3307452e+01	-1.8249378e-01
4.3329261e+01	-3.9162543e-02
4.3351070e+01	4.7708058e-02
4.3372879e+01	1.4022742e-01
4.3394688e+01	4.7393110e-01
4.3416496e+01	1.8489417e-01
4.3438305e+01	1.5530211e-01
4.3460114e+01	2.2337340e-01
4.3481923e+01	-4.9819500e-02
4.3503732e+01	-7.5981208e-02
4.3525541e+01	-2.1522722e-01
4.3547350e+01	1.6982429e-01
4.3569159e+01	-1.4068260e-01
4.3590968e+01	-9.0443079e-02
4.3612777e+01	9.0947991e-02
4.3634586e+01	1.3923324e-01
4.3656395e+01	-8.5299607e-02
4.3678204e+01	6.0739946e-01
4.3700013e+01	1.0983684e+00
4.3721822e+01	1.2863532e+00
4.3743631e+01	1.7681944e+00
4.3765439e+01	2.2347001e+00
4.3787248e+01	2.5766339e+00
4.3809057e+01	2.8942128e+00
4.3830866e+01	2.9067116e+00
4.3852675e+01	3.2125950e+00
4.3874484e+01	2.8896079e+00
4.3896293e+01	2.9382902e+00
4.3918102e+01	2.3901226e+00
4.3939911e+01	1.6382889e+00
4.3961720e+01	1.3700741e+00
4.3983529e+01	8.4973187e-01
4.4005338e+01	1.1968109e-01
4.4027147e+01	1.8565757e-01
4.4048956e+01	-2.9210659e-02
4.4070765e+01	-7.1480062e-02
4.4092574e+01	-2.6838992e-02
4.4114383e+01	7.3040469e-02
4.4136191e+01	-7.6482704e-02
4.4158000e+01	7.6803464e-02
4.4179809e+01	3.7388300e-01
4.4201618e+01	8.4438875e-02
4.4223427e+01	-3.8527029e-01
4.4245236e+01	-4.4128755e-03
4.4267045e+01	7.7812611e-01
4.4288854e+01	4.7166456e-01
4.4310663e+01	7.4621345e-02
4.4332472e+01	3.7704231e-01
4.4354281e+01	5.1671373e-01
4.4376090e+01	1.3218123e-01
4.4397899e+01	4.6319099e-02
4.4419708e+01	-2.3235403e-01
4.4441517e+01	-4.6257722e-02
4.4463326e+01	1.2300061e-01
4.4485134e+01	4.0112191e-01
4.4506943e+01	1.1347804e-01
4.4528752e+01	1.4579640e-01
4.4550561e+01	3.6471110e-01
4.4572370e+01	-2.3239023e-01
4.4594179e+01	2.3373050e-01
4.4615988e+01	3.7535272e-01
4.4637797e+01	-2.4841146e-01
4.4659606e+01	7.5639337e-02
4.4681415e+01	2.9172185e-01
4.4703224e+01	3.7241584e-01
4.4725033e+01	6.3730929e-02
4.4746842e+01	1.5804161e-01
4.4768651e+01	5.0323362e-02
4.4790460e+01	-1.0235126e-01
4.4812269e+01	-1.0135236e-01
4.4834077e+01	9.8694444e-02
4.4855886e+01	7.1892705e-02
4.4877695e+01	2.4390257e-02
4.4899504e+01	-1.2981630e-01
4.4921313e+01	-9.9942959e-02
4.4943122e+01	3.8871636e-01
4.4964931e+01	5.0233695e-01
4.4986740e+01	8.6993872e-02