Image file: \\Gfs05\g45\SAXS\2020_12\HDF5\2020-12.10_Kevin_day2_SN\2020-12-10_Max_Cu123_SN_000017_data_000027.h5
ImageIntegration1d_chi_output; Output_Directory= \\Gfs05\g45\SAXS\2020_12\Processed\2020-12-09_Kevin_day1_SN\Chi-Sample-7
Profile = Radial, StartAzimuth = 0.0, EndAzimuth = 360.0, Sam_Det_distance = 250.818474293, InnerRadius = 15.0, OuterRadius = 2400.0, Lambda = 30, Ratio = 0.001, Itermax = 100
2400
2.0013229e+00	-1.4055458e-01
2.0231319e+00	8.9757130e-02
2.0449408e+00	5.7139782e-01
2.0667497e+00	5.2510504e-01
2.0885587e+00	4.4874839e-01
2.1103676e+00	-3.1548996e-02
2.1321765e+00	1.4347475e-01
2.1539855e+00	2.5111242e-01
2.1757944e+00	2.3494688e-01
2.1976034e+00	-2.2234188e-01
2.2194123e+00	-1.3812534e-01
2.2412212e+00	1.4211839e-01
2.2630302e+00	-8.5508841e-02
2.2848391e+00	-2.0340950e-02
2.3066480e+00	-1.1659104e-01
2.3284570e+00	1.1401820e-01
2.3502659e+00	8.3211872e-03
2.3720749e+00	-4.6159707e-02
2.3938838e+00	1.1898075e-02
2.4156927e+00	7.5673038e-02
2.4375017e+00	1.5839938e-02
2.4593106e+00	-1.2051478e-02
2.4811196e+00	1.2371181e-01
2.5029285e+00	1.0806066e-02
2.5247374e+00	1.5605655e-02
2.5465464e+00	-3.1694518e-02
2.5683553e+00	-1.8674350e-01
2.5901642e+00	-5.6635522e-03
2.6119732e+00	2.3824976e-01
2.6337821e+00	1.8187340e-01
2.6555911e+00	-1.4762905e-01
2.6774000e+00	-2.0953073e-01
2.6992089e+00	7.3113009e-02
2.7210179e+00	2.4238167e-02
2.7428268e+00	-5.7260810e-02
2.7646358e+00	5.7467006e-02
2.7864447e+00	5.3882158e-01
2.8082536e+00	4.7408511e-01
2.8300626e+00	2.8778909e-01
2.8518715e+00	-5.5121159e-03
2.8736804e+00	1.4908991e-01
2.8954894e+00	2.7739607e-01
2.9172983e+00	-2.6670456e-01
2.9391073e+00	-1.5928740e-01
2.9609162e+00	2.7432324e-01
2.9827251e+00	1.8032153e-01
3.0045341e+00	1.6325922e-01
3.0263430e+00	-2.0052298e-01
3.0481519e+00	5.3419342e-02
3.0699609e+00	-1.1980835e-01
3.0917698e+00	-8.8751682e-02
3.1135788e+00	1.7219504e-01
3.1353877e+00	3.1890149e-01
3.1571966e+00	9.5478436e-02
3.1790056e+00	1.8402612e-02
3.2008145e+00	8.5395430e-03
3.2226235e+00	3.3668690e-01
3.2444324e+00	-1.4881272e-01
3.2662413e+00	-4.3028562e-02
3.2880503e+00	3.0447945e-01
3.3098592e+00	4.8068192e-01
3.3316681e+00	4.4864166e-01
3.3534771e+00	-2.5470606e-02
3.3752860e+00	-1.2104950e-01
3.3970950e+00	7.6127683e-02
3.4189039e+00	-6.5152595e-02
3.4407128e+00	8.3606477e-02
3.4625218e+00	9.3220865e-02
3.4843307e+00	-6.7045300e-02
3.5061396e+00	9.1761191e-02
3.5279486e+00	-2.5441968e-03
3.5497575e+00	-1.5216628e-01
3.5715665e+00	-5.6426204e-02
3.5933754e+00	6.0576976e-02
3.6151843e+00	1.1090441e-01
3.6369933e+00	1.9919282e-01
3.6588022e+00	-2.1789635e-02
3.6806112e+00	-1.8245018e-01
3.7024201e+00	-1.6746339e-02
3.7242290e+00	1.4669494e-01
3.7460380e+00	1.4019637e-01
3.7678469e+00	-2.5686548e-01
3.7896558e+00	-1.1147378e-01
3.8114648e+00	3.4483641e-01
3.8332737e+00	3.9116957e-01
3.8550827e+00	2.0444689e-01
3.8768916e+00	3.8150028e-03
3.8987005e+00	-1.1840079e-01
3.9205095e+00	7.9288579e-03
3.9423184e+00	1.4413474e-01
3.9641273e+00	-2.8806137e-02
3.9859363e+00	6.8528419e-03
4.0077452e+00	6.5484809e-02
4.0295542e+00	-2.4894810e-01
4.0513631e+00	1.8076787e-01
4.0731720e+00	1.8587776e-01
4.0949810e+00	-2.4620870e-02
4.1167899e+00	-9.1868610e-02
4.1385989e+00	-1.6569203e-01
4.1604078e+00	1.2329219e-01
4.1822167e+00	1.0724297e-02
4.2040257e+00	-1.7638729e-02
4.2258346e+00	-4.2634648e-02
4.2476435e+00	6.7651602e-03
4.2694525e+00	-4.3066247e-02
4.2912614e+00	-4.2460895e-02
4.3130704e+00	-4.7559981e-02
4.3348793e+00	1.4179994e-01
4.3566882e+00	9.9997941e-02
4.3784972e+00	9.5397135e-02
4.4003061e+00	1.9257902e-02
4.4221151e+00	-6.5196060e-02
4.4439240e+00	-8.3257304e-02
4.4657329e+00	-8.2853780e-02
4.4875419e+00	2.7490328e-02
4.5093508e+00	1.3749215e-01
4.5311597e+00	-5.1148537e-02
4.5529687e+00	1.0235963e-04
4.5747776e+00	-5.7760798e-02
4.5965866e+00	-7.1513055e-02
4.6183955e+00	2.1796425e-01
4.6402044e+00	1.4601199e-01
4.6620134e+00	-2.1334239e-01
4.6838223e+00	-1.9836841e-01
4.7056312e+00	6.6783802e-02
4.7274402e+00	6.2242346e-02
4.7492491e+00	2.2784573e-01
4.7710581e+00	-1.6533053e-03
4.7928670e+00	1.0773917e-02
4.8146759e+00	-6.8964906e-02
4.8364849e+00	1.1827055e-01
4.8582938e+00	3.2579485e-01
4.8801028e+00	2.7494747e-02
4.9019117e+00	-1.7421108e-01
4.9237206e+00	-1.0266047e-01
4.9455296e+00	1.5321692e-02
4.9673385e+00	-3.8290804e-02
4.9891474e+00	1.7046330e-01
5.0109564e+00	3.6147092e-01
5.0327653e+00	1.5336231e-01
5.0545743e+00	-1.1999551e-01
5.0763832e+00	-1.2116090e-01
5.0981921e+00	-4.5532616e-02
5.1200011e+00	5.7185017e-02
5.1418100e+00	1.2615873e-01
5.1636189e+00	3.4273373e-01
5.1854279e+00	2.5662994e-01
5.2072368e+00	-5.4128545e-03
5.2290458e+00	-2.0290576e-01
5.2508547e+00	-4.7145687e-02
5.2726636e+00	2.9751492e-01
5.2944726e+00	-2.7677561e-02
5.3162815e+00	4.7092514e-02
5.3380905e+00	3.2081968e-01
5.3598994e+00	3.7797231e-01
5.3817083e+00	3.5126203e-01
5.4035173e+00	-7.7098534e-02
5.4253262e+00	-6.6764358e-02
5.4471351e+00	-1.5516976e-02
5.4689441e+00	3.0659646e-03
5.4907530e+00	1.2356751e-01
5.5125620e+00	2.7745686e-02
5.5343709e+00	-1.1062941e-01
5.5561798e+00	7.5970487e-02
5.5779888e+00	3.8673301e-01
5.5997977e+00	-5.4299811e-02
5.6216066e+00	1.5478790e-02
5.6434156e+00	1.9676689e-01
5.6652245e+00	-7.5950174e-02
5.6870335e+00	-1.9681780e-01
5.7088424e+00	9.8989734e-02
5.7306513e+00	3.7069672e-01
5.7524603e+00	3.1744455e-01
5.7742692e+00	2.7199012e-01
5.7960782e+00	-1.6172140e-02
5.8178871e+00	-1.2811290e-01
5.8396960e+00	-2.0668293e-02
5.8615050e+00	1.6363474e-01
5.8833139e+00	4.8191592e-02
5.9051228e+00	-6.8203627e-02
5.9269318e+00	-4.3740125e-02
5.9487407e+00	-7.4232391e-03
5.9705497e+00	-1.0501402e-01
5.9923586e+00	1.1608619e-02
6.0141675e+00	2.0496087e-01
6.0359765e+00	4.8530822e-02
6.0577854e+00	-1.2223152e-01
6.0795944e+00	-9.7956630e-02
6.1014033e+00	1.1434217e-01
6.1232122e+00	-4.5106627e-02
6.1450212e+00	1.4341304e-01
6.1668301e+00	-1.0642395e-01
6.1886390e+00	-1.1049341e-01
6.2104480e+00	1.0279199e-01
6.2322569e+00	8.9139381e-02
6.2540659e+00	5.0446773e-02
6.2758748e+00	1.1282024e-01
6.2976837e+00	-9.0052630e-02
6.3194927e+00	-2.6262224e-01
6.3413016e+00	5.7735321e-02
6.3631105e+00	2.0829505e-01
6.3849195e+00	-1.3725861e-01
6.4067284e+00	-6.3520885e-02
6.4285374e+00	6.0365098e-02
6.4503463e+00	3.4855595e-01
6.4721552e+00	4.6440581e-01
6.4939642e+00	4.0669942e-01
6.5157731e+00	5.7130775e-01
6.5375821e+00	4.7371726e-01
6.5593910e+00	1.1809941e-01
6.5811999e+00	3.7220392e-02
6.6030089e+00	-3.8420548e-02
6.6248178e+00	-5.0161601e-02
6.6466267e+00	4.0851100e-01
6.6684357e+00	4.0132840e-01
6.6902446e+00	-5.4949620e-02
6.7120536e+00	1.1887929e-01
6.7338625e+00	-1.1217528e-02
6.7556714e+00	1.7761089e-02
6.7774804e+00	-1.6037821e-01
6.7992893e+00	-1.3887033e-01
6.8210982e+00	1.3049166e-01
6.8429072e+00	2.4062852e-01
6.8647161e+00	2.0385650e-01
6.8865251e+00	-6.8209493e-02
6.9083340e+00	-1.6806651e-01
6.9301429e+00	2.1208493e-02
6.9519519e+00	1.9471666e-02
6.9737608e+00	-1.1381284e-01
6.9955698e+00	-6.9042208e-02
7.0173787e+00	1.3402984e-01
7.0391876e+00	6.7484409e-02
7.0609966e+00	3.7519518e-01
7.0828055e+00	3.5406247e-01
7.1046144e+00	4.1997473e-01
7.1264234e+00	3.8301839e-01
7.1482323e+00	-3.9947279e-03
7.1700413e+00	-6.1807238e-03
7.1918502e+00	1.2292828e-01
7.2136591e+00	-2.0788708e-01
7.2354681e+00	-5.0983379e-02
7.2572770e+00	3.0011361e-02
7.2790859e+00	1.4770864e-02
7.3008949e+00	1.8007963e-02
7.3227038e+00	2.3977128e-01
7.3445128e+00	8.9649678e-02
7.3663217e+00	-1.5037733e-02
7.3881306e+00	-1.4832688e-01
7.4099396e+00	-3.3649394e-01
7.4317485e+00	1.2495597e-01
7.4535575e+00	1.5735219e-01
7.4753664e+00	1.9705777e-01
7.4971753e+00	2.7685705e-01
7.5189843e+00	3.6490294e-02
7.5407932e+00	1.1007883e-01
7.5626021e+00	1.9306962e-03
7.5844111e+00	-2.4511627e-01
7.6062200e+00	-3.0195347e-01
7.6280290e+00	-1.2090177e-01
7.6498379e+00	1.8798604e-01
7.6716468e+00	1.3151001e-01
7.6934558e+00	1.5135717e-02
7.7152647e+00	1.9788754e-01
7.7370737e+00	-1.4765448e-01
7.7588826e+00	8.4465863e-02
7.7806915e+00	-8.5075630e-03
7.8025005e+00	1.2143959e-02
7.8243094e+00	8.0334377e-02
7.8461183e+00	-1.4988282e-02
7.8679273e+00	4.2733751e-01
7.8897362e+00	5.7832356e-02
7.9115452e+00	-3.1822885e-01
7.9333541e+00	-1.0234691e-01
7.9551630e+00	1.8892999e-01
7.9769720e+00	9.0709880e-02
7.9987809e+00	3.2700472e-02
8.0205898e+00	2.1527157e-02
8.0423988e+00	3.2859939e-01
8.0642077e+00	1.0176805e-01
8.0860167e+00	-6.5438079e-02
8.1078256e+00	-6.7229120e-02
8.1296345e+00	-5.7452829e-04
8.1514435e+00	-7.4310378e-02
8.1732524e+00	-1.4347623e-02
8.1950614e+00	6.6326261e-02
8.2168703e+00	-1.1896147e-01
8.2386792e+00	2.2057974e-01
8.2604882e+00	4.2032055e-01
8.2822971e+00	4.9560521e-01
8.3041060e+00	1.8995328e-02
8.3259150e+00	-2.2930895e-01
8.3477239e+00	1.5719199e-01
8.3695329e+00	1.7284134e-01
8.3913418e+00	2.5212662e-01
8.4131507e+00	-1.7837592e-01
8.4349597e+00	-2.4924031e-01
8.4567686e+00	7.5070199e-02
8.4785775e+00	9.3999348e-02
8.5003865e+00	-2.1254737e-02
8.5221954e+00	-1.0200014e-01
8.5440044e+00	1.2231090e-01
8.5658133e+00	4.9258883e-01
8.5876222e+00	2.0708007e-01
8.6094312e+00	1.1177612e-01
8.6312401e+00	8.9582286e-02
8.6530491e+00	-1.5907541e-01
8.6748580e+00	-3.0624387e-01
8.6966669e+00	5.7643430e-04
8.7184759e+00	4.3660123e-02
8.7402848e+00	7.5594648e-02
8.7620937e+00	1.4807041e-01
8.7839027e+00	-6.0530689e-02
8.8057116e+00	-1.5893200e-01
8.8275206e+00	1.4541869e-03
8.8493295e+00	1.9914118e-01
8.8711384e+00	-4.9333108e-02
8.8929474e+00	-8.5720561e-02
8.9147563e+00	1.4896267e-01
8.9365652e+00	2.0164132e-01
8.9583742e+00	-5.7835408e-02
8.9801831e+00	-1.2393535e-01
9.0019921e+00	-2.9603158e-02
9.0238010e+00	-1.6135281e-03
9.0456099e+00	-4.8614099e-02
9.0674189e+00	4.9003194e-02
9.0892278e+00	7.6448190e-02
9.1110368e+00	2.9272709e-02
9.1328457e+00	1.2147264e-01
9.1546546e+00	-1.0279754e-01
9.1764636e+00	-2.4127489e-01
9.1982725e+00	-8.5843233e-02
9.2200814e+00	9.1361020e-03
9.2418904e+00	1.3763275e-01
9.2636993e+00	2.3980344e-01
9.2855083e+00	2.4875405e-01
9.3073172e+00	8.2631895e-02
9.3291261e+00	-1.4071500e-01
9.3509351e+00	2.3125647e-01
9.3727440e+00	1.3121370e-01
9.3945530e+00	-2.7992774e-01
9.4163619e+00	-1.0139909e-01
9.4381708e+00	5.9767135e-01
9.4599798e+00	6.3668588e-01
9.4817887e+00	7.2152526e-01
9.5035976e+00	6.8394666e-01
9.5254066e+00	1.0136132e+00
9.5472155e+00	1.1160067e+00
9.5690245e+00	7.9156426e-01
9.5908334e+00	-3.3464336e-02
9.6126423e+00	7.0340864e-02
9.6344513e+00	4.3655529e-02
9.6562602e+00	-9.4910613e-02
9.6780691e+00	4.4732609e-03
9.6998781e+00	2.7565227e-01
9.7216870e+00	3.2881367e-01
9.7434960e+00	5.7197844e-01
9.7653049e+00	3.8449478e-01
9.7871138e+00	6.3831975e-02
9.8089228e+00	-1.3779614e-01
9.8307317e+00	-1.0514130e-01
9.8525407e+00	1.5578375e-01
9.8743496e+00	2.4612167e-01
9.8961585e+00	-1.3233547e-01
9.9179675e+00	-1.4625209e-01
9.9397764e+00	1.1142386e-02
9.9615853e+00	5.3634446e-03
9.9833943e+00	8.3040939e-02
1.0005203e+01	1.1108227e-01
1.0027012e+01	5.5418989e-02
1.0048821e+01	1.6912881e-01
1.0070630e+01	-2.0537249e-02
1.0092439e+01	2.1202274e-01
1.0114248e+01	-1.8553935e-01
1.0136057e+01	-2.7919782e-01
1.0157866e+01	3.3127163e-01
1.0179675e+01	5.8328785e-01
1.0201484e+01	4.3768022e-01
1.0223293e+01	3.2749787e-01
1.0245102e+01	1.5498688e-01
1.0266910e+01	3.6300942e-02
1.0288719e+01	-1.0387955e-01
1.0310528e+01	-1.3961026e-01
1.0332337e+01	1.0124545e+00
1.0354146e+01	1.3312537e+00
1.0375955e+01	2.2491407e+00
1.0397764e+01	2.8886016e+00
1.0419573e+01	3.1647624e+00
1.0441382e+01	3.3573054e+00
1.0463191e+01	4.2557746e+00
1.0485000e+01	5.7224433e+00
1.0506809e+01	7.4339395e+00
1.0528618e+01	8.9100284e+00
1.0550427e+01	9.6266632e+00
1.0572236e+01	9.9185049e+00
1.0594045e+01	1.0299754e+01
1.0615853e+01	1.0695330e+01
1.0637662e+01	1.0593444e+01
1.0659471e+01	9.9038046e+00
1.0681280e+01	8.3401334e+00
1.0703089e+01	5.9299241e+00
1.0724898e+01	3.9537137e+00
1.0746707e+01	2.5299085e+00
1.0768516e+01	1.5806165e+00
1.0790325e+01	1.1167509e+00
1.0812134e+01	9.1771889e-01
1.0833943e+01	4.7551955e-01
1.0855752e+01	1.0570004e-01
1.0877561e+01	1.0758866e-01
1.0899370e+01	-1.3808548e-01
1.0921179e+01	-4.9528200e-02
1.0942988e+01	8.6434354e-02
1.0964796e+01	3.3554828e-01
1.0986605e+01	6.5156910e-01
1.1008414e+01	7.1990750e-01
1.1030223e+01	-1.0081225e-01
1.1052032e+01	1.5945006e-01
1.1073841e+01	9.1579367e-01
1.1095650e+01	1.3044188e+00
1.1117459e+01	1.9211348e+00
1.1139268e+01	2.0233957e+00
1.1161077e+01	2.3925899e+00
1.1182886e+01	2.5563896e+00
1.1204695e+01	2.9729311e+00
1.1226504e+01	3.3416025e+00
1.1248313e+01	2.9295771e+00
1.1270122e+01	1.5166402e+00
1.1291931e+01	9.6371694e-01
1.1313740e+01	4.0642662e-01
1.1335548e+01	1.7536458e-02
1.1357357e+01	-2.0688993e-01
1.1379166e+01	2.5288498e-01
1.1400975e+01	7.2997989e-02
1.1422784e+01	-2.1397125e-01
1.1444593e+01	1.3628082e-02
1.1466402e+01	4.8833150e-02
1.1488211e+01	-1.4050413e-01
1.1510020e+01	1.6089773e-01
1.1531829e+01	1.5041253e-01
1.1553638e+01	-1.1864466e-01
1.1575447e+01	1.8872805e-01
1.1597256e+01	-5.8215922e-02
1.1619065e+01	-1.5882250e-01
1.1640874e+01	1.1415526e-01
1.1662683e+01	2.4151129e-01
1.1684491e+01	-5.1888582e-02
1.1706300e+01	-2.2373313e-01
1.1728109e+01	2.2960281e-01
1.1749918e+01	1.6731014e-01
1.1771727e+01	1.0605196e-02
1.1793536e+01	-2.8544499e-01
1.1815345e+01	-4.5042147e-02
1.1837154e+01	2.4862583e-01
1.1858963e+01	3.2551873e-01
1.1880772e+01	1.1879409e-01
1.1902581e+01	-1.9694361e-03
1.1924390e+01	-9.7905336e-04
1.1946199e+01	-1.3128240e-01
1.1968008e+01	1.4079146e-01
1.1989817e+01	2.0791536e-01
1.2011626e+01	-1.7158978e-02
1.2033434e+01	-2.7614884e-01
1.2055243e+01	-1.6448513e-01
1.2077052e+01	-1.4686380e-01
1.2098861e+01	8.6459921e-02
1.2120670e+01	3.0603412e-01
1.2142479e+01	1.4808749e-01
1.2164288e+01	2.7058596e-01
1.2186097e+01	4.9822512e-02
1.2207906e+01	-1.5534621e-02
1.2229715e+01	1.2569681e-01
1.2251524e+01	4.5309232e-01
1.2273333e+01	4.4750781e-01
1.2295142e+01	2.0566705e-01
1.2316951e+01	-1.6974923e-01
1.2338760e+01	-1.1011965e-01
1.2360569e+01	1.1074386e-02
1.2382377e+01	5.0103811e-02
1.2404186e+01	-2.8271798e-02
1.2425995e+01	7.6843925e-02
1.2447804e+01	-1.5872096e-01
1.2469613e+01	-1.0985205e-01
1.2491422e+01	4.5048663e-02
1.2513231e+01	-1.2338423e-02
1.2535040e+01	-1.2202709e-02
1.2556849e+01	1.6311121e-01
1.2578658e+01	-3.7683954e-02
1.2600467e+01	-9.4500214e-02
1.2622276e+01	1.9126683e-01
1.2644085e+01	9.9519682e-04
1.2665894e+01	2.0078052e-02
1.2687703e+01	9.0770455e-02
1.2709512e+01	6.5613985e-02
1.2731320e+01	-2.1381900e-01
1.2753129e+01	6.8252813e-03
1.2774938e+01	2.8371889e-01
1.2796747e+01	-8.0540190e-02
1.2818556e+01	-1.8224799e-01
1.2840365e+01	-4.5463342e-02
1.2862174e+01	1.3541277e-01
1.2883983e+01	5.0298111e-01
1.2905792e+01	3.3311372e-01
1.2927601e+01	-7.3792604e-02
1.2949410e+01	4.9888036e-02
1.2971219e+01	7.8879747e-02
1.2993028e+01	2.0760150e-01
1.3014837e+01	3.5617926e-01
1.3036646e+01	8.2506210e-01
1.3058455e+01	1.2861913e+00
1.3080264e+01	1.8447723e+00
1.3102072e+01	1.8711312e+00
1.3123881e+01	1.0628914e+00
1.3145690e+01	1.0271882e+00
1.3167499e+01	1.1666049e+00
1.3189308e+01	1.1728057e+00
1.3211117e+01	1.4933331e+00
1.3232926e+01	1.8840002e+00
1.3254735e+01	1.5635964e+00
1.3276544e+01	1.2004330e+00
1.3298353e+01	5.2267331e-01
1.3320162e+01	-2.1696843e-01
1.3341971e+01	-3.9169089e-01
1.3363780e+01	8.4113474e-02
1.3385589e+01	1.0662859e-01
1.3407398e+01	-4.4766040e-03
1.3429207e+01	2.2113769e-01
1.3451015e+01	5.1185281e-02
1.3472824e+01	2.6984494e-01
1.3494633e+01	7.0335713e-02
1.3516442e+01	1.0264410e-01
1.3538251e+01	-5.9421333e-03
1.3560060e+01	-1.6625887e-01
1.3581869e+01	-9.1660194e-02
1.3603678e+01	7.1616697e-02
1.3625487e+01	6.2220503e-02
1.3647296e+01	-1.1542265e-02
1.3669105e+01	-3.4321453e-03
1.3690914e+01	1.8626562e-01
1.3712723e+01	-3.4655969e-02
1.3734532e+01	-8.6682079e-02
1.3756341e+01	-8.8721403e-02
1.3778150e+01	2.1680532e-01
1.3799958e+01	1.3558329e-01
1.3821767e+01	-2.2904330e-01
1.3843576e+01	-4.6394238e-02
1.3865385e+01	-3.5144547e-02
1.3887194e+01	7.7168511e-02
1.3909003e+01	1.2552439e-02
1.3930812e+01	-1.5545934e-01
1.3952621e+01	-1.3999688e-01
1.3974430e+01	3.5785586e-02
1.3996239e+01	1.6864223e-01
1.4018048e+01	-1.7903798e-02
1.4039857e+01	7.7336007e-02
1.4061666e+01	2.7423504e-03
1.4083475e+01	1.1227848e-01
1.4105284e+01	1.8038140e-01
1.4127093e+01	2.1350299e-01
1.4148901e+01	5.9126009e-02
1.4170710e+01	-3.1613835e-01
1.4192519e+01	-2.6231189e-01
1.4214328e+01	-2.7724805e-03
1.4236137e+01	6.2816725e-02
1.4257946e+01	-7.3824141e-02
1.4279755e+01	-3.3174398e-03
1.4301564e+01	2.1515673e-01
1.4323373e+01	1.6223370e-01
1.4345182e+01	5.0748516e-02
1.4366991e+01	-1.2001854e-01
1.4388800e+01	1.3935419e-02
1.4410609e+01	7.1720645e-02
1.4432418e+01	-1.0540726e-03
1.4454227e+01	-5.2084502e-02
1.4476036e+01	-1.0436133e-01
1.4497844e+01	9.4430225e-02
1.4519653e+01	2.8049316e-02
1.4541462e+01	8.4099484e-02
1.4563271e+01	-2.3058613e-02
1.4585080e+01	5.3941197e-02
1.4606889e+01	4.7220525e-03
1.4628698e+01	-2.6470212e-01
1.4650507e+01	-2.5087502e-02
1.4672316e+01	-1.2797490e-01
1.4694125e+01	-1.9840954e-01
1.4715934e+01	6.7507973e-02
1.4737743e+01	1.9721161e-01
1.4759552e+01	-1.5891377e-01
1.4781361e+01	5.3395773e-02
1.4803170e+01	1.8024220e-01
1.4824979e+01	-2.4901044e-02
1.4846787e+01	2.4410586e-01
1.4868596e+01	8.5118611e-01
1.4890405e+01	1.1354539e+00
1.4912214e+01	1.2071835e+00
1.4934023e+01	6.8773197e-01
1.4955832e+01	3.9707761e-01
1.4977641e+01	1.7604143e-01
1.4999450e+01	2.6835017e-01
1.5021259e+01	2.1506404e-01
1.5043068e+01	5.9813027e-04
1.5064877e+01	1.0400630e-01
1.5086686e+01	-1.3123490e-02
1.5108495e+01	-1.3702188e-02
1.5130304e+01	-2.5040478e-01
1.5152113e+01	-4.6404699e-01
1.5173922e+01	-2.3952475e-01
1.5195731e+01	1.0421723e-01
1.5217539e+01	2.5342442e-01
1.5239348e+01	1.6927125e-01
1.5261157e+01	2.4636735e-01
1.5282966e+01	6.0039756e-02
1.5304775e+01	2.0847294e-02
1.5326584e+01	4.1457398e-01
1.5348393e+01	4.4987682e-01
1.5370202e+01	5.1325159e-01
1.5392011e+01	4.2610968e-01
1.5413820e+01	1.3688987e-01
1.5435629e+01	-6.5212775e-02
1.5457438e+01	-2.3670474e-01
1.5479247e+01	2.4278613e-02
1.5501056e+01	1.8385808e-01
1.5522865e+01	-1.1668041e-01
1.5544674e+01	-3.5089342e-02
1.5566482e+01	8.0579862e-02
1.5588291e+01	2.1993872e-01
1.5610100e+01	4.6289836e-01
1.5631909e+01	8.9449320e-01
1.5653718e+01	9.3256726e-01
1.5675527e+01	1.0411585e+00
1.5697336e+01	5.4316009e-01
1.5719145e+01	1.4429912e-02
1.5740954e+01	-1.2831499e-01
1.5762763e+01	3.2961499e-02
1.5784572e+01	-8.5925592e-03
1.5806381e+01	-7.9568681e-02
1.5828190e+01	-9.1159319e-02
1.5849999e+01	5.5296860e-02
1.5871808e+01	2.1502841e-01
1.5893617e+01	1.2483722e-01
1.5915425e+01	-8.9963462e-02
1.5937234e+01	-1.6887539e-01
1.5959043e+01	-1.2535197e-01
1.5980852e+01	-4.4317511e-02
1.6002661e+01	6.1037836e-02
1.6024470e+01	1.4516245e-01
1.6046279e+01	5.7611270e-02
1.6068088e+01	1.4044744e-01
1.6089897e+01	5.9067656e-02
1.6111706e+01	-7.4331149e-02
1.6133515e+01	3.4355856e-02
1.6155324e+01	-1.0764333e-01
1.6177133e+01	-5.8228428e-02
1.6198942e+01	-1.1754236e-01
1.6220751e+01	4.2580244e-02
1.6242560e+01	6.6550567e-02
1.6264368e+01	-7.0296437e-03
1.6286177e+01	-1.8374644e-02
1.6307986e+01	4.3415325e-02
1.6329795e+01	-2.6471079e-02
1.6351604e+01	-2.1628176e-02
1.6373413e+01	7.8848397e-02
1.6395222e+01	7.5017306e-02
1.6417031e+01	3.0347268e-02
1.6438840e+01	7.5838094e-02
1.6460649e+01	-1.4789642e-01
1.6482458e+01	-1.5296580e-01
1.6504267e+01	-2.9340839e-02
1.6526076e+01	-1.4415608e-02
1.6547885e+01	1.3204615e-01
1.6569694e+01	5.0304468e-01
1.6591503e+01	1.0466611e+00
1.6613311e+01	1.9691903e+00
1.6635120e+01	2.9186741e+00
1.6656929e+01	3.1657384e+00
1.6678738e+01	2.7321071e+00
1.6700547e+01	2.7918742e+00
1.6722356e+01	2.6705904e+00
1.6744165e+01	2.9581687e+00
1.6765974e+01	3.5807679e+00
1.6787783e+01	4.0758170e+00
1.6809592e+01	4.2166418e+00
1.6831401e+01	3.4687612e+00
1.6853210e+01	2.7670341e+00
1.6875019e+01	1.9758643e+00
1.6896828e+01	1.1357198e+00
1.6918637e+01	5.2334248e-01
1.6940446e+01	2.5017160e-02
1.6962254e+01	6.6036925e-02
1.6984063e+01	1.5679148e-01
1.7005872e+01	-5.6726786e-02
1.7027681e+01	-6.6935597e-02
1.7049490e+01	-3.6844442e-02
1.7071299e+01	-4.1115214e-02
1.7093108e+01	-1.8403810e-03
1.7114917e+01	1.1774037e-01
1.7136726e+01	-1.5095138e-01
1.7158535e+01	-1.9719971e-01
1.7180344e+01	9.5475869e-02
1.7202153e+01	2.5930313e-01
1.7223962e+01	1.1560868e-01
1.7245771e+01	-9.4639859e-02
1.7267580e+01	2.5143835e-02
1.7289389e+01	-2.7596371e-03
1.7311198e+01	6.8965762e-02
1.7333006e+01	-1.1435308e-01
1.7354815e+01	-1.5481665e-01
1.7376624e+01	9.7355037e-02
1.7398433e+01	1.4289039e-01
1.7420242e+01	-7.2095520e-02
1.7442051e+01	1.3848382e-01
1.7463860e+01	-4.6784451e-02
1.7485669e+01	3.7656941e-03
1.7507478e+01	-3.5207944e-02
1.7529287e+01	4.2286130e-02
1.7551096e+01	-1.0933271e-01
1.7572905e+01	-1.1712683e-01
1.7594714e+01	1.5520453e-01
1.7616523e+01	1.7268807e-01
1.7638332e+01	-1.6087501e-03
1.7660141e+01	-5.3868740e-02
1.7681949e+01	-1.7407915e-01
1.7703758e+01	-1.3052030e-01
1.7725567e+01	1.6704807e-01
1.7747376e+01	1.0887766e-01
1.7769185e+01	5.8392034e-02
1.7790994e+01	-6.0026692e-02
1.7812803e+01	5.4751602e-02
1.7834612e+01	-2.8231713e-02
1.7856421e+01	-5.5100062e-02
1.7878230e+01	5.3232488e-02
1.7900039e+01	7.4291874e-02
1.7921848e+01	-1.3425294e-01
1.7943657e+01	-3.5513514e-02
1.7965466e+01	2.5392470e-02
1.7987275e+01	2.4976406e-02
1.8009084e+01	3.3331988e-01
1.8030892e+01	-2.6840536e-02
1.8052701e+01	-6.8078160e-04
1.8074510e+01	3.1072120e-01
1.8096319e+01	1.1302711e-01
1.8118128e+01	-1.9757972e-01
1.8139937e+01	-4.2978090e-02
1.8161746e+01	1.6070716e-01
1.8183555e+01	5.7739060e-02
1.8205364e+01	-9.1831586e-02
1.8227173e+01	9.4813968e-03
1.8248982e+01	8.1633814e-02
1.8270791e+01	3.2030067e-02
1.8292600e+01	-1.6292430e-01
1.8314409e+01	-5.5941461e-02
1.8336218e+01	-6.6034897e-02
1.8358027e+01	-3.9188036e-02
1.8379835e+01	8.5294259e-02
1.8401644e+01	7.7434666e-02
1.8423453e+01	-1.3577987e-01
1.8445262e+01	1.4283427e-02
1.8467071e+01	4.3094412e-01
1.8488880e+01	7.5753271e-01
1.8510689e+01	8.9319970e-01
1.8532498e+01	8.6190857e-01
1.8554307e+01	5.7756577e-01
1.8576116e+01	3.1064079e-01
1.8597925e+01	1.0404607e-01
1.8619734e+01	3.3240925e-01
1.8641543e+01	3.9679222e-01
1.8663352e+01	7.4434337e-02
1.8685161e+01	1.1456436e-01
1.8706970e+01	2.3120927e-01
1.8728778e+01	7.6570206e-02
1.8750587e+01	-7.9149081e-02
1.8772396e+01	-7.6615801e-02
1.8794205e+01	-5.6093353e-02
1.8816014e+01	-1.6721679e-01
1.8837823e+01	-2.0938405e-01
1.8859632e+01	2.2747340e-03
1.8881441e+01	4.6614834e-02
1.8903250e+01	-9.4197161e-02
1.8925059e+01	9.2098961e-02
1.8946868e+01	2.8638891e-01
1.8968677e+01	-8.0895251e-02
1.8990486e+01	-7.4203822e-02
1.9012295e+01	1.5384093e-01
1.9034104e+01	9.1761650e-02
1.9055913e+01	5.4427540e-02
1.9077721e+01	-6.4867479e-02
1.9099530e+01	-9.5354653e-02
1.9121339e+01	5.0909414e-02
1.9143148e+01	5.2495215e-02
1.9164957e+01	9.0289555e-02
1.9186766e+01	-2.4446953e-01
1.9208575e+01	2.6378857e-02
1.9230384e+01	5.0933594e-02
1.9252193e+01	-9.2243963e-02
1.9274002e+01	-4.7146934e-02
1.9295811e+01	-4.3905730e-04
1.9317620e+01	3.3980791e-02
1.9339429e+01	1.1411346e-02
1.9361238e+01	5.8202039e-02
1.9383047e+01	1.1078773e-01
1.9404856e+01	1.8076949e-01
1.9426665e+01	4.4548250e-02
1.9448473e+01	-5.4207452e-02
1.9470282e+01	5.5899596e-02
1.9492091e+01	-7.8213154e-02
1.9513900e+01	2.7950333e-02
1.9535709e+01	2.0069684e-02
1.9557518e+01	-5.7371073e-02
1.9579327e+01	-8.5958111e-02
1.9601136e+01	-7.1417885e-02
1.9622945e+01	-4.4728039e-02
1.9644754e+01	-3.0713176e-02
1.9666563e+01	-1.4786168e-01
1.9688372e+01	-6.7544873e-02
1.9710181e+01	2.1788550e-01
1.9731990e+01	1.7832059e-01
1.9753799e+01	-5.7412808e-02
1.9775608e+01	6.3012305e-02
1.9797416e+01	-6.8284967e-02
1.9819225e+01	-5.9307383e-02
1.9841034e+01	9.6354884e-02
1.9862843e+01	2.9629319e-03
1.9884652e+01	3.4411508e-02
1.9906461e+01	3.3300176e-01
1.9928270e+01	2.2687329e-01
1.9950079e+01	1.5085678e-01
1.9971888e+01	1.8789183e-01
1.9993697e+01	4.8803302e-02
2.0015506e+01	-1.7300593e-01
2.0037315e+01	-2.3309041e-01
2.0059124e+01	-2.9869091e-01
2.0080933e+01	-2.1397255e-01
2.0102742e+01	1.4692912e-02
2.0124551e+01	3.3596410e-01
2.0146359e+01	5.7490198e-01
2.0168168e+01	2.6352467e-01
2.0189977e+01	2.2370448e-01
2.0211786e+01	9.8283335e-02
2.0233595e+01	9.9025270e-02
2.0255404e+01	6.6166695e-01
2.0277213e+01	1.4069630e+00
2.0299022e+01	1.9269716e+00
2.0320831e+01	2.5156340e+00
2.0342640e+01	2.8326976e+00
2.0364449e+01	3.0147195e+00
2.0386258e+01	2.7277881e+00
2.0408067e+01	2.2561376e+00
2.0429876e+01	1.8043552e+00
2.0451685e+01	1.6110782e+00
2.0473494e+01	1.8797290e+00
2.0495302e+01	2.1395236e+00
2.0517111e+01	2.4516025e+00
2.0538920e+01	2.2477319e+00
2.0560729e+01	1.9737810e+00
2.0582538e+01	1.5278570e+00
2.0604347e+01	1.3661053e+00
2.0626156e+01	8.4654018e-01
2.0647965e+01	1.9875680e-01
2.0669774e+01	5.6252441e-02
2.0691583e+01	-1.9310047e-01
2.0713392e+01	-2.9025506e-02
2.0735201e+01	4.4890381e-02
2.0757010e+01	-1.3074943e-02
2.0778819e+01	-1.5007422e-01
2.0800628e+01	-3.7081834e-02
2.0822437e+01	-1.0111856e-02
2.0844245e+01	2.8168992e-02
2.0866054e+01	-9.9166358e-02
2.0887863e+01	-4.0992825e-02
2.0909672e+01	1.4495885e-01
2.0931481e+01	-7.3343709e-03
2.0953290e+01	1.2454033e-01
2.0975099e+01	5.8687992e-01
2.0996908e+01	8.8774557e-01
2.1018717e+01	1.6695464e+00
2.1040526e+01	2.5012745e+00
2.1062335e+01	3.2747761e+00
2.1084144e+01	3.6545043e+00
2.1105953e+01	3.8283941e+00
2.1127762e+01	4.1327987e+00
2.1149571e+01	4.6379263e+00
2.1171380e+01	4.9379680e+00
2.1193188e+01	5.7324118e+00
2.1214997e+01	6.8807770e+00
2.1236806e+01	7.8379497e+00
2.1258615e+01	8.3606959e+00
2.1280424e+01	8.4816298e+00
2.1302233e+01	8.5623836e+00
2.1324042e+01	8.0967303e+00
2.1345851e+01	7.4679161e+00
2.1367660e+01	6.8686732e+00
2.1389469e+01	6.0810136e+00
2.1411278e+01	5.3152024e+00
2.1433087e+01	4.5142469e+00
2.1454896e+01	4.1373770e+00
2.1476705e+01	4.1449891e+00
2.1498514e+01	4.7358111e+00
2.1520323e+01	5.4308302e+00
2.1542132e+01	6.0447695e+00
2.1563940e+01	6.3058072e+00
2.1585749e+01	6.1924664e+00
2.1607558e+01	5.7454702e+00
2.1629367e+01	4.9899268e+00
2.1651176e+01	3.8941542e+00
2.1672985e+01	2.5911296e+00
2.1694794e+01	1.5589042e+00
2.1716603e+01	1.2472200e+00
2.1738412e+01	3.4447313e-01
2.1760221e+01	8.1988070e-03
2.1782030e+01	6.4551825e-03
2.1803839e+01	5.0709689e-02
2.1825648e+01	-1.2123801e-01
2.1847457e+01	-2.2846387e-02
2.1869266e+01	1.5421212e-01
2.1891075e+01	-7.2957035e-02
2.1912883e+01	-1.0624845e-01
2.1934692e+01	8.7855638e-02
2.1956501e+01	6.4169282e-02
2.1978310e+01	-1.6883395e-01
2.2000119e+01	-3.1127031e-02
2.2021928e+01	7.6060751e-02
2.2043737e+01	1.9622397e-01
2.2065546e+01	-3.1541266e-02
2.2087355e+01	-1.8134535e-02
2.2109164e+01	-2.9450731e-02
2.2130973e+01	6.1730143e-02
2.2152782e+01	-8.6619278e-03
2.2174591e+01	-8.3283013e-02
2.2196400e+01	-1.1373810e-02
2.2218209e+01	2.1990609e-02
2.2240018e+01	-5.7829143e-02
2.2261826e+01	8.5261594e-02
2.2283635e+01	1.3584467e-02
2.2305444e+01	-8.9989275e-02
2.2327253e+01	-1.3142179e-02
2.2349062e+01	4.9663421e-02
2.2370871e+01	-1.4399222e-02
2.2392680e+01	-1.3178458e-01
2.2414489e+01	1.2866032e-01
2.2436298e+01	1.3697508e-01
2.2458107e+01	8.3951587e-02
2.2479916e+01	2.2181875e-02
2.2501725e+01	-4.0720813e-02
2.2523534e+01	-1.2134554e-01
2.2545343e+01	-6.3948726e-02
2.2567152e+01	-2.0988198e-02
2.2588961e+01	6.6206235e-02
2.2610769e+01	-1.8367261e-02
2.2632578e+01	-1.0901533e-01
2.2654387e+01	3.4278030e-02
2.2676196e+01	6.5143556e-03
2.2698005e+01	4.2355043e-02
2.2719814e+01	1.1127475e-01
2.2741623e+01	2.0811125e-02
2.2763432e+01	-1.3990698e-02
2.2785241e+01	-1.1822240e-01
2.2807050e+01	4.6041205e-02
2.2828859e+01	1.3525976e-01
2.2850668e+01	-4.3741597e-02
2.2872477e+01	1.5284520e-02
2.2894286e+01	-8.3588161e-02
2.2916095e+01	3.3563804e-02
2.2937904e+01	-1.2662634e-01
2.2959712e+01	9.2281337e-03
2.2981521e+01	2.9198662e-01
2.3003330e+01	-1.7654893e-03
2.3025139e+01	-6.3119697e-02
2.3046948e+01	4.9490249e-02
2.3068757e+01	-3.8489021e-02
2.3090566e+01	1.8882082e-02
2.3112375e+01	3.5190395e-02
2.3134184e+01	6.1366984e-02
2.3155993e+01	2.7452593e-02
2.3177802e+01	1.5153765e-02
2.3199611e+01	9.8278936e-02
2.3221420e+01	3.1889605e-02
2.3243229e+01	-1.8468759e-01
2.3265038e+01	-2.0381709e-01
2.3286847e+01	-7.3614180e-02
2.3308655e+01	9.6656738e-02
2.3330464e+01	3.9968510e-02
2.3352273e+01	1.2439824e-01
2.3374082e+01	-9.5327186e-02
2.3395891e+01	-1.6989798e-02
2.3417700e+01	-4.5307431e-02
2.3439509e+01	1.2898584e-01
2.3461318e+01	3.3031461e-02
2.3483127e+01	-1.4323252e-01
2.3504936e+01	1.5250102e-01
2.3526745e+01	4.2055849e-01
2.3548554e+01	9.5497916e-01
2.3570363e+01	1.5911564e+00
2.3592172e+01	2.0013095e+00
2.3613981e+01	2.5576439e+00
2.3635790e+01	3.4395098e+00
2.3657599e+01	4.3806657e+00
2.3679407e+01	5.1281339e+00
2.3701216e+01	5.9352607e+00
2.3723025e+01	6.3134846e+00
2.3744834e+01	7.0006127e+00
2.3766643e+01	7.3917746e+00
2.3788452e+01	8.4574825e+00
2.3810261e+01	9.7226888e+00
2.3832070e+01	1.0297697e+01
2.3853879e+01	9.9888029e+00
2.3875688e+01	9.6648244e+00
2.3897497e+01	8.6000047e+00
2.3919306e+01	7.1627801e+00
2.3941115e+01	5.8951271e+00
2.3962924e+01	4.4063828e+00
2.3984733e+01	2.8916747e+00
2.4006542e+01	1.6988582e+00
2.4028350e+01	7.7108948e-01
2.4050159e+01	3.8905502e-01
2.4071968e+01	4.8862108e-02
2.4093777e+01	1.3208015e-01
2.4115586e+01	-6.2043854e-02
2.4137395e+01	-1.1388994e-01
2.4159204e+01	-1.1833064e-01
2.4181013e+01	1.7719531e-02
2.4202822e+01	1.0096117e-01
2.4224631e+01	-6.1863287e-02
2.4246440e+01	6.5863306e-03
2.4268249e+01	-2.1485631e-01
2.4290058e+01	-2.8001662e-02
2.4311867e+01	1.6388164e-01
2.4333676e+01	4.3161653e-02
2.4355485e+01	2.2174761e-02
2.4377293e+01	-5.1512804e-03
2.4399102e+01	-3.7911778e-02
2.4420911e+01	2.3101437e-02
2.4442720e+01	1.2396153e-01
2.4464529e+01	4.2987868e-02
2.4486338e+01	-9.3570059e-02
2.4508147e+01	-3.2566631e-02
2.4529956e+01	1.8426437e-01
2.4551765e+01	3.2637798e-01
2.4573574e+01	4.2008996e-01
2.4595383e+01	4.8993034e-01
2.4617192e+01	7.3381676e-01
2.4639001e+01	8.6725851e-01
2.4660810e+01	4.3887582e-01
2.4682619e+01	5.3519890e-02
2.4704428e+01	3.8265196e-02
2.4726236e+01	3.7181791e-02
2.4748045e+01	-1.0333024e-01
2.4769854e+01	-7.4695967e-02
2.4791663e+01	-1.8653249e-01
2.4813472e+01	-3.7754549e-02
2.4835281e+01	-1.2211228e-02
2.4857090e+01	5.3389162e-02
2.4878899e+01	3.5599888e-02
2.4900708e+01	-9.5113893e-02
2.4922517e+01	-3.9768895e-03
2.4944326e+01	1.6152626e-01
2.4966135e+01	-1.4332715e-02
2.4987944e+01	-8.0902173e-02
2.5009753e+01	7.7583762e-02
2.5031562e+01	-2.1795782e-02
2.5053371e+01	3.9348919e-02
2.5075179e+01	-8.2275225e-03
2.5096988e+01	-6.5860268e-02
2.5118797e+01	-9.7772574e-02
2.5140606e+01	8.7542049e-02
2.5162415e+01	1.0119180e-01
2.5184224e+01	1.1113628e-01
2.5206033e+01	-1.7280517e-01
2.5227842e+01	-2.7516693e-03
2.5249651e+01	5.2282745e-02
2.5271460e+01	8.6006634e-02
2.5293269e+01	1.5075976e-01
2.5315078e+01	5.2626871e-02
2.5336887e+01	-6.2990693e-02
2.5358696e+01	-1.1508569e-01
2.5380505e+01	-3.6551793e-02
2.5402314e+01	1.2224922e-01
2.5424123e+01	-7.4921763e-02
2.5445931e+01	-1.2453077e-02
2.5467740e+01	-1.7176121e-01
2.5489549e+01	-2.6521027e-02
2.5511358e+01	1.1229091e-01
2.5533167e+01	-6.5221626e-02
2.5554976e+01	3.3318693e-02
2.5576785e+01	-1.8173537e-03
2.5598594e+01	-4.0927381e-02
2.5620403e+01	4.3316484e-02
2.5642212e+01	1.1922164e-01
2.5664021e+01	-2.7383240e-02
2.5685830e+01	9.1085623e-02
2.5707639e+01	-4.3656918e-02
2.5729448e+01	-3.5577116e-02
2.5751257e+01	-1.3118171e-01
2.5773066e+01	8.1242739e-02
2.5794874e+01	-9.4462811e-02
2.5816683e+01	5.5326079e-02
2.5838492e+01	1.1275321e-01
2.5860301e+01	7.2257475e-03
2.5882110e+01	-8.3582147e-02
2.5903919e+01	-2.7228572e-01
2.5925728e+01	-4.1383625e-02
2.5947537e+01	2.0097678e-02
2.5969346e+01	8.4859455e-02
2.5991155e+01	2.6323843e-02
2.6012964e+01	1.7939233e-01
2.6034773e+01	2.8670871e-01
2.6056582e+01	1.6025604e-01
2.6078391e+01	-6.9891605e-02
2.6100200e+01	-3.6581556e-03
2.6122009e+01	1.8486659e-01
2.6143817e+01	1.7293261e-01
2.6165626e+01	-3.3287362e-02
2.6187435e+01	-1.8498465e-01
2.6209244e+01	-6.0935696e-02
2.6231053e+01	1.6321713e-01
2.6252862e+01	-1.5299798e-01
2.6274671e+01	-1.7163520e-01
2.6296480e+01	-6.7973913e-02
2.6318289e+01	-1.3288742e-01
2.6340098e+01	4.2684182e-02
2.6361907e+01	4.7244219e-01
2.6383716e+01	6.2026803e-01
2.6405525e+01	7.9383078e-01
2.6427334e+01	7.5484962e-01
2.6449143e+01	4.6093674e-01
2.6470952e+01	2.8740630e-01
2.6492760e+01	4.5171925e-02
2.6514569e+01	-3.8947696e-03
2.6536378e+01	9.5896936e-02
2.6558187e+01	1.6797402e-02
2.6579996e+01	2.2794775e-01
2.6601805e+01	6.1876455e-01
2.6623614e+01	8.0196927e-01
2.6645423e+01	9.4685044e-01
2.6667232e+01	1.1598966e+00
2.6689041e+01	9.7523325e-01
2.6710850e+01	8.2223996e-01
2.6732659e+01	4.0727425e-01
2.6754468e+01	-1.1086437e-01
2.6776277e+01	-9.1195589e-02
2.6798086e+01	-4.2599924e-02
2.6819895e+01	-5.3090467e-02
2.6841703e+01	3.3178973e-02
2.6863512e+01	2.2961559e-01
2.6885321e+01	6.4978581e-01
2.6907130e+01	8.2206740e-01
2.6928939e+01	8.5594872e-01
2.6950748e+01	8.5160611e-01
2.6972557e+01	6.6606092e-01
2.6994366e+01	7.0727250e-01
2.7016175e+01	4.4339289e-01
2.7037984e+01	1.7476507e-01
2.7059793e+01	9.6336302e-02
2.7081602e+01	-1.1223606e-01
2.7103411e+01	-2.3433477e-02
2.7125220e+01	1.5505484e-02
2.7147029e+01	2.2221717e-02
2.7168838e+01	-1.8756550e-01
2.7190646e+01	-5.5449534e-02
2.7212455e+01	4.0611393e-02
2.7234264e+01	-4.8561306e-02
2.7256073e+01	-2.4967673e-02
2.7277882e+01	8.2915261e-02
2.7299691e+01	1.5019047e-02
2.7321500e+01	1.1085440e-01
2.7343309e+01	7.7619567e-02
2.7365118e+01	1.1490702e-02
2.7386927e+01	-1.4272060e-01
2.7408736e+01	-1.4178994e-01
2.7430545e+01	-2.8091274e-01
2.7452354e+01	-1.3229127e-01
2.7474163e+01	1.1061397e-01
2.7495972e+01	4.3656971e-02
2.7517781e+01	1.4269373e-01
2.7539590e+01	1.6789129e-01
2.7561398e+01	1.5984171e-01
2.7583207e+01	1.5620830e-01
2.7605016e+01	-9.7809370e-02
2.7626825e+01	-8.8483007e-02
2.7648634e+01	7.9938599e-02
2.7670443e+01	5.3056966e-01
2.7692252e+01	7.6852253e-01
2.7714061e+01	1.2428704e+00
2.7735870e+01	1.5118133e+00
2.7757679e+01	1.8087094e+00
2.7779488e+01	1.9401908e+00
2.7801297e+01	1.8659337e+00
2.7823106e+01	1.6363221e+00
2.7844915e+01	1.3245762e+00
2.7866724e+01	1.0114872e+00
2.7888533e+01	4.0809106e-01
2.7910341e+01	-4.5411002e-02
2.7932150e+01	9.6481145e-02
2.7953959e+01	1.2570364e-01
2.7975768e+01	-1.0101768e-01
2.7997577e+01	-1.0912971e-01
2.8019386e+01	2.1915543e-02
2.8041195e+01	-6.8485611e-03
2.8063004e+01	4.4532855e-02
2.8084813e+01	-1.3124034e-01
2.8106622e+01	-1.5866409e-01
2.8128431e+01	-8.6234893e-02
2.8150240e+01	-1.1831654e-01
2.8172049e+01	6.9182080e-03
2.8193858e+01	-2.2156792e-02
2.8215667e+01	4.5060147e-02
2.8237476e+01	1.8307663e-01
2.8259284e+01	3.7441205e-01
2.8281093e+01	1.9467753e-01
2.8302902e+01	1.3123357e-01
2.8324711e+01	2.9149383e-01
2.8346520e+01	-4.8606144e-02
2.8368329e+01	-4.3066496e-02
2.8390138e+01	-1.0829887e-01
2.8411947e+01	-3.1879067e-02
2.8433756e+01	1.4099974e-01
2.8455565e+01	4.4937931e-01
2.8477374e+01	8.9261840e-01
2.8499183e+01	1.1653965e+00
2.8520992e+01	1.5787961e+00
2.8542801e+01	1.8944946e+00
2.8564610e+01	1.7501687e+00
2.8586419e+01	1.9294807e+00
2.8608227e+01	1.6895212e+00
2.8630036e+01	1.1873196e+00
2.8651845e+01	9.1029150e-01
2.8673654e+01	4.6639531e-01
2.8695463e+01	1.9313155e-01
2.8717272e+01	-3.5736110e-02
2.8739081e+01	8.5514278e-02
2.8760890e+01	-1.6118651e-03
2.8782699e+01	-3.8333532e-02
2.8804508e+01	-1.4912407e-01
2.8826317e+01	-8.5923757e-02
2.8848126e+01	-1.2187323e-01
2.8869935e+01	-4.1596450e-02
2.8891744e+01	4.6763815e-02
2.8913553e+01	-7.1473379e-02
2.8935362e+01	-2.2989292e-02
2.8957170e+01	1.0507470e-01
2.8978979e+01	4.9193879e-02
2.9000788e+01	-8.5210798e-02
2.9022597e+01	1.5365733e-01
2.9044406e+01	2.2797083e-01
2.9066215e+01	2.6296044e-02
2.9088024e+01	-2.1585122e-02
2.9109833e+01	-8.0685518e-02
2.9131642e+01	2.3408715e-03
2.9153451e+01	-6.3612914e-02
2.9175260e+01	-1.0636373e-01
2.9197069e+01	1.8264737e-01
2.9218878e+01	-1.7598515e-02
2.9240687e+01	-9.0440381e-03
2.9262496e+01	-1.7494808e-02
2.9284305e+01	8.6762663e-02
2.9306113e+01	-5.8784553e-02
2.9327922e+01	-8.6892327e-02
2.9349731e+01	3.2680311e-02
2.9371540e+01	1.2786829e-01
2.9393349e+01	1.1645628e-01
2.9415158e+01	-8.0138519e-02
2.9436967e+01	3.3934376e-02
2.9458776e+01	-6.8456771e-02
2.9480585e+01	-8.9941466e-02
2.9502394e+01	-4.1549899e-02
2.9524203e+01	3.7933547e-03
2.9546012e+01	1.6994500e-01
2.9567821e+01	-5.2942489e-02
2.9589630e+01	5.4714136e-02
2.9611439e+01	-6.3988812e-02
2.9633248e+01	-1.9784583e-02
2.9655057e+01	-6.9228080e-02
2.9676865e+01	-1.4373833e-01
2.9698674e+01	-3.1240334e-02
2.9720483e+01	2.9980221e-03
2.9742292e+01	-4.3663516e-02
2.9764101e+01	6.3542033e-02
2.9785910e+01	3.0430938e-01
2.9807719e+01	1.3292913e-01
2.9829528e+01	8.5364811e-02
2.9851337e+01	4.7342788e-02
2.9873146e+01	-1.1708527e-01
2.9894955e+01	-3.2683076e-02
2.9916764e+01	2.4067721e-01
2.9938573e+01	6.2901917e-01
2.9960382e+01	1.0118631e+00
2.9982191e+01	1.3048126e+00
3.0004000e+01	1.8804552e+00
3.0025808e+01	2.2446236e+00
3.0047617e+01	2.6079704e+00
3.0069426e+01	3.1836000e+00
3.0091235e+01	3.1710512e+00
3.0113044e+01	3.0211305e+00
3.0134853e+01	2.9669745e+00
3.0156662e+01	2.5131208e+00
3.0178471e+01	2.1360889e+00
3.0200280e+01	1.6025446e+00
3.0222089e+01	1.0126303e+00
3.0243898e+01	5.6292466e-01
3.0265707e+01	1.2480129e-01
3.0287516e+01	-4.3018928e-02
3.0309325e+01	-5.0999139e-02
3.0331134e+01	-1.2896125e-01
3.0352943e+01	1.5873132e-02
3.0374751e+01	3.1642866e-02
3.0396560e+01	-6.3273010e-02
3.0418369e+01	2.8841617e-02
3.0440178e+01	3.0395345e-02
3.0461987e+01	1.2735634e-02
3.0483796e+01	-1.1033666e-02
3.0505605e+01	-7.6627288e-02
3.0527414e+01	-6.3044609e-02
3.0549223e+01	-1.2067285e-02
3.0571032e+01	-2.2413101e-02
3.0592841e+01	-1.0508059e-02
3.0614650e+01	1.1209297e-02
3.0636459e+01	6.1068275e-02
3.0658268e+01	1.3152331e-02
3.0680077e+01	-6.1964535e-02
3.0701886e+01	5.4225247e-02
3.0723694e+01	-1.9150895e-02
3.0745503e+01	1.6161928e-02
3.0767312e+01	1.7309237e-01
3.0789121e+01	2.7302464e-01
3.0810930e+01	1.0800097e-01
3.0832739e+01	3.3569744e-01
3.0854548e+01	5.0653775e-02
3.0876357e+01	-2.0132872e-01
3.0898166e+01	-1.3360705e-01
3.0919975e+01	4.3497706e-02
3.0941784e+01	2.3906682e-01
3.0963593e+01	4.6243884e-02
3.0985402e+01	-8.7788638e-02
3.1007211e+01	9.6771528e-02
3.1029020e+01	-3.3295038e-03
3.1050829e+01	-1.9911392e-01
3.1072637e+01	-1.3636308e-01
3.1094446e+01	5.1913721e-02
3.1116255e+01	6.3732455e-02
3.1138064e+01	-1.8886260e-01
3.1159873e+01	-1.1268347e-01
3.1181682e+01	8.1367149e-02
3.1203491e+01	1.8660440e-01
3.1225300e+01	6.7686921e-02
3.1247109e+01	5.4471457e-02
3.1268918e+01	4.0811832e-02
3.1290727e+01	5.3111266e-02
3.1312536e+01	-5.5699103e-02
3.1334345e+01	3.4849873e-02
3.1356154e+01	1.7679232e-01
3.1377963e+01	5.3488298e-02
3.1399772e+01	-2.3859134e-01
3.1421580e+01	-1.1142612e-01
3.1443389e+01	-9.9832534e-02
3.1465198e+01	1.2380583e-01
3.1487007e+01	-7.4863235e-02
3.1508816e+01	-5.1899466e-02
3.1530625e+01	-1.6701692e-02
3.1552434e+01	1.1025559e-02
3.1574243e+01	9.6509176e-03
3.1596052e+01	1.5879427e-01
3.1617861e+01	5.5654465e-02
3.1639670e+01	-9.3470004e-02
3.1661479e+01	-3.7360259e-03
3.1683288e+01	-2.4752292e-03
3.1705097e+01	3.1412113e-02
3.1726906e+01	-4.5084884e-02
3.1748715e+01	-2.9127390e-02
3.1770524e+01	1.3635255e-01
3.1792332e+01	4.2487009e-01
3.1814141e+01	1.2127220e+00
3.1835950e+01	1.7023758e+00
3.1857759e+01	1.8957501e+00
3.1879568e+01	2.1238426e+00
3.1901377e+01	2.4481649e+00
3.1923186e+01	2.5527945e+00
3.1944995e+01	2.4084321e+00
3.1966804e+01	2.2352873e+00
3.1988613e+01	1.7499657e+00
3.2010422e+01	1.3980869e+00
3.2032231e+01	1.2311585e+00
3.2054040e+01	5.9953419e-01
3.2075849e+01	2.5197348e-01
3.2097658e+01	2.6077522e-02
3.2119467e+01	-1.6347187e-02
3.2141275e+01	-4.9777692e-02
3.2163084e+01	-4.5942682e-02
3.2184893e+01	-4.6870282e-02
3.2206702e+01	-3.6561900e-02
3.2228511e+01	9.4739690e-02
3.2250320e+01	-4.5110277e-02
3.2272129e+01	-6.2493812e-02
3.2293938e+01	-2.2509964e-02
3.2315747e+01	-7.0233271e-02
3.2337556e+01	2.4137410e-02
3.2359365e+01	5.8227764e-02
3.2381174e+01	3.0338230e-01
3.2402983e+01	1.0406788e-01
3.2424792e+01	-1.7816354e-01
3.2446601e+01	-4.6875881e-02
3.2468410e+01	6.4822646e-02
3.2490218e+01	-2.1033503e-03
3.2512027e+01	9.2836923e-02
3.2533836e+01	-1.2135474e-01
3.2555645e+01	-7.5102465e-02
3.2577454e+01	3.0011506e-02
3.2599263e+01	2.3449283e-01
3.2621072e+01	1.0560026e-01
3.2642881e+01	4.8030658e-02
3.2664690e+01	9.9405689e-02
3.2686499e+01	-2.9438005e-02
3.2708308e+01	-2.0495533e-01
3.2730117e+01	-1.7993641e-02
3.2751926e+01	-2.0954767e-03
3.2773735e+01	-5.7923184e-02
3.2795544e+01	2.3008640e-02
3.2817353e+01	-3.1934793e-03
3.2839161e+01	-4.2290752e-02
3.2860970e+01	1.6248791e-01
3.2882779e+01	8.6708565e-02
3.2904588e+01	-1.6730149e-01
3.2926397e+01	-1.1827921e-01
3.2948206e+01	1.5228310e-01
3.2970015e+01	4.3119467e-02
3.2991824e+01	3.7628279e-02
3.3013633e+01	4.3790681e-02
3.3035442e+01	-1.7155410e-01
3.3057251e+01	-4.4948182e-02
3.3079060e+01	6.8630676e-02
3.3100869e+01	1.0888029e-01
3.3122678e+01	-5.4339060e-02
3.3144487e+01	2.3304418e-02
3.3166296e+01	1.2530114e-01
3.3188104e+01	-3.9109035e-02
3.3209913e+01	-2.0702494e-01
3.3231722e+01	1.5755483e-02
3.3253531e+01	3.0850097e-02
3.3275340e+01	-2.3183176e-02
3.3297149e+01	1.8306692e-01
3.3318958e+01	-1.2690240e-02
3.3340767e+01	1.3140598e-01
3.3362576e+01	-6.2001251e-02
3.3384385e+01	-7.0094206e-02
3.3406194e+01	-2.0962508e-01
3.3428003e+01	-1.3179915e-01
3.3449812e+01	-1.2674526e-01
3.3471621e+01	2.5128883e-02
3.3493430e+01	7.8534156e-02
3.3515239e+01	5.0564384e-02
3.3537047e+01	1.2690551e-01
3.3558856e+01	-2.9638647e-03
3.3580665e+01	1.3998540e-01
3.3602474e+01	1.2538210e-01
3.3624283e+01	1.6131539e-01
3.3646092e+01	5.4648473e-02
3.3667901e+01	-4.2871079e-02
3.3689710e+01	2.1035899e-02
3.3711519e+01	-1.4684911e-01
3.3733328e+01	-8.2127909e-02
3.3755137e+01	-4.0978458e-02
3.3776946e+01	-1.6238762e-01
3.3798755e+01	-3.7806035e-02
3.3820564e+01	7.0921477e-02
3.3842373e+01	5.1371567e-02
3.3864182e+01	8.5064170e-02
3.3885991e+01	1.5474935e-01
3.3907799e+01	-2.4339528e-03
3.3929608e+01	-1.0816629e-01
3.3951417e+01	2.5367970e-03
3.3973226e+01	-1.2664799e-01
3.3995035e+01	-1.5119937e-01
3.4016844e+01	3.2207285e-02
3.4038653e+01	1.5035347e-01
3.4060462e+01	1.0414606e-01
3.4082271e+01	-7.2567006e-02
3.4104080e+01	2.9829691e-03
3.4125889e+01	-3.3971957e-02
3.4147698e+01	-2.7050991e-02
3.4169507e+01	2.0351033e-01
3.4191316e+01	1.0140350e-01
3.4213125e+01	-1.0037106e-01
3.4234934e+01	-7.2877709e-02
3.4256742e+01	1.3840756e-01
3.4278551e+01	-5.0019571e-02
3.4300360e+01	-7.9879647e-02
3.4322169e+01	1.9948398e-02
3.4343978e+01	-1.4542021e-01
3.4365787e+01	-9.3544420e-02
3.4387596e+01	-4.5028993e-02
3.4409405e+01	1.4100504e-01
3.4431214e+01	1.6438793e-01
3.4453023e+01	-2.8954224e-02
3.4474832e+01	9.6878245e-02
3.4496641e+01	-4.0390572e-02
3.4518450e+01	1.2223815e-02
3.4540259e+01	3.2655529e-02
3.4562068e+01	-8.4304882e-02
3.4583877e+01	-6.2173171e-03
3.4605685e+01	2.0650019e-02
3.4627494e+01	2.2510889e-02
3.4649303e+01	4.8863596e-02
3.4671112e+01	-5.3865779e-02
3.4692921e+01	-7.4110578e-02
3.4714730e+01	-1.1950029e-01
3.4736539e+01	4.9442402e-02
3.4758348e+01	-9.3810903e-03
3.4780157e+01	8.7166175e-02
3.4801966e+01	4.6249460e-02
3.4823775e+01	4.1168331e-02
3.4845584e+01	-2.6675031e-02
3.4867393e+01	9.3461712e-02
3.4889202e+01	3.0111380e-02
3.4911011e+01	-1.1190665e-01
3.4932820e+01	-1.5078119e-01
3.4954628e+01	4.1390844e-02
3.4976437e+01	2.7427463e-02
3.4998246e+01	-6.0055527e-02
3.5020055e+01	5.5882408e-02
3.5041864e+01	2.8587902e-01
3.5063673e+01	3.4838200e-02
3.5085482e+01	3.2351979e-02
3.5107291e+01	4.2667716e-02
3.5129100e+01	-4.0732630e-02
3.5150909e+01	-1.3310442e-01
3.5172718e+01	-5.1127984e-02
3.5194527e+01	-4.9513036e-02
3.5216336e+01	-1.3041371e-01
3.5238145e+01	1.5669459e-01
3.5259954e+01	2.4018238e-01
3.5281763e+01	8.2928739e-02
3.5303571e+01	1.9005598e-02
3.5325380e+01	-1.1801741e-01
3.5347189e+01	8.7565007e-03
3.5368998e+01	2.0778173e-01
3.5390807e+01	3.9379407e-02
3.5412616e+01	8.5318219e-03
3.5434425e+01	-1.1529150e-01
3.5456234e+01	-1.5611887e-01
3.5478043e+01	5.7333176e-02
3.5499852e+01	-7.9483080e-02
3.5521661e+01	-1.0500370e-01
3.5543470e+01	2.7648162e-02
3.5565279e+01	-5.4257830e-02
3.5587088e+01	2.0011382e-02
3.5608897e+01	1.6396078e-01
3.5630706e+01	8.5825092e-02
3.5652514e+01	-2.9509942e-02
3.5674323e+01	1.7408016e-01
3.5696132e+01	1.4835782e-01
3.5717941e+01	3.0281592e-02
3.5739750e+01	5.5105141e-03
3.5761559e+01	-1.5586720e-01
3.5783368e+01	-3.2986772e-03
3.5805177e+01	-1.3034621e-02
3.5826986e+01	-7.6919922e-02
3.5848795e+01	2.2134528e-02
3.5870604e+01	1.2905832e-01
3.5892413e+01	-5.9973701e-02
3.5914222e+01	-3.3094857e-02
3.5936031e+01	-5.2402996e-02
3.5957840e+01	-1.1823452e-01
3.5979649e+01	-6.9217754e-02
3.6001458e+01	5.5932288e-01
3.6023266e+01	7.3685265e-01
3.6045075e+01	8.4444172e-01
3.6066884e+01	8.2556723e-01
3.6088693e+01	8.1501832e-01
3.6110502e+01	7.1256910e-01
3.6132311e+01	6.7810669e-01
3.6154120e+01	4.3823413e-01
3.6175929e+01	3.1586024e-01
3.6197738e+01	4.6146264e-02
3.6219547e+01	7.9478524e-02
3.6241356e+01	1.1588513e-01
3.6263165e+01	3.3060939e-01
3.6284974e+01	-6.3007600e-02
3.6306783e+01	-1.1601610e-01
3.6328592e+01	-1.4077575e-01
3.6350401e+01	-1.1750424e-01
3.6372209e+01	9.8406333e-04
3.6394018e+01	2.4344352e-02
3.6415827e+01	9.9984062e-02
3.6437636e+01	2.6844059e-01
3.6459445e+01	1.1319317e-01
3.6481254e+01	1.1864480e-01
3.6503063e+01	-2.0934254e-02
3.6524872e+01	-7.0909733e-03
3.6546681e+01	-1.8291171e-02
3.6568490e+01	6.8435399e-02
3.6590299e+01	-5.4282900e-02
3.6612108e+01	6.1908113e-02
3.6633917e+01	-1.9930762e-01
3.6655726e+01	-1.3357903e-01
3.6677535e+01	-1.1135749e-01
3.6699344e+01	1.4680604e-01
3.6721152e+01	-1.1360759e-02
3.6742961e+01	1.6148205e-02
3.6764770e+01	-3.7098210e-06
3.6786579e+01	4.2878878e-02
3.6808388e+01	-5.6358527e-02
3.6830197e+01	4.7633293e-02
3.6852006e+01	6.2385155e-03
3.6873815e+01	1.8339937e-01
3.6895624e+01	2.0795653e-01
3.6917433e+01	-1.1019170e-01
3.6939242e+01	-1.2844846e-01
3.6961051e+01	-3.4976140e-02
3.6982860e+01	6.8664269e-02
3.7004669e+01	1.5957992e-01
3.7026478e+01	1.2223635e-01
3.7048287e+01	4.1886590e-01
3.7070095e+01	5.1373600e-01
3.7091904e+01	-2.0274487e-01
3.7113713e+01	-2.7370667e-01
3.7135522e+01	1.1412975e-01
3.7157331e+01	2.5336608e-01
3.7179140e+01	-1.2241828e-01
3.7200949e+01	-9.5237463e-04
3.7222758e+01	-1.8284666e-04
3.7244567e+01	6.1153376e-03
3.7266376e+01	5.1345301e-02
3.7288185e+01	4.3974699e-02
3.7309994e+01	1.3533818e-01
3.7331803e+01	-8.7475030e-02
3.7353612e+01	-1.4948443e-01
3.7375421e+01	1.4477858e-02
3.7397230e+01	5.7039394e-02
3.7419038e+01	4.6835825e-01
3.7440847e+01	6.3441374e-01
3.7462656e+01	9.7063026e-01
3.7484465e+01	1.3778416e+00
3.7506274e+01	1.4799844e+00
3.7528083e+01	1.0467006e+00
3.7549892e+01	7.0149979e-01
3.7571701e+01	6.6126685e-01
3.7593510e+01	3.8984338e-01
3.7615319e+01	1.7551372e-01
3.7637128e+01	7.1954977e-02
3.7658937e+01	-2.2852362e-01
3.7680746e+01	-6.6373945e-02
3.7702555e+01	-4.7413466e-02
3.7724364e+01	-9.7092770e-02
3.7746173e+01	3.1793298e-02
3.7767981e+01	-6.7189065e-02
3.7789790e+01	-4.2222562e-02
3.7811599e+01	8.6775147e-02
3.7833408e+01	2.9138710e-01
3.7855217e+01	1.8319599e-01
3.7877026e+01	4.7499230e-01
3.7898835e+01	1.2547377e-01
3.7920644e+01	1.4816488e-01
3.7942453e+01	1.6426156e-01
3.7964262e+01	4.4577357e-02
3.7986071e+01	-9.0778863e-02
3.8007880e+01	3.8109472e-02
3.8029689e+01	1.0212476e-02
3.8051498e+01	-1.6976657e-01
3.8073307e+01	-3.8844079e-02
3.8095116e+01	-1.1978170e-01
3.8116925e+01	-1.2182800e-01
3.8138733e+01	-2.1717806e-01
3.8160542e+01	-2.2335229e-01
3.8182351e+01	4.7928114e-02
3.8204160e+01	1.2118404e-01
3.8225969e+01	-1.0510731e-01
3.8247778e+01	8.0812887e-02
3.8269587e+01	1.7907066e-01
3.8291396e+01	3.9833826e-01
3.8313205e+01	3.3880933e-01
3.8335014e+01	2.0396689e-01
3.8356823e+01	8.5691624e-02
3.8378632e+01	1.4026716e-01
3.8400441e+01	1.2732504e-01
3.8422250e+01	1.7191326e-01
3.8444059e+01	4.3743924e-02
3.8465868e+01	-1.2504363e-01
3.8487676e+01	-1.8929989e-01
3.8509485e+01	-1.8285344e-01
3.8531294e+01	-1.1242945e-02
3.8553103e+01	6.9578973e-02
3.8574912e+01	-8.9729761e-03
3.8596721e+01	-3.4714934e-01
3.8618530e+01	1.0621806e-01
3.8640339e+01	2.0198304e-01
3.8662148e+01	-5.6031358e-02
3.8683957e+01	6.2362961e-02
3.8705766e+01	3.6123415e-01
3.8727575e+01	1.0148768e-01
3.8749384e+01	-1.9659389e-01
3.8771193e+01	-4.5254353e-02
3.8793002e+01	1.0304958e-01
3.8814811e+01	1.3388698e-01
3.8836619e+01	1.1157931e-02
3.8858428e+01	1.5415774e-02
3.8880237e+01	-2.3958831e-01
3.8902046e+01	6.8622509e-04
3.8923855e+01	2.6130617e-01
3.8945664e+01	1.4367249e-01
3.8967473e+01	8.8659865e-02
3.8989282e+01	-1.2143579e-01
3.9011091e+01	-5.8024425e-02
3.9032900e+01	6.3278638e-02
3.9054709e+01	-1.9091438e-02
3.9076518e+01	-3.0300029e-02
3.9098327e+01	-3.3992730e-02
3.9120136e+01	-5.4380845e-02
3.9141945e+01	9.7459693e-02
3.9163754e+01	2.3808975e-02
3.9185562e+01	-6.1226481e-02
3.9207371e+01	-1.4494449e-03
3.9229180e+01	-6.2584295e-03
3.9250989e+01	-1.6190871e-01
3.9272798e+01	2.5829784e-02
3.9294607e+01	1.0298495e-01
3.9316416e+01	-6.4295971e-03
3.9338225e+01	2.0975374e-01
3.9360034e+01	1.1823263e-01
3.9381843e+01	-1.3686646e-01
3.9403652e+01	2.6737240e-02
3.9425461e+01	-3.8584490e-02
3.9447270e+01	-1.1344526e-01
3.9469079e+01	2.0801175e-01
3.9490888e+01	4.3267571e-02
3.9512697e+01	-1.1066727e-01
3.9534505e+01	-1.5382235e-01
3.9556314e+01	4.8133349e-02
3.9578123e+01	-2.1066866e-02
3.9599932e+01	-4.2725100e-02
3.9621741e+01	-5.8258560e-03
3.9643550e+01	2.6614682e-01
3.9665359e+01	2.4695880e-01
3.9687168e+01	6.7624783e-02
3.9708977e+01	-2.1748602e-01
3.9730786e+01	-9.9819336e-02
3.9752595e+01	1.8943264e-01
3.9774404e+01	-2.7713376e-02
3.9796213e+01	9.8299369e-02
3.9818022e+01	6.3759696e-02
3.9839831e+01	-9.8996074e-02
3.9861640e+01	5.2498165e-02
3.9883449e+01	6.8329015e-02
3.9905257e+01	7.9815214e-02
3.9927066e+01	1.0372476e-01
3.9948875e+01	-1.0104424e-01
3.9970684e+01	5.3308629e-03
3.9992493e+01	-2.2362494e-02
4.0014302e+01	-1.3745725e-01
4.0036111e+01	-2.0955569e-02
4.0057920e+01	6.8209100e-02
4.0079729e+01	-2.3864797e-02
4.0101538e+01	-9.0785662e-02
4.0123347e+01	1.3136293e-01
4.0145156e+01	-9.8933817e-02
4.0166965e+01	-9.2576038e-02
4.0188774e+01	-8.4452433e-02
4.0210583e+01	1.2619754e-02
4.0232392e+01	-3.9818111e-02
4.0254200e+01	3.0657760e-01
4.0276009e+01	2.1517408e-01
4.0297818e+01	1.0058958e-01
4.0319627e+01	9.9604797e-02
4.0341436e+01	-9.2293493e-02
4.0363245e+01	-1.0981321e-01
4.0385054e+01	2.7375776e-01
4.0406863e+01	1.4776067e-01
4.0428672e+01	2.3447404e-02
4.0450481e+01	-1.0415275e-01
4.0472290e+01	-2.4355782e-01
4.0494099e+01	-8.6713857e-03
4.0515908e+01	-5.3021483e-02
4.0537717e+01	-1.2289446e-02
4.0559526e+01	1.0447509e-01
4.0581335e+01	-4.2533125e-03
4.0603143e+01	1.8310569e-01
4.0624952e+01	1.8680604e-01
4.0646761e+01	8.4047684e-02
4.0668570e+01	-8.5500877e-02
4.0690379e+01	-1.4584101e-01
4.0712188e+01	-2.2499852e-01
4.0733997e+01	1.5950000e-01
4.0755806e+01	4.1377990e-01
4.0777615e+01	2.1875760e-01
4.0799424e+01	1.2080628e-01
4.0821233e+01	-1.4318205e-01
4.0843042e+01	-1.3865516e-01
4.0864851e+01	-1.8716425e-01
4.0886660e+01	1.3291113e-01
4.0908469e+01	7.4436171e-02
4.0930278e+01	1.3901438e-02
4.0952086e+01	-7.6862706e-02
4.0973895e+01	2.3180775e-02
4.0995704e+01	2.8597049e-01
4.1017513e+01	1.1051160e-01
4.1039322e+01	-1.5753109e-01
4.1061131e+01	-3.6533733e-02
4.1082940e+01	1.8229542e-01
4.1104749e+01	-2.7618185e-03
4.1126558e+01	9.6252703e-03
4.1148367e+01	-3.2872674e-02
4.1170176e+01	-3.5598203e-02
4.1191985e+01	4.9490172e-02
4.1213794e+01	2.3256282e-01
4.1235603e+01	2.6966007e-01
4.1257412e+01	8.0303814e-02
4.1279221e+01	-3.0123201e-01
4.1301029e+01	-2.5026201e-01
4.1322838e+01	3.6387026e-01
4.1344647e+01	1.9026130e-01
4.1366456e+01	9.6042947e-02
4.1388265e+01	-8.6833943e-02
4.1410074e+01	2.4819730e-02
4.1431883e+01	8.4106080e-02
4.1453692e+01	1.8693941e-01
4.1475501e+01	-1.1678570e-01
4.1497310e+01	-1.6740143e-01
4.1519119e+01	2.3264062e-01
4.1540928e+01	1.1282779e-01
4.1562737e+01	-1.0307365e-01
4.1584546e+01	-4.5355701e-02
4.1606355e+01	-2.5391888e-01
4.1628164e+01	4.5564198e-03
4.1649972e+01	1.4382176e-01
4.1671781e+01	-6.8263916e-02
4.1693590e+01	-1.5986285e-01
4.1715399e+01	-1.0372408e-02
4.1737208e+01	2.4873469e-01
4.1759017e+01	1.9451106e-01
4.1780826e+01	7.4403290e-02
4.1802635e+01	-9.9618043e-02
4.1824444e+01	7.1324493e-02
4.1846253e+01	8.7523563e-02
4.1868062e+01	1.4664608e-01
4.1889871e+01	1.7186495e-01
4.1911680e+01	2.0491051e-02
4.1933489e+01	5.7188152e-02
4.1955298e+01	-1.1579716e-01
4.1977107e+01	-1.4487890e-01
4.1998916e+01	-2.1497149e-01
4.2020724e+01	1.9615827e-02
4.2042533e+01	1.2658445e-01
4.2064342e+01	-7.9965331e-02
4.2086151e+01	-2.3579981e-02
4.2107960e+01	2.2511005e-01
4.2129769e+01	6.4809655e-02
4.2151578e+01	-3.2584857e-01
4.2173387e+01	-2.0407411e-02
4.2195196e+01	1.5038945e-02
4.2217005e+01	-2.5663053e-02
4.2238814e+01	8.6242918e-02
4.2260623e+01	5.2282937e-02
4.2282432e+01	6.3935586e-02
4.2304241e+01	5.2232649e-02
4.2326050e+01	8.7041968e-02
4.2347859e+01	3.4122324e-01
4.2369667e+01	-2.1372862e-01
4.2391476e+01	-1.7776208e-01
4.2413285e+01	-3.8183621e-03
4.2435094e+01	-1.6503935e-01
4.2456903e+01	-7.1065858e-02
4.2478712e+01	1.2386653e-01
4.2500521e+01	1.2734252e-01
4.2522330e+01	8.9895526e-03
4.2544139e+01	3.1934872e-01
4.2565948e+01	-1.2509393e-01
4.2587757e+01	2.5353901e-01
4.2609566e+01	1.3195756e-01
4.2631375e+01	1.8271498e-01
4.2653184e+01	6.7726517e-02
4.2674993e+01	1.4275074e-01
4.2696802e+01	4.3978013e-02
4.2718610e+01	-3.8122726e-02
4.2740419e+01	4.7677091e-01
4.2762228e+01	3.2602435e-01
4.2784037e+01	-2.0475988e-01
4.2805846e+01	-9.3647412e-02
4.2827655e+01	2.2143842e-01
4.2849464e+01	-2.0908157e-01
4.2871273e+01	-7.2793134e-02
4.2893082e+01	2.8140288e-02
4.2914891e+01	-8.3531842e-02
4.2936700e+01	1.3722504e-01
4.2958509e+01	1.4078841e-01
4.2980318e+01	1.1503372e-01
4.3002127e+01	6.4502446e-02
4.3023936e+01	-2.8974464e-02
4.3045745e+01	-3.7974548e-01
4.3067553e+01	-2.2994965e-02
4.3089362e+01	-5.3688082e-02
4.3111171e+01	-2.0691159e-02
4.3132980e+01	8.6884404e-02
4.3154789e+01	2.6321329e-01
4.3176598e+01	2.0199538e-01
4.3198407e+01	-7.6450184e-02
4.3220216e+01	-8.1275503e-02
4.3242025e+01	4.1177129e-02
4.3263834e+01	-2.5239388e-01
4.3285643e+01	-5.4047281e-02
4.3307452e+01	1.5267032e-01
4.3329261e+01	1.2357719e-01
4.3351070e+01	2.1836405e-01
4.3372879e+01	-6.9390652e-02
4.3394688e+01	1.1900565e-01
4.3416496e+01	-8.4033028e-02
4.3438305e+01	2.0572051e-01
4.3460114e+01	5.0247011e-01
4.3481923e+01	4.0143899e-01
4.3503732e+01	4.7639095e-01
4.3525541e+01	-1.0163321e-01
4.3547350e+01	-1.9226686e-01
4.3569159e+01	2.5265044e-02
4.3590968e+01	-3.8661616e-02
4.3612777e+01	-6.7722541e-02
4.3634586e+01	4.1623568e-02
4.3656395e+01	-2.5126016e-01
4.3678204e+01	-1.8125463e-02
4.3700013e+01	1.2738324e-01
4.3721822e+01	1.7566913e-01
4.3743631e+01	2.6009938e-02
4.3765439e+01	3.2927912e-03
4.3787248e+01	1.9899752e-01
4.3809057e+01	3.2022340e-01
4.3830866e+01	8.3870259e-01
4.3852675e+01	9.1650562e-01
4.3874484e+01	8.5178202e-01
4.3896293e+01	6.8404531e-01
4.3918102e+01	5.1829999e-02
4.3939911e+01	3.9541444e-01
4.3961720e+01	1.7797004e-01
4.3983529e+01	4.3028130e-03
4.4005338e+01	-2.9474838e-01
4.4027147e+01	-8.3791858e-02
4.4048956e+01	6.7140989e-02
4.4070765e+01	3.6325371e-02
4.4092574e+01	-2.7795688e-02
4.4114383e+01	-1.0657402e-01
4.4136191e+01	-2.2734614e-02
4.4158000e+01	1.8573166e-01
4.4179809e+01	1.1804211e-01
4.4201618e+01	1.5204626e-01
4.4223427e+01	-4.2909465e-01
4.4245236e+01	1.7607761e-01
4.4267045e+01	6.0814147e-01
4.4288854e+01	9.5950693e-03
4.4310663e+01	3.1116437e-01
4.4332472e+01	3.2779814e-01
4.4354281e+01	-1.7571959e-01
4.4376090e+01	-1.9721036e-01
4.4397899e+01	1.1614751e-01
4.4419708e+01	4.7484336e-02
4.4441517e+01	6.7357588e-02
4.4463326e+01	1.1493069e-01
4.4485134e+01	-4.4201138e-02
4.4506943e+01	-6.7468290e-02
4.4528752e+01	-4.2763488e-02
4.4550561e+01	3.4039890e-01
4.4572370e+01	5.3271423e-01
4.4594179e+01	-4.9547855e-02
4.4615988e+01	2.1974850e-01
4.4637797e+01	-4.9899962e-02
4.4659606e+01	2.4078372e-01
4.4681415e+01	1.1911545e-03
4.4703224e+01	-6.4316700e-02
4.4725033e+01	1.6609348e-01
4.4746842e+01	1.9199930e-01
4.4768651e+01	-1.4865559e-01
4.4790460e+01	8.2041174e-02
4.4812269e+01	9.3162025e-02
4.4834077e+01	-3.3126162e-01
4.4855886e+01	-2.8894944e-01
4.4877695e+01	2.2801194e-01
4.4899504e+01	7.4756538e-02
4.4921313e+01	-7.9855188e-02
4.4943122e+01	4.8457571e-01
4.4964931e+01	3.1679650e-01
4.4986740e+01	1.0937595e-01