Image file: \\Gfs05\g45\SAXS\2020_12\HDF5\2020-12.10_Kevin_day2_SN\2020-12-10_Max_Cu123_SN_000017_data_000135.h5
ImageIntegration1d_chi_output; Output_Directory= \\Gfs05\g45\SAXS\2020_12\Processed\2020-12-09_Kevin_day1_SN\Chi-Sample-7
Profile = Radial, StartAzimuth = 0.0, EndAzimuth = 360.0, Sam_Det_distance = 250.818474293, InnerRadius = 15.0, OuterRadius = 2400.0, Lambda = 30, Ratio = 0.001, Itermax = 100
2400
2.0013229e+00	8.3080487e-03
2.0231319e+00	8.1893845e-02
2.0449408e+00	-9.2329547e-02
2.0667497e+00	-1.1818032e-01
2.0885587e+00	2.3798106e-01
2.1103676e+00	9.4231282e-02
2.1321765e+00	1.6329903e-02
2.1539855e+00	2.3177580e-01
2.1757944e+00	2.8064294e-01
2.1976034e+00	-1.2520328e-01
2.2194123e+00	-1.3296422e-02
2.2412212e+00	2.8349530e-01
2.2630302e+00	1.5037658e-01
2.2848391e+00	-8.0126992e-02
2.3066480e+00	-1.1001606e-01
2.3284570e+00	2.6212650e-02
2.3502659e+00	5.2417374e-02
2.3720749e+00	-5.7366848e-02
2.3938838e+00	5.8472736e-02
2.4156927e+00	2.4853479e-01
2.4375017e+00	3.2331396e-02
2.4593106e+00	3.0501759e-02
2.4811196e+00	1.8598336e-01
2.5029285e+00	-4.5257015e-02
2.5247374e+00	-4.7942190e-02
2.5465464e+00	-5.5413215e-02
2.5683553e+00	-1.0665764e-01
2.5901642e+00	2.1294105e-01
2.6119732e+00	3.5949077e-03
2.6337821e+00	-5.7436216e-02
2.6555911e+00	-8.8199784e-02
2.6774000e+00	1.5178866e-02
2.6992089e+00	1.9356616e-01
2.7210179e+00	7.2809829e-02
2.7428268e+00	-5.8603353e-02
2.7646358e+00	-4.0814110e-02
2.7864447e+00	7.2200873e-02
2.8082536e+00	8.8403866e-02
2.8300626e+00	4.8945772e-02
2.8518715e+00	3.1455900e-02
2.8736804e+00	-1.0331236e-01
2.8954894e+00	-1.1070362e-01
2.9172983e+00	-2.2642936e-02
2.9391073e+00	-1.0582635e-01
2.9609162e+00	9.1063322e-02
2.9827251e+00	-1.0754338e-02
3.0045341e+00	9.4311414e-02
3.0263430e+00	1.5332243e-01
3.0481519e+00	3.1747431e-03
3.0699609e+00	-1.5513888e-01
3.0917698e+00	-7.7979349e-02
3.1135788e+00	1.3056971e-01
3.1353877e+00	-4.8013275e-03
3.1571966e+00	3.4067795e-03
3.1790056e+00	3.8401005e-03
3.2008145e+00	-5.3445661e-02
3.2226235e+00	-1.3208586e-02
3.2444324e+00	1.4605932e-01
3.2662413e+00	5.5431930e-02
3.2880503e+00	3.4133831e-02
3.3098592e+00	-7.7654375e-02
3.3316681e+00	3.6000473e-02
3.3534771e+00	-3.7929269e-02
3.3752860e+00	-1.5984248e-02
3.3970950e+00	-1.6499533e-01
3.4189039e+00	-8.3472032e-02
3.4407128e+00	7.5012931e-02
3.4625218e+00	1.9119300e-01
3.4843307e+00	-1.2302285e-01
3.5061396e+00	7.0901707e-02
3.5279486e+00	2.0216394e-03
3.5497575e+00	-1.7980562e-02
3.5715665e+00	2.0359131e-01
3.5933754e+00	2.0408132e-01
3.6151843e+00	1.8559892e-02
3.6369933e+00	7.8532307e-02
3.6588022e+00	-4.6839098e-02
3.6806112e+00	-1.7882471e-01
3.7024201e+00	2.9716906e-02
3.7242290e+00	1.4763298e-01
3.7460380e+00	1.3631216e-02
3.7678469e+00	-3.9367217e-02
3.7896558e+00	-1.5431344e-01
3.8114648e+00	-4.3567839e-02
3.8332737e+00	2.1908991e-01
3.8550827e+00	1.2005914e-02
3.8768916e+00	-5.9131018e-02
3.8987005e+00	-4.4863691e-03
3.9205095e+00	1.3676400e-01
3.9423184e+00	2.1663260e-01
3.9641273e+00	2.7358269e-02
3.9859363e+00	-5.8723689e-02
4.0077452e+00	-6.0564503e-02
4.0295542e+00	7.5607654e-02
4.0513631e+00	7.3200027e-02
4.0731720e+00	-1.9653213e-01
4.0949810e+00	-6.5296322e-02
4.1167899e+00	1.9405301e-01
4.1385989e+00	1.7337260e-01
4.1604078e+00	1.2693829e-02
4.1822167e+00	-1.0611321e-01
4.2040257e+00	-1.0906757e-01
4.2258346e+00	3.7957658e-02
4.2476435e+00	1.6812681e-01
4.2694525e+00	1.7811776e-01
4.2912614e+00	-7.6359522e-02
4.3130704e+00	-5.3757537e-02
4.3348793e+00	1.0904226e-02
4.3566882e+00	1.8935761e-02
4.3784972e+00	-3.7834628e-02
4.4003061e+00	6.4979537e-03
4.4221151e+00	-1.6254397e-01
4.4439240e+00	3.1022921e-02
4.4657329e+00	1.1544506e-01
4.4875419e+00	-4.3504849e-02
4.5093508e+00	1.0034197e-01
4.5311597e+00	4.2479960e-02
4.5529687e+00	-3.0392307e-02
4.5747776e+00	-1.0892343e-01
4.5965866e+00	-2.7794761e-03
4.6183955e+00	9.3733127e-02
4.6402044e+00	5.9993476e-02
4.6620134e+00	2.4922464e-02
4.6838223e+00	-1.7141846e-01
4.7056312e+00	-4.9632705e-02
4.7274402e+00	1.3788821e-01
4.7492491e+00	7.4118752e-02
4.7710581e+00	5.9145338e-02
4.7928670e+00	1.0896882e-02
4.8146759e+00	-1.4337680e-01
4.8364849e+00	-8.3106338e-02
4.8582938e+00	-5.1395193e-02
4.8801028e+00	6.4493132e-02
4.9019117e+00	2.0512685e-01
4.9237206e+00	5.2643079e-03
4.9455296e+00	-1.6995203e-01
4.9673385e+00	-4.0009856e-02
4.9891474e+00	1.3066218e-01
5.0109564e+00	1.2967058e-01
5.0327653e+00	7.1551185e-02
5.0545743e+00	-1.4202914e-01
5.0763832e+00	-5.5904637e-03
5.0981921e+00	1.1767841e-01
5.1200011e+00	-1.0352722e-01
5.1418100e+00	-1.1263029e-02
5.1636189e+00	1.2105706e-01
5.1854279e+00	1.0846918e-01
5.2072368e+00	-1.1169025e-01
5.2290458e+00	-4.9453809e-02
5.2508547e+00	-9.6981207e-02
5.2726636e+00	5.2936843e-02
5.2944726e+00	7.3888148e-02
5.3162815e+00	-2.0224604e-03
5.3380905e+00	3.9215606e-03
5.3598994e+00	-1.2234592e-01
5.3817083e+00	-7.2417546e-02
5.4035173e+00	6.2963163e-02
5.4253262e+00	1.1714327e-01
5.4471351e+00	-6.3897074e-02
5.4689441e+00	2.0450855e-01
5.4907530e+00	3.2642109e-01
5.5125620e+00	2.0757779e-01
5.5343709e+00	-7.5732338e-04
5.5561798e+00	-1.4622672e-01
5.5779888e+00	-8.8361672e-02
5.5997977e+00	-5.4767278e-02
5.6216066e+00	-1.0079473e-02
5.6434156e+00	1.2702195e-01
5.6652245e+00	2.5187183e-01
5.6870335e+00	1.1871747e-01
5.7088424e+00	8.7508393e-02
5.7306513e+00	-2.6205451e-02
5.7524603e+00	2.1077883e-02
5.7742692e+00	-1.6559868e-01
5.7960782e+00	-6.2343695e-02
5.8178871e+00	3.0157233e-02
5.8396960e+00	1.0900022e-01
5.8615050e+00	-1.5419670e-01
5.8833139e+00	-8.3372909e-02
5.9051228e+00	1.4561806e-01
5.9269318e+00	2.3393952e-01
5.9487407e+00	7.1680389e-02
5.9705497e+00	-7.0038666e-02
5.9923586e+00	-9.0695895e-04
6.0141675e+00	-2.6133517e-02
6.0359765e+00	3.3041821e-02
6.0577854e+00	6.1233794e-02
6.0795944e+00	-3.1953258e-02
6.1014033e+00	-6.3620352e-02
6.1232122e+00	6.6027057e-02
6.1450212e+00	1.8520823e-02
6.1668301e+00	-5.1489049e-02
6.1886390e+00	-4.4042192e-02
6.2104480e+00	-5.0714392e-02
6.2322569e+00	5.7089141e-02
6.2540659e+00	1.1200322e-01
6.2758748e+00	8.0224971e-02
6.2976837e+00	6.5483716e-03
6.3194927e+00	-8.5456365e-02
6.3413016e+00	-8.7655894e-02
6.3631105e+00	-1.2481657e-01
6.3849195e+00	6.3732907e-02
6.4067284e+00	7.8558267e-02
6.4285374e+00	-7.3412291e-02
6.4503463e+00	-1.0220604e-01
6.4721552e+00	5.7871518e-02
6.4939642e+00	1.5609958e-01
6.5157731e+00	1.5581038e-01
6.5375821e+00	1.0771460e-01
6.5593910e+00	-1.5621864e-02
6.5811999e+00	-1.3209807e-01
6.6030089e+00	-9.4188799e-02
6.6248178e+00	-9.8097647e-02
6.6466267e+00	-1.4765775e-02
6.6684357e+00	-5.8886078e-03
6.6902446e+00	6.8831179e-02
6.7120536e+00	3.6021952e-02
6.7338625e+00	1.1989309e-01
6.7556714e+00	2.3565327e-01
6.7774804e+00	9.1810520e-02
6.7992893e+00	-1.7315102e-01
6.8210982e+00	-6.6649860e-02
6.8429072e+00	-1.2267284e-01
6.8647161e+00	1.7845752e-01
6.8865251e+00	1.0950169e-01
6.9083340e+00	7.8211149e-03
6.9301429e+00	3.3677304e-02
6.9519519e+00	-7.3915435e-02
6.9737608e+00	-7.1708164e-02
6.9955698e+00	-5.9780406e-02
7.0173787e+00	-1.5138730e-02
7.0391876e+00	-7.4042530e-04
7.0609966e+00	1.8092039e-01
7.0828055e+00	1.2582225e-01
7.1046144e+00	-1.3265179e-01
7.1264234e+00	-3.7012778e-02
7.1482323e+00	1.4609384e-01
7.1700413e+00	2.2369488e-01
7.1918502e+00	2.7620304e-02
7.2136591e+00	-2.4628507e-02
7.2354681e+00	-1.2818537e-01
7.2572770e+00	6.1753126e-03
7.2790859e+00	4.1363898e-02
7.3008949e+00	-1.2498672e-01
7.3227038e+00	-4.8121181e-02
7.3445128e+00	3.7000016e-02
7.3663217e+00	7.5632929e-02
7.3881306e+00	9.8146677e-02
7.4099396e+00	-7.5392388e-02
7.4317485e+00	1.2187897e-02
7.4535575e+00	4.6369478e-02
7.4753664e+00	4.8643954e-02
7.4971753e+00	-1.6026766e-02
7.5189843e+00	-5.5881833e-02
7.5407932e+00	-2.0026354e-03
7.5626021e+00	-7.9571262e-02
7.5844111e+00	-6.0925140e-02
7.6062200e+00	-6.3886591e-02
7.6280290e+00	1.2883451e-01
7.6498379e+00	9.5443459e-02
7.6716468e+00	1.3335926e-01
7.6934558e+00	9.4347943e-03
7.7152647e+00	-1.5021120e-01
7.7370737e+00	2.6341173e-02
7.7588826e+00	-4.9116214e-02
7.7806915e+00	2.6339667e-02
7.8025005e+00	-5.1862423e-02
7.8243094e+00	6.1594744e-03
7.8461183e+00	3.7760261e-01
7.8679273e+00	3.7610130e-01
7.8897362e+00	1.0153269e-01
7.9115452e+00	-8.7954404e-02
7.9333541e+00	1.3643508e-02
7.9551630e+00	1.4384252e-01
7.9769720e+00	-6.5447971e-02
7.9987809e+00	-1.1757593e-01
8.0205898e+00	-6.2767065e-02
8.0423988e+00	-4.1820046e-03
8.0642077e+00	1.4038848e-01
8.0860167e+00	2.8708184e-01
8.1078256e+00	2.5393312e-01
8.1296345e+00	3.4761209e-03
8.1514435e+00	1.6810460e-01
8.1732524e+00	1.4091763e-01
8.1950614e+00	-1.1952660e-01
8.2168703e+00	-1.3094294e-01
8.2386792e+00	-6.3616123e-02
8.2604882e+00	-2.4152186e-02
8.2822971e+00	-1.2421001e-01
8.3041060e+00	4.6145055e-02
8.3259150e+00	6.1808916e-02
8.3477239e+00	-5.5820876e-02
8.3695329e+00	1.0074439e-01
8.3913418e+00	1.4748469e-01
8.4131507e+00	5.8197165e-02
8.4349597e+00	-3.0459257e-03
8.4567686e+00	-2.3623797e-02
8.4785775e+00	6.8168726e-02
8.5003865e+00	-1.3545925e-01
8.5221954e+00	-1.8027611e-02
8.5440044e+00	2.1589301e-01
8.5658133e+00	-1.6695587e-02
8.5876222e+00	-2.1044189e-01
8.6094312e+00	5.3957683e-02
8.6312401e+00	3.3101841e-01
8.6530491e+00	-3.1475607e-03
8.6748580e+00	-1.9375214e-02
8.6966669e+00	4.8385258e-02
8.7184759e+00	7.2573998e-02
8.7402848e+00	-4.3828461e-02
8.7620937e+00	4.3826326e-02
8.7839027e+00	-2.5477747e-02
8.8057116e+00	4.6857849e-02
8.8275206e+00	3.7553936e-01
8.8493295e+00	2.0239237e-01
8.8711384e+00	-2.5497396e-02
8.8929474e+00	3.9114753e-02
8.9147563e+00	-7.1496140e-02
8.9365652e+00	-1.1777260e-01
8.9583742e+00	2.1582173e-01
8.9801831e+00	-3.9084154e-02
9.0019921e+00	-1.0980084e-01
9.0238010e+00	3.3289362e-02
9.0456099e+00	4.6540036e-02
9.0674189e+00	2.1527220e-01
9.0892278e+00	4.5040583e-02
9.1110368e+00	-9.0255396e-02
9.1328457e+00	6.0236496e-02
9.1546546e+00	4.2597795e-02
9.1764636e+00	6.4781765e-02
9.1982725e+00	-2.1046238e-01
9.2200814e+00	-2.2842529e-02
9.2418904e+00	-2.7464168e-02
9.2636993e+00	1.0974711e-01
9.2855083e+00	2.6468863e-01
9.3073172e+00	1.7146256e-01
9.3291261e+00	2.9141536e-02
9.3509351e+00	-8.2099081e-02
9.3727440e+00	-9.9834439e-02
9.3945530e+00	2.4379769e-01
9.4163619e+00	2.2211116e-01
9.4381708e+00	-3.0138816e-02
9.4599798e+00	4.6817274e-02
9.4817887e+00	-1.4589649e-03
9.5035976e+00	-6.3462282e-02
9.5254066e+00	-1.2764386e-01
9.5472155e+00	6.8674136e-02
9.5690245e+00	-4.0343723e-02
9.5908334e+00	2.1519107e-02
9.6126423e+00	3.3638845e-01
9.6344513e+00	2.9165902e-01
9.6562602e+00	1.5390629e-01
9.6780691e+00	4.7816056e-02
9.6998781e+00	-1.6899871e-02
9.7216870e+00	2.0978293e-02
9.7434960e+00	-2.1858810e-02
9.7653049e+00	-9.2911698e-02
9.7871138e+00	-6.7147866e-03
9.8089228e+00	1.8615537e-01
9.8307317e+00	9.9458756e-02
9.8525407e+00	-1.3050331e-01
9.8743496e+00	-1.6037111e-01
9.8961585e+00	-1.1149931e-02
9.9179675e+00	-5.5678356e-02
9.9397764e+00	5.3317298e-02
9.9615853e+00	4.0644234e-02
9.9833943e+00	4.8308308e-02
1.0005203e+01	-5.4325024e-03
1.0027012e+01	-2.6051312e-02
1.0048821e+01	1.4782862e-01
1.0070630e+01	-7.4959129e-02
1.0092439e+01	1.3530708e-01
1.0114248e+01	6.8843212e-02
1.0136057e+01	3.6026471e-02
1.0157866e+01	1.0601696e-02
1.0179675e+01	-1.0545130e-02
1.0201484e+01	-1.4364266e-01
1.0223293e+01	4.6913597e-02
1.0245102e+01	-5.7156849e-02
1.0266910e+01	6.9081032e-02
1.0288719e+01	-7.8298919e-02
1.0310528e+01	-1.2474678e-01
1.0332337e+01	1.0645981e+00
1.0354146e+01	1.8643733e+00
1.0375955e+01	2.1802538e+00
1.0397764e+01	2.4987471e+00
1.0419573e+01	2.8424811e+00
1.0441382e+01	3.5991115e+00
1.0463191e+01	4.2304030e+00
1.0485000e+01	5.4693534e+00
1.0506809e+01	7.5115284e+00
1.0528618e+01	8.4378627e+00
1.0550427e+01	8.2002131e+00
1.0572236e+01	7.5900414e+00
1.0594045e+01	7.7167762e+00
1.0615853e+01	8.6024243e+00
1.0637662e+01	8.7054224e+00
1.0659471e+01	8.2275244e+00
1.0681280e+01	7.1684388e+00
1.0703089e+01	5.0986335e+00
1.0724898e+01	3.3699012e+00
1.0746707e+01	2.2977436e+00
1.0768516e+01	1.2470405e+00
1.0790325e+01	1.0173616e+00
1.0812134e+01	8.3546969e-01
1.0833943e+01	5.2542644e-01
1.0855752e+01	1.5560762e-01
1.0877561e+01	3.2451472e-01
1.0899370e+01	5.7627020e-01
1.0921179e+01	2.1647276e-01
1.0942988e+01	-1.2862942e-02
1.0964796e+01	-1.6376567e-01
1.0986605e+01	1.1257021e-01
1.1008414e+01	5.8061111e-01
1.1030223e+01	4.3233966e-01
1.1052032e+01	9.8781140e-01
1.1073841e+01	1.3176204e+00
1.1095650e+01	1.1418455e+00
1.1117459e+01	1.7184669e+00
1.1139268e+01	1.9419815e+00
1.1161077e+01	2.4808553e+00
1.1182886e+01	2.7651344e+00
1.1204695e+01	2.9519377e+00
1.1226504e+01	3.0023623e+00
1.1248313e+01	2.5352591e+00
1.1270122e+01	1.4433412e+00
1.1291931e+01	9.9712755e-01
1.1313740e+01	3.8598317e-01
1.1335548e+01	4.7505062e-02
1.1357357e+01	-1.0114709e-01
1.1379166e+01	1.5968859e-01
1.1400975e+01	2.1512735e-01
1.1422784e+01	-5.8410081e-02
1.1444593e+01	1.9037845e-02
1.1466402e+01	-1.2971674e-01
1.1488211e+01	1.1852514e-02
1.1510020e+01	-1.6431825e-01
1.1531829e+01	3.1929914e-02
1.1553638e+01	2.9414020e-01
1.1575447e+01	2.0414612e-01
1.1597256e+01	2.6773210e-02
1.1619065e+01	-6.8395756e-02
1.1640874e+01	1.1731585e-01
1.1662683e+01	-3.1632837e-02
1.1684491e+01	-1.6573292e-01
1.1706300e+01	-6.9179638e-02
1.1728109e+01	1.1974819e-01
1.1749918e+01	1.6955740e-01
1.1771727e+01	2.5696884e-01
1.1793536e+01	2.4259542e-01
1.1815345e+01	1.1606440e-01
1.1837154e+01	4.4539805e-01
1.1858963e+01	1.7269166e-02
1.1880772e+01	-2.5649848e-01
1.1902581e+01	-7.8884229e-02
1.1924390e+01	6.7622527e-02
1.1946199e+01	-4.8912408e-02
1.1968008e+01	6.7852123e-02
1.1989817e+01	1.2744022e-01
1.2011626e+01	-2.6151936e-02
1.2033434e+01	-8.6328760e-02
1.2055243e+01	-9.0512477e-02
1.2077052e+01	6.0643079e-02
1.2098861e+01	4.1432941e-02
1.2120670e+01	1.6578789e-02
1.2142479e+01	3.1341509e-02
1.2164288e+01	1.2172480e-01
1.2186097e+01	-4.6992866e-02
1.2207906e+01	-1.4027333e-01
1.2229715e+01	2.7456251e-01
1.2251524e+01	6.4625481e-02
1.2273333e+01	-3.5351190e-02
1.2295142e+01	-1.1329639e-01
1.2316951e+01	1.4286082e-01
1.2338760e+01	3.3430828e-02
1.2360569e+01	-3.5127290e-03
1.2382377e+01	-2.6629437e-02
1.2404186e+01	1.1776305e-01
1.2425995e+01	-2.7545818e-02
1.2447804e+01	4.8195853e-03
1.2469613e+01	-3.9416465e-02
1.2491422e+01	-9.0219064e-02
1.2513231e+01	4.0577054e-02
1.2535040e+01	9.7969240e-02
1.2556849e+01	-1.1145382e-01
1.2578658e+01	3.6618310e-02
1.2600467e+01	-5.2228930e-02
1.2622276e+01	3.9228530e-02
1.2644085e+01	-1.3122572e-01
1.2665894e+01	6.9354576e-02
1.2687703e+01	2.1105781e-01
1.2709512e+01	-1.3773206e-02
1.2731320e+01	-3.8085953e-02
1.2753129e+01	9.5645775e-02
1.2774938e+01	2.1131835e-03
1.2796747e+01	8.1786623e-02
1.2818556e+01	-1.0317688e-01
1.2840365e+01	-1.7349783e-01
1.2862174e+01	-3.9800670e-02
1.2883983e+01	-9.2855854e-03
1.2905792e+01	3.5711389e-02
1.2927601e+01	1.2133741e-01
1.2949410e+01	3.4829145e-02
1.2971219e+01	4.3484848e-02
1.2993028e+01	-1.9691618e-02
1.3014837e+01	8.3669450e-02
1.3036646e+01	3.4380964e-01
1.3058455e+01	6.2011079e-01
1.3080264e+01	7.4700158e-01
1.3102072e+01	5.5338268e-01
1.3123881e+01	-1.0682727e-01
1.3145690e+01	2.7479316e-02
1.3167499e+01	1.3886775e-01
1.3189308e+01	4.4000827e-02
1.3211117e+01	1.0862158e-01
1.3232926e+01	2.6570096e-01
1.3254735e+01	4.4739716e-01
1.3276544e+01	3.9846755e-01
1.3298353e+01	-1.1308241e-01
1.3320162e+01	-1.5653239e-01
1.3341971e+01	-3.3487880e-01
1.3363780e+01	4.8979365e-01
1.3385589e+01	7.2688590e-01
1.3407398e+01	7.4442311e-01
1.3429207e+01	4.5209247e-01
1.3451015e+01	2.3083912e-01
1.3472824e+01	3.4756574e-01
1.3494633e+01	1.5945835e-01
1.3516442e+01	7.3789059e-02
1.3538251e+01	1.1584102e-02
1.3560060e+01	2.0371182e-01
1.3581869e+01	4.6372238e-02
1.3603678e+01	-3.5777099e-02
1.3625487e+01	-8.0025199e-03
1.3647296e+01	7.0669690e-02
1.3669105e+01	4.3954690e-02
1.3690914e+01	-8.9253525e-02
1.3712723e+01	-4.6716533e-02
1.3734532e+01	-6.6945015e-02
1.3756341e+01	9.3073082e-02
1.3778150e+01	1.3450896e-01
1.3799958e+01	3.3526688e-02
1.3821767e+01	-1.2152506e-01
1.3843576e+01	-2.4304099e-01
1.3865385e+01	1.2463688e-01
1.3887194e+01	3.7391895e-01
1.3909003e+01	2.1823339e-01
1.3930812e+01	-7.6212820e-02
1.3952621e+01	4.8768103e-02
1.3974430e+01	2.9000108e-01
1.3996239e+01	8.3529895e-02
1.4018048e+01	-1.0490814e-01
1.4039857e+01	-3.9367291e-02
1.4061666e+01	1.1871199e-01
1.4083475e+01	-1.9280408e-03
1.4105284e+01	-1.0180658e-01
1.4127093e+01	6.3808352e-02
1.4148901e+01	8.2476128e-02
1.4170710e+01	-3.5781846e-02
1.4192519e+01	-1.7494769e-01
1.4214328e+01	4.7561663e-02
1.4236137e+01	5.6248555e-03
1.4257946e+01	-1.5144165e-02
1.4279755e+01	8.7969392e-02
1.4301564e+01	2.3671671e-02
1.4323373e+01	8.6144109e-02
1.4345182e+01	1.0714371e-01
1.4366991e+01	3.1970183e-02
1.4388800e+01	-7.5242072e-02
1.4410609e+01	-2.5039068e-01
1.4432418e+01	-6.2258500e-02
1.4454227e+01	8.2534979e-02
1.4476036e+01	1.8119116e-01
1.4497844e+01	4.0205106e-02
1.4519653e+01	-1.6785437e-01
1.4541462e+01	4.4045078e-02
1.4563271e+01	3.4165934e-02
1.4585080e+01	2.8391133e-02
1.4606889e+01	1.1693711e-01
1.4628698e+01	5.0443619e-02
1.4650507e+01	-2.0194919e-01
1.4672316e+01	-1.1917294e-01
1.4694125e+01	8.6212363e-02
1.4715934e+01	5.6373046e-02
1.4737743e+01	-1.8457886e-02
1.4759552e+01	-4.0039922e-02
1.4781361e+01	-4.2945781e-02
1.4803170e+01	1.6135696e-01
1.4824979e+01	5.0198775e-01
1.4846787e+01	9.5312719e-01
1.4868596e+01	1.4816434e+00
1.4890405e+01	1.6850864e+00
1.4912214e+01	1.4543353e+00
1.4934023e+01	1.0080162e+00
1.4955832e+01	8.6051717e-01
1.4977641e+01	1.1300843e+00
1.4999450e+01	1.9545748e+00
1.5021259e+01	2.2531636e+00
1.5043068e+01	2.1999879e+00
1.5064877e+01	1.9831167e+00
1.5086686e+01	1.8147781e+00
1.5108495e+01	1.3985082e+00
1.5130304e+01	9.2045314e-01
1.5152113e+01	4.3740797e-01
1.5173922e+01	2.6594278e-01
1.5195731e+01	6.3269764e-02
1.5217539e+01	-1.0854375e-01
1.5239348e+01	-4.1478135e-02
1.5261157e+01	4.6965191e-02
1.5282966e+01	-5.3363082e-02
1.5304775e+01	-3.2285447e-02
1.5326584e+01	6.9770926e-02
1.5348393e+01	9.4467509e-02
1.5370202e+01	7.5771036e-02
1.5392011e+01	-2.2902016e-02
1.5413820e+01	-7.7772235e-02
1.5435629e+01	-1.1615336e-02
1.5457438e+01	3.6205088e-02
1.5479247e+01	-1.3516767e-02
1.5501056e+01	-1.0151452e-02
1.5522865e+01	-1.8568139e-01
1.5544674e+01	-1.1315979e-02
1.5566482e+01	5.7177744e-02
1.5588291e+01	6.7532556e-02
1.5610100e+01	3.6174696e-02
1.5631909e+01	-5.6497364e-02
1.5653718e+01	1.0781310e-01
1.5675527e+01	1.2747645e-02
1.5697336e+01	4.4304011e-03
1.5719145e+01	-3.9573438e-02
1.5740954e+01	7.3856893e-02
1.5762763e+01	-1.3082724e-01
1.5784572e+01	-1.7431799e-02
1.5806381e+01	9.6576102e-02
1.5828190e+01	9.4214911e-02
1.5849999e+01	-1.0190308e-01
1.5871808e+01	-3.0897602e-02
1.5893617e+01	-6.3702795e-02
1.5915425e+01	-4.5054415e-02
1.5937234e+01	5.6093835e-02
1.5959043e+01	1.0092957e-01
1.5980852e+01	-2.2433038e-02
1.6002661e+01	-9.5605728e-02
1.6024470e+01	9.6166005e-02
1.6046279e+01	1.1748335e-02
1.6068088e+01	-9.4021442e-03
1.6089897e+01	-4.2833580e-02
1.6111706e+01	3.7593944e-02
1.6133515e+01	-3.8563769e-03
1.6155324e+01	8.5721148e-02
1.6177133e+01	-6.3685416e-02
1.6198942e+01	-1.2116459e-01
1.6220751e+01	8.9480565e-02
1.6242560e+01	1.1215728e-02
1.6264368e+01	-8.0175840e-02
1.6286177e+01	1.1217208e-01
1.6307986e+01	5.0560978e-02
1.6329795e+01	-1.2202992e-01
1.6351604e+01	-1.2289773e-03
1.6373413e+01	1.3973998e-01
1.6395222e+01	2.2037033e-02
1.6417031e+01	-7.4431529e-02
1.6438840e+01	-1.4701970e-01
1.6460649e+01	6.7206286e-02
1.6482458e+01	1.2963179e-01
1.6504267e+01	-5.1462228e-02
1.6526076e+01	2.8369903e-02
1.6547885e+01	9.7007930e-03
1.6569694e+01	-1.1218694e-01
1.6591503e+01	3.9090639e-02
1.6613311e+01	-2.0324109e-02
1.6635120e+01	2.2117406e-02
1.6656929e+01	6.8770730e-02
1.6678738e+01	-1.7087952e-01
1.6700547e+01	6.0502095e-03
1.6722356e+01	1.0076542e-01
1.6744165e+01	3.4130832e-01
1.6765974e+01	5.3110868e-01
1.6787783e+01	4.0053641e-01
1.6809592e+01	3.8044325e-01
1.6831401e+01	1.1652957e-01
1.6853210e+01	3.5930700e-02
1.6875019e+01	-4.5273504e-02
1.6896828e+01	7.2000939e-03
1.6918637e+01	-8.6811739e-02
1.6940446e+01	2.0575218e-02
1.6962254e+01	-4.2468323e-02
1.6984063e+01	9.7033557e-02
1.7005872e+01	-8.5661161e-03
1.7027681e+01	3.1477643e-02
1.7049490e+01	-1.0609496e-01
1.7071299e+01	-1.5051046e-01
1.7093108e+01	6.3149968e-02
1.7114917e+01	8.6285103e-02
1.7136726e+01	1.3124386e-01
1.7158535e+01	-2.1449352e-02
1.7180344e+01	-1.1830859e-01
1.7202153e+01	1.0679355e-01
1.7223962e+01	-3.7808044e-02
1.7245771e+01	1.9956189e-02
1.7267580e+01	-7.9859467e-02
1.7289389e+01	-4.0383983e-02
1.7311198e+01	-1.8962222e-04
1.7333006e+01	1.8993797e-01
1.7354815e+01	2.8785546e-01
1.7376624e+01	7.7979222e-02
1.7398433e+01	-1.3838670e-01
1.7420242e+01	-3.6925857e-02
1.7442051e+01	2.4683034e-02
1.7463860e+01	4.1725811e-03
1.7485669e+01	-1.5595556e-02
1.7507478e+01	2.7418439e-02
1.7529287e+01	2.0618770e-02
1.7551096e+01	2.6254132e-02
1.7572905e+01	1.9611980e-02
1.7594714e+01	1.5096797e-02
1.7616523e+01	-8.3233777e-02
1.7638332e+01	1.5437921e-02
1.7660141e+01	2.1182763e-02
1.7681949e+01	-3.7999684e-02
1.7703758e+01	1.0065621e-01
1.7725567e+01	1.8619233e-04
1.7747376e+01	-3.1030417e-02
1.7769185e+01	-8.3531506e-02
1.7790994e+01	-7.9110161e-02
1.7812803e+01	4.1969669e-02
1.7834612e+01	9.2803764e-02
1.7856421e+01	5.9541475e-02
1.7878230e+01	1.2534674e-01
1.7900039e+01	-5.5532371e-02
1.7921848e+01	-1.3897806e-01
1.7943657e+01	-6.0932892e-02
1.7965466e+01	-6.5168865e-02
1.7987275e+01	9.2604706e-02
1.8009084e+01	2.8063447e-02
1.8030892e+01	-3.5577672e-02
1.8052701e+01	9.5629463e-02
1.8074510e+01	3.3885353e-02
1.8096319e+01	1.0555122e-02
1.8118128e+01	3.4397656e-02
1.8139937e+01	-3.3862247e-02
1.8161746e+01	-6.0646932e-02
1.8183555e+01	-3.9611542e-02
1.8205364e+01	2.6155952e-02
1.8227173e+01	4.7514441e-02
1.8248982e+01	6.0574094e-02
1.8270791e+01	-6.7170065e-02
1.8292600e+01	-1.8988014e-01
1.8314409e+01	2.7160417e-02
1.8336218e+01	4.4789476e-02
1.8358027e+01	7.6899312e-03
1.8379835e+01	7.2248736e-02
1.8401644e+01	-1.4094299e-01
1.8423453e+01	1.0732932e-02
1.8445262e+01	2.0649738e-02
1.8467071e+01	1.9013065e-01
1.8488880e+01	2.6147763e-01
1.8510689e+01	2.2116756e-01
1.8532498e+01	5.1552282e-02
1.8554307e+01	-1.5599584e-01
1.8576116e+01	-4.3696431e-02
1.8597925e+01	5.1945694e-02
1.8619734e+01	-3.9064225e-02
1.8641543e+01	1.0921330e-01
1.8663352e+01	8.6152363e-02
1.8685161e+01	1.0564030e-01
1.8706970e+01	5.7482904e-02
1.8728778e+01	-1.6723749e-01
1.8750587e+01	-1.4337496e-01
1.8772396e+01	1.6498795e-04
1.8794205e+01	-3.3950071e-02
1.8816014e+01	-5.3912036e-02
1.8837823e+01	-6.0015680e-02
1.8859632e+01	1.2132785e-01
1.8881441e+01	1.6315754e-01
1.8903250e+01	-7.4248895e-02
1.8925059e+01	1.5816829e-02
1.8946868e+01	-6.0843320e-03
1.8968677e+01	-7.4951311e-02
1.8990486e+01	4.5251522e-02
1.9012295e+01	1.6465874e-02
1.9034104e+01	7.8204371e-02
1.9055913e+01	7.2202206e-02
1.9077721e+01	-1.6520297e-01
1.9099530e+01	3.2912111e-02
1.9121339e+01	-3.5538577e-02
1.9143148e+01	6.0120844e-02
1.9164957e+01	1.0484332e-02
1.9186766e+01	6.1343303e-02
1.9208575e+01	-8.5195560e-02
1.9230384e+01	-2.7951457e-02
1.9252193e+01	-1.2578097e-01
1.9274002e+01	-7.7449527e-02
1.9295811e+01	9.8529075e-02
1.9317620e+01	1.4315139e-01
1.9339429e+01	5.9930121e-02
1.9361238e+01	2.9711820e-01
1.9383047e+01	3.2230614e-01
1.9404856e+01	2.7517869e-02
1.9426665e+01	-4.4040505e-02
1.9448473e+01	-6.2536667e-02
1.9470282e+01	7.3400214e-02
1.9492091e+01	8.5865145e-02
1.9513900e+01	-6.0351879e-02
1.9535709e+01	2.1440227e-02
1.9557518e+01	1.1389881e-02
1.9579327e+01	-1.0117998e-01
1.9601136e+01	-1.7344423e-01
1.9622945e+01	2.1179731e-02
1.9644754e+01	5.2767964e-02
1.9666563e+01	1.1333769e-01
1.9688372e+01	4.1305646e-02
1.9710181e+01	-7.8684431e-02
1.9731990e+01	-3.9744127e-03
1.9753799e+01	5.2267365e-02
1.9775608e+01	-1.1387127e-02
1.9797416e+01	-3.3388118e-02
1.9819225e+01	-2.7095654e-02
1.9841034e+01	-1.7858639e-01
1.9862843e+01	-1.1246316e-02
1.9884652e+01	1.4544041e-01
1.9906461e+01	1.2181213e-01
1.9928270e+01	1.4480864e-01
1.9950079e+01	9.6821513e-02
1.9971888e+01	2.0565204e-01
1.9993697e+01	-7.3970652e-02
2.0015506e+01	-1.7311653e-01
2.0037315e+01	-2.4305216e-02
2.0059124e+01	-4.3425774e-02
2.0080933e+01	-5.6050648e-02
2.0102742e+01	5.8330747e-02
2.0124551e+01	6.2939926e-02
2.0146359e+01	-4.0357398e-02
2.0168168e+01	4.2673438e-03
2.0189977e+01	-3.1398550e-02
2.0211786e+01	-1.6025978e-01
2.0233595e+01	-1.6157970e-02
2.0255404e+01	1.6221621e-01
2.0277213e+01	3.7166221e-01
2.0299022e+01	2.7664201e-01
2.0320831e+01	1.9787626e-01
2.0342640e+01	-3.1547617e-02
2.0364449e+01	4.9956481e-02
2.0386258e+01	-2.1644310e-02
2.0408067e+01	2.9360226e-02
2.0429876e+01	-7.4853738e-02
2.0451685e+01	-5.5460781e-02
2.0473494e+01	1.1854634e-01
2.0495302e+01	4.0512215e-01
2.0517111e+01	6.3957930e-01
2.0538920e+01	6.4536176e-01
2.0560729e+01	4.4050950e-01
2.0582538e+01	1.3865047e-01
2.0604347e+01	7.8853092e-02
2.0626156e+01	-1.1690018e-01
2.0647965e+01	-1.2997445e-01
2.0669774e+01	-2.4593258e-02
2.0691583e+01	9.9122415e-03
2.0713392e+01	2.1333146e-02
2.0735201e+01	-1.2001417e-01
2.0757010e+01	6.9990750e-02
2.0778819e+01	1.8774871e-01
2.0800628e+01	2.6244784e-01
2.0822437e+01	4.3016365e-02
2.0844245e+01	-6.3650010e-03
2.0866054e+01	-1.0930735e-01
2.0887863e+01	-1.0083888e-01
2.0909672e+01	5.9203684e-02
2.0931481e+01	-1.9915282e-02
2.0953290e+01	5.4043627e-02
2.0975099e+01	6.4746115e-01
2.0996908e+01	1.3377101e+00
2.1018717e+01	2.0700022e+00
2.1040526e+01	2.8541453e+00
2.1062335e+01	2.9929342e+00
2.1084144e+01	2.7844086e+00
2.1105953e+01	2.0493764e+00
2.1127762e+01	1.7770963e+00
2.1149571e+01	2.0332891e+00
2.1171380e+01	3.0455657e+00
2.1193188e+01	4.7181607e+00
2.1214997e+01	6.8712690e+00
2.1236806e+01	8.6794294e+00
2.1258615e+01	9.8400866e+00
2.1280424e+01	1.0184256e+01
2.1302233e+01	9.6208278e+00
2.1324042e+01	8.1617863e+00
2.1345851e+01	6.2522049e+00
2.1367660e+01	4.1884632e+00
2.1389469e+01	2.3695631e+00
2.1411278e+01	1.2240604e+00
2.1433087e+01	3.1274278e-01
2.1454896e+01	8.6515188e-04
2.1476705e+01	-6.2603028e-02
2.1498514e+01	1.1099296e-01
2.1520323e+01	4.4607621e-01
2.1542132e+01	7.8799313e-01
2.1563940e+01	8.6382216e-01
2.1585749e+01	7.9115174e-01
2.1607558e+01	6.1805631e-01
2.1629367e+01	4.0562032e-01
2.1651176e+01	1.0920417e-01
2.1672985e+01	-9.3492181e-03
2.1694794e+01	9.7615542e-02
2.1716603e+01	3.1870161e-02
2.1738412e+01	-6.2376020e-02
2.1760221e+01	-9.6163359e-02
2.1782030e+01	-2.2028740e-01
2.1803839e+01	-1.3508342e-01
2.1825648e+01	6.4178191e-02
2.1847457e+01	1.0780778e-01
2.1869266e+01	5.5701862e-02
2.1891075e+01	9.6116703e-02
2.1912883e+01	5.1018802e-02
2.1934692e+01	-1.9482525e-02
2.1956501e+01	-1.3052250e-01
2.1978310e+01	-1.5543544e-01
2.2000119e+01	1.5490101e-01
2.2021928e+01	2.9406360e-02
2.2043737e+01	-8.6749060e-02
2.2065546e+01	1.0262481e-01
2.2087355e+01	6.1291449e-02
2.2109164e+01	1.4647054e-01
2.2130973e+01	5.5066577e-02
2.2152782e+01	-9.9374077e-02
2.2174591e+01	-4.5997197e-02
2.2196400e+01	-6.5427267e-02
2.2218209e+01	7.3435979e-02
2.2240018e+01	-6.5229643e-02
2.2261826e+01	-6.6820446e-02
2.2283635e+01	-6.4477857e-03
2.2305444e+01	7.0908980e-02
2.2327253e+01	-1.7786840e-02
2.2349062e+01	5.8504384e-02
2.2370871e+01	1.0056690e-02
2.2392680e+01	-2.3448297e-02
2.2414489e+01	-1.1659347e-01
2.2436298e+01	7.2809356e-02
2.2458107e+01	6.7922700e-02
2.2479916e+01	5.0856603e-02
2.2501725e+01	-5.0478054e-02
2.2523534e+01	-4.6960645e-02
2.2545343e+01	-4.8614035e-03
2.2567152e+01	5.2207309e-02
2.2588961e+01	5.0137972e-02
2.2610769e+01	-7.0919178e-02
2.2632578e+01	-6.7427733e-02
2.2654387e+01	4.1824366e-02
2.2676196e+01	-5.4042581e-02
2.2698005e+01	4.8420074e-02
2.2719814e+01	8.9833960e-02
2.2741623e+01	-6.7187040e-02
2.2763432e+01	-1.7798459e-03
2.2785241e+01	-1.4502158e-02
2.2807050e+01	3.7605665e-03
2.2828859e+01	2.0223833e-02
2.2850668e+01	-7.8446992e-02
2.2872477e+01	5.7722318e-02
2.2894286e+01	4.8639612e-02
2.2916095e+01	1.5105922e-03
2.2937904e+01	4.1022045e-02
2.2959712e+01	-4.0945190e-03
2.2981521e+01	-5.6453881e-02
2.3003330e+01	-5.2925181e-03
2.3025139e+01	-1.0904953e-01
2.3046948e+01	8.6221760e-03
2.3068757e+01	7.2727543e-02
2.3090566e+01	-5.0386319e-02
2.3112375e+01	9.8961788e-02
2.3134184e+01	7.6969145e-02
2.3155993e+01	9.4076187e-02
2.3177802e+01	-2.0263948e-02
2.3199611e+01	-7.1731171e-02
2.3221420e+01	2.5224563e-02
2.3243229e+01	-3.7974982e-02
2.3265038e+01	-1.3181692e-01
2.3286847e+01	-6.5392075e-02
2.3308655e+01	-1.8928430e-02
2.3330464e+01	1.3144339e-01
2.3352273e+01	6.5325222e-02
2.3374082e+01	-3.1227990e-02
2.3395891e+01	2.8161273e-02
2.3417700e+01	-9.8266083e-02
2.3439509e+01	-6.6044259e-02
2.3461318e+01	-9.9332095e-02
2.3483127e+01	1.9327869e-01
2.3504936e+01	5.7029028e-01
2.3526745e+01	1.0293219e+00
2.3548554e+01	1.0351329e+00
2.3570363e+01	7.0758343e-01
2.3592172e+01	2.0603069e-01
2.3613981e+01	-1.9157072e-02
2.3635790e+01	-2.1126002e-02
2.3657599e+01	1.9158885e-01
2.3679407e+01	1.1815001e+00
2.3701216e+01	3.0076124e+00
2.3723025e+01	4.8882430e+00
2.3744834e+01	6.4933566e+00
2.3766643e+01	7.8132327e+00
2.3788452e+01	9.7153636e+00
2.3810261e+01	1.0562311e+01
2.3832070e+01	1.0296875e+01
2.3853879e+01	9.1842802e+00
2.3875688e+01	7.4719489e+00
2.3897497e+01	5.5829460e+00
2.3919306e+01	3.8038901e+00
2.3941115e+01	2.3545136e+00
2.3962924e+01	1.2657760e+00
2.3984733e+01	6.1379489e-01
2.4006542e+01	1.3690968e-01
2.4028350e+01	1.1465989e-01
2.4050159e+01	1.6188452e-02
2.4071968e+01	-2.1575450e-01
2.4093777e+01	-9.8235084e-02
2.4115586e+01	6.4631407e-02
2.4137395e+01	3.4240996e-02
2.4159204e+01	-9.1679569e-02
2.4181013e+01	-1.1970751e-01
2.4202822e+01	5.7825731e-02
2.4224631e+01	-4.1026150e-02
2.4246440e+01	1.0702070e-02
2.4268249e+01	8.2288633e-02
2.4290058e+01	4.8778815e-02
2.4311867e+01	-5.2198925e-02
2.4333676e+01	-3.2539590e-02
2.4355485e+01	9.8303319e-03
2.4377293e+01	-8.3603537e-02
2.4399102e+01	2.8661429e-02
2.4420911e+01	3.0868392e-02
2.4442720e+01	-1.3810125e-02
2.4464529e+01	-6.2878205e-02
2.4486338e+01	1.1060097e-01
2.4508147e+01	8.4518801e-02
2.4529956e+01	1.4210454e-01
2.4551765e+01	3.1645104e-01
2.4573574e+01	5.4618991e-01
2.4595383e+01	7.0827559e-01
2.4617192e+01	8.2009241e-01
2.4639001e+01	8.8214069e-01
2.4660810e+01	3.0372377e-01
2.4682619e+01	8.2556948e-02
2.4704428e+01	1.7319163e-02
2.4726236e+01	-1.3970166e-01
2.4748045e+01	-9.8275365e-02
2.4769854e+01	-1.0651112e-01
2.4791663e+01	1.8520574e-02
2.4813472e+01	6.4480420e-02
2.4835281e+01	5.5073504e-02
2.4857090e+01	-2.9521555e-02
2.4878899e+01	1.7429487e-02
2.4900708e+01	1.8197380e-02
2.4922517e+01	-8.2732547e-02
2.4944326e+01	8.0990130e-02
2.4966135e+01	-6.1456672e-02
2.4987944e+01	-7.1620225e-02
2.5009753e+01	2.8964366e-02
2.5031562e+01	2.9654016e-02
2.5053371e+01	2.0496198e-01
2.5075179e+01	-8.7759410e-03
2.5096988e+01	-4.5862627e-02
2.5118797e+01	-1.6959574e-01
2.5140606e+01	5.0471316e-02
2.5162415e+01	-3.8636942e-03
2.5184224e+01	1.4077529e-01
2.5206033e+01	3.5532964e-02
2.5227842e+01	-8.1891388e-02
2.5249651e+01	1.5269794e-01
2.5271460e+01	2.5543010e-01
2.5293269e+01	2.8411157e-01
2.5315078e+01	1.5542348e-02
2.5336887e+01	-3.9195076e-02
2.5358696e+01	-8.2649811e-03
2.5380505e+01	-1.0341670e-02
2.5402314e+01	-5.8238255e-02
2.5424123e+01	2.0335070e-03
2.5445931e+01	1.6056727e-02
2.5467740e+01	-9.0713161e-02
2.5489549e+01	-3.8305704e-03
2.5511358e+01	4.6088641e-02
2.5533167e+01	1.1994513e-01
2.5554976e+01	1.8082807e-01
2.5576785e+01	-6.7148071e-02
2.5598594e+01	-8.1864513e-02
2.5620403e+01	-2.6020557e-02
2.5642212e+01	-9.3211943e-02
2.5664021e+01	-2.7091604e-02
2.5685830e+01	1.5832392e-02
2.5707639e+01	-6.1374512e-02
2.5729448e+01	-3.5925276e-02
2.5751257e+01	2.8838568e-02
2.5773066e+01	1.0420746e-01
2.5794874e+01	3.3070936e-01
2.5816683e+01	2.7916228e-01
2.5838492e+01	7.4874167e-02
2.5860301e+01	8.5284629e-02
2.5882110e+01	-9.7663827e-02
2.5903919e+01	1.2703819e-02
2.5925728e+01	4.3689886e-01
2.5947537e+01	7.1477711e-01
2.5969346e+01	1.1050954e+00
2.5991155e+01	1.8762976e+00
2.6012964e+01	2.3236716e+00
2.6034773e+01	2.6588351e+00
2.6056582e+01	2.9289481e+00
2.6078391e+01	3.1530384e+00
2.6100200e+01	3.1692608e+00
2.6122009e+01	2.8711082e+00
2.6143817e+01	2.2236215e+00
2.6165626e+01	1.6831514e+00
2.6187435e+01	1.1294989e+00
2.6209244e+01	7.0541971e-01
2.6231053e+01	3.9216078e-01
2.6252862e+01	2.9984892e-01
2.6274671e+01	4.3638958e-02
2.6296480e+01	-3.0426540e-02
2.6318289e+01	3.4624766e-02
2.6340098e+01	-1.0788611e-01
2.6361907e+01	-1.3002179e-01
2.6383716e+01	-2.0159825e-02
2.6405525e+01	3.2452193e-02
2.6427334e+01	8.5900170e-02
2.6449143e+01	7.6716083e-02
2.6470952e+01	-2.8779053e-02
2.6492760e+01	6.9142334e-02
2.6514569e+01	-2.8667427e-02
2.6536378e+01	-1.8000885e-01
2.6558187e+01	7.3035876e-03
2.6579996e+01	8.6466681e-02
2.6601805e+01	3.0743324e-01
2.6623614e+01	3.1151712e-01
2.6645423e+01	1.4053661e-01
2.6667232e+01	1.5992782e-01
2.6689041e+01	3.2566594e-02
2.6710850e+01	-9.7906242e-03
2.6732659e+01	1.9274913e-02
2.6754468e+01	-1.4983405e-01
2.6776277e+01	-1.1333141e-01
2.6798086e+01	-1.3386367e-01
2.6819895e+01	-4.3912736e-02
2.6841703e+01	2.1983547e-02
2.6863512e+01	-5.2093418e-02
2.6885321e+01	8.2757284e-02
2.6907130e+01	1.0823656e-01
2.6928939e+01	1.1066826e-01
2.6950748e+01	1.3885003e-01
2.6972557e+01	-5.3539181e-02
2.6994366e+01	-8.1307565e-02
2.7016175e+01	2.1597898e-02
2.7037984e+01	-1.1107869e-03
2.7059793e+01	-1.8054318e-02
2.7081602e+01	9.2349580e-02
2.7103411e+01	1.5639850e-01
2.7125220e+01	-8.0371232e-02
2.7147029e+01	-2.4252535e-01
2.7168838e+01	-1.1256782e-01
2.7190646e+01	-5.1824207e-03
2.7212455e+01	1.1214920e-01
2.7234264e+01	1.2972591e-01
2.7256073e+01	-1.0412310e-01
2.7277882e+01	8.5440518e-02
2.7299691e+01	6.6753715e-02
2.7321500e+01	-8.0614711e-02
2.7343309e+01	1.7691037e-02
2.7365118e+01	2.0416648e-02
2.7386927e+01	-4.1627293e-02
2.7408736e+01	1.0137027e-01
2.7430545e+01	1.4541444e-02
2.7452354e+01	-1.3276453e-01
2.7474163e+01	2.9189044e-02
2.7495972e+01	1.4780272e-02
2.7517781e+01	4.0691173e-02
2.7539590e+01	1.9251302e-02
2.7561398e+01	-6.4497205e-02
2.7583207e+01	-5.2417089e-02
2.7605016e+01	1.5358245e-01
2.7626825e+01	-1.9363201e-01
2.7648634e+01	-2.4659564e-01
2.7670443e+01	-1.3919265e-02
2.7692252e+01	7.7323168e-02
2.7714061e+01	1.0095325e-01
2.7735870e+01	1.7132327e-01
2.7757679e+01	1.6065494e-01
2.7779488e+01	7.4981088e-02
2.7801297e+01	3.1207397e-02
2.7823106e+01	7.4170084e-02
2.7844915e+01	1.5244557e-02
2.7866724e+01	-4.4338892e-02
2.7888533e+01	1.2314814e-01
2.7910341e+01	-4.2631468e-02
2.7932150e+01	-7.4855405e-02
2.7953959e+01	-2.7904811e-02
2.7975768e+01	-4.0094949e-02
2.7997577e+01	-1.3427646e-01
2.8019386e+01	-1.2030602e-01
2.8041195e+01	1.4305517e-02
2.8063004e+01	1.5272640e-01
2.8084813e+01	-1.4180844e-02
2.8106622e+01	-1.3533187e-01
2.8128431e+01	4.1337904e-02
2.8150240e+01	8.3020603e-03
2.8172049e+01	-2.3458496e-02
2.8193858e+01	1.2760495e-01
2.8215667e+01	-3.8031454e-02
2.8237476e+01	-4.5840151e-02
2.8259284e+01	2.9307623e-02
2.8281093e+01	1.4680214e-01
2.8302902e+01	1.9794567e-01
2.8324711e+01	1.1077389e-01
2.8346520e+01	-1.3633813e-01
2.8368329e+01	-2.3209870e-01
2.8390138e+01	-6.2790612e-02
2.8411947e+01	1.3198999e-01
2.8433756e+01	2.9514582e-02
2.8455565e+01	3.2251904e-02
2.8477374e+01	4.1991284e-01
2.8499183e+01	7.1385895e-01
2.8520992e+01	7.0131207e-01
2.8542801e+01	5.8029101e-01
2.8564610e+01	7.4157958e-01
2.8586419e+01	8.1492257e-01
2.8608227e+01	4.6610275e-01
2.8630036e+01	3.1092790e-01
2.8651845e+01	2.4188620e-01
2.8673654e+01	1.1294695e-01
2.8695463e+01	1.6255733e-02
2.8717272e+01	4.9205988e-02
2.8739081e+01	1.4538686e-02
2.8760890e+01	-2.0119863e-01
2.8782699e+01	-4.3252842e-02
2.8804508e+01	4.8275320e-04
2.8826317e+01	1.1691132e-02
2.8848126e+01	-8.1771798e-02
2.8869935e+01	-7.3288974e-02
2.8891744e+01	7.1987138e-02
2.8913553e+01	1.6402473e-01
2.8935362e+01	-4.3334665e-02
2.8957170e+01	-1.2594487e-02
2.8978979e+01	1.6031791e-02
2.9000788e+01	5.1301107e-02
2.9022597e+01	-1.0114625e-02
2.9044406e+01	4.5743770e-02
2.9066215e+01	1.7206263e-02
2.9088024e+01	1.5529619e-02
2.9109833e+01	-1.0703141e-01
2.9131642e+01	-1.5019341e-01
2.9153451e+01	1.6685868e-03
2.9175260e+01	8.0531951e-02
2.9197069e+01	8.0904526e-02
2.9218878e+01	7.1227993e-02
2.9240687e+01	1.3505462e-02
2.9262496e+01	3.5217307e-02
2.9284305e+01	-1.6325822e-01
2.9306113e+01	-5.3527051e-02
2.9327922e+01	6.9927797e-02
2.9349731e+01	-8.9387903e-02
2.9371540e+01	5.8988923e-02
2.9393349e+01	1.5205073e-01
2.9415158e+01	1.4026991e-01
2.9436967e+01	-1.8827126e-02
2.9458776e+01	-1.0628474e-01
2.9480585e+01	-7.6124633e-04
2.9502394e+01	-7.1733260e-02
2.9524203e+01	8.4789930e-02
2.9546012e+01	8.6189826e-02
2.9567821e+01	-8.5204666e-02
2.9589630e+01	-1.7222850e-03
2.9611439e+01	-1.0683886e-01
2.9633248e+01	-2.2278788e-01
2.9655057e+01	2.9378292e-02
2.9676865e+01	5.7898576e-02
2.9698674e+01	1.2650453e-01
2.9720483e+01	3.2612590e-01
2.9742292e+01	4.7365757e-01
2.9764101e+01	8.1314375e-01
2.9785910e+01	9.4103737e-01
2.9807719e+01	6.2211340e-01
2.9829528e+01	2.7337578e-01
2.9851337e+01	9.4878459e-02
2.9873146e+01	-3.8889315e-02
2.9894955e+01	1.7697203e-03
2.9916764e+01	4.9757161e-01
2.9938573e+01	9.7311249e-01
2.9960382e+01	1.7252979e+00
2.9982191e+01	2.7508745e+00
3.0004000e+01	3.9097537e+00
3.0025808e+01	5.1447342e+00
3.0047617e+01	6.1628705e+00
3.0069426e+01	7.0363281e+00
3.0091235e+01	7.9788366e+00
3.0113044e+01	8.4332366e+00
3.0134853e+01	7.9198676e+00
3.0156662e+01	7.0378312e+00
3.0178471e+01	5.7211559e+00
3.0200280e+01	4.0254524e+00
3.0222089e+01	2.6076641e+00
3.0243898e+01	1.4438466e+00
3.0265707e+01	7.6512449e-01
3.0287516e+01	5.4160433e-01
3.0309325e+01	1.6248966e-01
3.0331134e+01	2.1518189e-01
3.0352943e+01	-5.9084659e-02
3.0374751e+01	3.6066818e-02
3.0396560e+01	-1.7953877e-01
3.0418369e+01	-3.9581784e-02
3.0440178e+01	6.6131016e-02
3.0461987e+01	8.6174703e-04
3.0483796e+01	-8.0522687e-02
3.0505605e+01	-5.3950596e-03
3.0527414e+01	2.3074675e-02
3.0549223e+01	4.3725175e-02
3.0571032e+01	6.6484450e-03
3.0592841e+01	-1.0069655e-01
3.0614650e+01	-1.0162003e-01
3.0636459e+01	-1.3576850e-02
3.0658268e+01	1.5300310e-02
3.0680077e+01	1.3169990e-01
3.0701886e+01	-6.7350346e-02
3.0723694e+01	1.0792195e-01
3.0745503e+01	-4.6123133e-02
3.0767312e+01	6.4006249e-02
3.0789121e+01	9.3700905e-02
3.0810930e+01	1.5976434e-01
3.0832739e+01	1.0674759e-02
3.0854548e+01	-5.1896144e-02
3.0876357e+01	-4.3053742e-02
3.0898166e+01	-7.6779857e-03
3.0919975e+01	-1.4909021e-01
3.0941784e+01	8.3761905e-02
3.0963593e+01	6.0707277e-02
3.0985402e+01	-8.2387703e-02
3.1007211e+01	2.0345930e-02
3.1029020e+01	7.8161404e-03
3.1050829e+01	-8.1528294e-02
3.1072637e+01	-7.2156273e-03
3.1094446e+01	-6.0858765e-02
3.1116255e+01	9.9550627e-02
3.1138064e+01	-6.9665884e-02
3.1159873e+01	-9.4614842e-02
3.1181682e+01	9.1265073e-02
3.1203491e+01	6.1768813e-02
3.1225300e+01	-4.4683987e-03
3.1247109e+01	8.0178105e-02
3.1268918e+01	1.7182175e-01
3.1290727e+01	-3.3283373e-02
3.1312536e+01	-5.7728079e-03
3.1334345e+01	3.2438789e-02
3.1356154e+01	-2.5604254e-04
3.1377963e+01	-1.2357025e-01
3.1399772e+01	1.7271742e-02
3.1421580e+01	-1.8288577e-02
3.1443389e+01	-1.9244291e-01
3.1465198e+01	-1.3221682e-01
3.1487007e+01	3.0444872e-02
3.1508816e+01	9.1814484e-02
3.1530625e+01	8.4270739e-02
3.1552434e+01	2.2000262e-01
3.1574243e+01	4.6233118e-01
3.1596052e+01	4.5338900e-01
3.1617861e+01	4.1959191e-01
3.1639670e+01	1.3956934e-01
3.1661479e+01	2.0407953e-02
3.1683288e+01	-1.5870276e-01
3.1705097e+01	3.6994462e-02
3.1726906e+01	3.4068920e-02
3.1748715e+01	5.1432516e-01
3.1770524e+01	1.2075684e+00
3.1792332e+01	2.2529786e+00
3.1814141e+01	3.3769366e+00
3.1835950e+01	4.5355884e+00
3.1857759e+01	5.4945937e+00
3.1879568e+01	6.4330966e+00
3.1901377e+01	7.5706908e+00
3.1923186e+01	8.3727604e+00
3.1944995e+01	8.4354502e+00
3.1966804e+01	7.9798861e+00
3.1988613e+01	7.0803880e+00
3.2010422e+01	5.7547728e+00
3.2032231e+01	4.2415084e+00
3.2054040e+01	2.7291797e+00
3.2075849e+01	1.7845056e+00
3.2097658e+01	9.1398094e-01
3.2119467e+01	5.9751871e-01
3.2141275e+01	3.8053777e-01
3.2163084e+01	2.1025099e-01
3.2184893e+01	4.7315035e-02
3.2206702e+01	-1.2061357e-01
3.2228511e+01	-6.5646989e-02
3.2250320e+01	-4.8567049e-02
3.2272129e+01	1.6611307e-02
3.2293938e+01	1.5654561e-02
3.2315747e+01	-2.5715067e-02
3.2337556e+01	1.3248915e-01
3.2359365e+01	8.0307551e-02
3.2381174e+01	3.3156855e-02
3.2402983e+01	-8.4231490e-02
3.2424792e+01	-1.8761723e-01
3.2446601e+01	8.4918379e-02
3.2468410e+01	-7.6109055e-02
3.2490218e+01	-3.8402355e-02
3.2512027e+01	3.5546329e-02
3.2533836e+01	6.6061400e-02
3.2555645e+01	6.1407228e-02
3.2577454e+01	2.2454008e-06
3.2599263e+01	3.0727948e-02
3.2621072e+01	5.0051758e-02
3.2642881e+01	1.7138131e-02
3.2664690e+01	-1.0693849e-01
3.2686499e+01	7.8388600e-02
3.2708308e+01	1.2155554e-02
3.2730117e+01	7.7708318e-02
3.2751926e+01	-9.7359443e-02
3.2773735e+01	-1.2411426e-01
3.2795544e+01	2.9534734e-03
3.2817353e+01	2.8157400e-02
3.2839161e+01	-6.4200115e-02
3.2860970e+01	-1.1293675e-02
3.2882779e+01	2.0550754e-02
3.2904588e+01	1.3544527e-01
3.2926397e+01	8.9000093e-03
3.2948206e+01	-9.0375501e-02
3.2970015e+01	6.0566214e-02
3.2991824e+01	6.1311929e-02
3.3013633e+01	-4.5504469e-02
3.3035442e+01	2.1812036e-02
3.3057251e+01	-6.0524214e-02
3.3079060e+01	-1.5190685e-02
3.3100869e+01	5.8568241e-02
3.3122678e+01	4.0514081e-02
3.3144487e+01	-6.5106124e-02
3.3166296e+01	-4.8938932e-02
3.3188104e+01	-9.7160579e-03
3.3209913e+01	2.0197609e-02
3.3231722e+01	2.2013698e-02
3.3253531e+01	-1.8872424e-02
3.3275340e+01	9.6566121e-02
3.3297149e+01	1.2570279e-01
3.3318958e+01	-2.2533361e-03
3.3340767e+01	-2.7367204e-02
3.3362576e+01	-3.3939735e-02
3.3384385e+01	-2.2530816e-01
3.3406194e+01	-8.3766929e-02
3.3428003e+01	5.3088777e-02
3.3449812e+01	-6.5497242e-02
3.3471621e+01	2.2660575e-02
3.3493430e+01	9.1422681e-02
3.3515239e+01	2.0716446e-01
3.3537047e+01	3.1097787e-01
3.3558856e+01	4.0071163e-01
3.3580665e+01	5.5128394e-01
3.3602474e+01	7.5422407e-01
3.3624283e+01	6.8266616e-01
3.3646092e+01	8.3334537e-01
3.3667901e+01	1.0606528e+00
3.3689710e+01	9.2799971e-01
3.3711519e+01	7.3227814e-01
3.3733328e+01	6.0820325e-01
3.3755137e+01	3.2419421e-01
3.3776946e+01	1.2200014e-01
3.3798755e+01	-4.3647563e-02
3.3820564e+01	4.3445800e-02
3.3842373e+01	7.0017354e-02
3.3864182e+01	-3.8308744e-02
3.3885991e+01	-2.3600982e-02
3.3907799e+01	-3.8436415e-02
3.3929608e+01	-6.3840934e-02
3.3951417e+01	-6.3296743e-02
3.3973226e+01	8.5523613e-02
3.3995035e+01	-8.4960894e-02
3.4016844e+01	-1.1325781e-01
3.4038653e+01	4.8753120e-02
3.4060462e+01	3.2653269e-02
3.4082271e+01	-1.2315598e-02
3.4104080e+01	7.3368718e-02
3.4125889e+01	4.4621528e-02
3.4147698e+01	6.6598120e-02
3.4169507e+01	-4.5448655e-02
3.4191316e+01	-4.9057992e-02
3.4213125e+01	-8.2676620e-02
3.4234934e+01	8.4545527e-02
3.4256742e+01	4.3011495e-03
3.4278551e+01	-2.5145278e-02
3.4300360e+01	1.1694359e-01
3.4322169e+01	7.3689758e-02
3.4343978e+01	-4.5853534e-02
3.4365787e+01	-4.2371111e-02
3.4387596e+01	-1.6827584e-01
3.4409405e+01	-4.4087152e-03
3.4431214e+01	1.7537942e-01
3.4453023e+01	2.0674487e-02
3.4474832e+01	-2.6034856e-03
3.4496641e+01	-6.1596570e-02
3.4518450e+01	3.2087830e-02
3.4540259e+01	-3.6518858e-02
3.4562068e+01	-1.2903097e-02
3.4583877e+01	2.0737408e-02
3.4605685e+01	5.1702643e-02
3.4627494e+01	1.6874421e-02
3.4649303e+01	-3.7322640e-03
3.4671112e+01	5.3790589e-02
3.4692921e+01	-7.8945776e-02
3.4714730e+01	8.6661560e-03
3.4736539e+01	2.7702151e-02
3.4758348e+01	1.2046680e-02
3.4780157e+01	7.5631459e-04
3.4801966e+01	-1.0945003e-01
3.4823775e+01	2.4138754e-04
3.4845584e+01	1.3365510e-02
3.4867393e+01	2.3812434e-03
3.4889202e+01	-1.5738978e-02
3.4911011e+01	7.7160327e-03
3.4932820e+01	-1.0019365e-02
3.4954628e+01	5.4444845e-03
3.4976437e+01	5.4341859e-02
3.4998246e+01	8.8983881e-02
3.5020055e+01	-3.5659961e-02
3.5041864e+01	7.6210073e-02
3.5063673e+01	5.0268550e-03
3.5085482e+01	-4.6229471e-02
3.5107291e+01	-8.8127024e-02
3.5129100e+01	-9.1760429e-02
3.5150909e+01	-5.6164967e-02
3.5172718e+01	6.7975504e-03
3.5194527e+01	1.1377606e-01
3.5216336e+01	1.1281323e-02
3.5238145e+01	3.4407810e-02
3.5259954e+01	5.3375750e-02
3.5281763e+01	3.4548901e-02
3.5303571e+01	-1.3338023e-01
3.5325380e+01	4.2171734e-02
3.5347189e+01	1.7256310e-01
3.5368998e+01	-1.9696900e-02
3.5390807e+01	-3.1210487e-02
3.5412616e+01	-1.0708984e-01
3.5434425e+01	-1.1395234e-01
3.5456234e+01	1.0303516e-01
3.5478043e+01	2.3043093e-02
3.5499852e+01	4.5235149e-02
3.5521661e+01	-4.1992599e-02
3.5543470e+01	-6.6106190e-03
3.5565279e+01	-2.9813483e-04
3.5587088e+01	2.6847185e-03
3.5608897e+01	2.5457296e-03
3.5630706e+01	1.5379343e-02
3.5652514e+01	-2.6235717e-02
3.5674323e+01	1.5611092e-01
3.5696132e+01	1.0437259e-01
3.5717941e+01	-5.0750719e-02
3.5739750e+01	-1.4587733e-01
3.5761559e+01	-4.0913232e-03
3.5783368e+01	2.6618749e-02
3.5805177e+01	2.5029531e-02
3.5826986e+01	-3.9577381e-02
3.5848795e+01	1.6787719e-01
3.5870604e+01	1.2246714e-01
3.5892413e+01	7.1246122e-02
3.5914222e+01	4.1626037e-03
3.5936031e+01	-8.0622260e-02
3.5957840e+01	-2.0280483e-01
3.5979649e+01	-1.5237332e-01
3.6001458e+01	4.0550620e-01
3.6023266e+01	7.1164073e-01
3.6045075e+01	7.9802770e-01
3.6066884e+01	9.3075852e-01
3.6088693e+01	8.3498963e-01
3.6110502e+01	7.6277444e-01
3.6132311e+01	7.0302338e-01
3.6154120e+01	4.7769788e-01
3.6175929e+01	4.2784935e-01
3.6197738e+01	3.4703213e-01
3.6219547e+01	1.6060828e-01
3.6241356e+01	6.8620273e-02
3.6263165e+01	1.6399537e-01
3.6284974e+01	-6.0747486e-02
3.6306783e+01	-2.5899509e-02
3.6328592e+01	-1.0168037e-01
3.6350401e+01	-1.9309976e-02
3.6372209e+01	1.4504962e-02
3.6394018e+01	-6.4778115e-02
3.6415827e+01	-1.5072008e-01
3.6437636e+01	6.3887081e-02
3.6459445e+01	1.2593237e-01
3.6481254e+01	9.4813272e-02
3.6503063e+01	9.9779340e-02
3.6524872e+01	-4.9228028e-02
3.6546681e+01	2.2572160e-02
3.6568490e+01	3.3843361e-02
3.6590299e+01	-9.3434969e-02
3.6612108e+01	-4.3971226e-02
3.6633917e+01	3.8064489e-02
3.6655726e+01	-1.2357371e-01
3.6677535e+01	1.0869627e-01
3.6699344e+01	5.1499758e-01
3.6721152e+01	8.8476160e-01
3.6742961e+01	1.3467914e+00
3.6764770e+01	1.5367839e+00
3.6786579e+01	1.9489434e+00
3.6808388e+01	2.5142727e+00
3.6830197e+01	2.7473500e+00
3.6852006e+01	2.9521082e+00
3.6873815e+01	3.3265415e+00
3.6895624e+01	3.4894229e+00
3.6917433e+01	3.4314864e+00
3.6939242e+01	3.0707091e+00
3.6961051e+01	2.3717501e+00
3.6982860e+01	2.0341683e+00
3.7004669e+01	1.7518839e+00
3.7026478e+01	1.4465378e+00
3.7048287e+01	1.3367301e+00
3.7070095e+01	1.1574259e+00
3.7091904e+01	3.7504527e-01
3.7113713e+01	4.2105173e-02
3.7135522e+01	5.5614504e-03
3.7157331e+01	8.5075041e-02
3.7179140e+01	1.4314283e-01
3.7200949e+01	-1.8554646e-01
3.7222758e+01	-1.1264879e-01
3.7244567e+01	-7.7682436e-03
3.7266376e+01	-6.1250649e-03
3.7288185e+01	6.5052137e-02
3.7309994e+01	-1.6512133e-01
3.7331803e+01	2.9787123e-02
3.7353612e+01	-1.9539928e-02
3.7375421e+01	-2.2080755e-02
3.7397230e+01	2.7458194e-02
3.7419038e+01	1.6320797e-01
3.7440847e+01	1.3719579e-01
3.7462656e+01	7.2506183e-01
3.7484465e+01	9.0314868e-01
3.7506274e+01	8.1880093e-01
3.7528083e+01	5.2299320e-01
3.7549892e+01	3.2786207e-01
3.7571701e+01	-8.3301054e-03
3.7593510e+01	-1.1646367e-01
3.7615319e+01	7.9079410e-02
3.7637128e+01	-4.1087835e-02
3.7658937e+01	-1.1453901e-02
3.7680746e+01	-4.1948207e-02
3.7702555e+01	-3.3620763e-02
3.7724364e+01	-7.0279814e-02
3.7746173e+01	-3.5045746e-04
3.7767981e+01	-5.4610456e-02
3.7789790e+01	-1.8035908e-02
3.7811599e+01	1.7669600e-01
3.7833408e+01	-5.4332069e-03
3.7855217e+01	-9.2705903e-02
3.7877026e+01	1.4810342e-01
3.7898835e+01	1.0888626e-01
3.7920644e+01	1.4176142e-01
3.7942453e+01	9.3881153e-02
3.7964262e+01	-6.5568612e-02
3.7986071e+01	1.2609859e-01
3.8007880e+01	-8.9320525e-02
3.8029689e+01	-8.4999178e-02
3.8051498e+01	1.8571528e-02
3.8073307e+01	-1.0489944e-01
3.8095116e+01	-1.6317345e-01
3.8116925e+01	1.3598865e-01
3.8138733e+01	4.3791106e-01
3.8160542e+01	6.8213036e-01
3.8182351e+01	9.5277927e-01
3.8204160e+01	1.2318345e+00
3.8225969e+01	1.8242488e+00
3.8247778e+01	2.1474730e+00
3.8269587e+01	2.7218286e+00
3.8291396e+01	3.2759525e+00
3.8313205e+01	3.3926523e+00
3.8335014e+01	3.6954899e+00
3.8356823e+01	3.8391578e+00
3.8378632e+01	3.9612940e+00
3.8400441e+01	4.1520690e+00
3.8422250e+01	3.7314516e+00
3.8444059e+01	3.1340185e+00
3.8465868e+01	2.4399815e+00
3.8487676e+01	1.8316432e+00
3.8509485e+01	1.2877175e+00
3.8531294e+01	7.7913203e-01
3.8553103e+01	5.3533950e-01
3.8574912e+01	3.9200966e-01
3.8596721e+01	3.1664105e-01
3.8618530e+01	9.2051232e-03
3.8640339e+01	-9.0325052e-02
3.8662148e+01	1.0096439e-01
3.8683957e+01	1.4519195e-01
3.8705766e+01	2.6934159e-02
3.8727575e+01	-1.4263280e-01
3.8749384e+01	1.2864758e-02
3.8771193e+01	2.5550890e-02
3.8793002e+01	-7.0909185e-02
3.8814811e+01	2.8401062e-02
3.8836619e+01	1.5457047e-01
3.8858428e+01	-1.3265813e-01
3.8880237e+01	-6.2805040e-02
3.8902046e+01	9.1777316e-02
3.8923855e+01	6.3571633e-02
3.8945664e+01	3.9366962e-02
3.8967473e+01	-9.2375028e-02
3.8989282e+01	-3.0838539e-02
3.9011091e+01	-5.6357811e-02
3.9032900e+01	-4.1790680e-02
3.9054709e+01	-8.6220807e-02
3.9076518e+01	9.7303658e-02
3.9098327e+01	1.0948036e-01
3.9120136e+01	1.4877430e-01
3.9141945e+01	-7.9139898e-02
3.9163754e+01	9.0689293e-03
3.9185562e+01	-1.3253535e-01
3.9207371e+01	-1.3894536e-02
3.9229180e+01	7.3963324e-02
3.9250989e+01	1.6894791e-01
3.9272798e+01	-4.1402754e-02
3.9294607e+01	-7.7740990e-03
3.9316416e+01	-1.6247298e-01
3.9338225e+01	1.3187158e-01
3.9360034e+01	2.3644312e-02
3.9381843e+01	2.6756790e-01
3.9403652e+01	2.8626051e-01
3.9425461e+01	3.8302111e-01
3.9447270e+01	3.7483445e-01
3.9469079e+01	2.1601030e-02
3.9490888e+01	-5.8227091e-02
3.9512697e+01	-7.8611655e-02
3.9534505e+01	-1.7625991e-01
3.9556314e+01	-8.1519996e-02
3.9578123e+01	6.3996257e-02
3.9599932e+01	1.8056409e-01
3.9621741e+01	7.3176754e-02
3.9643550e+01	1.0689222e-01
3.9665359e+01	6.9513843e-01
3.9687168e+01	7.5506542e-01
3.9708977e+01	8.9309020e-01
3.9730786e+01	1.2775528e+00
3.9752595e+01	1.5958492e+00
3.9774404e+01	1.9940165e+00
3.9796213e+01	2.1018397e+00
3.9818022e+01	2.5875068e+00
3.9839831e+01	2.1765808e+00
3.9861640e+01	2.1949178e+00
3.9883449e+01	1.8717718e+00
3.9905257e+01	1.6613197e+00
3.9927066e+01	1.4075267e+00
3.9948875e+01	7.1755365e-01
3.9970684e+01	7.9824371e-01
3.9992493e+01	4.4601185e-01
4.0014302e+01	8.0947095e-02
4.0036111e+01	-1.1882451e-01
4.0057920e+01	1.2513922e-01
4.0079729e+01	6.4040143e-02
4.0101538e+01	-3.2252430e-01
4.0123347e+01	-1.4790081e-02
4.0145156e+01	1.4806965e-01
4.0166965e+01	8.0767293e-02
4.0188774e+01	1.8053040e-01
4.0210583e+01	1.2917614e-01
4.0232392e+01	-2.2149674e-01
4.0254200e+01	-2.0354656e-01
4.0276009e+01	1.1408604e-02
4.0297818e+01	1.3201542e-02
4.0319627e+01	6.2064592e-02
4.0341436e+01	3.1505906e-01
4.0363245e+01	2.1971120e-01
4.0385054e+01	5.2666105e-02
4.0406863e+01	-2.8649277e-02
4.0428672e+01	1.5600183e-01
4.0450481e+01	-1.2187436e-01
4.0472290e+01	-2.1008684e-01
4.0494099e+01	1.4114380e-01
4.0515908e+01	4.5005283e-01
4.0537717e+01	5.7990074e-02
4.0559526e+01	3.5318720e-02
4.0581335e+01	1.1904163e-02
4.0603143e+01	3.8842722e-03
4.0624952e+01	-1.0888400e-01
4.0646761e+01	1.0421003e-01
4.0668570e+01	6.4908385e-02
4.0690379e+01	1.7677510e-01
4.0712188e+01	-1.0812937e-02
4.0733997e+01	-5.3628949e-02
4.0755806e+01	-1.7028109e-01
4.0777615e+01	-8.8057319e-02
4.0799424e+01	-4.2312596e-02
4.0821233e+01	1.1505614e-01
4.0843042e+01	-3.0641291e-03
4.0864851e+01	-8.9149486e-02
4.0886660e+01	1.3027300e-01
4.0908469e+01	2.3941676e-02
4.0930278e+01	-7.8234611e-02
4.0952086e+01	1.2003959e-01
4.0973895e+01	9.7492281e-02
4.0995704e+01	1.3062818e-02
4.1017513e+01	6.4201654e-02
4.1039322e+01	-1.3961018e-01
4.1061131e+01	-8.3857192e-02
4.1082940e+01	5.0041701e-02
4.1104749e+01	-1.3441341e-01
4.1126558e+01	3.0958865e-02
4.1148367e+01	-3.3205691e-02
4.1170176e+01	1.2968099e-02
4.1191985e+01	1.2152073e-01
4.1213794e+01	3.1783423e-02
4.1235603e+01	-7.3842773e-02
4.1257412e+01	-2.4256652e-02
4.1279221e+01	8.9213112e-02
4.1301029e+01	2.5772287e-01
4.1322838e+01	4.0917841e-01
4.1344647e+01	7.3899443e-02
4.1366456e+01	2.8395526e-01
4.1388265e+01	1.6053846e-01
4.1410074e+01	-1.9516275e-01
4.1431883e+01	-2.0771851e-01
4.1453692e+01	1.5079473e-02
4.1475501e+01	1.1738242e-01
4.1497310e+01	-3.0920838e-02
4.1519119e+01	-3.4010971e-02
4.1540928e+01	1.2646751e-01
4.1562737e+01	7.5466253e-02
4.1584546e+01	1.7723314e-02
4.1606355e+01	-4.8520823e-02
4.1628164e+01	-5.5285850e-02
4.1649972e+01	-1.4840457e-01
4.1671781e+01	-4.8590348e-02
4.1693590e+01	-7.6930790e-02
4.1715399e+01	1.2471871e-01
4.1737208e+01	3.1901883e-01
4.1759017e+01	4.4350460e-01
4.1780826e+01	1.5616301e-01
4.1802635e+01	-1.7281152e-02
4.1824444e+01	9.0044629e-02
4.1846253e+01	8.3913441e-02
4.1868062e+01	3.8207360e-02
4.1889871e+01	3.2799732e-01
4.1911680e+01	2.6065567e-02
4.1933489e+01	-4.6638584e-03
4.1955298e+01	7.6580372e-02
4.1977107e+01	-5.6705157e-02
4.1998916e+01	-5.0847509e-01
4.2020724e+01	9.6214670e-02
4.2042533e+01	2.8784740e-01
4.2064342e+01	9.2548417e-02
4.2086151e+01	1.5721969e-01
4.2107960e+01	-3.7857831e-02
4.2129769e+01	5.6325942e-02
4.2151578e+01	-2.1259500e-02
4.2173387e+01	4.3253363e-02
4.2195196e+01	-2.0048171e-03
4.2217005e+01	-2.1175596e-01
4.2238814e+01	9.9990761e-02
4.2260623e+01	1.4194368e-01
4.2282432e+01	1.7990888e-01
4.2304241e+01	-4.2942550e-02
4.2326050e+01	5.6747471e-03
4.2347859e+01	-6.8520966e-02
4.2369667e+01	-1.3659324e-01
4.2391476e+01	4.8002606e-01
4.2413285e+01	8.4882212e-01
4.2435094e+01	1.3500791e+00
4.2456903e+01	1.6194392e+00
4.2478712e+01	1.7865285e+00
4.2500521e+01	2.0614292e+00
4.2522330e+01	2.3037095e+00
4.2544139e+01	2.9862295e+00
4.2565948e+01	2.9138264e+00
4.2587757e+01	2.9255354e+00
4.2609566e+01	2.6503836e+00
4.2631375e+01	2.1947172e+00
4.2653184e+01	1.8833113e+00
4.2674993e+01	1.8347301e+00
4.2696802e+01	1.4852628e+00
4.2718610e+01	9.6062555e-01
4.2740419e+01	5.6050547e-01
4.2762228e+01	6.8939734e-02
4.2784037e+01	8.1493440e-02
4.2805846e+01	1.1929243e-02
4.2827655e+01	4.2913222e-02
4.2849464e+01	1.4064471e-01
4.2871273e+01	5.1412621e-02
4.2893082e+01	-1.4105418e-01
4.2914891e+01	-3.9604222e-02
4.2936700e+01	-1.4413268e-02
4.2958509e+01	-2.0505947e-01
4.2980318e+01	5.0187008e-02
4.3002127e+01	2.4590330e-02
4.3023936e+01	-8.4615780e-02
4.3045745e+01	1.3839753e-01
4.3067553e+01	-3.4813600e-02
4.3089362e+01	7.0568514e-02
4.3111171e+01	3.7858748e-01
4.3132980e+01	3.6299659e-03
4.3154789e+01	-9.2792768e-02
4.3176598e+01	-1.3157256e-02
4.3198407e+01	3.8612486e-01
4.3220216e+01	2.4525908e-01
4.3242025e+01	2.9005607e-02
4.3263834e+01	-5.6367543e-02
4.3285643e+01	-2.2019236e-01
4.3307452e+01	2.4716706e-03
4.3329261e+01	5.2810782e-02
4.3351070e+01	1.4120797e-01
4.3372879e+01	1.4712332e-01
4.3394688e+01	1.0375774e-01
4.3416496e+01	5.1270504e-01
4.3438305e+01	1.4383689e-01
4.3460114e+01	2.4651863e-01
4.3481923e+01	3.7691180e-01
4.3503732e+01	-2.9271703e-01
4.3525541e+01	-8.3390974e-02
4.3547350e+01	-9.3270936e-02
4.3569159e+01	-8.1661364e-02
4.3590968e+01	1.2088812e-01
4.3612777e+01	1.2369669e-01
4.3634586e+01	3.8060245e-02
4.3656395e+01	3.3288248e-01
4.3678204e+01	1.0365813e+00
4.3700013e+01	1.9374181e+00
4.3721822e+01	2.6588346e+00
4.3743631e+01	2.9354262e+00
4.3765439e+01	3.7488595e+00
4.3787248e+01	4.4579330e+00
4.3809057e+01	5.2776443e+00
4.3830866e+01	6.2639089e+00
4.3852675e+01	7.1078973e+00
4.3874484e+01	7.0433421e+00
4.3896293e+01	6.9277808e+00
4.3918102e+01	6.3700930e+00
4.3939911e+01	5.1923152e+00
4.3961720e+01	4.4556699e+00
4.3983529e+01	2.9877666e+00
4.4005338e+01	1.9325990e+00
4.4027147e+01	1.2371245e+00
4.4048956e+01	8.7715270e-01
4.4070765e+01	4.8666911e-01
4.4092574e+01	1.5089328e-01
4.4114383e+01	-1.4338082e-02
4.4136191e+01	4.2655435e-01
4.4158000e+01	4.8577393e-02
4.4179809e+01	-1.3899862e-01
4.4201618e+01	1.9439777e-01
4.4223427e+01	-2.1828379e-01
4.4245236e+01	-1.1749815e-01
4.4267045e+01	1.7793994e-01
4.4288854e+01	3.0739022e-01
4.4310663e+01	1.4598553e-01
4.4332472e+01	-1.1066356e-02
4.4354281e+01	3.5210781e-02
4.4376090e+01	7.5854647e-02
4.4397899e+01	2.7023098e-01
4.4419708e+01	5.2921583e-01
4.4441517e+01	1.1932362e-01
4.4463326e+01	-3.4012945e-01
4.4485134e+01	-7.4059768e-02
4.4506943e+01	1.0073894e-01
4.4528752e+01	3.3274228e-01
4.4550561e+01	5.5912409e-01
4.4572370e+01	-1.3118614e-02
4.4594179e+01	4.0213508e-01
4.4615988e+01	2.5101798e-01
4.4637797e+01	6.2718511e-01
4.4659606e+01	8.4359768e-01
4.4681415e+01	4.7971592e-01
4.4703224e+01	2.9495802e-01
4.4725033e+01	1.3721419e-01
4.4746842e+01	-1.1947733e-01
4.4768651e+01	-5.6414728e-03
4.4790460e+01	1.0413031e-01
4.4812269e+01	5.3072360e-02
4.4834077e+01	-8.7488315e-04
4.4855886e+01	3.1683762e-01
4.4877695e+01	-1.3470695e-01
4.4899504e+01	2.8251329e-02
4.4921313e+01	5.8703858e-01
4.4943122e+01	7.3942982e-01
4.4964931e+01	7.7985607e-01
4.4986740e+01	1.2970323e+00