Image file: \\Gfs05\g45\SAXS\2020_12\HDF5\2020-12.10_Kevin_day2_SN\2020-12-10_Max_Cu123_SN_000017_data_000118.h5
ImageIntegration1d_chi_output; Output_Directory= \\Gfs05\g45\SAXS\2020_12\Processed\2020-12-09_Kevin_day1_SN\Chi-Sample-7
Profile = Radial, StartAzimuth = 0.0, EndAzimuth = 360.0, Sam_Det_distance = 250.818474293, InnerRadius = 15.0, OuterRadius = 2400.0, Lambda = 30, Ratio = 0.001, Itermax = 100
2400
2.0013229e+00	-1.5143118e-01
2.0231319e+00	1.4960847e-01
2.0449408e+00	-3.1867294e-02
2.0667497e+00	7.3894607e-02
2.0885587e+00	4.1801353e-02
2.1103676e+00	1.2171014e-01
2.1321765e+00	1.1277593e-01
2.1539855e+00	-2.1649619e-01
2.1757944e+00	-2.5439099e-01
2.1976034e+00	3.9243468e-02
2.2194123e+00	1.1306524e-01
2.2412212e+00	5.3365615e-02
2.2630302e+00	1.3757419e-02
2.2848391e+00	-1.9540325e-02
2.3066480e+00	2.4320834e-02
2.3284570e+00	1.1168425e-01
2.3502659e+00	-4.6827797e-02
2.3720749e+00	-1.0130624e-02
2.3938838e+00	3.6387992e-02
2.4156927e+00	-1.6707036e-01
2.4375017e+00	6.9351967e-02
2.4593106e+00	1.0683862e-01
2.4811196e+00	4.7901138e-02
2.5029285e+00	-7.8067226e-02
2.5247374e+00	-2.2082807e-01
2.5465464e+00	1.2356805e-01
2.5683553e+00	-1.1918550e-01
2.5901642e+00	4.7598033e-02
2.6119732e+00	4.7815213e-02
2.6337821e+00	9.4983647e-02
2.6555911e+00	4.0073917e-02
2.6774000e+00	-7.0722147e-02
2.6992089e+00	1.3693001e-01
2.7210179e+00	1.3687309e-01
2.7428268e+00	-1.2394027e-01
2.7646358e+00	-6.8888087e-02
2.7864447e+00	-1.4793209e-01
2.8082536e+00	-2.0020230e-03
2.8300626e+00	6.7579422e-02
2.8518715e+00	7.0627196e-02
2.8736804e+00	-4.8431854e-02
2.8954894e+00	-6.8499093e-02
2.9172983e+00	3.8378116e-02
2.9391073e+00	1.0555545e-01
2.9609162e+00	5.0507092e-02
2.9827251e+00	5.0067629e-02
3.0045341e+00	-1.8400620e-01
3.0263430e+00	-3.3109187e-02
3.0481519e+00	8.8317412e-02
3.0699609e+00	3.4669518e-02
3.0917698e+00	-6.8864429e-02
3.1135788e+00	8.6865732e-02
3.1353877e+00	5.2343776e-03
3.1571966e+00	1.7203893e-01
3.1790056e+00	-6.4553798e-03
3.2008145e+00	-2.7267024e-01
3.2226235e+00	3.1922606e-02
3.2444324e+00	3.5877843e-01
3.2662413e+00	1.6728590e-01
3.2880503e+00	2.6886519e-02
3.3098592e+00	-5.7326381e-02
3.3316681e+00	-7.5373541e-02
3.3534771e+00	6.5948475e-03
3.3752860e+00	-1.9362186e-02
3.3970950e+00	1.0576793e-01
3.4189039e+00	-4.9496245e-02
3.4407128e+00	-3.9744086e-02
3.4625218e+00	1.2788055e-01
3.4843307e+00	6.1012150e-02
3.5061396e+00	-1.3808272e-01
3.5279486e+00	2.6067764e-02
3.5497575e+00	2.1792016e-01
3.5715665e+00	4.9052074e-02
3.5933754e+00	2.8543707e-02
3.6151843e+00	-3.0016142e-02
3.6369933e+00	-6.4697574e-02
3.6588022e+00	1.2794038e-01
3.6806112e+00	3.6402988e-02
3.7024201e+00	-1.6857726e-01
3.7242290e+00	-1.1310232e-01
3.7460380e+00	-7.1307916e-02
3.7678469e+00	-9.2056781e-02
3.7896558e+00	1.4512002e-01
3.8114648e+00	1.4408384e-01
3.8332737e+00	8.6840103e-02
3.8550827e+00	3.2258170e-01
3.8768916e+00	1.3514732e-01
3.8987005e+00	-4.6990057e-03
3.9205095e+00	-6.0057153e-02
3.9423184e+00	-3.9946549e-02
3.9641273e+00	-1.1615103e-01
3.9859363e+00	5.9214670e-02
4.0077452e+00	9.1104611e-03
4.0295542e+00	-7.2111704e-02
4.0513631e+00	4.7869017e-02
4.0731720e+00	2.1590194e-01
4.0949810e+00	2.0502160e-01
4.1167899e+00	-5.7024285e-03
4.1385989e+00	-6.7956970e-02
4.1604078e+00	-5.2624988e-02
4.1822167e+00	8.4819515e-02
4.2040257e+00	-7.1474658e-02
4.2258346e+00	-2.3838111e-02
4.2476435e+00	-6.7485208e-02
4.2694525e+00	-4.9564170e-02
4.2912614e+00	1.8975014e-02
4.3130704e+00	1.2249311e-01
4.3348793e+00	3.1680084e-02
4.3566882e+00	5.4811611e-02
4.3784972e+00	-9.8582036e-03
4.4003061e+00	2.0175029e-02
4.4221151e+00	-1.0332601e-01
4.4439240e+00	6.3979735e-02
4.4657329e+00	2.0542139e-01
4.4875419e+00	6.6806401e-02
4.5093508e+00	-6.3652812e-02
4.5311597e+00	1.5211552e-02
4.5529687e+00	-1.0126824e-01
4.5747776e+00	-1.2268180e-01
4.5965866e+00	-3.7785251e-02
4.6183955e+00	4.6356154e-03
4.6402044e+00	6.1668065e-02
4.6620134e+00	8.7600090e-02
4.6838223e+00	-1.0224056e-02
4.7056312e+00	1.6863787e-03
4.7274402e+00	6.4634632e-02
4.7492491e+00	4.2562808e-02
4.7710581e+00	1.7143452e-02
4.7928670e+00	-4.2805927e-02
4.8146759e+00	-8.6785839e-02
4.8364849e+00	-5.1958355e-02
4.8582938e+00	-6.2935856e-02
4.8801028e+00	7.4827852e-02
4.9019117e+00	2.2424524e-02
4.9237206e+00	-2.7807453e-02
4.9455296e+00	1.1519307e-01
4.9673385e+00	2.5727170e-01
4.9891474e+00	1.9363844e-01
5.0109564e+00	-9.3929367e-02
5.0327653e+00	-6.1992808e-02
5.0545743e+00	-3.3651124e-02
5.0763832e+00	2.8659562e-02
5.0981921e+00	1.7402837e-01
5.1200011e+00	1.5668699e-02
5.1418100e+00	-1.0084939e-01
5.1636189e+00	-3.8960889e-02
5.1854279e+00	-1.9316256e-02
5.2072368e+00	4.9435298e-02
5.2290458e+00	-8.7634995e-02
5.2508547e+00	-1.0681082e-01
5.2726636e+00	1.1078515e-01
5.2944726e+00	3.0024463e-02
5.3162815e+00	3.7622634e-02
5.3380905e+00	1.1538929e-01
5.3598994e+00	-7.4946539e-02
5.3817083e+00	-1.3207390e-02
5.4035173e+00	4.9274200e-02
5.4253262e+00	1.3341456e-01
5.4471351e+00	1.8545377e-02
5.4689441e+00	-6.8024301e-02
5.4907530e+00	1.1268803e-01
5.5125620e+00	-1.5744393e-01
5.5343709e+00	-1.4042353e-01
5.5561798e+00	-5.8468038e-02
5.5779888e+00	2.4525037e-02
5.5997977e+00	5.2991788e-02
5.6216066e+00	7.9049456e-02
5.6434156e+00	7.2068614e-02
5.6652245e+00	-1.2683050e-01
5.6870335e+00	-1.2325210e-01
5.7088424e+00	1.2870326e-01
5.7306513e+00	9.6072320e-02
5.7524603e+00	-7.9317870e-02
5.7742692e+00	2.0046323e-01
5.7960782e+00	1.7592488e-01
5.8178871e+00	1.6307647e-01
5.8396960e+00	-1.0693928e-01
5.8615050e+00	-1.8884310e-01
5.8833139e+00	6.5498810e-02
5.9051228e+00	2.6235501e-01
5.9269318e+00	-1.7113213e-01
5.9487407e+00	1.7124763e-02
5.9705497e+00	5.5686408e-02
5.9923586e+00	2.6561375e-03
6.0141675e+00	4.6436237e-02
6.0359765e+00	1.4152958e-01
6.0577854e+00	-7.6108906e-03
6.0795944e+00	-5.0259217e-02
6.1014033e+00	5.2730011e-02
6.1232122e+00	2.9391131e-02
6.1450212e+00	-1.2079269e-01
6.1668301e+00	-1.7253921e-01
6.1886390e+00	2.1261316e-01
6.2104480e+00	1.3403631e-01
6.2322569e+00	4.4198256e-02
6.2540659e+00	-1.2667801e-02
6.2758748e+00	-7.4316357e-02
6.2976837e+00	3.0682993e-02
6.3194927e+00	-2.2069370e-02
6.3413016e+00	-1.2102471e-01
6.3631105e+00	8.3925912e-02
6.3849195e+00	1.4280651e-01
6.4067284e+00	7.4008347e-02
6.4285374e+00	3.2639171e-02
6.4503463e+00	1.3036679e-01
6.4721552e+00	-6.8628233e-02
6.4939642e+00	-1.9074099e-01
6.5157731e+00	-2.1093123e-01
6.5375821e+00	6.4896334e-02
6.5593910e+00	7.8106020e-02
6.5811999e+00	5.1130244e-02
6.6030089e+00	1.0574896e-01
6.6248178e+00	2.6525992e-02
6.6466267e+00	-6.1090269e-02
6.6684357e+00	1.3250454e-02
6.6902446e+00	-7.1386535e-02
6.7120536e+00	-5.9820656e-02
6.7338625e+00	1.0091974e-02
6.7556714e+00	-8.5071065e-02
6.7774804e+00	4.0484063e-02
6.7992893e+00	7.8706713e-02
6.8210982e+00	1.2297148e-01
6.8429072e+00	-3.7179901e-02
6.8647161e+00	-4.0347212e-02
6.8865251e+00	-3.7377357e-02
6.9083340e+00	1.3170024e-01
6.9301429e+00	1.2731262e-01
6.9519519e+00	-5.6420563e-02
6.9737608e+00	-2.9303550e-02
6.9955698e+00	-1.5355425e-01
7.0173787e+00	-1.7698624e-01
7.0391876e+00	1.2404433e-01
7.0609966e+00	1.2953986e-01
7.0828055e+00	3.7718222e-02
7.1046144e+00	2.5639024e-02
7.1264234e+00	-8.4081874e-02
7.1482323e+00	-1.0244437e-01
7.1700413e+00	1.8255174e-02
7.1918502e+00	1.4157910e-01
7.2136591e+00	1.6400580e-01
7.2354681e+00	3.2974227e-02
7.2572770e+00	-5.3870772e-02
7.2790859e+00	-1.1650664e-02
7.3008949e+00	-9.2717586e-02
7.3227038e+00	-7.4471662e-02
7.3445128e+00	2.0647415e-02
7.3663217e+00	4.7561050e-03
7.3881306e+00	-5.0600436e-02
7.4099396e+00	2.0399666e-02
7.4317485e+00	1.0636259e-01
7.4535575e+00	2.5213443e-01
7.4753664e+00	1.1719365e-01
7.4971753e+00	-1.3146872e-01
7.5189843e+00	-5.1063903e-03
7.5407932e+00	2.7633118e-01
7.5626021e+00	-2.4288459e-02
7.5844111e+00	-1.1157627e-01
7.6062200e+00	4.4553929e-02
7.6280290e+00	6.6092436e-02
7.6498379e+00	-1.2128078e-01
7.6716468e+00	-5.2171510e-04
7.6934558e+00	2.0186326e-01
7.7152647e+00	9.0748135e-02
7.7370737e+00	1.4147306e-01
7.7588826e+00	1.8616816e-01
7.7806915e+00	1.3580589e-02
7.8025005e+00	-3.6092420e-02
7.8243094e+00	-3.3079032e-01
7.8461183e+00	-3.3466922e-02
7.8679273e+00	2.3414629e-01
7.8897362e+00	3.0933943e-02
7.9115452e+00	7.6842854e-02
7.9333541e+00	2.2341896e-02
7.9551630e+00	-5.3290704e-02
7.9769720e+00	1.3543781e-02
7.9987809e+00	2.5133078e-02
8.0205898e+00	-1.9605563e-03
8.0423988e+00	-7.5865860e-02
8.0642077e+00	7.2676963e-03
8.0860167e+00	7.0113278e-02
8.1078256e+00	-2.0175782e-02
8.1296345e+00	-8.1792151e-03
8.1514435e+00	1.3768733e-01
8.1732524e+00	1.7628568e-02
8.1950614e+00	-1.1939201e-01
8.2168703e+00	-2.2481053e-02
8.2386792e+00	1.3629846e-01
8.2604882e+00	-3.0057544e-02
8.2822971e+00	-7.1995440e-02
8.3041060e+00	5.1288499e-03
8.3259150e+00	1.3340700e-01
8.3477239e+00	-1.7645698e-01
8.3695329e+00	-8.8127222e-03
8.3913418e+00	-7.6656934e-02
8.4131507e+00	1.4767312e-01
8.4349597e+00	4.8902014e-03
8.4567686e+00	7.3228695e-02
8.4785775e+00	1.5996925e-01
8.5003865e+00	8.9065883e-02
8.5221954e+00	-1.0168035e-02
8.5440044e+00	-9.6894415e-02
8.5658133e+00	-3.1614956e-01
8.5876222e+00	-6.2685086e-02
8.6094312e+00	2.0292669e-01
8.6312401e+00	1.2632068e-01
8.6530491e+00	9.9151773e-03
8.6748580e+00	-4.7379957e-02
8.6966669e+00	9.7879252e-02
8.7184759e+00	2.4378772e-01
8.7402848e+00	8.6191939e-02
8.7620937e+00	-5.6445820e-02
8.7839027e+00	1.4691623e-02
8.8057116e+00	6.1640634e-02
8.8275206e+00	1.8375398e-01
8.8493295e+00	1.4364453e-01
8.8711384e+00	-2.4021284e-01
8.8929474e+00	-3.0581056e-01
8.9147563e+00	7.9415072e-02
8.9365652e+00	-1.0990859e-01
8.9583742e+00	-2.4307690e-02
8.9801831e+00	1.6277513e-01
9.0019921e+00	1.7697903e-01
9.0238010e+00	8.1870845e-02
9.0456099e+00	9.9019667e-02
9.0674189e+00	5.2135276e-03
9.0892278e+00	1.3836220e-01
9.1110368e+00	-9.1481059e-02
9.1328457e+00	-2.1701464e-01
9.1546546e+00	-1.8577724e-02
9.1764636e+00	1.1403931e-01
9.1982725e+00	-9.3766078e-02
9.2200814e+00	9.4844805e-02
9.2418904e+00	4.0679038e-02
9.2636993e+00	1.5545382e-01
9.2855083e+00	4.2236170e-02
9.3073172e+00	-2.4035364e-01
9.3291261e+00	-1.8723066e-01
9.3509351e+00	-1.2336160e-02
9.3727440e+00	1.5702262e-01
9.3945530e+00	1.2941326e-01
9.4163619e+00	3.0187350e-01
9.4381708e+00	1.2193931e-01
9.4599798e+00	3.2248747e-02
9.4817887e+00	7.2691204e-02
9.5035976e+00	-6.1321713e-05
9.5254066e+00	-9.2073695e-02
9.5472155e+00	-1.2861174e-01
9.5690245e+00	-2.1472031e-01
9.5908334e+00	-9.9282752e-03
9.6126423e+00	9.5890860e-02
9.6344513e+00	1.6419420e-01
9.6562602e+00	2.6691883e-04
9.6780691e+00	2.2051858e-02
9.6998781e+00	1.7333798e-01
9.7216870e+00	6.6777363e-02
9.7434960e+00	-1.0705625e-02
9.7653049e+00	-1.3080531e-01
9.7871138e+00	-1.0334750e-01
9.8089228e+00	-7.1553873e-02
9.8307317e+00	1.7916689e-02
9.8525407e+00	4.1652181e-02
9.8743496e+00	2.1158391e-01
9.8961585e+00	1.5901403e-01
9.9179675e+00	-1.4525188e-02
9.9397764e+00	2.4650252e-03
9.9615853e+00	-7.5282790e-02
9.9833943e+00	6.7882862e-02
1.0005203e+01	1.9575467e-01
1.0027012e+01	3.4062661e-01
1.0048821e+01	3.0577205e-01
1.0070630e+01	-5.3906395e-02
1.0092439e+01	-1.2540616e-01
1.0114248e+01	4.1518330e-03
1.0136057e+01	9.9227814e-02
1.0157866e+01	2.8453383e-01
1.0179675e+01	3.0609112e-01
1.0201484e+01	7.4657522e-03
1.0223293e+01	3.1847013e-01
1.0245102e+01	2.2399826e-01
1.0266910e+01	2.4506328e-02
1.0288719e+01	-1.1726458e-01
1.0310528e+01	-1.0726761e-01
1.0332337e+01	8.4852783e-01
1.0354146e+01	1.6757088e+00
1.0375955e+01	2.3793244e+00
1.0397764e+01	2.5897298e+00
1.0419573e+01	2.9875579e+00
1.0441382e+01	3.4684879e+00
1.0463191e+01	4.4384748e+00
1.0485000e+01	5.9421927e+00
1.0506809e+01	8.0712377e+00
1.0528618e+01	9.0289608e+00
1.0550427e+01	8.3910223e+00
1.0572236e+01	7.6470860e+00
1.0594045e+01	7.4622441e+00
1.0615853e+01	7.9967747e+00
1.0637662e+01	8.0644589e+00
1.0659471e+01	7.3812796e+00
1.0681280e+01	6.0756311e+00
1.0703089e+01	4.3949054e+00
1.0724898e+01	2.6256055e+00
1.0746707e+01	1.5333205e+00
1.0768516e+01	8.8931758e-01
1.0790325e+01	5.4180372e-01
1.0812134e+01	7.0384802e-01
1.0833943e+01	4.6377751e-01
1.0855752e+01	8.3594212e-02
1.0877561e+01	-1.5859759e-01
1.0899370e+01	6.9424573e-02
1.0921179e+01	2.1293735e-02
1.0942988e+01	1.9315954e-01
1.0964796e+01	7.2706878e-02
1.0986605e+01	-8.4070101e-02
1.1008414e+01	7.9378378e-02
1.1030223e+01	4.0550124e-01
1.1052032e+01	5.4156802e-01
1.1073841e+01	4.5134210e-01
1.1095650e+01	8.8157882e-01
1.1117459e+01	1.4202314e+00
1.1139268e+01	1.5570380e+00
1.1161077e+01	1.9093979e+00
1.1182886e+01	2.0551243e+00
1.1204695e+01	2.3980953e+00
1.1226504e+01	2.9248653e+00
1.1248313e+01	2.7383523e+00
1.1270122e+01	1.1761337e+00
1.1291931e+01	8.0038365e-01
1.1313740e+01	4.6198633e-01
1.1335548e+01	9.6639580e-03
1.1357357e+01	3.5319782e-03
1.1379166e+01	-1.8277670e-01
1.1400975e+01	7.2908276e-02
1.1422784e+01	1.6527782e-01
1.1444593e+01	2.1622184e-02
1.1466402e+01	-2.0169405e-01
1.1488211e+01	4.2577043e-02
1.1510020e+01	4.5846540e-02
1.1531829e+01	2.5843004e-02
1.1553638e+01	-6.8836656e-02
1.1575447e+01	1.8307960e-02
1.1597256e+01	-1.2342457e-02
1.1619065e+01	-3.9641898e-02
1.1640874e+01	-5.4207298e-02
1.1662683e+01	-1.6467563e-01
1.1684491e+01	1.2841070e-01
1.1706300e+01	1.2074743e-01
1.1728109e+01	1.6142867e-01
1.1749918e+01	2.0171996e-01
1.1771727e+01	7.4588015e-02
1.1793536e+01	1.9676460e-03
1.1815345e+01	8.5000714e-02
1.1837154e+01	-2.9755542e-01
1.1858963e+01	3.5358804e-02
1.1880772e+01	-1.4174856e-01
1.1902581e+01	-1.7453467e-02
1.1924390e+01	-5.6327950e-02
1.1946199e+01	1.2976831e-01
1.1968008e+01	2.5526789e-01
1.1989817e+01	3.9918243e-02
1.2011626e+01	2.5582187e-02
1.2033434e+01	2.1858364e-02
1.2055243e+01	7.2332553e-02
1.2077052e+01	-3.4577933e-02
1.2098861e+01	-4.7043851e-04
1.2120670e+01	5.1719838e-02
1.2142479e+01	-1.7869164e-01
1.2164288e+01	-7.1301746e-02
1.2186097e+01	1.2904804e-01
1.2207906e+01	5.8119686e-02
1.2229715e+01	2.8919024e-01
1.2251524e+01	4.2165508e-01
1.2273333e+01	2.0641916e-01
1.2295142e+01	4.0078435e-02
1.2316951e+01	-1.3548907e-01
1.2338760e+01	-4.2789769e-02
1.2360569e+01	3.1738196e-02
1.2382377e+01	-5.4304219e-03
1.2404186e+01	-7.2728376e-02
1.2425995e+01	1.3590939e-01
1.2447804e+01	-9.9352029e-02
1.2469613e+01	-8.2510748e-02
1.2491422e+01	5.6659726e-02
1.2513231e+01	-8.8839509e-03
1.2535040e+01	7.0398354e-02
1.2556849e+01	1.3950862e-01
1.2578658e+01	-7.2156221e-02
1.2600467e+01	-3.2064011e-02
1.2622276e+01	9.1335066e-04
1.2644085e+01	8.7632310e-02
1.2665894e+01	2.8944910e-02
1.2687703e+01	7.0599749e-02
1.2709512e+01	-8.3917433e-03
1.2731320e+01	-7.4690493e-02
1.2753129e+01	-9.9915979e-02
1.2774938e+01	4.3982765e-02
1.2796747e+01	-1.0759089e-01
1.2818556e+01	7.9342833e-02
1.2840365e+01	-1.1221405e-01
1.2862174e+01	-1.2290479e-01
1.2883983e+01	5.7343723e-02
1.2905792e+01	5.1763784e-03
1.2927601e+01	6.7016419e-02
1.2949410e+01	2.4927824e-02
1.2971219e+01	2.3156124e-01
1.2993028e+01	1.8828211e-01
1.3014837e+01	8.1500996e-02
1.3036646e+01	3.0904356e-01
1.3058455e+01	4.4931442e-01
1.3080264e+01	5.4944019e-01
1.3102072e+01	4.9622030e-01
1.3123881e+01	-3.2957867e-02
1.3145690e+01	7.3405834e-02
1.3167499e+01	8.2040676e-02
1.3189308e+01	-3.2656241e-02
1.3211117e+01	-8.1199446e-03
1.3232926e+01	-4.6952381e-02
1.3254735e+01	-4.4271107e-02
1.3276544e+01	-8.9611995e-02
1.3298353e+01	1.9796374e-02
1.3320162e+01	-1.3069268e-01
1.3341971e+01	-1.8050491e-01
1.3363780e+01	1.2129230e-01
1.3385589e+01	3.1019338e-01
1.3407398e+01	3.4880089e-01
1.3429207e+01	3.8212937e-01
1.3451015e+01	4.8685757e-01
1.3472824e+01	3.3711589e-01
1.3494633e+01	1.3913541e-01
1.3516442e+01	1.7309648e-01
1.3538251e+01	3.6589675e-01
1.3560060e+01	3.2163207e-01
1.3581869e+01	3.9844997e-02
1.3603678e+01	-1.3456177e-01
1.3625487e+01	7.8686901e-03
1.3647296e+01	-5.6451375e-02
1.3669105e+01	-9.3670530e-02
1.3690914e+01	1.0644503e-01
1.3712723e+01	9.6159321e-02
1.3734532e+01	1.0617774e-01
1.3756341e+01	-7.1542573e-02
1.3778150e+01	1.7097592e-02
1.3799958e+01	-6.5385062e-02
1.3821767e+01	4.9646672e-03
1.3843576e+01	9.6795199e-02
1.3865385e+01	-4.2273269e-02
1.3887194e+01	-3.8805317e-02
1.3909003e+01	2.3043163e-02
1.3930812e+01	-1.7508565e-01
1.3952621e+01	3.2526802e-03
1.3974430e+01	1.3135576e-01
1.3996239e+01	-4.4641057e-02
1.4018048e+01	3.2702115e-02
1.4039857e+01	1.6544279e-01
1.4061666e+01	1.3347133e-02
1.4083475e+01	-4.7567953e-02
1.4105284e+01	2.9362495e-02
1.4127093e+01	4.1427647e-02
1.4148901e+01	-1.0710731e-01
1.4170710e+01	-4.8815953e-02
1.4192519e+01	-7.0956722e-02
1.4214328e+01	-2.5465242e-02
1.4236137e+01	1.2151283e-01
1.4257946e+01	-5.1700785e-02
1.4279755e+01	-2.8576486e-02
1.4301564e+01	1.7530631e-01
1.4323373e+01	1.6108729e-01
1.4345182e+01	5.8182376e-02
1.4366991e+01	-5.5554450e-02
1.4388800e+01	-1.0033090e-01
1.4410609e+01	-1.4152220e-01
1.4432418e+01	1.3020463e-01
1.4454227e+01	2.5621961e-02
1.4476036e+01	-5.1508500e-02
1.4497844e+01	9.8220758e-02
1.4519653e+01	-3.7046170e-02
1.4541462e+01	1.3539172e-02
1.4563271e+01	-5.0303311e-03
1.4585080e+01	6.0556887e-02
1.4606889e+01	-1.2674612e-01
1.4628698e+01	-1.8493382e-02
1.4650507e+01	4.6964871e-02
1.4672316e+01	-6.0814572e-02
1.4694125e+01	-9.0481589e-03
1.4715934e+01	5.7587498e-02
1.4737743e+01	3.3246098e-02
1.4759552e+01	5.7356857e-02
1.4781361e+01	-1.4283632e-01
1.4803170e+01	7.7076453e-02
1.4824979e+01	5.5047020e-01
1.4846787e+01	1.1185751e+00
1.4868596e+01	1.6792495e+00
1.4890405e+01	1.9738383e+00
1.4912214e+01	1.6330128e+00
1.4934023e+01	1.4742622e+00
1.4955832e+01	1.4493167e+00
1.4977641e+01	1.5865353e+00
1.4999450e+01	2.0278753e+00
1.5021259e+01	2.1593129e+00
1.5043068e+01	2.0026772e+00
1.5064877e+01	1.7566684e+00
1.5086686e+01	1.5989986e+00
1.5108495e+01	1.2577040e+00
1.5130304e+01	9.1621988e-01
1.5152113e+01	4.6962728e-01
1.5173922e+01	7.5542409e-02
1.5195731e+01	1.0863783e-01
1.5217539e+01	-2.2017379e-02
1.5239348e+01	-8.4992926e-02
1.5261157e+01	-2.2429704e-01
1.5282966e+01	-9.4737053e-02
1.5304775e+01	9.2214284e-02
1.5326584e+01	4.0004966e-02
1.5348393e+01	8.1544188e-02
1.5370202e+01	2.1723514e-01
1.5392011e+01	1.1996883e-01
1.5413820e+01	7.6903031e-02
1.5435629e+01	6.5177664e-02
1.5457438e+01	-6.5498837e-02
1.5479247e+01	-2.0238290e-01
1.5501056e+01	-6.0530960e-02
1.5522865e+01	-1.1764434e-01
1.5544674e+01	3.6095008e-02
1.5566482e+01	6.0300533e-02
1.5588291e+01	1.6398399e-02
1.5610100e+01	3.7682916e-02
1.5631909e+01	2.5744410e-01
1.5653718e+01	1.0559538e-01
1.5675527e+01	2.0849945e-02
1.5697336e+01	1.0887136e-01
1.5719145e+01	-1.2126883e-01
1.5740954e+01	-1.2368941e-01
1.5762763e+01	-2.0817918e-02
1.5784572e+01	6.3749983e-02
1.5806381e+01	-9.0838639e-03
1.5828190e+01	-4.3641967e-02
1.5849999e+01	1.1276667e-02
1.5871808e+01	7.9614347e-02
1.5893617e+01	1.1541125e-01
1.5915425e+01	-1.2796999e-01
1.5937234e+01	-7.3665779e-02
1.5959043e+01	-2.7470869e-02
1.5980852e+01	9.9606249e-02
1.6002661e+01	6.1332094e-04
1.6024470e+01	4.0437208e-02
1.6046279e+01	2.0999359e-02
1.6068088e+01	-1.2351600e-01
1.6089897e+01	3.0756383e-02
1.6111706e+01	-3.2595110e-02
1.6133515e+01	8.9283776e-04
1.6155324e+01	-7.0243414e-02
1.6177133e+01	-4.2822242e-03
1.6198942e+01	1.3542424e-01
1.6220751e+01	8.1101371e-02
1.6242560e+01	8.9095381e-02
1.6264368e+01	-3.1364281e-02
1.6286177e+01	-1.0689529e-01
1.6307986e+01	9.9069692e-02
1.6329795e+01	-6.5772928e-02
1.6351604e+01	-7.3025261e-02
1.6373413e+01	-1.7827562e-04
1.6395222e+01	-7.8217004e-02
1.6417031e+01	3.7965456e-02
1.6438840e+01	-1.8910980e-02
1.6460649e+01	8.0782705e-02
1.6482458e+01	6.6296456e-02
1.6504267e+01	9.9759140e-02
1.6526076e+01	3.7166197e-02
1.6547885e+01	-1.0231689e-01
1.6569694e+01	-1.3536522e-01
1.6591503e+01	-2.6345035e-04
1.6613311e+01	2.3303891e-02
1.6635120e+01	-8.4741956e-02
1.6656929e+01	-3.3111140e-02
1.6678738e+01	4.5531740e-02
1.6700547e+01	-2.9107672e-02
1.6722356e+01	-1.3004082e-02
1.6744165e+01	1.3715559e-01
1.6765974e+01	5.2123653e-01
1.6787783e+01	3.5970808e-01
1.6809592e+01	1.7664748e-01
1.6831401e+01	6.5953524e-02
1.6853210e+01	1.6115944e-02
1.6875019e+01	6.4019153e-03
1.6896828e+01	-6.0090290e-02
1.6918637e+01	4.8047562e-02
1.6940446e+01	-8.3948599e-02
1.6962254e+01	-1.6984647e-01
1.6984063e+01	-1.7362639e-02
1.7005872e+01	1.4175482e-01
1.7027681e+01	1.0681851e-03
1.7049490e+01	-6.9070087e-02
1.7071299e+01	2.3509913e-02
1.7093108e+01	2.6420164e-02
1.7114917e+01	3.0850430e-02
1.7136726e+01	-3.5076144e-02
1.7158535e+01	-1.2599588e-02
1.7180344e+01	1.0455982e-01
1.7202153e+01	3.4974236e-03
1.7223962e+01	7.7389352e-03
1.7245771e+01	-3.9303378e-03
1.7267580e+01	-7.0545592e-02
1.7289389e+01	-3.5889167e-02
1.7311198e+01	-9.3692139e-02
1.7333006e+01	8.8248272e-02
1.7354815e+01	1.0170177e-01
1.7376624e+01	3.5785587e-02
1.7398433e+01	5.9707486e-03
1.7420242e+01	-1.6872082e-01
1.7442051e+01	-3.7272883e-02
1.7463860e+01	4.0537806e-02
1.7485669e+01	9.7412479e-02
1.7507478e+01	6.5696840e-02
1.7529287e+01	-7.4001079e-02
1.7551096e+01	5.8737781e-04
1.7572905e+01	2.6054334e-02
1.7594714e+01	-9.2546414e-03
1.7616523e+01	-5.4538484e-02
1.7638332e+01	-1.0511794e-01
1.7660141e+01	9.7677833e-02
1.7681949e+01	4.2065117e-03
1.7703758e+01	4.9766861e-02
1.7725567e+01	9.4728652e-02
1.7747376e+01	-2.3667070e-02
1.7769185e+01	-1.0854388e-01
1.7790994e+01	7.2904069e-02
1.7812803e+01	-6.5537317e-02
1.7834612e+01	-3.5935660e-02
1.7856421e+01	9.4265716e-02
1.7878230e+01	-6.8601106e-02
1.7900039e+01	2.2927270e-02
1.7921848e+01	3.3846674e-02
1.7943657e+01	-1.0762096e-01
1.7965466e+01	7.3061157e-02
1.7987275e+01	5.5746094e-02
1.8009084e+01	7.2951502e-02
1.8030892e+01	-4.3561934e-02
1.8052701e+01	-3.6195518e-02
1.8074510e+01	-1.3923902e-02
1.8096319e+01	5.2974331e-02
1.8118128e+01	-3.6392657e-02
1.8139937e+01	-9.6798805e-02
1.8161746e+01	-5.0514119e-03
1.8183555e+01	-1.2216288e-02
1.8205364e+01	-6.9485053e-02
1.8227173e+01	1.3636453e-01
1.8248982e+01	1.4564859e-01
1.8270791e+01	-1.9951574e-02
1.8292600e+01	-1.2242263e-02
1.8314409e+01	-9.7778168e-02
1.8336218e+01	3.7396742e-02
1.8358027e+01	-8.3623668e-03
1.8379835e+01	-4.3360502e-02
1.8401644e+01	-5.2683206e-02
1.8423453e+01	1.1839129e-03
1.8445262e+01	1.4552499e-01
1.8467071e+01	2.6859475e-01
1.8488880e+01	3.3898217e-01
1.8510689e+01	4.7115787e-01
1.8532498e+01	3.2107935e-01
1.8554307e+01	2.9746479e-02
1.8576116e+01	-1.2435538e-01
1.8597925e+01	1.0609444e-02
1.8619734e+01	9.1205721e-02
1.8641543e+01	2.3271628e-01
1.8663352e+01	4.4010992e-01
1.8685161e+01	5.1907987e-01
1.8706970e+01	2.6319273e-01
1.8728778e+01	2.4820984e-02
1.8750587e+01	2.5346773e-02
1.8772396e+01	-1.1595442e-01
1.8794205e+01	-1.0212521e-01
1.8816014e+01	2.8807897e-02
1.8837823e+01	3.4383407e-02
1.8859632e+01	1.3168721e-01
1.8881441e+01	2.6615332e-02
1.8903250e+01	-1.1579135e-01
1.8925059e+01	-1.5054505e-01
1.8946868e+01	2.7603647e-02
1.8968677e+01	1.0326828e-01
1.8990486e+01	-2.4338823e-04
1.9012295e+01	1.4095618e-02
1.9034104e+01	6.4628383e-02
1.9055913e+01	1.7343186e-02
1.9077721e+01	1.1145944e-02
1.9099530e+01	-7.9770819e-03
1.9121339e+01	-1.8866414e-02
1.9143148e+01	-9.4684943e-02
1.9164957e+01	-9.1494111e-02
1.9186766e+01	5.5356655e-02
1.9208575e+01	1.0130258e-01
1.9230384e+01	-1.0348649e-01
1.9252193e+01	-7.4246479e-02
1.9274002e+01	1.4616010e-01
1.9295811e+01	-1.0937623e-02
1.9317620e+01	-7.4658690e-02
1.9339429e+01	1.2570909e-01
1.9361238e+01	9.4843319e-02
1.9383047e+01	1.7278644e-01
1.9404856e+01	2.1021042e-02
1.9426665e+01	-5.8481036e-02
1.9448473e+01	-9.9218654e-02
1.9470282e+01	-2.4466626e-02
1.9492091e+01	-5.4291613e-02
1.9513900e+01	-2.2811179e-02
1.9535709e+01	4.9771478e-02
1.9557518e+01	3.3398077e-02
1.9579327e+01	-1.1144654e-01
1.9601136e+01	1.0498216e-01
1.9622945e+01	7.9561483e-02
1.9644754e+01	-4.8687527e-02
1.9666563e+01	-7.8481769e-02
1.9688372e+01	4.7949381e-02
1.9710181e+01	1.6261397e-02
1.9731990e+01	-4.0133663e-02
1.9753799e+01	-9.9086479e-02
1.9775608e+01	1.5972628e-02
1.9797416e+01	3.0570087e-02
1.9819225e+01	-2.1617819e-02
1.9841034e+01	-2.1529719e-02
1.9862843e+01	7.8906903e-02
1.9884652e+01	-2.4816230e-02
1.9906461e+01	7.4651628e-02
1.9928270e+01	1.4160297e-01
1.9950079e+01	5.3816392e-02
1.9971888e+01	-4.4358794e-03
1.9993697e+01	3.2794130e-04
2.0015506e+01	-7.5764670e-02
2.0037315e+01	-2.0956152e-02
2.0059124e+01	-8.0494685e-02
2.0080933e+01	-6.9828357e-02
2.0102742e+01	4.9931694e-02
2.0124551e+01	-4.8333197e-03
2.0146359e+01	1.0569721e-02
2.0168168e+01	-1.1856614e-01
2.0189977e+01	1.8065515e-02
2.0211786e+01	5.1199226e-02
2.0233595e+01	-3.9480097e-02
2.0255404e+01	-1.2969793e-01
2.0277213e+01	4.3060823e-02
2.0299022e+01	1.2393346e-01
2.0320831e+01	7.3853906e-02
2.0342640e+01	-8.5615702e-03
2.0364449e+01	1.0878119e-01
2.0386258e+01	7.6333465e-02
2.0408067e+01	-2.2723680e-02
2.0429876e+01	-9.4704104e-02
2.0451685e+01	-3.8253669e-02
2.0473494e+01	-4.4730578e-02
2.0495302e+01	2.5903565e-01
2.0517111e+01	5.6454509e-01
2.0538920e+01	4.2814602e-01
2.0560729e+01	2.8996466e-01
2.0582538e+01	1.3326483e-01
2.0604347e+01	1.9956472e-02
2.0626156e+01	-1.0225468e-01
2.0647965e+01	5.8431715e-02
2.0669774e+01	1.9767370e-02
2.0691583e+01	-1.4142872e-01
2.0713392e+01	1.3869833e-01
2.0735201e+01	2.0744666e-01
2.0757010e+01	-3.9626838e-04
2.0778819e+01	-1.3505988e-01
2.0800628e+01	-1.1460344e-01
2.0822437e+01	4.9050748e-02
2.0844245e+01	1.0584741e-01
2.0866054e+01	-1.4700955e-03
2.0887863e+01	-9.1010304e-02
2.0909672e+01	-8.4013801e-02
2.0931481e+01	-7.5131656e-02
2.0953290e+01	8.2543332e-02
2.0975099e+01	1.4395552e-01
2.0996908e+01	9.3419698e-01
2.1018717e+01	1.9553973e+00
2.1040526e+01	2.6624752e+00
2.1062335e+01	2.6835773e+00
2.1084144e+01	2.2574362e+00
2.1105953e+01	1.4971125e+00
2.1127762e+01	1.0779398e+00
2.1149571e+01	1.6131259e+00
2.1171380e+01	2.7317583e+00
2.1193188e+01	4.3134506e+00
2.1214997e+01	6.3344006e+00
2.1236806e+01	7.9433418e+00
2.1258615e+01	8.8611348e+00
2.1280424e+01	9.1272973e+00
2.1302233e+01	8.3486930e+00
2.1324042e+01	7.1102584e+00
2.1345851e+01	5.2677472e+00
2.1367660e+01	3.2132250e+00
2.1389469e+01	1.7629695e+00
2.1411278e+01	7.1511425e-01
2.1433087e+01	1.3438993e-01
2.1454896e+01	-7.2285840e-02
2.1476705e+01	-4.5990586e-02
2.1498514e+01	9.7458443e-02
2.1520323e+01	5.1287062e-01
2.1542132e+01	8.0660435e-01
2.1563940e+01	1.1395849e+00
2.1585749e+01	1.2268576e+00
2.1607558e+01	9.3190257e-01
2.1629367e+01	6.9680321e-01
2.1651176e+01	4.5174376e-01
2.1672985e+01	1.5229748e-01
2.1694794e+01	-1.1375047e-01
2.1716603e+01	-9.2091257e-02
2.1738412e+01	1.4583526e-02
2.1760221e+01	-9.3660152e-02
2.1782030e+01	1.1276666e-02
2.1803839e+01	-6.4559210e-02
2.1825648e+01	4.3982905e-02
2.1847457e+01	5.7792375e-02
2.1869266e+01	6.9383953e-02
2.1891075e+01	2.4702984e-03
2.1912883e+01	-9.9973030e-02
2.1934692e+01	5.5980307e-02
2.1956501e+01	3.2791953e-02
2.1978310e+01	-2.7914997e-02
2.2000119e+01	-1.0013761e-02
2.2021928e+01	1.2836748e-01
2.2043737e+01	-3.4202983e-02
2.2065546e+01	-9.0743503e-02
2.2087355e+01	5.9208210e-02
2.2109164e+01	8.4222068e-02
2.2130973e+01	-5.8040739e-02
2.2152782e+01	-1.2504060e-01
2.2174591e+01	1.6819458e-02
2.2196400e+01	-6.7158636e-02
2.2218209e+01	6.4614779e-02
2.2240018e+01	5.8742709e-02
2.2261826e+01	-9.8777696e-03
2.2283635e+01	4.9968688e-02
2.2305444e+01	1.1523337e-01
2.2327253e+01	-2.8128733e-02
2.2349062e+01	-9.6729883e-02
2.2370871e+01	-6.5249177e-02
2.2392680e+01	6.2615475e-02
2.2414489e+01	2.2539852e-02
2.2436298e+01	-5.2890352e-02
2.2458107e+01	-4.6091505e-02
2.2479916e+01	5.2287677e-02
2.2501725e+01	4.4760460e-02
2.2523534e+01	-4.3943680e-02
2.2545343e+01	-8.2226363e-02
2.2567152e+01	1.2940117e-01
2.2588961e+01	6.7240354e-02
2.2610769e+01	-3.7622779e-02
2.2632578e+01	-5.9741565e-02
2.2654387e+01	1.9031184e-04
2.2676196e+01	-3.3507769e-02
2.2698005e+01	3.9065238e-02
2.2719814e+01	-1.4758154e-02
2.2741623e+01	8.7581470e-02
2.2763432e+01	1.5200693e-03
2.2785241e+01	2.2960650e-02
2.2807050e+01	-1.0103738e-01
2.2828859e+01	-1.5658608e-02
2.2850668e+01	-1.5123855e-02
2.2872477e+01	-3.0783785e-03
2.2894286e+01	3.1824293e-02
2.2916095e+01	1.3195212e-01
2.2937904e+01	-5.5094296e-02
2.2959712e+01	-8.6915031e-03
2.2981521e+01	-1.0814392e-01
2.3003330e+01	-4.8934549e-02
2.3025139e+01	9.7868321e-02
2.3046948e+01	1.2520516e-01
2.3068757e+01	-6.7782668e-02
2.3090566e+01	-2.9885940e-02
2.3112375e+01	9.5559702e-02
2.3134184e+01	7.1058354e-02
2.3155993e+01	-8.7286354e-03
2.3177802e+01	-4.3795671e-02
2.3199611e+01	-5.5867491e-02
2.3221420e+01	4.8198607e-02
2.3243229e+01	-5.1986767e-02
2.3265038e+01	-2.0229656e-01
2.3286847e+01	8.1584827e-02
2.3308655e+01	5.1322176e-02
2.3330464e+01	-5.6400428e-03
2.3352273e+01	9.8484258e-02
2.3374082e+01	9.7514959e-02
2.3395891e+01	-1.4045272e-01
2.3417700e+01	-1.7326099e-01
2.3439509e+01	2.6952695e-02
2.3461318e+01	5.7748187e-02
2.3483127e+01	5.2533411e-01
2.3504936e+01	8.7924631e-01
2.3526745e+01	1.2189786e+00
2.3548554e+01	1.3066386e+00
2.3570363e+01	9.1076729e-01
2.3592172e+01	3.6445829e-01
2.3613981e+01	1.1698840e-01
2.3635790e+01	2.9286188e-01
2.3657599e+01	6.2703888e-01
2.3679407e+01	1.7774803e+00
2.3701216e+01	3.3353659e+00
2.3723025e+01	4.8886988e+00
2.3744834e+01	6.4697946e+00
2.3766643e+01	7.7807914e+00
2.3788452e+01	9.4238590e+00
2.3810261e+01	1.0234016e+01
2.3832070e+01	9.9902210e+00
2.3853879e+01	9.0358952e+00
2.3875688e+01	7.4072668e+00
2.3897497e+01	5.4487996e+00
2.3919306e+01	4.0039354e+00
2.3941115e+01	2.7623622e+00
2.3962924e+01	1.7381358e+00
2.3984733e+01	9.9463616e-01
2.4006542e+01	5.4937511e-01
2.4028350e+01	3.2442154e-01
2.4050159e+01	1.1321229e-01
2.4071968e+01	-4.3583281e-02
2.4093777e+01	6.7887587e-02
2.4115586e+01	-7.9041993e-02
2.4137395e+01	-1.5008380e-01
2.4159204e+01	-6.6862076e-02
2.4181013e+01	1.2539068e-01
2.4202822e+01	-8.7032572e-02
2.4224631e+01	-1.2349699e-02
2.4246440e+01	-4.0904669e-02
2.4268249e+01	1.1438685e-01
2.4290058e+01	1.7154824e-01
2.4311867e+01	1.0971750e-02
2.4333676e+01	-1.5919526e-01
2.4355485e+01	-1.1951141e-01
2.4377293e+01	7.8576172e-02
2.4399102e+01	1.6860979e-02
2.4420911e+01	1.6565411e-04
2.4442720e+01	9.9022189e-02
2.4464529e+01	4.0101064e-02
2.4486338e+01	-1.4861589e-02
2.4508147e+01	1.7096719e-01
2.4529956e+01	3.8837035e-01
2.4551765e+01	5.5664517e-01
2.4573574e+01	7.7609481e-01
2.4595383e+01	7.7477839e-01
2.4617192e+01	8.1214503e-01
2.4639001e+01	1.0095619e+00
2.4660810e+01	4.7721502e-01
2.4682619e+01	2.3423362e-01
2.4704428e+01	1.1273035e-03
2.4726236e+01	1.2250497e-01
2.4748045e+01	-6.3738008e-02
2.4769854e+01	-1.2314716e-01
2.4791663e+01	-5.3429696e-02
2.4813472e+01	-1.7388299e-01
2.4835281e+01	-2.6277877e-03
2.4857090e+01	-7.5054746e-02
2.4878899e+01	1.3350396e-01
2.4900708e+01	1.5509174e-01
2.4922517e+01	2.4120476e-02
2.4944326e+01	9.2195547e-02
2.4966135e+01	-1.0404210e-01
2.4987944e+01	4.3169214e-02
2.5009753e+01	5.1596130e-02
2.5031562e+01	7.9418354e-02
2.5053371e+01	-1.9912371e-01
2.5075179e+01	-5.8351245e-02
2.5096988e+01	8.7927015e-02
2.5118797e+01	-9.8405950e-02
2.5140606e+01	-5.7982348e-03
2.5162415e+01	2.5013713e-01
2.5184224e+01	5.4289188e-02
2.5206033e+01	7.3368220e-02
2.5227842e+01	-7.5862563e-03
2.5249651e+01	-7.7683709e-02
2.5271460e+01	-2.5054992e-02
2.5293269e+01	6.7166280e-02
2.5315078e+01	6.7125195e-02
2.5336887e+01	-1.2130173e-02
2.5358696e+01	-3.8433464e-02
2.5380505e+01	-1.3818334e-02
2.5402314e+01	4.2644237e-02
2.5424123e+01	9.8006499e-02
2.5445931e+01	-4.8862003e-02
2.5467740e+01	-8.5131555e-02
2.5489549e+01	5.0490349e-04
2.5511358e+01	5.4760969e-02
2.5533167e+01	1.7876043e-01
2.5554976e+01	-2.6058992e-02
2.5576785e+01	-4.7207792e-02
2.5598594e+01	-5.3230294e-02
2.5620403e+01	-1.1372622e-02
2.5642212e+01	-6.0128918e-02
2.5664021e+01	-7.2037580e-02
2.5685830e+01	-9.0900023e-02
2.5707639e+01	2.8702342e-02
2.5729448e+01	-3.2481056e-02
2.5751257e+01	2.5007106e-01
2.5773066e+01	2.2821920e-01
2.5794874e+01	1.4664050e-01
2.5816683e+01	1.5788587e-01
2.5838492e+01	-1.1721012e-02
2.5860301e+01	1.4253856e-02
2.5882110e+01	-6.2885183e-02
2.5903919e+01	1.6946152e-02
2.5925728e+01	4.1013302e-01
2.5947537e+01	6.2813909e-01
2.5969346e+01	1.2242106e+00
2.5991155e+01	1.5793719e+00
2.6012964e+01	1.9805662e+00
2.6034773e+01	2.4432527e+00
2.6056582e+01	2.8073437e+00
2.6078391e+01	2.7744684e+00
2.6100200e+01	2.7519182e+00
2.6122009e+01	2.5684962e+00
2.6143817e+01	1.9504207e+00
2.6165626e+01	1.3478530e+00
2.6187435e+01	8.8432340e-01
2.6209244e+01	5.8635105e-01
2.6231053e+01	3.0729126e-01
2.6252862e+01	1.1821125e-01
2.6274671e+01	-6.8118236e-02
2.6296480e+01	-1.4672439e-01
2.6318289e+01	-9.7898054e-02
2.6340098e+01	6.6176719e-02
2.6361907e+01	2.2527000e-02
2.6383716e+01	-4.6317763e-02
2.6405525e+01	1.0193324e-01
2.6427334e+01	1.7790935e-01
2.6449143e+01	2.8084596e-02
2.6470952e+01	6.3733695e-02
2.6492760e+01	-2.3295434e-01
2.6514569e+01	-1.9893032e-01
2.6536378e+01	5.7506421e-04
2.6558187e+01	8.8202147e-02
2.6579996e+01	1.6091106e-03
2.6601805e+01	1.4933001e-01
2.6623614e+01	4.5997333e-02
2.6645423e+01	1.2385598e-01
2.6667232e+01	1.1432126e-01
2.6689041e+01	1.3051499e-01
2.6710850e+01	3.5069126e-02
2.6732659e+01	-9.9865882e-02
2.6754468e+01	-8.3732044e-02
2.6776277e+01	-2.2658163e-01
2.6798086e+01	-1.3182005e-01
2.6819895e+01	-1.0271959e-02
2.6841703e+01	-6.8495104e-02
2.6863512e+01	8.1988866e-02
2.6885321e+01	8.6398201e-02
2.6907130e+01	1.3019458e-01
2.6928939e+01	3.9536535e-02
2.6950748e+01	-1.0731899e-02
2.6972557e+01	6.6749723e-02
2.6994366e+01	2.0725242e-02
2.7016175e+01	4.1593691e-02
2.7037984e+01	-6.4369786e-02
2.7059793e+01	4.2430741e-02
2.7081602e+01	-7.7567431e-02
2.7103411e+01	-7.1822705e-02
2.7125220e+01	-6.2451121e-02
2.7147029e+01	4.1188121e-02
2.7168838e+01	-6.3869779e-02
2.7190646e+01	6.2034852e-03
2.7212455e+01	-1.3890082e-02
2.7234264e+01	1.0818709e-01
2.7256073e+01	9.6282188e-02
2.7277882e+01	2.9524423e-02
2.7299691e+01	-4.7048703e-02
2.7321500e+01	-1.1974702e-01
2.7343309e+01	6.5545218e-03
2.7365118e+01	-1.6434514e-02
2.7386927e+01	-7.6566897e-03
2.7408736e+01	2.7201842e-02
2.7430545e+01	-2.5544112e-02
2.7452354e+01	1.1829758e-02
2.7474163e+01	5.9246771e-02
2.7495972e+01	1.3729732e-02
2.7517781e+01	8.4376481e-02
2.7539590e+01	-2.8821787e-02
2.7561398e+01	-6.7331059e-02
2.7583207e+01	-3.9191058e-02
2.7605016e+01	-5.9874417e-02
2.7626825e+01	-1.8520833e-02
2.7648634e+01	-8.0751013e-04
2.7670443e+01	9.5882278e-02
2.7692252e+01	4.1443114e-01
2.7714061e+01	5.5584199e-01
2.7735870e+01	6.9456092e-01
2.7757679e+01	6.8427497e-01
2.7779488e+01	8.0088520e-01
2.7801297e+01	7.0747766e-01
2.7823106e+01	5.8125140e-01
2.7844915e+01	4.8356147e-01
2.7866724e+01	1.6684890e-01
2.7888533e+01	5.7577357e-02
2.7910341e+01	1.3083598e-04
2.7932150e+01	-8.3738301e-03
2.7953959e+01	-7.4448164e-02
2.7975768e+01	2.7977158e-02
2.7997577e+01	1.6684832e-02
2.8019386e+01	-8.4953604e-02
2.8041195e+01	9.8066591e-02
2.8063004e+01	-8.4268239e-02
2.8084813e+01	-5.3051204e-02
2.8106622e+01	-9.3660662e-02
2.8128431e+01	-1.3178596e-01
2.8150240e+01	-6.7857558e-02
2.8172049e+01	8.5045874e-02
2.8193858e+01	1.1590532e-01
2.8215667e+01	6.5342667e-02
2.8237476e+01	6.9737434e-02
2.8259284e+01	9.4977044e-02
2.8281093e+01	1.4320168e-01
2.8302902e+01	-4.5344046e-02
2.8324711e+01	-8.1666772e-02
2.8346520e+01	-4.2457070e-02
2.8368329e+01	-3.6205491e-02
2.8390138e+01	-1.0038677e-01
2.8411947e+01	-1.4432023e-01
2.8433756e+01	4.0014880e-02
2.8455565e+01	5.3438975e-02
2.8477374e+01	8.6817121e-02
2.8499183e+01	3.5760619e-01
2.8520992e+01	4.9289553e-01
2.8542801e+01	6.9502836e-01
2.8564610e+01	4.9466366e-01
2.8586419e+01	4.6575638e-01
2.8608227e+01	1.4086522e-01
2.8630036e+01	1.2354618e-01
2.8651845e+01	1.7748176e-01
2.8673654e+01	-1.4100165e-02
2.8695463e+01	-7.6707198e-02
2.8717272e+01	-9.0319325e-02
2.8739081e+01	-6.8921846e-02
2.8760890e+01	1.9831422e-02
2.8782699e+01	-8.3739211e-02
2.8804508e+01	6.0154330e-02
2.8826317e+01	-4.3951761e-02
2.8848126e+01	-1.0233145e-01
2.8869935e+01	-7.3280507e-03
2.8891744e+01	1.1433804e-01
2.8913553e+01	-4.8245540e-02
2.8935362e+01	7.6635659e-02
2.8957170e+01	-2.4607100e-02
2.8978979e+01	8.4076184e-02
2.9000788e+01	-7.4360713e-02
2.9022597e+01	-7.8212233e-02
2.9044406e+01	5.9907633e-02
2.9066215e+01	1.3042176e-01
2.9088024e+01	4.7662774e-02
2.9109833e+01	-1.3075802e-01
2.9131642e+01	-9.1162381e-02
2.9153451e+01	4.0212472e-02
2.9175260e+01	2.3503691e-01
2.9197069e+01	1.9208548e-01
2.9218878e+01	1.6212108e-02
2.9240687e+01	-6.2603657e-02
2.9262496e+01	-9.0414378e-02
2.9284305e+01	-3.4905127e-02
2.9306113e+01	1.4332673e-02
2.9327922e+01	6.2134650e-02
2.9349731e+01	7.4484754e-02
2.9371540e+01	1.0805824e-01
2.9393349e+01	-1.2038136e-01
2.9415158e+01	1.3753660e-01
2.9436967e+01	-5.7294605e-02
2.9458776e+01	-8.5135912e-02
2.9480585e+01	2.4634235e-02
2.9502394e+01	9.8470706e-03
2.9524203e+01	4.4906358e-02
2.9546012e+01	-6.1971744e-02
2.9567821e+01	-5.2548950e-02
2.9589630e+01	7.1044447e-03
2.9611439e+01	1.2848412e-02
2.9633248e+01	2.5247522e-02
2.9655057e+01	-1.9730019e-02
2.9676865e+01	-1.0920479e-01
2.9698674e+01	4.0279848e-02
2.9720483e+01	2.7848661e-01
2.9742292e+01	4.5874715e-01
2.9764101e+01	6.1641749e-01
2.9785910e+01	6.9116974e-01
2.9807719e+01	5.0803805e-01
2.9829528e+01	3.6065255e-01
2.9851337e+01	2.9182319e-01
2.9873146e+01	-6.8047569e-03
2.9894955e+01	1.1638177e-01
2.9916764e+01	4.2153542e-01
2.9938573e+01	7.7962661e-01
2.9960382e+01	1.7395217e+00
2.9982191e+01	2.6572042e+00
3.0004000e+01	3.6242474e+00
3.0025808e+01	4.8440937e+00
3.0047617e+01	5.7211345e+00
3.0069426e+01	6.7268922e+00
3.0091235e+01	7.3764602e+00
3.0113044e+01	7.8275379e+00
3.0134853e+01	7.6318446e+00
3.0156662e+01	6.6076809e+00
3.0178471e+01	5.2829710e+00
3.0200280e+01	4.0043583e+00
3.0222089e+01	2.6356963e+00
3.0243898e+01	1.5791724e+00
3.0265707e+01	8.1542492e-01
3.0287516e+01	3.4941226e-01
3.0309325e+01	3.0310282e-01
3.0331134e+01	8.2219176e-02
3.0352943e+01	-2.5073090e-02
3.0374751e+01	-1.2140491e-01
3.0396560e+01	3.8495110e-02
3.0418369e+01	7.4221097e-02
3.0440178e+01	-6.9914144e-02
3.0461987e+01	-6.2729332e-02
3.0483796e+01	7.7453024e-02
3.0505605e+01	1.4390925e-03
3.0527414e+01	-1.8275372e-02
3.0549223e+01	-5.5832516e-02
3.0571032e+01	-9.9797375e-03
3.0592841e+01	-5.4355692e-02
3.0614650e+01	8.5889306e-02
3.0636459e+01	-1.4945553e-02
3.0658268e+01	-5.0389198e-02
3.0680077e+01	-3.8417770e-02
3.0701886e+01	-6.3661428e-03
3.0723694e+01	-3.2176041e-02
3.0745503e+01	-2.6409211e-02
3.0767312e+01	1.2898367e-01
3.0789121e+01	1.3134878e-01
3.0810930e+01	1.8881413e-01
3.0832739e+01	3.3013189e-02
3.0854548e+01	2.6200050e-02
3.0876357e+01	1.3359206e-02
3.0898166e+01	-1.5253189e-02
3.0919975e+01	-1.2446932e-01
3.0941784e+01	-6.8143323e-02
3.0963593e+01	1.9532563e-02
3.0985402e+01	1.0788228e-01
3.1007211e+01	-4.4289537e-02
3.1029020e+01	-5.6769923e-02
3.1050829e+01	-1.6660989e-02
3.1072637e+01	-1.7419858e-02
3.1094446e+01	1.2734300e-02
3.1116255e+01	-8.3211446e-02
3.1138064e+01	2.9626400e-02
3.1159873e+01	4.1276855e-02
3.1181682e+01	-8.2369770e-02
3.1203491e+01	4.9898022e-02
3.1225300e+01	2.0129192e-02
3.1247109e+01	3.3847702e-02
3.1268918e+01	1.0544540e-01
3.1290727e+01	1.7870496e-01
3.1312536e+01	2.6652913e-01
3.1334345e+01	-7.1597115e-02
3.1356154e+01	-7.7604886e-02
3.1377963e+01	-1.1587399e-01
3.1399772e+01	-3.0799611e-02
3.1421580e+01	5.5140434e-02
3.1443389e+01	-3.5147469e-02
3.1465198e+01	-1.4533830e-01
3.1487007e+01	6.8606080e-02
3.1508816e+01	2.0626401e-02
3.1530625e+01	1.3349881e-01
3.1552434e+01	4.0343386e-01
3.1574243e+01	5.4678834e-01
3.1596052e+01	7.1173455e-01
3.1617861e+01	5.2332072e-01
3.1639670e+01	1.9990708e-01
3.1661479e+01	-3.1320975e-04
3.1683288e+01	-1.5065951e-01
3.1705097e+01	6.2183264e-02
3.1726906e+01	3.7712150e-02
3.1748715e+01	5.3755792e-01
3.1770524e+01	1.2950768e+00
3.1792332e+01	2.0500159e+00
3.1814141e+01	2.9914004e+00
3.1835950e+01	3.9251505e+00
3.1857759e+01	5.0227152e+00
3.1879568e+01	5.9244628e+00
3.1901377e+01	6.7545314e+00
3.1923186e+01	7.3468642e+00
3.1944995e+01	7.4185522e+00
3.1966804e+01	6.9832117e+00
3.1988613e+01	6.2050388e+00
3.2010422e+01	5.2126856e+00
3.2032231e+01	3.6191113e+00
3.2054040e+01	2.3670511e+00
3.2075849e+01	1.4367360e+00
3.2097658e+01	7.2324431e-01
3.2119467e+01	4.8363309e-01
3.2141275e+01	1.3977352e-01
3.2163084e+01	1.2413736e-01
3.2184893e+01	-3.2870907e-02
3.2206702e+01	3.6640829e-03
3.2228511e+01	-1.2647207e-01
3.2250320e+01	-1.4026871e-01
3.2272129e+01	-8.4927505e-02
3.2293938e+01	-7.0121553e-02
3.2315747e+01	1.5206779e-01
3.2337556e+01	1.1817629e-01
3.2359365e+01	3.2827831e-02
3.2381174e+01	7.7740001e-02
3.2402983e+01	-7.1856128e-02
3.2424792e+01	-4.0872712e-02
3.2446601e+01	-1.3276295e-01
3.2468410e+01	-6.9010062e-02
3.2490218e+01	2.0321356e-03
3.2512027e+01	3.8990881e-02
3.2533836e+01	1.0724078e-01
3.2555645e+01	5.5280773e-02
3.2577454e+01	-6.4776298e-02
3.2599263e+01	1.1059549e-01
3.2621072e+01	6.2391987e-02
3.2642881e+01	9.6880340e-02
3.2664690e+01	1.3927770e-02
3.2686499e+01	-7.0386641e-02
3.2708308e+01	-1.4179304e-01
3.2730117e+01	-7.2054605e-02
3.2751926e+01	1.5111887e-01
3.2773735e+01	-1.7032182e-01
3.2795544e+01	2.2705929e-02
3.2817353e+01	7.9740111e-02
3.2839161e+01	-6.2274851e-02
3.2860970e+01	3.2068055e-02
3.2882779e+01	1.5785036e-01
3.2904588e+01	1.6086820e-01
3.2926397e+01	-9.3015605e-02
3.2948206e+01	-5.5001574e-02
3.2970015e+01	6.6808144e-02
3.2991824e+01	-1.6645563e-02
3.3013633e+01	-7.4262476e-02
3.3035442e+01	-5.2462942e-02
3.3057251e+01	4.6328756e-03
3.3079060e+01	2.9857211e-02
3.3100869e+01	7.8313116e-02
3.3122678e+01	-3.9536976e-03
3.3144487e+01	5.9796697e-03
3.3166296e+01	-4.4779246e-02
3.3188104e+01	-8.5965898e-02
3.3209913e+01	-8.3443505e-02
3.3231722e+01	8.5510062e-02
3.3253531e+01	2.3671819e-01
3.3275340e+01	4.9403512e-02
3.3297149e+01	8.8484019e-02
3.3318958e+01	4.9530863e-02
3.3340767e+01	-4.4135822e-02
3.3362576e+01	2.6557120e-02
3.3384385e+01	-6.8938375e-02
3.3406194e+01	-4.1306516e-02
3.3428003e+01	-9.7588835e-02
3.3449812e+01	-1.3176540e-01
3.3471621e+01	5.2081544e-02
3.3493430e+01	-6.0365119e-02
3.3515239e+01	1.7609091e-01
3.3537047e+01	2.5139478e-01
3.3558856e+01	1.4530670e-01
3.3580665e+01	3.1647153e-01
3.3602474e+01	6.3124981e-01
3.3624283e+01	6.7672596e-01
3.3646092e+01	7.8501538e-01
3.3667901e+01	8.4837550e-01
3.3689710e+01	9.7733871e-01
3.3711519e+01	6.9075342e-01
3.3733328e+01	5.7808605e-01
3.3755137e+01	3.2423001e-01
3.3776946e+01	1.6278468e-01
3.3798755e+01	-1.0285446e-02
3.3820564e+01	-2.0418884e-02
3.3842373e+01	-5.6846606e-02
3.3864182e+01	-7.8264397e-02
3.3885991e+01	-1.2958486e-02
3.3907799e+01	5.1446491e-02
3.3929608e+01	7.7346484e-02
3.3951417e+01	1.6339033e-02
3.3973226e+01	-7.9666335e-02
3.3995035e+01	-3.4464406e-02
3.4016844e+01	-1.8259763e-01
3.4038653e+01	1.4249990e-01
3.4060462e+01	1.0092667e-01
3.4082271e+01	1.5500936e-02
3.4104080e+01	-9.2103865e-02
3.4125889e+01	3.3350214e-02
3.4147698e+01	1.1222309e-01
3.4169507e+01	-2.5215051e-02
3.4191316e+01	-7.9669784e-02
3.4213125e+01	-2.4617630e-02
3.4234934e+01	-5.3253666e-02
3.4256742e+01	3.4551160e-02
3.4278551e+01	6.1974660e-02
3.4300360e+01	3.2836273e-02
3.4322169e+01	-5.0361307e-03
3.4343978e+01	7.3241544e-02
3.4365787e+01	-8.9989292e-03
3.4387596e+01	-8.9555804e-02
3.4409405e+01	9.7523333e-03
3.4431214e+01	1.4642926e-02
3.4453023e+01	-5.2856037e-02
3.4474832e+01	-3.2025555e-02
3.4496641e+01	-1.4162118e-02
3.4518450e+01	1.0770084e-01
3.4540259e+01	6.0421573e-02
3.4562068e+01	3.9012060e-02
3.4583877e+01	9.3354032e-04
3.4605685e+01	-1.0719610e-01
3.4627494e+01	-9.1492048e-02
3.4649303e+01	-3.2758393e-02
3.4671112e+01	-6.6880649e-02
3.4692921e+01	1.8387516e-01
3.4714730e+01	2.3640907e-03
3.4736539e+01	5.6372255e-02
3.4758348e+01	6.2192084e-02
3.4780157e+01	7.1229778e-02
3.4801966e+01	-3.1301998e-02
3.4823775e+01	7.0526284e-02
3.4845584e+01	-2.1879904e-02
3.4867393e+01	-5.1304145e-02
3.4889202e+01	-1.1360414e-01
3.4911011e+01	-7.1072819e-02
3.4932820e+01	2.6664594e-02
3.4954628e+01	6.7654723e-02
3.4976437e+01	8.9434763e-03
3.4998246e+01	3.4171281e-02
3.5020055e+01	1.1891003e-02
3.5041864e+01	5.8766388e-04
3.5063673e+01	4.4208741e-02
3.5085482e+01	-1.1284852e-02
3.5107291e+01	-6.9907216e-02
3.5129100e+01	-1.8283630e-02
3.5150909e+01	-1.3137393e-02
3.5172718e+01	-1.3754978e-01
3.5194527e+01	-1.9512523e-02
3.5216336e+01	1.1067759e-01
3.5238145e+01	2.5529763e-02
3.5259954e+01	1.0034156e-01
3.5281763e+01	2.2291544e-01
3.5303571e+01	-3.9537644e-02
3.5325380e+01	4.1331173e-02
3.5347189e+01	5.1317236e-02
3.5368998e+01	-2.6413704e-02
3.5390807e+01	-2.8230122e-02
3.5412616e+01	-7.7066501e-02
3.5434425e+01	1.7563214e-02
3.5456234e+01	1.2375740e-02
3.5478043e+01	-5.1747165e-02
3.5499852e+01	-6.9799402e-02
3.5521661e+01	-4.0967332e-02
3.5543470e+01	6.9236066e-02
3.5565279e+01	-7.2968034e-02
3.5587088e+01	2.0399102e-02
3.5608897e+01	1.4812305e-03
3.5630706e+01	-8.3069573e-03
3.5652514e+01	1.0489992e-01
3.5674323e+01	4.8314882e-02
3.5696132e+01	1.9933062e-01
3.5717941e+01	7.1421484e-02
3.5739750e+01	1.7117863e-01
3.5761559e+01	-6.6441959e-02
3.5783368e+01	-1.1180158e-01
3.5805177e+01	2.7147909e-02
3.5826986e+01	4.0244302e-02
3.5848795e+01	-6.8872339e-02
3.5870604e+01	2.2298176e-02
3.5892413e+01	-1.3471485e-02
3.5914222e+01	5.6154299e-02
3.5936031e+01	-2.2941781e-03
3.5957840e+01	-1.0060080e-01
3.5979649e+01	-2.6065207e-01
3.6001458e+01	3.1723874e-01
3.6023266e+01	4.5718275e-01
3.6045075e+01	6.7478469e-01
3.6066884e+01	7.1933934e-01
3.6088693e+01	5.7659749e-01
3.6110502e+01	6.0478694e-01
3.6132311e+01	3.4620245e-01
3.6154120e+01	1.4424279e-01
3.6175929e+01	1.1609827e-01
3.6197738e+01	2.6400485e-02
3.6219547e+01	2.9908641e-02
3.6241356e+01	9.4194970e-02
3.6263165e+01	-3.9637338e-02
3.6284974e+01	-1.0672581e-01
3.6306783e+01	-4.2565162e-02
3.6328592e+01	8.0871307e-02
3.6350401e+01	-4.9189279e-02
3.6372209e+01	-3.8510570e-02
3.6394018e+01	-2.0514495e-01
3.6415827e+01	1.1617426e-02
3.6437636e+01	1.5121759e-01
3.6459445e+01	-1.3609143e-03
3.6481254e+01	1.4699083e-01
3.6503063e+01	1.1187003e-01
3.6524872e+01	1.2593976e-02
3.6546681e+01	-4.1553900e-02
3.6568490e+01	-2.2255058e-02
3.6590299e+01	-4.2809261e-02
3.6612108e+01	-3.3332888e-02
3.6633917e+01	-2.3342763e-02
3.6655726e+01	3.3462930e-02
3.6677535e+01	2.6626264e-01
3.6699344e+01	6.8768635e-01
3.6721152e+01	1.0077974e+00
3.6742961e+01	1.3622010e+00
3.6764770e+01	1.6015306e+00
3.6786579e+01	1.9025425e+00
3.6808388e+01	2.3491469e+00
3.6830197e+01	2.7885502e+00
3.6852006e+01	3.0955627e+00
3.6873815e+01	3.3151737e+00
3.6895624e+01	3.2152985e+00
3.6917433e+01	3.1758405e+00
3.6939242e+01	3.0045039e+00
3.6961051e+01	2.5952410e+00
3.6982860e+01	2.1687013e+00
3.7004669e+01	1.7380169e+00
3.7026478e+01	1.5329283e+00
3.7048287e+01	1.4520486e+00
3.7070095e+01	1.2286503e+00
3.7091904e+01	2.6684063e-01
3.7113713e+01	-4.7169084e-02
3.7135522e+01	9.2426719e-02
3.7157331e+01	-2.6624482e-02
3.7179140e+01	1.1086495e-01
3.7200949e+01	-1.7543335e-02
3.7222758e+01	-7.7290584e-02
3.7244567e+01	-1.0538670e-01
3.7266376e+01	1.0500356e-01
3.7288185e+01	-8.5944806e-02
3.7309994e+01	-1.1792558e-01
3.7331803e+01	6.8187090e-02
3.7353612e+01	2.3771829e-02
3.7375421e+01	7.2488941e-02
3.7397230e+01	-1.0271317e-01
3.7419038e+01	1.2305437e-01
3.7440847e+01	3.1689406e-01
3.7462656e+01	5.0142047e-01
3.7484465e+01	9.7944472e-01
3.7506274e+01	9.1962570e-01
3.7528083e+01	3.7172231e-01
3.7549892e+01	6.9185456e-02
3.7571701e+01	-1.4434745e-02
3.7593510e+01	6.7603996e-02
3.7615319e+01	4.5769728e-02
3.7637128e+01	-1.6396437e-01
3.7658937e+01	-6.0874277e-02
3.7680746e+01	2.0229505e-02
3.7702555e+01	-5.2843708e-02
3.7724364e+01	-4.8217040e-02
3.7746173e+01	6.4412481e-02
3.7767981e+01	-1.3036533e-01
3.7789790e+01	-2.7567123e-02
3.7811599e+01	-1.5531121e-02
3.7833408e+01	5.8663912e-02
3.7855217e+01	1.2854851e-01
3.7877026e+01	1.2372000e-01
3.7898835e+01	2.7880242e-01
3.7920644e+01	7.9144485e-02
3.7942453e+01	1.7978018e-01
3.7964262e+01	5.2383226e-02
3.7986071e+01	-7.5823728e-02
3.8007880e+01	1.1055906e-01
3.8029689e+01	-2.2511142e-01
3.8051498e+01	-2.0634713e-01
3.8073307e+01	1.4426711e-02
3.8095116e+01	4.1743105e-02
3.8116925e+01	4.0402249e-02
3.8138733e+01	3.4400122e-01
3.8160542e+01	3.9987003e-01
3.8182351e+01	7.9205351e-01
3.8204160e+01	9.6416528e-01
3.8225969e+01	1.3030610e+00
3.8247778e+01	1.7680422e+00
3.8269587e+01	2.3559986e+00
3.8291396e+01	2.6738588e+00
3.8313205e+01	2.8603624e+00
3.8335014e+01	3.1201750e+00
3.8356823e+01	3.3802053e+00
3.8378632e+01	3.6272548e+00
3.8400441e+01	3.4487223e+00
3.8422250e+01	3.0693832e+00
3.8444059e+01	2.6698674e+00
3.8465868e+01	1.9772842e+00
3.8487676e+01	1.2834775e+00
3.8509485e+01	7.7468680e-01
3.8531294e+01	5.3087471e-01
3.8553103e+01	3.8988789e-01
3.8574912e+01	8.1417862e-02
3.8596721e+01	1.5548532e-02
3.8618530e+01	-1.7675250e-03
3.8640339e+01	-3.7279797e-02
3.8662148e+01	1.1023070e-02
3.8683957e+01	4.8069649e-02
3.8705766e+01	-2.9753190e-02
3.8727575e+01	8.8523084e-02
3.8749384e+01	-1.0933769e-01
3.8771193e+01	-4.5485141e-02
3.8793002e+01	-1.3873141e-01
3.8814811e+01	6.0434115e-02
3.8836619e+01	5.7947408e-02
3.8858428e+01	4.7663279e-02
3.8880237e+01	-7.6557006e-05
3.8902046e+01	-6.4569452e-02
3.8923855e+01	1.7684579e-01
3.8945664e+01	-4.9539608e-02
3.8967473e+01	-1.0115257e-01
3.8989282e+01	3.1896932e-02
3.9011091e+01	7.9523536e-02
3.9032900e+01	4.0662141e-02
3.9054709e+01	2.6539837e-02
3.9076518e+01	-4.4232898e-02
3.9098327e+01	-1.3256016e-01
3.9120136e+01	1.6555195e-01
3.9141945e+01	7.7112982e-02
3.9163754e+01	-6.7943882e-03
3.9185562e+01	-7.5729448e-02
3.9207371e+01	-7.9546245e-02
3.9229180e+01	3.4674259e-02
3.9250989e+01	7.0785435e-02
3.9272798e+01	-5.9773784e-02
3.9294607e+01	-5.5646653e-02
3.9316416e+01	3.7314771e-01
3.9338225e+01	2.6684475e-01
3.9360034e+01	8.2073828e-02
3.9381843e+01	1.1491973e-01
3.9403652e+01	-5.3250920e-02
3.9425461e+01	4.5682909e-02
3.9447270e+01	-3.5707100e-02
3.9469079e+01	-4.1551558e-02
3.9490888e+01	-1.1919429e-01
3.9512697e+01	-3.8174505e-02
3.9534505e+01	1.8300673e-02
3.9556314e+01	2.6921150e-02
3.9578123e+01	3.0826396e-02
3.9599932e+01	2.7716772e-03
3.9621741e+01	4.0652878e-02
3.9643550e+01	4.4778463e-01
3.9665359e+01	8.0726727e-01
3.9687168e+01	1.0821678e+00
3.9708977e+01	1.0118104e+00
3.9730786e+01	1.3799051e+00
3.9752595e+01	1.4764669e+00
3.9774404e+01	1.6110050e+00
3.9796213e+01	2.0376583e+00
3.9818022e+01	2.2795649e+00
3.9839831e+01	2.1108770e+00
3.9861640e+01	1.9737096e+00
3.9883449e+01	1.7606467e+00
3.9905257e+01	1.3111704e+00
3.9927066e+01	9.6535381e-01
3.9948875e+01	7.7245597e-01
3.9970684e+01	5.1437894e-01
3.9992493e+01	1.6571879e-01
4.0014302e+01	2.2928461e-02
4.0036111e+01	2.9285962e-02
4.0057920e+01	6.2516365e-02
4.0079729e+01	1.5196291e-02
4.0101538e+01	-9.3247561e-02
4.0123347e+01	-7.5419858e-02
4.0145156e+01	-1.0909116e-01
4.0166965e+01	-8.3335279e-02
4.0188774e+01	-1.5487325e-03
4.0210583e+01	2.1398160e-01
4.0232392e+01	1.5125340e-01
4.0254200e+01	-8.8777117e-02
4.0276009e+01	-1.0253572e-02
4.0297818e+01	-1.8886653e-01
4.0319627e+01	9.4320900e-02
4.0341436e+01	1.4156417e-01
4.0363245e+01	2.4634334e-01
4.0385054e+01	2.1385422e-01
4.0406863e+01	8.4564545e-02
4.0428672e+01	-1.0209786e-01
4.0450481e+01	5.1752909e-02
4.0472290e+01	-7.0557079e-02
4.0494099e+01	1.3819882e-01
4.0515908e+01	3.8662089e-01
4.0537717e+01	-1.7074528e-01
4.0559526e+01	-1.2832678e-01
4.0581335e+01	1.5239081e-01
4.0603143e+01	9.9224016e-03
4.0624952e+01	1.0934176e-03
4.0646761e+01	-6.8831845e-02
4.0668570e+01	1.8335205e-03
4.0690379e+01	5.1998548e-02
4.0712188e+01	1.0927024e-01
4.0733997e+01	1.3455222e-01
4.0755806e+01	-1.4256772e-03
4.0777615e+01	-9.2171447e-03
4.0799424e+01	1.8843589e-02
4.0821233e+01	-7.5653767e-02
4.0843042e+01	1.9501039e-02
4.0864851e+01	-3.2245178e-02
4.0886660e+01	-1.7398588e-01
4.0908469e+01	-4.3168137e-02
4.0930278e+01	1.5774448e-01
4.0952086e+01	1.7890914e-02
4.0973895e+01	-8.4465240e-02
4.0995704e+01	1.3097553e-03
4.1017513e+01	3.6591696e-01
4.1039322e+01	2.8242185e-01
4.1061131e+01	2.6862579e-01
4.1082940e+01	6.6396054e-02
4.1104749e+01	1.6494075e-02
4.1126558e+01	9.7234698e-02
4.1148367e+01	1.4021300e-02
4.1170176e+01	-2.2920571e-02
4.1191985e+01	-3.9899704e-02
4.1213794e+01	-7.0956326e-02
4.1235603e+01	-1.1594510e-01
4.1257412e+01	6.9598246e-02
4.1279221e+01	1.3579877e-01
4.1301029e+01	-5.5146353e-02
4.1322838e+01	9.7071764e-02
4.1344647e+01	1.8503865e-02
4.1366456e+01	-1.0368268e-01
4.1388265e+01	-6.0095699e-02
4.1410074e+01	7.9400978e-02
4.1431883e+01	3.6821238e-01
4.1453692e+01	3.2668347e-01
4.1475501e+01	5.3346521e-02
4.1497310e+01	9.9829964e-02
4.1519119e+01	-1.7298996e-01
4.1540928e+01	-9.6250870e-02
4.1562737e+01	-3.8503062e-02
4.1584546e+01	6.6878386e-02
4.1606355e+01	1.1606339e-01
4.1628164e+01	3.7227987e-02
4.1649972e+01	-4.0775426e-02
4.1671781e+01	3.7743947e-02
4.1693590e+01	-1.5702435e-01
4.1715399e+01	-1.1697739e-01
4.1737208e+01	-2.9821088e-03
4.1759017e+01	2.3860370e-01
4.1780826e+01	3.4054255e-01
4.1802635e+01	1.3152790e-01
4.1824444e+01	1.3047343e-01
4.1846253e+01	3.3873724e-01
4.1868062e+01	1.6622647e-01
4.1889871e+01	1.1943881e-01
4.1911680e+01	-8.3115441e-02
4.1933489e+01	-2.0698193e-02
4.1955298e+01	6.3831987e-02
4.1977107e+01	-3.8434978e-02
4.1998916e+01	-2.0352518e-01
4.2020724e+01	-1.8425197e-01
4.2042533e+01	-1.1275566e-02
4.2064342e+01	1.9228057e-01
4.2086151e+01	2.0685549e-01
4.2107960e+01	5.2011023e-02
4.2129769e+01	4.4277146e-02
4.2151578e+01	2.3629667e-01
4.2173387e+01	2.3058094e-01
4.2195196e+01	1.3879143e-01
4.2217005e+01	-9.7531910e-02
4.2238814e+01	-5.2470613e-02
4.2260623e+01	-1.9270427e-01
4.2282432e+01	9.3861896e-03
4.2304241e+01	-1.0772471e-01
4.2326050e+01	4.2733292e-02
4.2347859e+01	1.3847416e-01
4.2369667e+01	1.7896235e-02
4.2391476e+01	3.2208309e-01
4.2413285e+01	4.7814227e-01
4.2435094e+01	5.9269071e-01
4.2456903e+01	1.0004999e+00
4.2478712e+01	1.0503383e+00
4.2500521e+01	1.5298414e+00
4.2522330e+01	1.8606968e+00
4.2544139e+01	2.1881387e+00
4.2565948e+01	2.5427778e+00
4.2587757e+01	2.1876435e+00
4.2609566e+01	2.3261434e+00
4.2631375e+01	1.9545227e+00
4.2653184e+01	1.6343322e+00
4.2674993e+01	1.4020011e+00
4.2696802e+01	8.9167705e-01
4.2718610e+01	6.9012548e-01
4.2740419e+01	3.8145985e-01
4.2762228e+01	1.4513766e-01
4.2784037e+01	9.2895952e-02
4.2805846e+01	8.0634256e-02
4.2827655e+01	-1.5168302e-01
4.2849464e+01	6.9930946e-02
4.2871273e+01	1.3838503e-01
4.2893082e+01	-2.1546124e-01
4.2914891e+01	-2.7558819e-01
4.2936700e+01	6.6551853e-02
4.2958509e+01	1.8381085e-01
4.2980318e+01	2.5974424e-01
4.3002127e+01	-9.1099170e-03
4.3023936e+01	-4.7790875e-02
4.3045745e+01	1.0228549e-01
4.3067553e+01	1.8312928e-02
4.3089362e+01	2.1627046e-01
4.3111171e+01	8.1539274e-02
4.3132980e+01	2.4873343e-04
4.3154789e+01	-2.1102931e-01
4.3176598e+01	1.5429726e-02
4.3198407e+01	-4.4432902e-03
4.3220216e+01	-1.2188559e-01
4.3242025e+01	1.2779652e-01
4.3263834e+01	3.0240653e-01
4.3285643e+01	1.0361114e-02
4.3307452e+01	-9.9582440e-02
4.3329261e+01	1.4893843e-01
4.3351070e+01	2.6694156e-01
4.3372879e+01	5.0893494e-01
4.3394688e+01	4.3781706e-01
4.3416496e+01	7.0762225e-01
4.3438305e+01	8.9237973e-01
4.3460114e+01	5.9583870e-01
4.3481923e+01	3.5918937e-01
4.3503732e+01	4.5349794e-01
4.3525541e+01	2.4134263e-01
4.3547350e+01	-2.5392559e-02
4.3569159e+01	-2.0320668e-02
4.3590968e+01	4.5554629e-01
4.3612777e+01	8.0881024e-01
4.3634586e+01	1.2261741e+00
4.3656395e+01	1.4041757e+00
4.3678204e+01	1.4963790e+00
4.3700013e+01	2.5301918e+00
4.3721822e+01	3.4166031e+00
4.3743631e+01	3.3188937e+00
4.3765439e+01	3.6009616e+00
4.3787248e+01	4.3752995e+00
4.3809057e+01	5.3567575e+00
4.3830866e+01	5.8156423e+00
4.3852675e+01	6.6527789e+00
4.3874484e+01	6.9113092e+00
4.3896293e+01	6.9291371e+00
4.3918102e+01	6.6327204e+00
4.3939911e+01	5.7293260e+00
4.3961720e+01	4.4407689e+00
4.3983529e+01	3.0891399e+00
4.4005338e+01	2.0144429e+00
4.4027147e+01	1.2341988e+00
4.4048956e+01	8.5198046e-01
4.4070765e+01	5.5043815e-02
4.4092574e+01	3.2745473e-01
4.4114383e+01	-1.6242021e-02
4.4136191e+01	7.2882475e-02
4.4158000e+01	2.7761612e-01
4.4179809e+01	-9.7922997e-02
4.4201618e+01	-9.1040086e-02
4.4223427e+01	2.5194594e-02
4.4245236e+01	8.3974298e-02
4.4267045e+01	-7.0214753e-02
4.4288854e+01	6.4368430e-02
4.4310663e+01	-1.0013193e-01
4.4332472e+01	2.9564303e-02
4.4354281e+01	2.0397185e-01
4.4376090e+01	-3.8584202e-02
4.4397899e+01	3.6520303e-01
4.4419708e+01	2.4192514e-01
4.4441517e+01	1.2480916e-01
4.4463326e+01	1.7642838e-02
4.4485134e+01	-7.6135202e-02
4.4506943e+01	-2.0508392e-01
4.4528752e+01	5.0225330e-02
4.4550561e+01	6.5587532e-01
4.4572370e+01	4.5310216e-01
4.4594179e+01	6.4258394e-01
4.4615988e+01	1.0583572e-01
4.4637797e+01	7.2008551e-02
4.4659606e+01	4.1728090e-01
4.4681415e+01	3.6859971e-01
4.4703224e+01	7.2078745e-01
4.4725033e+01	3.7125110e-02
4.4746842e+01	-1.4756733e-01
4.4768651e+01	4.3800882e-02
4.4790460e+01	1.3379638e-01
4.4812269e+01	-2.3113484e-01
4.4834077e+01	4.2757808e-02
4.4855886e+01	-3.6243598e-02
4.4877695e+01	3.3259592e-02
4.4899504e+01	4.3420270e-01
4.4921313e+01	1.0970929e-01
4.4943122e+01	-1.0872404e-01
4.4964931e+01	6.7154192e-02
4.4986740e+01	3.7147753e-01