Image file: \\Gfs05\g45\SAXS\2020_12\HDF5\2020-12.10_Kevin_day2_SN\2020-12-10_Max_Cu123_SN_000017_data_000044.h5
ImageIntegration1d_chi_output; Output_Directory= \\Gfs05\g45\SAXS\2020_12\Processed\2020-12-09_Kevin_day1_SN\Chi-Sample-7
Profile = Radial, StartAzimuth = 0.0, EndAzimuth = 360.0, Sam_Det_distance = 250.818474293, InnerRadius = 15.0, OuterRadius = 2400.0, Lambda = 30, Ratio = 0.001, Itermax = 100
2400
2.0013229e+00	-1.0730560e-01
2.0231319e+00	1.7674702e-01
2.0449408e+00	-3.7200744e-02
2.0667497e+00	2.7489996e-02
2.0885587e+00	1.2647154e-01
2.1103676e+00	-1.6972266e-02
2.1321765e+00	-2.0042113e-01
2.1539855e+00	-7.6104520e-02
2.1757944e+00	1.6393279e-01
2.1976034e+00	-3.4997594e-02
2.2194123e+00	-8.0510504e-02
2.2412212e+00	1.5144219e-01
2.2630302e+00	1.5486191e-01
2.2848391e+00	-1.4592149e-01
2.3066480e+00	-1.4642487e-02
2.3284570e+00	6.5420395e-02
2.3502659e+00	4.6670252e-02
2.3720749e+00	-2.0881146e-01
2.3938838e+00	-5.5327556e-02
2.4156927e+00	1.3960750e-01
2.4375017e+00	3.7453959e-02
2.4593106e+00	8.3977643e-02
2.4811196e+00	-1.7280790e-01
2.5029285e+00	-9.5428948e-02
2.5247374e+00	9.4564400e-02
2.5465464e+00	1.3323473e-01
2.5683553e+00	-5.2052746e-02
2.5901642e+00	-9.7757693e-02
2.6119732e+00	8.4903747e-02
2.6337821e+00	2.6464374e-01
2.6555911e+00	1.3556537e-01
2.6774000e+00	7.5389054e-02
2.6992089e+00	1.7132991e-01
2.7210179e+00	-1.2769530e-01
2.7428268e+00	-2.8032584e-01
2.7646358e+00	-1.2120565e-01
2.7864447e+00	-6.1162456e-02
2.8082536e+00	3.3727801e-01
2.8300626e+00	2.7154726e-01
2.8518715e+00	1.3176641e-01
2.8736804e+00	3.7823946e-02
2.8954894e+00	-6.0253731e-02
2.9172983e+00	1.2938286e-02
2.9391073e+00	-4.4013155e-02
2.9609162e+00	6.1654077e-03
2.9827251e+00	4.0035946e-02
3.0045341e+00	2.2575827e-01
3.0263430e+00	-1.1326538e-01
3.0481519e+00	-8.3618709e-02
3.0699609e+00	1.0536688e-01
3.0917698e+00	-1.9414609e-01
3.1135788e+00	1.2642870e-01
3.1353877e+00	1.6096306e-01
3.1571966e+00	4.5706371e-02
3.1790056e+00	-6.3321766e-02
3.2008145e+00	-1.3848630e-01
3.2226235e+00	-6.2008960e-02
3.2444324e+00	7.3569626e-02
3.2662413e+00	1.2762728e-01
3.2880503e+00	-7.5112127e-04
3.3098592e+00	2.1999982e-02
3.3316681e+00	5.1980157e-02
3.3534771e+00	-2.1453402e-02
3.3752860e+00	-1.3633429e-01
3.3970950e+00	-1.9414545e-02
3.4189039e+00	3.6748142e-02
3.4407128e+00	7.9257695e-02
3.4625218e+00	-1.6332191e-01
3.4843307e+00	-9.8576729e-02
3.5061396e+00	7.7613156e-02
3.5279486e+00	4.7952817e-03
3.5497575e+00	1.3791862e-01
3.5715665e+00	8.4155571e-02
3.5933754e+00	1.1432193e-01
3.6151843e+00	-3.0488950e-02
3.6369933e+00	-2.4269085e-01
3.6588022e+00	-8.0808858e-02
3.6806112e+00	7.4395625e-02
3.7024201e+00	-4.7083560e-02
3.7242290e+00	9.5949379e-03
3.7460380e+00	1.7866934e-01
3.7678469e+00	1.9609863e-01
3.7896558e+00	-1.1417879e-01
3.8114648e+00	3.7268215e-02
3.8332737e+00	-4.6546481e-02
3.8550827e+00	-1.5326013e-01
3.8768916e+00	-2.9027042e-02
3.8987005e+00	8.0486080e-02
3.9205095e+00	-1.2078524e-02
3.9423184e+00	1.0309024e-01
3.9641273e+00	-5.7982320e-02
3.9859363e+00	1.8392671e-01
4.0077452e+00	4.9637451e-02
4.0295542e+00	-1.8558894e-01
4.0513631e+00	-1.7754917e-01
4.0731720e+00	5.6545295e-02
4.0949810e+00	2.0178926e-01
4.1167899e+00	1.8286514e-01
4.1385989e+00	2.3765776e-02
4.1604078e+00	-1.1106707e-01
4.1822167e+00	-8.4631583e-02
4.2040257e+00	-6.2157954e-02
4.2258346e+00	3.4551330e-02
4.2476435e+00	-1.4564179e-01
4.2694525e+00	6.4227317e-02
4.2912614e+00	7.1378909e-02
4.3130704e+00	8.4363498e-03
4.3348793e+00	5.8350582e-02
4.3566882e+00	4.2030850e-02
4.3784972e+00	8.1929009e-02
4.4003061e+00	-7.4063479e-02
4.4221151e+00	-1.4137513e-01
4.4439240e+00	3.2429389e-01
4.4657329e+00	5.9885807e-02
4.4875419e+00	-3.5878332e-02
4.5093508e+00	1.5772101e-01
4.5311597e+00	7.5561699e-02
4.5529687e+00	-5.7574619e-02
4.5747776e+00	-1.8866720e-01
4.5965866e+00	7.0963337e-02
4.6183955e+00	5.8799222e-01
4.6402044e+00	3.0964266e-01
4.6620134e+00	9.3670195e-02
4.6838223e+00	-1.6412796e-01
4.7056312e+00	-5.2773360e-02
4.7274402e+00	-4.9359689e-02
4.7492491e+00	2.0056791e-01
4.7710581e+00	4.2049705e-01
4.7928670e+00	1.8012207e-01
4.8146759e+00	-7.3122329e-03
4.8364849e+00	-1.3055934e-02
4.8582938e+00	-1.0203664e-01
4.8801028e+00	-2.0297818e-01
4.9019117e+00	8.6527568e-02
4.9237206e+00	2.4108362e-01
4.9455296e+00	-1.8609818e-01
4.9673385e+00	-4.3964785e-02
4.9891474e+00	1.2963606e-01
5.0109564e+00	9.7673522e-02
5.0327653e+00	3.1930494e-02
5.0545743e+00	1.9333197e-02
5.0763832e+00	4.0286278e-02
5.0981921e+00	1.5642555e-01
5.1200011e+00	6.5724989e-02
5.1418100e+00	-1.2614873e-01
5.1636189e+00	-1.1776446e-01
5.1854279e+00	-9.0830269e-02
5.2072368e+00	-3.5069281e-03
5.2290458e+00	3.6225414e-01
5.2508547e+00	3.5495825e-01
5.2726636e+00	2.9029514e-01
5.2944726e+00	3.8796468e-01
5.3162815e+00	-6.8196491e-02
5.3380905e+00	3.1211570e-03
5.3598994e+00	4.0510392e-01
5.3817083e+00	5.8931208e-02
5.4035173e+00	1.6551649e-02
5.4253262e+00	2.9614452e-01
5.4471351e+00	-1.0613640e-03
5.4689441e+00	-1.5448888e-01
5.4907530e+00	-8.3920587e-02
5.5125620e+00	8.7094500e-02
5.5343709e+00	4.9177535e-01
5.5561798e+00	1.1935194e-01
5.5779888e+00	-3.3951895e-02
5.5997977e+00	4.9384208e-02
5.6216066e+00	8.1469738e-02
5.6434156e+00	9.4009644e-02
5.6652245e+00	6.5856464e-02
5.6870335e+00	-1.7730853e-01
5.7088424e+00	-7.3168851e-02
5.7306513e+00	-2.5035879e-01
5.7524603e+00	1.3000488e-01
5.7742692e+00	5.5825702e-02
5.7960782e+00	2.8520676e-02
5.8178871e+00	-1.2324901e-01
5.8396960e+00	-4.9691793e-02
5.8615050e+00	1.1043501e-01
5.8833139e+00	2.6108291e-01
5.9051228e+00	1.8751169e-01
5.9269318e+00	3.1440879e-02
5.9487407e+00	1.0315364e-02
5.9705497e+00	-4.5941315e-02
5.9923586e+00	-5.4939806e-02
6.0141675e+00	-5.0620972e-02
6.0359765e+00	-8.3776894e-02
6.0577854e+00	-9.8218577e-03
6.0795944e+00	-1.1420295e-01
6.1014033e+00	3.3605775e-02
6.1232122e+00	9.8540834e-02
6.1450212e+00	-1.4308529e-01
6.1668301e+00	1.5390280e-01
6.1886390e+00	1.5891089e-01
6.2104480e+00	2.2712281e-01
6.2322569e+00	3.4341500e-02
6.2540659e+00	1.2536539e-02
6.2758748e+00	-7.5000869e-02
6.2976837e+00	-9.0138545e-02
6.3194927e+00	-7.7105703e-02
6.3413016e+00	-1.5075426e-01
6.3631105e+00	-1.6136437e-01
6.3849195e+00	9.2452879e-02
6.4067284e+00	8.8932128e-02
6.4285374e+00	6.0139877e-02
6.4503463e+00	2.0857506e-01
6.4721552e+00	6.9812825e-02
6.4939642e+00	-1.6525426e-01
6.5157731e+00	1.2341849e-01
6.5375821e+00	1.2430519e-01
6.5593910e+00	-7.5020456e-02
6.5811999e+00	-2.0161587e-02
6.6030089e+00	-2.1462909e-01
6.6248178e+00	-1.2402236e-01
6.6466267e+00	1.6628053e-01
6.6684357e+00	3.8898638e-01
6.6902446e+00	3.5092495e-01
6.7120536e+00	1.1174439e-01
6.7338625e+00	1.5818045e-02
6.7556714e+00	1.5657275e-01
6.7774804e+00	-7.1762730e-02
6.7992893e+00	-1.1266710e-01
6.8210982e+00	2.0245611e-02
6.8429072e+00	2.5982571e-01
6.8647161e+00	-3.2271629e-02
6.8865251e+00	-9.7884575e-02
6.9083340e+00	6.2991801e-02
6.9301429e+00	-2.1157038e-02
6.9519519e+00	-8.9426336e-02
6.9737608e+00	3.7223341e-02
6.9955698e+00	-8.9976023e-02
7.0173787e+00	-9.8423100e-02
7.0391876e+00	9.9636308e-02
7.0609966e+00	1.3438489e-01
7.0828055e+00	-1.9905032e-02
7.1046144e+00	1.0133435e-02
7.1264234e+00	1.3124714e-01
7.1482323e+00	2.5460081e-01
7.1700413e+00	2.0882788e-02
7.1918502e+00	-2.0901980e-01
7.2136591e+00	-1.4029012e-01
7.2354681e+00	9.4283945e-02
7.2572770e+00	1.8179375e-01
7.2790859e+00	-7.6812082e-02
7.3008949e+00	1.6172859e-02
7.3227038e+00	7.9101979e-02
7.3445128e+00	-7.3331192e-02
7.3663217e+00	4.0387799e-02
7.3881306e+00	-8.5629654e-02
7.4099396e+00	-2.0462333e-01
7.4317485e+00	5.2353941e-02
7.4535575e+00	1.0008811e-01
7.4753664e+00	3.0153036e-02
7.4971753e+00	1.9546557e-01
7.5189843e+00	4.2543182e-01
7.5407932e+00	1.1827133e-01
7.5626021e+00	-3.3836777e-01
7.5844111e+00	-5.9713999e-02
7.6062200e+00	1.2384201e-01
7.6280290e+00	2.4799460e-01
7.6498379e+00	-9.7848485e-02
7.6716468e+00	-8.5814249e-02
7.6934558e+00	2.6697638e-02
7.7152647e+00	2.1972263e-01
7.7370737e+00	3.2606596e-01
7.7588826e+00	2.5929629e-02
7.7806915e+00	1.5470294e-02
7.8025005e+00	-3.8264097e-02
7.8243094e+00	6.5240868e-02
7.8461183e+00	-5.7503541e-02
7.8679273e+00	2.2736714e-01
7.8897362e+00	-7.9743809e-03
7.9115452e+00	-1.3963955e-01
7.9333541e+00	2.0602685e-02
7.9551630e+00	-1.5581309e-01
7.9769720e+00	-1.2251274e-02
7.9987809e+00	1.5576240e-01
8.0205898e+00	-1.6472181e-01
8.0423988e+00	5.7380071e-02
8.0642077e+00	2.2368969e-01
8.0860167e+00	-4.1919756e-03
8.1078256e+00	-5.9572288e-02
8.1296345e+00	6.7459508e-03
8.1514435e+00	-7.4908840e-02
8.1732524e+00	1.1782829e-01
8.1950614e+00	-1.9782188e-02
8.2168703e+00	1.6590179e-01
8.2386792e+00	5.8921126e-02
8.2604882e+00	-1.6724779e-01
8.2822971e+00	1.4665242e-01
8.3041060e+00	-2.1908105e-01
8.3259150e+00	-6.9789136e-02
8.3477239e+00	6.0176876e-02
8.3695329e+00	2.3669356e-01
8.3913418e+00	1.1682649e-01
8.4131507e+00	-2.1497116e-01
8.4349597e+00	1.6332226e-02
8.4567686e+00	6.8534958e-02
8.4785775e+00	5.4618174e-02
8.5003865e+00	-3.1180560e-02
8.5221954e+00	5.7409040e-02
8.5440044e+00	1.6782800e-01
8.5658133e+00	-3.7555286e-02
8.5876222e+00	-1.4961525e-01
8.6094312e+00	-2.8840311e-01
8.6312401e+00	1.4053700e-01
8.6530491e+00	4.7536837e-01
8.6748580e+00	1.3542446e-01
8.6966669e+00	-1.5918740e-01
8.7184759e+00	1.9032711e-01
8.7402848e+00	8.6407471e-02
8.7620937e+00	-2.8271387e-01
8.7839027e+00	2.0109811e-01
8.8057116e+00	8.8014236e-02
8.8275206e+00	-2.2901785e-02
8.8493295e+00	1.0045092e-01
8.8711384e+00	1.9960805e-01
8.8929474e+00	-1.1578471e-01
8.9147563e+00	-1.6702328e-01
8.9365652e+00	3.5521729e-02
8.9583742e+00	-8.0407940e-02
8.9801831e+00	-4.9529287e-03
9.0019921e+00	-3.1540070e-03
9.0238010e+00	-3.6131051e-02
9.0456099e+00	5.1786061e-02
9.0674189e+00	6.2762201e-02
9.0892278e+00	8.1918822e-02
9.1110368e+00	1.0470013e-01
9.1328457e+00	-7.2453082e-03
9.1546546e+00	-1.1941936e-01
9.1764636e+00	3.0917351e-02
9.1982725e+00	4.0075659e-02
9.2200814e+00	-1.2946463e-01
9.2418904e+00	6.5570432e-02
9.2636993e+00	-4.2084894e-02
9.2855083e+00	-1.9570384e-01
9.3073172e+00	1.8635158e-01
9.3291261e+00	3.1370878e-01
9.3509351e+00	8.0553815e-02
9.3727440e+00	-1.5074552e-01
9.3945530e+00	1.2036428e-01
9.4163619e+00	-1.1798754e-01
9.4381708e+00	8.9046137e-02
9.4599798e+00	3.1650167e-02
9.4817887e+00	3.5605268e-02
9.5035976e+00	2.0716987e-01
9.5254066e+00	2.5440258e-02
9.5472155e+00	-2.9317681e-01
9.5690245e+00	-1.0810704e-01
9.5908334e+00	5.9842374e-02
9.6126423e+00	1.3242761e-01
9.6344513e+00	1.0722872e-01
9.6562602e+00	-6.6248531e-02
9.6780691e+00	2.1883742e-01
9.6998781e+00	-5.0020353e-03
9.7216870e+00	-3.0651652e-01
9.7434960e+00	7.8667889e-02
9.7653049e+00	2.5547031e-01
9.7871138e+00	-3.3732353e-02
9.8089228e+00	-2.6695500e-02
9.8307317e+00	1.8808527e-01
9.8525407e+00	1.0705460e-01
9.8743496e+00	-2.5761984e-01
9.8961585e+00	-2.8645486e-02
9.9179675e+00	-2.4161404e-02
9.9397764e+00	1.1139956e-01
9.9615853e+00	1.3399238e-01
9.9833943e+00	-2.6078960e-01
1.0005203e+01	1.7831788e-01
1.0027012e+01	1.9668405e-01
1.0048821e+01	-5.1784090e-02
1.0070630e+01	-4.0731666e-02
1.0092439e+01	3.7511078e-01
1.0114248e+01	4.5692981e-01
1.0136057e+01	2.7030208e-01
1.0157866e+01	1.3320832e-01
1.0179675e+01	-7.4329308e-02
1.0201484e+01	-1.7380881e-01
1.0223293e+01	5.5847030e-02
1.0245102e+01	9.4378979e-02
1.0266910e+01	-8.1983706e-02
1.0288719e+01	-1.4536342e-01
1.0310528e+01	2.1644867e-02
1.0332337e+01	1.1281305e+00
1.0354146e+01	1.7433553e+00
1.0375955e+01	2.6027819e+00
1.0397764e+01	3.0979543e+00
1.0419573e+01	3.3157730e+00
1.0441382e+01	4.1006861e+00
1.0463191e+01	4.8938661e+00
1.0485000e+01	5.6006509e+00
1.0506809e+01	6.6762202e+00
1.0528618e+01	7.9236168e+00
1.0550427e+01	8.1541476e+00
1.0572236e+01	8.7875362e+00
1.0594045e+01	9.0517005e+00
1.0615853e+01	9.4734612e+00
1.0637662e+01	9.1619511e+00
1.0659471e+01	8.3871629e+00
1.0681280e+01	7.1075335e+00
1.0703089e+01	5.8304457e+00
1.0724898e+01	4.3954321e+00
1.0746707e+01	2.8334716e+00
1.0768516e+01	2.2389809e+00
1.0790325e+01	1.4769829e+00
1.0812134e+01	7.2309623e-01
1.0833943e+01	8.6470374e-01
1.0855752e+01	5.6760518e-01
1.0877561e+01	-2.0950699e-02
1.0899370e+01	6.0083647e-02
1.0921179e+01	5.5609657e-01
1.0942988e+01	4.5505246e-01
1.0964796e+01	-2.0889944e-02
1.0986605e+01	-7.2969954e-03
1.1008414e+01	1.3057473e-01
1.1030223e+01	3.5171562e-01
1.1052032e+01	8.6983135e-01
1.1073841e+01	1.0709227e+00
1.1095650e+01	1.0809086e+00
1.1117459e+01	1.3826146e+00
1.1139268e+01	1.3010717e+00
1.1161077e+01	1.8036947e+00
1.1182886e+01	2.1969972e+00
1.1204695e+01	2.6552052e+00
1.1226504e+01	2.8203564e+00
1.1248313e+01	2.6412976e+00
1.1270122e+01	8.6983065e-01
1.1291931e+01	5.1625629e-01
1.1313740e+01	1.1868434e-01
1.1335548e+01	-3.4881118e-01
1.1357357e+01	1.1508865e-01
1.1379166e+01	1.7479979e-01
1.1400975e+01	8.9177395e-02
1.1422784e+01	-9.0714429e-02
1.1444593e+01	1.4323203e-02
1.1466402e+01	5.0824663e-02
1.1488211e+01	-1.7091309e-01
1.1510020e+01	-9.4733960e-02
1.1531829e+01	4.3623195e-02
1.1553638e+01	2.3165401e-01
1.1575447e+01	-2.5029778e-02
1.1597256e+01	9.8681044e-03
1.1619065e+01	-2.6680032e-01
1.1640874e+01	-4.3434627e-04
1.1662683e+01	1.9086607e-01
1.1684491e+01	-3.0623564e-02
1.1706300e+01	4.7489090e-02
1.1728109e+01	-2.8744447e-02
1.1749918e+01	4.6286124e-02
1.1771727e+01	1.2133765e-01
1.1793536e+01	4.0282345e-02
1.1815345e+01	8.6869869e-02
1.1837154e+01	-9.2070817e-02
1.1858963e+01	4.5863299e-02
1.1880772e+01	-6.0443063e-02
1.1902581e+01	-1.1276589e-01
1.1924390e+01	-3.6529027e-03
1.1946199e+01	-8.9061950e-03
1.1968008e+01	-2.2762239e-02
1.1989817e+01	-4.1433969e-02
1.2011626e+01	-1.4650142e-02
1.2033434e+01	1.1465001e-01
1.2055243e+01	1.6006313e-01
1.2077052e+01	-1.8045554e-01
1.2098861e+01	-1.2572407e-01
1.2120670e+01	2.3918623e-02
1.2142479e+01	1.3683325e-01
1.2164288e+01	-6.4576497e-02
1.2186097e+01	6.0637267e-02
1.2207906e+01	2.0571509e-02
1.2229715e+01	1.1701717e-01
1.2251524e+01	4.5519124e-01
1.2273333e+01	1.2791582e-01
1.2295142e+01	9.5379914e-03
1.2316951e+01	-1.5909584e-01
1.2338760e+01	-7.3206630e-02
1.2360569e+01	4.0497805e-02
1.2382377e+01	-1.9035778e-03
1.2404186e+01	-1.4552663e-01
1.2425995e+01	-4.5924820e-02
1.2447804e+01	4.6515137e-02
1.2469613e+01	5.4272780e-02
1.2491422e+01	2.2281475e-02
1.2513231e+01	-1.3797538e-01
1.2535040e+01	2.8002902e-02
1.2556849e+01	1.7732006e-01
1.2578658e+01	7.8318366e-02
1.2600467e+01	-1.0279174e-01
1.2622276e+01	5.9788096e-02
1.2644085e+01	3.3504362e-02
1.2665894e+01	7.7040221e-02
1.2687703e+01	3.4159118e-01
1.2709512e+01	5.6873496e-02
1.2731320e+01	-1.4504976e-01
1.2753129e+01	-2.4525362e-01
1.2774938e+01	-1.0855323e-01
1.2796747e+01	1.2904734e-01
1.2818556e+01	2.0947328e-01
1.2840365e+01	2.4492131e-01
1.2862174e+01	-1.0685739e-01
1.2883983e+01	-1.1244064e-01
1.2905792e+01	-3.2375765e-03
1.2927601e+01	1.7243948e-01
1.2949410e+01	1.1727296e-01
1.2971219e+01	-1.3203915e-01
1.2993028e+01	-5.4205875e-02
1.3014837e+01	-4.5120093e-02
1.3036646e+01	1.5966764e-01
1.3058455e+01	4.7016217e-01
1.3080264e+01	3.9803126e-01
1.3102072e+01	5.8790750e-01
1.3123881e+01	5.5565805e-02
1.3145690e+01	8.5672399e-02
1.3167499e+01	1.6224183e-02
1.3189308e+01	-3.2888235e-02
1.3211117e+01	3.1020173e-02
1.3232926e+01	5.3476100e-02
1.3254735e+01	8.4924811e-02
1.3276544e+01	8.0817711e-02
1.3298353e+01	5.4644718e-03
1.3320162e+01	-3.4851393e-01
1.3341971e+01	-4.7278436e-01
1.3363780e+01	3.9848744e-01
1.3385589e+01	4.1527122e-01
1.3407398e+01	1.1998932e-01
1.3429207e+01	1.1533786e-01
1.3451015e+01	2.5631607e-01
1.3472824e+01	9.2876394e-02
1.3494633e+01	-3.2452225e-02
1.3516442e+01	3.0098987e-03
1.3538251e+01	-1.5759415e-02
1.3560060e+01	-1.2625522e-02
1.3581869e+01	1.5802506e-01
1.3603678e+01	9.5776238e-02
1.3625487e+01	-1.3464662e-01
1.3647296e+01	-1.8259768e-02
1.3669105e+01	2.7953163e-01
1.3690914e+01	1.9414855e-01
1.3712723e+01	-6.4010688e-02
1.3734532e+01	-9.8964445e-02
1.3756341e+01	5.1309112e-02
1.3778150e+01	4.5291353e-02
1.3799958e+01	-4.6411195e-03
1.3821767e+01	-2.2002057e-01
1.3843576e+01	-8.0681758e-02
1.3865385e+01	-5.5152438e-02
1.3887194e+01	1.7762764e-01
1.3909003e+01	1.6061959e-01
1.3930812e+01	-2.3846855e-02
1.3952621e+01	-7.8234403e-03
1.3974430e+01	-1.0792659e-01
1.3996239e+01	-4.8642408e-03
1.4018048e+01	-6.4968021e-02
1.4039857e+01	1.2209939e-01
1.4061666e+01	8.8558413e-02
1.4083475e+01	-2.5639608e-02
1.4105284e+01	1.8793178e-01
1.4127093e+01	-5.8299904e-02
1.4148901e+01	-1.0649527e-01
1.4170710e+01	1.4228089e-01
1.4192519e+01	4.2282350e-02
1.4214328e+01	-1.9029438e-01
1.4236137e+01	-8.6510515e-02
1.4257946e+01	-1.7285136e-02
1.4279755e+01	3.1483500e-01
1.4301564e+01	3.6383979e-01
1.4323373e+01	7.4005600e-02
1.4345182e+01	-4.1095721e-02
1.4366991e+01	1.1129070e-01
1.4388800e+01	4.6825001e-02
1.4410609e+01	-3.6266202e-02
1.4432418e+01	2.6776360e-02
1.4454227e+01	-1.5430793e-02
1.4476036e+01	3.3596059e-02
1.4497844e+01	1.2663519e-02
1.4519653e+01	-1.6111349e-01
1.4541462e+01	-2.9750281e-02
1.4563271e+01	9.1647189e-02
1.4585080e+01	1.3147104e-01
1.4606889e+01	-6.6661172e-02
1.4628698e+01	-1.1306478e-01
1.4650507e+01	-7.7254581e-02
1.4672316e+01	-1.0222473e-01
1.4694125e+01	8.2609359e-02
1.4715934e+01	-3.8444845e-03
1.4737743e+01	2.7603167e-01
1.4759552e+01	-2.5071238e-02
1.4781361e+01	9.2561760e-02
1.4803170e+01	3.4551587e-01
1.4824979e+01	4.9041529e-01
1.4846787e+01	9.7448848e-01
1.4868596e+01	1.3485528e+00
1.4890405e+01	1.3913866e+00
1.4912214e+01	1.3923733e+00
1.4934023e+01	1.3007062e+00
1.4955832e+01	1.3159067e+00
1.4977641e+01	1.1751622e+00
1.4999450e+01	1.3104859e+00
1.5021259e+01	1.5457723e+00
1.5043068e+01	1.5292628e+00
1.5064877e+01	1.1586036e+00
1.5086686e+01	9.2790923e-01
1.5108495e+01	5.1781794e-01
1.5130304e+01	3.6629212e-01
1.5152113e+01	1.3426099e-01
1.5173922e+01	-2.3760434e-02
1.5195731e+01	-7.4782204e-02
1.5217539e+01	-4.5003935e-02
1.5239348e+01	-1.2184091e-01
1.5261157e+01	-8.0881874e-02
1.5282966e+01	1.5427862e-01
1.5304775e+01	-3.4658325e-02
1.5326584e+01	2.0856496e-02
1.5348393e+01	-1.5700074e-02
1.5370202e+01	2.1011441e-01
1.5392011e+01	1.0942226e-01
1.5413820e+01	-7.8814331e-03
1.5435629e+01	-3.2922358e-02
1.5457438e+01	-1.4920179e-01
1.5479247e+01	-2.4362225e-03
1.5501056e+01	2.4443717e-01
1.5522865e+01	6.6441280e-02
1.5544674e+01	-7.8656186e-02
1.5566482e+01	-8.2087301e-02
1.5588291e+01	-3.6570658e-02
1.5610100e+01	3.5928018e-02
1.5631909e+01	7.2924068e-03
1.5653718e+01	3.3568736e-01
1.5675527e+01	3.3628407e-01
1.5697336e+01	3.2467883e-01
1.5719145e+01	1.4771643e-01
1.5740954e+01	3.9894764e-02
1.5762763e+01	-1.0299186e-01
1.5784572e+01	-1.1570901e-01
1.5806381e+01	-3.5716454e-02
1.5828190e+01	8.8753792e-02
1.5849999e+01	3.1126555e-03
1.5871808e+01	-1.1265293e-01
1.5893617e+01	-1.2809961e-01
1.5915425e+01	1.3230483e-01
1.5937234e+01	9.5534449e-02
1.5959043e+01	4.8945954e-02
1.5980852e+01	9.4138514e-03
1.6002661e+01	-4.2370483e-02
1.6024470e+01	1.8532212e-01
1.6046279e+01	-1.0639044e-01
1.6068088e+01	-1.8460784e-02
1.6089897e+01	1.8135298e-03
1.6111706e+01	-1.3459919e-01
1.6133515e+01	-3.4125014e-02
1.6155324e+01	9.4768509e-02
1.6177133e+01	-4.8996296e-02
1.6198942e+01	6.9493254e-02
1.6220751e+01	2.6068148e-01
1.6242560e+01	-4.3576857e-02
1.6264368e+01	6.8955256e-02
1.6286177e+01	1.7843789e-02
1.6307986e+01	-1.4923545e-01
1.6329795e+01	2.5720986e-02
1.6351604e+01	2.8310193e-01
1.6373413e+01	2.1088543e-01
1.6395222e+01	-1.5303997e-01
1.6417031e+01	-1.5522917e-01
1.6438840e+01	-3.5685827e-02
1.6460649e+01	1.3507060e-01
1.6482458e+01	1.0423756e-01
1.6504267e+01	1.2646486e-01
1.6526076e+01	-1.4681637e-01
1.6547885e+01	-1.2171635e-01
1.6569694e+01	8.6103467e-02
1.6591503e+01	4.8615366e-01
1.6613311e+01	8.2601395e-01
1.6635120e+01	1.0597234e+00
1.6656929e+01	1.0803262e+00
1.6678738e+01	9.4324749e-01
1.6700547e+01	7.5202426e-01
1.6722356e+01	1.0298427e+00
1.6744165e+01	1.3909059e+00
1.6765974e+01	1.6703169e+00
1.6787783e+01	1.8408919e+00
1.6809592e+01	1.8272730e+00
1.6831401e+01	1.6489362e+00
1.6853210e+01	1.2348387e+00
1.6875019e+01	8.9299054e-01
1.6896828e+01	5.2243488e-01
1.6918637e+01	1.2525179e-01
1.6940446e+01	1.1274333e-01
1.6962254e+01	-6.9952166e-03
1.6984063e+01	-1.7973274e-01
1.7005872e+01	-1.2684224e-01
1.7027681e+01	-1.9803657e-02
1.7049490e+01	1.3182696e-01
1.7071299e+01	9.5276158e-02
1.7093108e+01	5.6187831e-02
1.7114917e+01	-3.9483395e-02
1.7136726e+01	-1.1612157e-01
1.7158535e+01	1.7107623e-03
1.7180344e+01	-2.8757428e-02
1.7202153e+01	-6.5860110e-02
1.7223962e+01	5.6561727e-02
1.7245771e+01	6.1469948e-02
1.7267580e+01	-6.2153490e-02
1.7289389e+01	-1.9815790e-02
1.7311198e+01	2.1063127e-02
1.7333006e+01	5.3753325e-02
1.7354815e+01	1.0830598e-02
1.7376624e+01	-5.9455208e-02
1.7398433e+01	6.5251439e-02
1.7420242e+01	5.6503391e-02
1.7442051e+01	-4.3361658e-02
1.7463860e+01	-1.2166901e-01
1.7485669e+01	2.6554815e-02
1.7507478e+01	1.4376759e-02
1.7529287e+01	7.1899296e-02
1.7551096e+01	-3.4212290e-02
1.7572905e+01	4.2819091e-02
1.7594714e+01	-5.8629677e-02
1.7616523e+01	3.3775900e-02
1.7638332e+01	3.1029111e-02
1.7660141e+01	-7.3038403e-02
1.7681949e+01	1.7042789e-03
1.7703758e+01	1.9396255e-02
1.7725567e+01	-1.2963610e-01
1.7747376e+01	1.6170066e-01
1.7769185e+01	8.8998016e-02
1.7790994e+01	1.1122642e-02
1.7812803e+01	-9.1794207e-03
1.7834612e+01	2.4825385e-01
1.7856421e+01	-3.4970895e-02
1.7878230e+01	-1.8712277e-01
1.7900039e+01	-7.6213839e-02
1.7921848e+01	-3.4933755e-02
1.7943657e+01	3.0450862e-02
1.7965466e+01	2.6369239e-02
1.7987275e+01	4.2356030e-02
1.8009084e+01	6.7465832e-03
1.8030892e+01	7.6803122e-02
1.8052701e+01	1.2742038e-01
1.8074510e+01	8.7304414e-02
1.8096319e+01	-1.7274770e-01
1.8118128e+01	-5.1972491e-02
1.8139937e+01	3.8567705e-02
1.8161746e+01	-8.5853586e-02
1.8183555e+01	-9.8128917e-02
1.8205364e+01	1.3395594e-02
1.8227173e+01	2.3817506e-02
1.8248982e+01	1.4808680e-01
1.8270791e+01	9.9487764e-02
1.8292600e+01	-2.9239987e-02
1.8314409e+01	-6.3711712e-02
1.8336218e+01	3.3443395e-02
1.8358027e+01	-1.9678631e-02
1.8379835e+01	-1.1258040e-01
1.8401644e+01	-1.7025710e-01
1.8423453e+01	-1.0785345e-01
1.8445262e+01	1.2038498e-01
1.8467071e+01	2.6261953e-01
1.8488880e+01	1.8015383e-01
1.8510689e+01	1.3535045e-01
1.8532498e+01	1.2136196e-02
1.8554307e+01	-1.0833538e-01
1.8576116e+01	-1.6579845e-01
1.8597925e+01	-7.2104226e-02
1.8619734e+01	1.6522613e-02
1.8641543e+01	1.3108443e-01
1.8663352e+01	1.5140908e-01
1.8685161e+01	1.4211406e-01
1.8706970e+01	1.0960583e-01
1.8728778e+01	7.1837059e-02
1.8750587e+01	3.7645747e-02
1.8772396e+01	-2.3698131e-01
1.8794205e+01	-1.2555092e-01
1.8816014e+01	-8.5271545e-02
1.8837823e+01	-1.0370676e-01
1.8859632e+01	-1.3455513e-01
1.8881441e+01	1.5160643e-01
1.8903250e+01	8.4621020e-02
1.8925059e+01	4.6517397e-02
1.8946868e+01	2.8044916e-01
1.8968677e+01	8.5836656e-02
1.8990486e+01	-8.2585496e-02
1.9012295e+01	-1.0115415e-01
1.9034104e+01	6.8991309e-02
1.9055913e+01	-5.9213947e-02
1.9077721e+01	-5.4096092e-02
1.9099530e+01	-1.9445016e-02
1.9121339e+01	5.3160399e-03
1.9143148e+01	4.5794706e-03
1.9164957e+01	1.8791764e-02
1.9186766e+01	1.5864501e-01
1.9208575e+01	1.6209743e-01
1.9230384e+01	2.7948978e-02
1.9252193e+01	-1.3304504e-01
1.9274002e+01	-2.5314301e-01
1.9295811e+01	-8.5942605e-02
1.9317620e+01	3.3420585e-02
1.9339429e+01	1.1176437e-01
1.9361238e+01	2.2482967e-01
1.9383047e+01	2.0054431e-01
1.9404856e+01	-3.4617136e-02
1.9426665e+01	-9.5777854e-03
1.9448473e+01	-4.3977472e-02
1.9470282e+01	9.1289882e-02
1.9492091e+01	2.0508677e-02
1.9513900e+01	-4.7884743e-02
1.9535709e+01	-9.2394899e-02
1.9557518e+01	-8.8309736e-02
1.9579327e+01	-8.4905687e-02
1.9601136e+01	1.6231914e-01
1.9622945e+01	3.7174505e-03
1.9644754e+01	-1.0654527e-01
1.9666563e+01	-3.8974258e-02
1.9688372e+01	1.0158450e-01
1.9710181e+01	-2.8678434e-02
1.9731990e+01	-7.1607096e-03
1.9753799e+01	6.2446371e-02
1.9775608e+01	1.9845917e-02
1.9797416e+01	-5.4950923e-02
1.9819225e+01	8.3656135e-02
1.9841034e+01	-5.0278474e-02
1.9862843e+01	-6.7084991e-02
1.9884652e+01	8.0359720e-02
1.9906461e+01	1.3490849e-01
1.9928270e+01	3.7186402e-01
1.9950079e+01	5.1923517e-01
1.9971888e+01	3.9044034e-01
1.9993697e+01	1.5041451e-01
2.0015506e+01	-5.3110998e-02
2.0037315e+01	-4.8459314e-02
2.0059124e+01	-2.4316074e-01
2.0080933e+01	-1.2163385e-01
2.0102742e+01	5.6731227e-03
2.0124551e+01	8.8411234e-02
2.0146359e+01	8.7540749e-02
2.0168168e+01	-7.8497339e-02
2.0189977e+01	6.2008959e-02
2.0211786e+01	-9.4932186e-02
2.0233595e+01	-8.5463324e-02
2.0255404e+01	1.0662710e-01
2.0277213e+01	3.2224107e-01
2.0299022e+01	5.7654412e-01
2.0320831e+01	6.4930319e-01
2.0342640e+01	6.9962327e-01
2.0364449e+01	7.0064920e-01
2.0386258e+01	1.9654980e-01
2.0408067e+01	6.7031863e-02
2.0429876e+01	-1.3228576e-01
2.0451685e+01	-6.1370986e-03
2.0473494e+01	1.5993819e-01
2.0495302e+01	4.4025976e-01
2.0517111e+01	7.4679063e-01
2.0538920e+01	6.8572123e-01
2.0560729e+01	5.9353103e-01
2.0582538e+01	5.1359941e-01
2.0604347e+01	1.6136416e-01
2.0626156e+01	3.8872968e-02
2.0647965e+01	-7.9177293e-02
2.0669774e+01	-8.9515895e-02
2.0691583e+01	-1.2052826e-01
2.0713392e+01	-3.3333285e-02
2.0735201e+01	-4.7399438e-02
2.0757010e+01	8.7475308e-02
2.0778819e+01	-8.2962633e-04
2.0800628e+01	-5.6862769e-02
2.0822437e+01	-6.9235032e-02
2.0844245e+01	1.4712656e-01
2.0866054e+01	9.8723612e-03
2.0887863e+01	-1.6261965e-01
2.0909672e+01	-1.0869095e-01
2.0931481e+01	1.2232557e-01
2.0953290e+01	-4.1260197e-02
2.0975099e+01	1.4207748e-01
2.0996908e+01	5.5727806e-01
2.1018717e+01	1.1766160e+00
2.1040526e+01	1.6640652e+00
2.1062335e+01	1.9498695e+00
2.1084144e+01	2.1510368e+00
2.1105953e+01	2.1248459e+00
2.1127762e+01	2.3234458e+00
2.1149571e+01	2.3765972e+00
2.1171380e+01	2.8947431e+00
2.1193188e+01	3.8917163e+00
2.1214997e+01	5.0327058e+00
2.1236806e+01	5.8852063e+00
2.1258615e+01	6.5181057e+00
2.1280424e+01	6.4741380e+00
2.1302233e+01	6.0448309e+00
2.1324042e+01	4.9336754e+00
2.1345851e+01	4.0124333e+00
2.1367660e+01	2.9320565e+00
2.1389469e+01	1.9085349e+00
2.1411278e+01	1.0240893e+00
2.1433087e+01	3.5594565e-01
2.1454896e+01	4.6083740e-02
2.1476705e+01	9.5821213e-02
2.1498514e+01	7.0091371e-01
2.1520323e+01	1.2736069e+00
2.1542132e+01	1.8633184e+00
2.1563940e+01	2.2557318e+00
2.1585749e+01	2.2458628e+00
2.1607558e+01	1.9435580e+00
2.1629367e+01	1.6960841e+00
2.1651176e+01	1.3504026e+00
2.1672985e+01	8.7370212e-01
2.1694794e+01	4.2273139e-01
2.1716603e+01	3.3209600e-01
2.1738412e+01	7.7733403e-02
2.1760221e+01	-7.9624283e-02
2.1782030e+01	-1.4965134e-01
2.1803839e+01	-1.1359928e-01
2.1825648e+01	-8.2317370e-02
2.1847457e+01	4.6852585e-02
2.1869266e+01	2.0549302e-02
2.1891075e+01	-3.1570772e-02
2.1912883e+01	-6.2784074e-03
2.1934692e+01	1.1788637e-01
2.1956501e+01	1.3278258e-01
2.1978310e+01	-9.3788413e-03
2.2000119e+01	6.4221110e-02
2.2021928e+01	-9.1562931e-03
2.2043737e+01	-3.4519463e-02
2.2065546e+01	-1.3134894e-01
2.2087355e+01	-9.5429225e-02
2.2109164e+01	1.2285532e-01
2.2130973e+01	5.9828030e-02
2.2152782e+01	8.3041856e-02
2.2174591e+01	-7.1831858e-02
2.2196400e+01	-4.3348017e-02
2.2218209e+01	1.4379428e-02
2.2240018e+01	1.6307862e-02
2.2261826e+01	3.2715385e-02
2.2283635e+01	4.0021743e-02
2.2305444e+01	-8.8662873e-02
2.2327253e+01	-7.5146361e-02
2.2349062e+01	-2.1455529e-02
2.2370871e+01	8.2900275e-02
2.2392680e+01	7.3391330e-02
2.2414489e+01	-9.3915844e-02
2.2436298e+01	4.6415055e-02
2.2458107e+01	4.1153548e-02
2.2479916e+01	7.2466287e-02
2.2501725e+01	-1.1775453e-01
2.2523534e+01	2.9771844e-02
2.2545343e+01	-1.1239889e-02
2.2567152e+01	-7.0648108e-02
2.2588961e+01	2.3090084e-02
2.2610769e+01	3.8351072e-02
2.2632578e+01	2.3937697e-02
2.2654387e+01	-2.0650119e-02
2.2676196e+01	-1.9695117e-02
2.2698005e+01	-6.2751249e-02
2.2719814e+01	1.5949250e-01
2.2741623e+01	-3.6686640e-02
2.2763432e+01	-1.1515621e-01
2.2785241e+01	1.7944546e-02
2.2807050e+01	9.0118689e-02
2.2828859e+01	6.1865774e-03
2.2850668e+01	9.7589592e-03
2.2872477e+01	-2.8321283e-02
2.2894286e+01	4.0970050e-02
2.2916095e+01	7.4909597e-02
2.2937904e+01	-1.1286440e-01
2.2959712e+01	-3.6081678e-02
2.2981521e+01	-7.7833049e-02
2.3003330e+01	8.2292784e-02
2.3025139e+01	3.4603153e-02
2.3046948e+01	-4.8171129e-02
2.3068757e+01	-7.0626334e-04
2.3090566e+01	9.2307669e-02
2.3112375e+01	9.6875097e-02
2.3134184e+01	-6.1642189e-02
2.3155993e+01	-2.2883686e-02
2.3177802e+01	-2.9422661e-02
2.3199611e+01	1.6063484e-01
2.3221420e+01	2.7550931e-02
2.3243229e+01	-2.5250193e-01
2.3265038e+01	-1.7481975e-01
2.3286847e+01	-2.9117827e-02
2.3308655e+01	4.6501814e-02
2.3330464e+01	9.2993137e-02
2.3352273e+01	2.8739938e-01
2.3374082e+01	7.4234926e-02
2.3395891e+01	-4.0332107e-02
2.3417700e+01	8.3805075e-02
2.3439509e+01	-3.1829378e-03
2.3461318e+01	-7.3714935e-02
2.3483127e+01	3.1165250e-02
2.3504936e+01	5.4856952e-01
2.3526745e+01	8.9578256e-01
2.3548554e+01	9.5727701e-01
2.3570363e+01	1.5022495e+00
2.3592172e+01	1.7839778e+00
2.3613981e+01	1.9998605e+00
2.3635790e+01	2.5635362e+00
2.3657599e+01	2.9716086e+00
2.3679407e+01	3.7559134e+00
2.3701216e+01	4.4295643e+00
2.3723025e+01	5.1810308e+00
2.3744834e+01	5.8215056e+00
2.3766643e+01	6.3864685e+00
2.3788452e+01	7.5109620e+00
2.3810261e+01	8.1742339e+00
2.3832070e+01	8.5065137e+00
2.3853879e+01	8.2082042e+00
2.3875688e+01	7.5623359e+00
2.3897497e+01	6.6923017e+00
2.3919306e+01	5.3649500e+00
2.3941115e+01	4.0604136e+00
2.3962924e+01	3.0643661e+00
2.3984733e+01	2.1095683e+00
2.4006542e+01	1.2051496e+00
2.4028350e+01	6.3540489e-01
2.4050159e+01	3.3395273e-01
2.4071968e+01	9.8521593e-02
2.4093777e+01	3.6978131e-02
2.4115586e+01	-1.2382049e-01
2.4137395e+01	-4.8786664e-02
2.4159204e+01	2.2582441e-01
2.4181013e+01	6.5279166e-02
2.4202822e+01	-8.9367406e-02
2.4224631e+01	-1.3308137e-01
2.4246440e+01	-1.0740620e-01
2.4268249e+01	3.1304514e-02
2.4290058e+01	4.8598168e-02
2.4311867e+01	3.0563087e-03
2.4333676e+01	-1.0626422e-01
2.4355485e+01	-3.7604272e-02
2.4377293e+01	-4.2708332e-03
2.4399102e+01	7.2923991e-02
2.4420911e+01	1.4235727e-01
2.4442720e+01	6.2321897e-02
2.4464529e+01	-1.9314146e-02
2.4486338e+01	7.7579228e-02
2.4508147e+01	3.7053738e-01
2.4529956e+01	4.4527918e-01
2.4551765e+01	4.7281395e-01
2.4573574e+01	6.9274885e-01
2.4595383e+01	8.2810394e-01
2.4617192e+01	7.9505225e-01
2.4639001e+01	9.8597982e-01
2.4660810e+01	5.0135567e-01
2.4682619e+01	9.8458830e-02
2.4704428e+01	9.0102236e-02
2.4726236e+01	-1.7553977e-01
2.4748045e+01	-1.0513793e-01
2.4769854e+01	8.2039280e-02
2.4791663e+01	4.9524728e-02
2.4813472e+01	-1.1989919e-01
2.4835281e+01	-1.7162724e-01
2.4857090e+01	4.1803279e-02
2.4878899e+01	-1.0438104e-02
2.4900708e+01	4.7003264e-02
2.4922517e+01	1.2151960e-01
2.4944326e+01	-1.7109113e-02
2.4966135e+01	-1.7432363e-02
2.4987944e+01	-4.6843837e-02
2.5009753e+01	-7.0842649e-02
2.5031562e+01	1.2021964e-02
2.5053371e+01	4.7814736e-02
2.5075179e+01	3.2747477e-02
2.5096988e+01	6.9100663e-03
2.5118797e+01	1.0535177e-01
2.5140606e+01	-1.2055009e-01
2.5162415e+01	-1.3406992e-01
2.5184224e+01	9.1367001e-02
2.5206033e+01	-8.1057409e-03
2.5227842e+01	3.3608996e-02
2.5249651e+01	1.5028924e-01
2.5271460e+01	-2.8071243e-03
2.5293269e+01	-4.4264400e-02
2.5315078e+01	4.4461541e-02
2.5336887e+01	-4.2972291e-02
2.5358696e+01	-4.4684127e-03
2.5380505e+01	1.7700946e-01
2.5402314e+01	1.4391838e-01
2.5424123e+01	-1.1182289e-01
2.5445931e+01	-2.4461506e-01
2.5467740e+01	-1.1603661e-01
2.5489549e+01	1.4161477e-01
2.5511358e+01	3.5322119e-02
2.5533167e+01	3.5951325e-02
2.5554976e+01	6.1254969e-03
2.5576785e+01	1.3807135e-02
2.5598594e+01	-5.0590956e-03
2.5620403e+01	-1.2975279e-01
2.5642212e+01	4.1465877e-02
2.5664021e+01	4.4616682e-02
2.5685830e+01	-5.0442362e-02
2.5707639e+01	-3.8575884e-02
2.5729448e+01	-6.5870674e-02
2.5751257e+01	-4.3992699e-03
2.5773066e+01	9.2414000e-02
2.5794874e+01	1.9380027e-01
2.5816683e+01	-4.0298279e-02
2.5838492e+01	6.5957550e-02
2.5860301e+01	-1.0179339e-01
2.5882110e+01	-2.4285733e-01
2.5903919e+01	1.0995366e-02
2.5925728e+01	1.6063156e-01
2.5947537e+01	1.9517930e-01
2.5969346e+01	5.1226601e-01
2.5991155e+01	7.5259962e-01
2.6012964e+01	9.7267976e-01
2.6034773e+01	1.2116911e+00
2.6056582e+01	1.1510511e+00
2.6078391e+01	1.0875976e+00
2.6100200e+01	9.7871109e-01
2.6122009e+01	8.0286123e-01
2.6143817e+01	7.0300464e-01
2.6165626e+01	5.9743893e-01
2.6187435e+01	1.5411971e-01
2.6209244e+01	1.2550020e-02
2.6231053e+01	1.2466347e-01
2.6252862e+01	-9.8119803e-02
2.6274671e+01	-2.5277697e-01
2.6296480e+01	-2.3520082e-01
2.6318289e+01	-9.7693264e-02
2.6340098e+01	3.8141802e-02
2.6361907e+01	1.3206432e-03
2.6383716e+01	5.7156514e-02
2.6405525e+01	2.1281571e-01
2.6427334e+01	2.1878416e-01
2.6449143e+01	2.2280892e-01
2.6470952e+01	8.7658434e-02
2.6492760e+01	-1.7942836e-01
2.6514569e+01	-5.5470279e-02
2.6536378e+01	9.6063740e-02
2.6558187e+01	4.1011124e-01
2.6579996e+01	7.0791028e-01
2.6601805e+01	7.7298392e-01
2.6623614e+01	9.1128317e-01
2.6645423e+01	1.0647740e+00
2.6667232e+01	9.8170252e-01
2.6689041e+01	9.7115963e-01
2.6710850e+01	6.8201739e-01
2.6732659e+01	3.5443879e-01
2.6754468e+01	3.8541801e-02
2.6776277e+01	-5.1858101e-03
2.6798086e+01	-1.0003248e-01
2.6819895e+01	-1.0216499e-01
2.6841703e+01	-2.0218199e-01
2.6863512e+01	-9.4678907e-02
2.6885321e+01	1.1809323e-01
2.6907130e+01	4.3560032e-02
2.6928939e+01	1.6864333e-01
2.6950748e+01	1.8815914e-01
2.6972557e+01	1.3677891e-01
2.6994366e+01	-2.4831644e-02
2.7016175e+01	8.8462607e-02
2.7037984e+01	1.8873494e-01
2.7059793e+01	1.0209975e-01
2.7081602e+01	-2.1646624e-01
2.7103411e+01	-2.7278400e-01
2.7125220e+01	-6.8611972e-02
2.7147029e+01	-3.9070821e-02
2.7168838e+01	1.8817041e-01
2.7190646e+01	1.2265040e-01
2.7212455e+01	-1.8943569e-01
2.7234264e+01	-1.6705163e-01
2.7256073e+01	1.1727932e-01
2.7277882e+01	-4.9588791e-02
2.7299691e+01	1.1452891e-01
2.7321500e+01	1.6817466e-01
2.7343309e+01	-6.4767274e-02
2.7365118e+01	1.0079964e-01
2.7386927e+01	-1.3992564e-01
2.7408736e+01	-1.9732470e-01
2.7430545e+01	5.3183935e-02
2.7452354e+01	8.5821930e-03
2.7474163e+01	-7.2482271e-02
2.7495972e+01	4.0757646e-02
2.7517781e+01	4.4700685e-02
2.7539590e+01	4.8047202e-02
2.7561398e+01	1.3707814e-01
2.7583207e+01	4.9461863e-02
2.7605016e+01	-6.8676673e-02
2.7626825e+01	1.6879395e-02
2.7648634e+01	-1.0323931e-01
2.7670443e+01	1.0486750e-01
2.7692252e+01	5.1194615e-01
2.7714061e+01	7.6896361e-01
2.7735870e+01	1.0840975e+00
2.7757679e+01	1.2944284e+00
2.7779488e+01	1.3733510e+00
2.7801297e+01	1.2777658e+00
2.7823106e+01	1.3217885e+00
2.7844915e+01	1.0025747e+00
2.7866724e+01	6.6517503e-01
2.7888533e+01	4.7574903e-01
2.7910341e+01	2.8006127e-01
2.7932150e+01	-5.9269683e-02
2.7953959e+01	6.3012143e-02
2.7975768e+01	4.0464861e-02
2.7997577e+01	3.7872125e-03
2.8019386e+01	-1.0624578e-01
2.8041195e+01	-2.7863128e-02
2.8063004e+01	3.8719429e-02
2.8084813e+01	-2.0202867e-01
2.8106622e+01	-1.0701308e-01
2.8128431e+01	9.3726815e-02
2.8150240e+01	3.8464808e-03
2.8172049e+01	-2.7991147e-02
2.8193858e+01	6.5448853e-02
2.8215667e+01	-8.6701594e-03
2.8237476e+01	1.0419561e-01
2.8259284e+01	3.2239766e-01
2.8281093e+01	3.6192307e-01
2.8302902e+01	1.4971697e-01
2.8324711e+01	6.0756505e-02
2.8346520e+01	-1.9004397e-01
2.8368329e+01	-1.7434799e-01
2.8390138e+01	2.4569642e-02
2.8411947e+01	-9.7033182e-03
2.8433756e+01	8.8547255e-02
2.8455565e+01	1.1445858e-01
2.8477374e+01	5.5646334e-01
2.8499183e+01	6.4200622e-01
2.8520992e+01	9.9352730e-01
2.8542801e+01	1.3680495e+00
2.8564610e+01	1.4733596e+00
2.8586419e+01	1.3480106e+00
2.8608227e+01	1.3026584e+00
2.8630036e+01	9.6256083e-01
2.8651845e+01	6.4654583e-01
2.8673654e+01	4.8123230e-01
2.8695463e+01	1.2740097e-01
2.8717272e+01	-3.7565474e-02
2.8739081e+01	3.1141119e-02
2.8760890e+01	-1.2655179e-03
2.8782699e+01	-1.0851088e-02
2.8804508e+01	-3.3986167e-02
2.8826317e+01	-5.8832008e-02
2.8848126e+01	-9.5258608e-02
2.8869935e+01	-3.7521420e-02
2.8891744e+01	-1.3521391e-01
2.8913553e+01	-9.6977438e-02
2.8935362e+01	8.5470619e-02
2.8957170e+01	1.1192318e-01
2.8978979e+01	9.2215233e-02
2.9000788e+01	5.5576085e-02
2.9022597e+01	7.7319280e-02
2.9044406e+01	1.0487971e-01
2.9066215e+01	2.3870860e-03
2.9088024e+01	-8.4470608e-02
2.9109833e+01	-1.6941185e-01
2.9131642e+01	-1.8441778e-01
2.9153451e+01	1.1486945e-01
2.9175260e+01	7.8239899e-02
2.9197069e+01	-1.6764974e-02
2.9218878e+01	3.6745705e-02
2.9240687e+01	1.0245415e-01
2.9262496e+01	-1.8342299e-02
2.9284305e+01	-5.4538623e-02
2.9306113e+01	1.8256083e-02
2.9327922e+01	4.7260129e-02
2.9349731e+01	-5.6672245e-02
2.9371540e+01	3.8536515e-02
2.9393349e+01	-4.7381497e-02
2.9415158e+01	1.5530767e-02
2.9436967e+01	1.9256154e-02
2.9458776e+01	9.2855971e-02
2.9480585e+01	5.8708245e-02
2.9502394e+01	-1.6980962e-01
2.9524203e+01	-6.3877281e-02
2.9546012e+01	1.2215785e-01
2.9567821e+01	-1.5461883e-02
2.9589630e+01	-1.1292780e-01
2.9611439e+01	-2.1894303e-02
2.9633248e+01	4.2808253e-02
2.9655057e+01	-5.4613236e-02
2.9676865e+01	-6.3473909e-02
2.9698674e+01	-9.4812015e-02
2.9720483e+01	6.9774502e-02
2.9742292e+01	-2.3348205e-02
2.9764101e+01	5.0099374e-02
2.9785910e+01	1.9178045e-01
2.9807719e+01	6.6853192e-02
2.9829528e+01	-1.7297774e-03
2.9851337e+01	-3.0952954e-02
2.9873146e+01	2.1797475e-03
2.9894955e+01	-4.2688432e-02
2.9916764e+01	2.8550220e-01
2.9938573e+01	5.6443168e-01
2.9960382e+01	1.1044339e+00
2.9982191e+01	1.8481406e+00
3.0004000e+01	2.4198582e+00
3.0025808e+01	2.8850144e+00
3.0047617e+01	3.5162638e+00
3.0069426e+01	3.8759861e+00
3.0091235e+01	4.1825297e+00
3.0113044e+01	4.1211374e+00
3.0134853e+01	3.7226806e+00
3.0156662e+01	3.0624592e+00
3.0178471e+01	2.4289735e+00
3.0200280e+01	1.7405573e+00
3.0222089e+01	1.0199442e+00
3.0243898e+01	4.2981374e-01
3.0265707e+01	1.3951453e-01
3.0287516e+01	1.2313504e-02
3.0309325e+01	3.1678229e-02
3.0331134e+01	-4.2049323e-02
3.0352943e+01	-1.3766840e-01
3.0374751e+01	-2.1564822e-01
3.0396560e+01	1.5320383e-01
3.0418369e+01	2.3616961e-01
3.0440178e+01	2.1498542e-02
3.0461987e+01	-7.3714713e-02
3.0483796e+01	7.9277916e-03
3.0505605e+01	-8.2008273e-02
3.0527414e+01	2.1548978e-02
3.0549223e+01	7.3081663e-02
3.0571032e+01	2.2630500e-02
3.0592841e+01	-1.0775105e-01
3.0614650e+01	-9.3414825e-02
3.0636459e+01	-8.7941189e-02
3.0658268e+01	-4.5635994e-02
3.0680077e+01	7.9120940e-02
3.0701886e+01	1.1450402e-02
3.0723694e+01	5.8189496e-02
3.0745503e+01	1.0762440e-01
3.0767312e+01	-1.2362822e-02
3.0789121e+01	1.4982607e-01
3.0810930e+01	1.1450002e-01
3.0832739e+01	1.7993407e-01
3.0854548e+01	1.1273085e-02
3.0876357e+01	-1.4804405e-01
3.0898166e+01	-1.0867447e-01
3.0919975e+01	-1.4785763e-01
3.0941784e+01	1.9413271e-02
3.0963593e+01	1.0105453e-01
3.0985402e+01	1.2819792e-01
3.1007211e+01	6.5550074e-03
3.1029020e+01	-1.5437356e-01
3.1050829e+01	-1.1126224e-01
3.1072637e+01	-8.5799360e-05
3.1094446e+01	8.4415503e-02
3.1116255e+01	-4.1689723e-02
3.1138064e+01	-6.3576539e-02
3.1159873e+01	2.3838048e-02
3.1181682e+01	-2.9731248e-02
3.1203491e+01	-5.8468071e-02
3.1225300e+01	3.1413681e-03
3.1247109e+01	3.8493270e-02
3.1268918e+01	1.1160128e-01
3.1290727e+01	7.1385448e-02
3.1312536e+01	1.5338039e-01
3.1334345e+01	1.0434709e-01
3.1356154e+01	-8.0864864e-02
3.1377963e+01	-8.2735809e-02
3.1399772e+01	-6.0473964e-02
3.1421580e+01	-7.4004061e-02
3.1443389e+01	-1.5978655e-01
3.1465198e+01	-1.0754494e-02
3.1487007e+01	-1.9414834e-02
3.1508816e+01	-4.9345397e-02
3.1530625e+01	1.1418462e-01
3.1552434e+01	2.2810429e-01
3.1574243e+01	3.8864548e-01
3.1596052e+01	5.1641845e-01
3.1617861e+01	5.0334668e-01
3.1639670e+01	4.2034489e-01
3.1661479e+01	4.6227100e-02
3.1683288e+01	-3.7954840e-03
3.1705097e+01	-1.0064532e-01
3.1726906e+01	5.6516479e-02
3.1748715e+01	3.9583238e-01
3.1770524e+01	5.9332341e-01
3.1792332e+01	1.2780928e+00
3.1814141e+01	2.0595900e+00
3.1835950e+01	2.3663946e+00
3.1857759e+01	2.7010062e+00
3.1879568e+01	3.1756374e+00
3.1901377e+01	3.4244057e+00
3.1923186e+01	3.6366397e+00
3.1944995e+01	3.4611549e+00
3.1966804e+01	2.9980039e+00
3.1988613e+01	2.5794123e+00
3.2010422e+01	2.0812356e+00
3.2032231e+01	1.5277164e+00
3.2054040e+01	9.9844129e-01
3.2075849e+01	3.2978376e-01
3.2097658e+01	1.5617841e-01
3.2119467e+01	1.3022342e-01
3.2141275e+01	8.0646513e-02
3.2163084e+01	-1.6374254e-01
3.2184893e+01	-7.0603205e-02
3.2206702e+01	-1.1545394e-01
3.2228511e+01	-1.3614823e-01
3.2250320e+01	2.2676741e-02
3.2272129e+01	1.2650189e-01
3.2293938e+01	-8.3096721e-03
3.2315747e+01	4.1373832e-02
3.2337556e+01	-1.6010514e-01
3.2359365e+01	-1.4363854e-02
3.2381174e+01	1.1250119e-01
3.2402983e+01	3.7836817e-02
3.2424792e+01	1.0334663e-01
3.2446601e+01	-1.3873071e-01
3.2468410e+01	-9.5156585e-02
3.2490218e+01	-4.1743163e-02
3.2512027e+01	3.1060989e-02
3.2533836e+01	2.0037130e-02
3.2555645e+01	2.8426874e-01
3.2577454e+01	1.9256710e-01
3.2599263e+01	6.2485536e-02
3.2621072e+01	-1.8212696e-01
3.2642881e+01	-5.0786339e-03
3.2664690e+01	1.7410313e-01
3.2686499e+01	6.1673010e-02
3.2708308e+01	-7.9951560e-02
3.2730117e+01	-8.2273931e-02
3.2751926e+01	3.8462111e-03
3.2773735e+01	-7.9207319e-03
3.2795544e+01	-5.4737359e-02
3.2817353e+01	-4.4952546e-02
3.2839161e+01	9.9930860e-02
3.2860970e+01	-3.1661613e-03
3.2882779e+01	7.0644084e-02
3.2904588e+01	-3.7373308e-02
3.2926397e+01	-4.3509960e-02
3.2948206e+01	4.1607665e-02
3.2970015e+01	-2.7901160e-02
3.2991824e+01	6.1644019e-03
3.3013633e+01	3.8296255e-03
3.3035442e+01	7.5071656e-02
3.3057251e+01	-2.2960810e-02
3.3079060e+01	-1.0558126e-01
3.3100869e+01	4.8419596e-02
3.3122678e+01	6.0289201e-02
3.3144487e+01	3.2648154e-02
3.3166296e+01	-5.3707608e-02
3.3188104e+01	-1.2941948e-01
3.3209913e+01	-1.6373140e-02
3.3231722e+01	2.1846541e-02
3.3253531e+01	4.8359985e-02
3.3275340e+01	7.3905339e-02
3.3297149e+01	1.5069188e-01
3.3318958e+01	-1.1290850e-02
3.3340767e+01	-8.8665703e-02
3.3362576e+01	-2.2285555e-02
3.3384385e+01	3.4809901e-02
3.3406194e+01	-1.1786736e-02
3.3428003e+01	-1.6924272e-01
3.3449812e+01	-1.2179783e-01
3.3471621e+01	-5.8301475e-02
3.3493430e+01	-3.9944307e-02
3.3515239e+01	6.8259864e-02
3.3537047e+01	1.6067510e-01
3.3558856e+01	-4.4492092e-03
3.3580665e+01	2.8974168e-02
3.3602474e+01	9.4305584e-02
3.3624283e+01	5.4766739e-02
3.3646092e+01	1.5057994e-01
3.3667901e+01	-1.6183653e-02
3.3689710e+01	-6.6105295e-02
3.3711519e+01	-7.0742658e-03
3.3733328e+01	6.2644184e-02
3.3755137e+01	2.4781336e-02
3.3776946e+01	-9.2098925e-02
3.3798755e+01	-5.0348367e-02
3.3820564e+01	-7.1911110e-02
3.3842373e+01	-1.1866957e-01
3.3864182e+01	5.5237447e-02
3.3885991e+01	4.2062576e-02
3.3907799e+01	5.5892897e-02
3.3929608e+01	1.2169505e-01
3.3951417e+01	-3.8865363e-02
3.3973226e+01	-1.3181928e-02
3.3995035e+01	3.0915656e-02
3.4016844e+01	-1.1645034e-01
3.4038653e+01	-1.0750461e-01
3.4060462e+01	-3.8529375e-02
3.4082271e+01	2.1536402e-02
3.4104080e+01	2.6427450e-02
3.4125889e+01	9.0505520e-02
3.4147698e+01	1.6142912e-01
3.4169507e+01	7.9741108e-02
3.4191316e+01	-1.2876422e-01
3.4213125e+01	-1.1681103e-01
3.4234934e+01	5.3005397e-03
3.4256742e+01	6.3310808e-02
3.4278551e+01	-5.5252273e-02
3.4300360e+01	2.7044153e-02
3.4322169e+01	5.0075139e-02
3.4343978e+01	-7.0146946e-02
3.4365787e+01	-5.0443973e-02
3.4387596e+01	4.4419966e-02
3.4409405e+01	-8.1813276e-03
3.4431214e+01	-2.7912214e-02
3.4453023e+01	1.9316349e-02
3.4474832e+01	8.5681208e-02
3.4496641e+01	2.5519302e-03
3.4518450e+01	7.1461512e-02
3.4540259e+01	-4.7064984e-02
3.4562068e+01	-8.5069580e-02
3.4583877e+01	7.0192949e-02
3.4605685e+01	2.5055121e-02
3.4627494e+01	1.1274299e-02
3.4649303e+01	2.0301141e-03
3.4671112e+01	-1.7096587e-01
3.4692921e+01	-1.7565566e-01
3.4714730e+01	1.1990253e-01
3.4736539e+01	1.5506364e-01
3.4758348e+01	-9.3494575e-04
3.4780157e+01	3.3395685e-02
3.4801966e+01	1.6884575e-02
3.4823775e+01	1.2515699e-02
3.4845584e+01	-3.3529488e-02
3.4867393e+01	1.3615314e-01
3.4889202e+01	-7.0446275e-02
3.4911011e+01	-6.4286602e-02
3.4932820e+01	-4.8620967e-02
3.4954628e+01	-7.3424098e-02
3.4976437e+01	-5.4756598e-02
3.4998246e+01	9.9106963e-02
3.5020055e+01	6.8097693e-02
3.5041864e+01	3.4941392e-02
3.5063673e+01	7.1645441e-02
3.5085482e+01	6.3272014e-02
3.5107291e+01	-4.6364729e-02
3.5129100e+01	-3.2706454e-02
3.5150909e+01	-1.8078593e-01
3.5172718e+01	-7.2061312e-02
3.5194527e+01	5.1357376e-02
3.5216336e+01	3.5322723e-02
3.5238145e+01	1.5173969e-02
3.5259954e+01	7.5638532e-02
3.5281763e+01	-3.1151852e-02
3.5303571e+01	3.1760192e-02
3.5325380e+01	4.7396821e-02
3.5347189e+01	-4.0667737e-02
3.5368998e+01	1.4770156e-01
3.5390807e+01	1.2270745e-02
3.5412616e+01	-1.9767555e-01
3.5434425e+01	3.6283130e-02
3.5456234e+01	-2.3893627e-02
3.5478043e+01	-8.8570795e-02
3.5499852e+01	-4.3339476e-02
3.5521661e+01	2.4507254e-02
3.5543470e+01	1.8092364e-02
3.5565279e+01	1.1765267e-02
3.5587088e+01	-3.1746260e-02
3.5608897e+01	1.2067171e-02
3.5630706e+01	6.0435436e-03
3.5652514e+01	1.3031741e-01
3.5674323e+01	2.2481823e-01
3.5696132e+01	6.2700125e-02
3.5717941e+01	2.1837629e-02
3.5739750e+01	1.2242605e-01
3.5761559e+01	-9.2144303e-02
3.5783368e+01	-1.3046294e-01
3.5805177e+01	-3.8625245e-02
3.5826986e+01	2.4066304e-01
3.5848795e+01	1.8960005e-01
3.5870604e+01	-1.4156845e-01
3.5892413e+01	2.6254544e-03
3.5914222e+01	-2.3136473e-02
3.5936031e+01	-8.0428863e-02
3.5957840e+01	-2.9402370e-01
3.5979649e+01	-3.4460538e-01
3.6001458e+01	1.3896746e-01
3.6023266e+01	3.2167106e-01
3.6045075e+01	1.6065547e-01
3.6066884e+01	4.1930472e-02
3.6088693e+01	1.8667898e-01
3.6110502e+01	8.6382809e-02
3.6132311e+01	1.0401108e-01
3.6154120e+01	9.3522380e-03
3.6175929e+01	4.2117855e-02
3.6197738e+01	4.3340334e-02
3.6219547e+01	-1.0053218e-01
3.6241356e+01	-5.1756139e-02
3.6263165e+01	1.6647830e-02
3.6284974e+01	-7.1132734e-03
3.6306783e+01	5.5286901e-02
3.6328592e+01	-7.3334465e-02
3.6350401e+01	-1.2064337e-01
3.6372209e+01	-7.8743780e-02
3.6394018e+01	1.1974629e-02
3.6415827e+01	-1.4086445e-02
3.6437636e+01	-7.3398647e-02
3.6459445e+01	1.0068448e-01
3.6481254e+01	1.8605456e-01
3.6503063e+01	3.2918020e-01
3.6524872e+01	1.2470699e-01
3.6546681e+01	6.3812405e-02
3.6568490e+01	1.4371148e-01
3.6590299e+01	-2.1315690e-04
3.6612108e+01	-1.0105306e-01
3.6633917e+01	-2.4698269e-01
3.6655726e+01	-7.7980323e-02
3.6677535e+01	-1.9145452e-01
3.6699344e+01	-5.4484864e-02
3.6721152e+01	2.4649808e-02
3.6742961e+01	2.5638289e-02
3.6764770e+01	2.0852082e-02
3.6786579e+01	1.2093662e-01
3.6808388e+01	1.0102206e-01
3.6830197e+01	1.7696287e-01
3.6852006e+01	1.6852522e-03
3.6873815e+01	-1.2045740e-02
3.6895624e+01	-1.1757914e-01
3.6917433e+01	4.7534129e-02
3.6939242e+01	2.4239426e-01
3.6961051e+01	5.6657746e-02
3.6982860e+01	1.3469452e-01
3.7004669e+01	4.0436045e-01
3.7026478e+01	3.9956071e-01
3.7048287e+01	5.4173689e-01
3.7070095e+01	5.6587609e-01
3.7091904e+01	-1.4323802e-01
3.7113713e+01	-1.5179903e-01
3.7135522e+01	2.3989471e-03
3.7157331e+01	-8.4922315e-02
3.7179140e+01	-1.0355690e-01
3.7200949e+01	1.0089251e-01
3.7222758e+01	1.9047886e-01
3.7244567e+01	-4.2027262e-02
3.7266376e+01	-4.7700889e-02
3.7288185e+01	5.5132375e-03
3.7309994e+01	-3.2229175e-02
3.7331803e+01	-3.7978885e-02
3.7353612e+01	-9.9667961e-02
3.7375421e+01	-6.1461118e-02
3.7397230e+01	4.9971915e-02
3.7419038e+01	8.8193607e-02
3.7440847e+01	1.8531158e-01
3.7462656e+01	6.2536898e-01
3.7484465e+01	9.6272632e-01
3.7506274e+01	8.8961786e-01
3.7528083e+01	5.8149385e-01
3.7549892e+01	1.1564155e-01
3.7571701e+01	2.8482383e-02
3.7593510e+01	6.7776380e-02
3.7615319e+01	1.3669423e-01
3.7637128e+01	-3.2448411e-02
3.7658937e+01	-3.1018345e-01
3.7680746e+01	-1.8951780e-01
3.7702555e+01	-1.2040992e-01
3.7724364e+01	-2.4421061e-02
3.7746173e+01	-4.5839992e-02
3.7767981e+01	2.5328698e-01
3.7789790e+01	1.0472094e-01
3.7811599e+01	1.7368058e-02
3.7833408e+01	-2.8842520e-02
3.7855217e+01	2.5656778e-01
3.7877026e+01	8.3432360e-02
3.7898835e+01	1.7809163e-01
3.7920644e+01	1.1746944e-01
3.7942453e+01	1.1828374e-01
3.7964262e+01	9.9260030e-02
3.7986071e+01	-5.6869203e-02
3.8007880e+01	4.5365596e-02
3.8029689e+01	-1.6394292e-01
3.8051498e+01	7.2007609e-02
3.8073307e+01	-8.1168793e-02
3.8095116e+01	-1.9497175e-01
3.8116925e+01	-1.9680764e-01
3.8138733e+01	-8.1998822e-02
3.8160542e+01	-4.3958442e-02
3.8182351e+01	-1.6424872e-01
3.8204160e+01	-1.2422919e-01
3.8225969e+01	-7.8293504e-02
3.8247778e+01	2.1319949e-01
3.8269587e+01	1.7178332e-01
3.8291396e+01	2.0951431e-01
3.8313205e+01	2.7674028e-01
3.8335014e+01	1.7434579e-01
3.8356823e+01	1.6323844e-01
3.8378632e+01	1.7031039e-01
3.8400441e+01	8.3191774e-02
3.8422250e+01	1.4094139e-01
3.8444059e+01	7.4081742e-02
3.8465868e+01	-1.6200580e-01
3.8487676e+01	1.4706645e-02
3.8509485e+01	-1.2809493e-01
3.8531294e+01	-1.7933167e-01
3.8553103e+01	-1.6682408e-01
3.8574912e+01	-1.4874996e-01
3.8596721e+01	-9.7090384e-02
3.8618530e+01	8.9286788e-02
3.8640339e+01	1.3264377e-01
3.8662148e+01	1.0613713e-01
3.8683957e+01	-7.2044060e-02
3.8705766e+01	-4.2853752e-02
3.8727575e+01	8.8138155e-02
3.8749384e+01	3.7494610e-02
3.8771193e+01	-3.6503161e-02
3.8793002e+01	-2.5601552e-02
3.8814811e+01	1.5901020e-01
3.8836619e+01	8.6175657e-02
3.8858428e+01	-8.1214890e-02
3.8880237e+01	-1.0488828e-01
3.8902046e+01	-9.5179561e-02
3.8923855e+01	5.2795228e-02
3.8945664e+01	3.2565541e-01
3.8967473e+01	2.1454478e-01
3.8989282e+01	-2.3354569e-02
3.9011091e+01	1.4413831e-02
3.9032900e+01	-2.7343656e-02
3.9054709e+01	-8.9672086e-02
3.9076518e+01	1.7901342e-02
3.9098327e+01	-1.4589383e-01
3.9120136e+01	7.5601640e-02
3.9141945e+01	8.9010299e-03
3.9163754e+01	6.7104269e-03
3.9185562e+01	1.1572777e-01
3.9207371e+01	-5.3195307e-02
3.9229180e+01	-4.2861949e-02
3.9250989e+01	5.5661308e-02
3.9272798e+01	1.4060061e-02
3.9294607e+01	-5.0910537e-02
3.9316416e+01	4.8272000e-02
3.9338225e+01	1.2539661e-01
3.9360034e+01	-8.8234754e-02
3.9381843e+01	3.7582326e-02
3.9403652e+01	8.1851076e-02
3.9425461e+01	4.8832035e-03
3.9447270e+01	-1.0395309e-01
3.9469079e+01	-1.2957611e-01
3.9490888e+01	2.7671694e-02
3.9512697e+01	-1.7579095e-02
3.9534505e+01	-7.5205366e-02
3.9556314e+01	4.8694449e-02
3.9578123e+01	-3.3973655e-02
3.9599932e+01	8.4375453e-02
3.9621741e+01	2.0561675e-01
3.9643550e+01	-9.6502208e-02
3.9665359e+01	-2.8323886e-01
3.9687168e+01	-2.1451122e-01
3.9708977e+01	2.1749201e-01
3.9730786e+01	1.3003145e-01
3.9752595e+01	1.1632635e-01
3.9774404e+01	1.7436077e-01
3.9796213e+01	1.4309214e-01
3.9818022e+01	2.2715099e-03
3.9839831e+01	4.5324538e-02
3.9861640e+01	1.5320529e-01
3.9883449e+01	8.6481857e-02
3.9905257e+01	-1.5556919e-01
3.9927066e+01	-1.5991406e-01
3.9948875e+01	3.8255605e-02
3.9970684e+01	1.7224255e-01
3.9992493e+01	-1.4720926e-01
4.0014302e+01	-1.4144023e-01
4.0036111e+01	-4.3469388e-03
4.0057920e+01	7.3492626e-02
4.0079729e+01	-1.5696983e-01
4.0101538e+01	-1.3230005e-01
4.0123347e+01	4.9803423e-02
4.0145156e+01	-1.0271055e-02
4.0166965e+01	-1.6350463e-02
4.0188774e+01	1.5580223e-01
4.0210583e+01	1.1874857e-01
4.0232392e+01	1.1160122e-01
4.0254200e+01	-1.2467705e-01
4.0276009e+01	1.5503102e-02
4.0297818e+01	1.6195878e-01
4.0319627e+01	4.9974457e-03
4.0341436e+01	-3.0783541e-01
4.0363245e+01	-1.0503262e-01
4.0385054e+01	7.6892185e-02
4.0406863e+01	1.0663019e-01
4.0428672e+01	1.9312708e-01
4.0450481e+01	-1.7764500e-01
4.0472290e+01	2.4959366e-01
4.0494099e+01	-8.8537774e-03
4.0515908e+01	-7.0825756e-02
4.0537717e+01	8.9990794e-03
4.0559526e+01	-6.1675045e-03
4.0581335e+01	1.1330484e-01
4.0603143e+01	1.0947813e-02
4.0624952e+01	-1.1391311e-01
4.0646761e+01	1.2871435e-01
4.0668570e+01	-3.3304633e-02
4.0690379e+01	2.1855080e-02
4.0712188e+01	-4.1040819e-02
4.0733997e+01	1.2328801e-02
4.0755806e+01	1.2366249e-01
4.0777615e+01	3.9422669e-02
4.0799424e+01	-5.7700902e-03
4.0821233e+01	-1.5753353e-01
4.0843042e+01	-1.7723630e-01
4.0864851e+01	-1.1824399e-01
4.0886660e+01	4.8883601e-02
4.0908469e+01	1.0009797e-01
4.0930278e+01	8.8389517e-02
4.0952086e+01	2.8777314e-02
4.0973895e+01	-7.4581690e-03
4.0995704e+01	3.9099410e-02
4.1017513e+01	-2.6540289e-02
4.1039322e+01	1.3220776e-01
4.1061131e+01	4.0690966e-01
4.1082940e+01	-5.3203432e-02
4.1104749e+01	-3.9711498e-03
4.1126558e+01	-2.0050222e-01
4.1148367e+01	7.1685813e-02
4.1170176e+01	2.5521181e-01
4.1191985e+01	1.2015129e-01
4.1213794e+01	3.7952371e-01
4.1235603e+01	-7.5827811e-02
4.1257412e+01	-1.2840462e-01
4.1279221e+01	-5.8315888e-02
4.1301029e+01	5.0937188e-02
4.1322838e+01	3.2286763e-02
4.1344647e+01	3.1878944e-01
4.1366456e+01	1.7083845e-01
4.1388265e+01	-1.9721308e-02
4.1410074e+01	-4.3849273e-03
4.1431883e+01	-1.3082166e-01
4.1453692e+01	7.4961233e-02
4.1475501e+01	-1.5194956e-02
4.1497310e+01	6.3029438e-02
4.1519119e+01	-5.3909897e-02
4.1540928e+01	1.3523179e-01
4.1562737e+01	-4.3277299e-02
4.1584546e+01	-1.6645647e-01
4.1606355e+01	-2.3764904e-01
4.1628164e+01	1.5602214e-01
4.1649972e+01	3.9732386e-01
4.1671781e+01	4.3191960e-01
4.1693590e+01	2.4843721e-01
4.1715399e+01	7.1025131e-01
4.1737208e+01	4.9576093e-01
4.1759017e+01	3.0600826e-03
4.1780826e+01	-9.1853459e-02
4.1802635e+01	1.5529224e-01
4.1824444e+01	3.7551759e-01
4.1846253e+01	6.7401692e-01
4.1868062e+01	7.5867555e-01
4.1889871e+01	2.0178574e-01
4.1911680e+01	4.2889728e-02
4.1933489e+01	-1.1491895e-01
4.1955298e+01	1.6454750e-01
4.1977107e+01	-1.2475669e-01
4.1998916e+01	2.8486761e-02
4.2020724e+01	3.3291523e-02
4.2042533e+01	-1.2665823e-01
4.2064342e+01	2.2841604e-01
4.2086151e+01	3.2528569e-01
4.2107960e+01	-3.2826638e-02
4.2129769e+01	-2.3899858e-01
4.2151578e+01	1.1083831e-02
4.2173387e+01	3.5401415e-01
4.2195196e+01	3.2841622e-01
4.2217005e+01	1.3833226e-01
4.2238814e+01	1.2767145e-01
4.2260623e+01	-8.2636904e-02
4.2282432e+01	-5.2896877e-02
4.2304241e+01	7.8178631e-02
4.2326050e+01	-2.0854460e-01
4.2347859e+01	1.6119358e-01
4.2369667e+01	-2.3755122e-01
4.2391476e+01	-2.2527604e-01
4.2413285e+01	1.3821408e-02
4.2435094e+01	1.4273661e-01
4.2456903e+01	1.4687233e-01
4.2478712e+01	4.8055383e-02
4.2500521e+01	-2.5481859e-02
4.2522330e+01	-1.5292288e-01
4.2544139e+01	2.4246627e-02
4.2565948e+01	3.5538333e-02
4.2587757e+01	1.5114298e-01
4.2609566e+01	2.8637036e-01
4.2631375e+01	1.2393299e-01
4.2653184e+01	5.2200462e-02
4.2674993e+01	1.5224634e-01
4.2696802e+01	-6.3413822e-02
4.2718610e+01	7.3814171e-02
4.2740419e+01	4.7062481e-01
4.2762228e+01	9.9238764e-02
4.2784037e+01	-1.1884726e-01
4.2805846e+01	-1.4167588e-01
4.2827655e+01	-2.0290132e-01
4.2849464e+01	2.1526962e-01
4.2871273e+01	5.0382946e-01
4.2893082e+01	3.9306189e-01
4.2914891e+01	-6.7979068e-02
4.2936700e+01	-1.9120860e-01
4.2958509e+01	1.0215661e-01
4.2980318e+01	-5.0797546e-02
4.3002127e+01	1.6449243e-01
4.3023936e+01	4.1975771e-01
4.3045745e+01	4.0269137e-02
4.3067553e+01	3.8015804e-02
4.3089362e+01	7.2211562e-02
4.3111171e+01	-2.4205258e-01
4.3132980e+01	1.1191012e-01
4.3154789e+01	6.2191843e-02
4.3176598e+01	2.3558453e-02
4.3198407e+01	-1.7456485e-01
4.3220216e+01	6.8932063e-02
4.3242025e+01	-1.5508493e-01
4.3263834e+01	-9.4961363e-02
4.3285643e+01	2.2487564e-01
4.3307452e+01	3.6918304e-01
4.3329261e+01	2.1248184e-01
4.3351070e+01	3.7792773e-01
4.3372879e+01	1.4484588e-02
4.3394688e+01	2.2334508e-02
4.3416496e+01	4.1422180e-01
4.3438305e+01	6.5208529e-01
4.3460114e+01	7.4353667e-01
4.3481923e+01	5.5941952e-01
4.3503732e+01	-3.3201627e-02
4.3525541e+01	3.1600290e-02
4.3547350e+01	1.3600420e-02
4.3569159e+01	-5.4931719e-02
4.3590968e+01	9.8580998e-02
4.3612777e+01	-1.2114879e-01
4.3634586e+01	3.4192313e-03
4.3656395e+01	7.3312650e-01
4.3678204e+01	1.1633856e+00
4.3700013e+01	1.2265973e+00
4.3721822e+01	1.4669380e+00
4.3743631e+01	1.7508055e+00
4.3765439e+01	1.8032834e+00
4.3787248e+01	2.3171433e+00
4.3809057e+01	2.5739387e+00
4.3830866e+01	3.1350194e+00
4.3852675e+01	3.2241010e+00
4.3874484e+01	3.0108490e+00
4.3896293e+01	2.9571761e+00
4.3918102e+01	2.5353539e+00
4.3939911e+01	1.8403511e+00
4.3961720e+01	1.8003292e+00
4.3983529e+01	1.3427399e+00
4.4005338e+01	8.4402083e-01
4.4027147e+01	5.1383856e-01
4.4048956e+01	9.0418737e-02
4.4070765e+01	4.1198589e-01
4.4092574e+01	3.7270862e-01
4.4114383e+01	1.6338621e-01
4.4136191e+01	7.0846932e-02
4.4158000e+01	-2.4892528e-01
4.4179809e+01	-7.2677254e-03
4.4201618e+01	2.9097477e-01
4.4223427e+01	-1.2172862e-01
4.4245236e+01	-1.7342478e-02
4.4267045e+01	-1.0152195e-01
4.4288854e+01	1.3051940e-01
4.4310663e+01	1.8293782e-01
4.4332472e+01	-1.3297481e-01
4.4354281e+01	7.0731569e-02
4.4376090e+01	5.0724368e-02
4.4397899e+01	3.7807448e-02
4.4419708e+01	-4.2236689e-01
4.4441517e+01	5.0835682e-02
4.4463326e+01	1.8490941e-01
4.4485134e+01	9.3693067e-03
4.4506943e+01	-3.6913964e-02
4.4528752e+01	1.4385554e-01
4.4550561e+01	1.4000160e-01
4.4572370e+01	-1.7133615e-01
4.4594179e+01	7.8674776e-02
4.4615988e+01	3.9285036e-02
4.4637797e+01	3.8491582e-01
4.4659606e+01	5.6363155e-01
4.4681415e+01	5.8869622e-01
4.4703224e+01	6.2068545e-01
4.4725033e+01	5.0788520e-01
4.4746842e+01	5.5214012e-01
4.4768651e+01	-4.2949083e-02
4.4790460e+01	4.8744518e-03
4.4812269e+01	-2.2487737e-01
4.4834077e+01	1.3688314e-01
4.4855886e+01	5.0261255e-01
4.4877695e+01	4.6615459e-01
4.4899504e+01	3.1180312e-01
4.4921313e+01	5.3912006e-02
4.4943122e+01	-2.7328557e-02
4.4964931e+01	5.2894348e-01
4.4986740e+01	8.8632851e-01