Image file: \\Gfs05\g45\SAXS\2020_12\HDF5\2020-12.10_Kevin_day2_SN\2020-12-10_Max_Cu123_SN_000017_data_000078.h5
ImageIntegration1d_chi_output; Output_Directory= \\Gfs05\g45\SAXS\2020_12\Processed\2020-12-09_Kevin_day1_SN\Chi-Sample-7
Profile = Radial, StartAzimuth = 0.0, EndAzimuth = 360.0, Sam_Det_distance = 250.818474293, InnerRadius = 15.0, OuterRadius = 2400.0, Lambda = 30, Ratio = 0.001, Itermax = 100
2400
2.0013229e+00	-8.3609877e-03
2.0231319e+00	-2.4278840e-02
2.0449408e+00	1.3328665e-02
2.0667497e+00	7.1526560e-02
2.0885587e+00	3.9936622e-02
2.1103676e+00	-5.0277668e-03
2.1321765e+00	-7.3324640e-02
2.1539855e+00	1.1538337e-02
2.1757944e+00	-1.2826479e-01
2.1976034e+00	2.3579227e-01
2.2194123e+00	2.6343815e-01
2.2412212e+00	-2.6701717e-05
2.2630302e+00	3.1440289e-01
2.2848391e+00	1.1721962e-02
2.3066480e+00	-2.0678578e-01
2.3284570e+00	6.4195007e-03
2.3502659e+00	1.9629463e-02
2.3720749e+00	4.4028200e-02
2.3938838e+00	-3.3010671e-02
2.4156927e+00	6.6423251e-03
2.4375017e+00	1.3688237e-01
2.4593106e+00	-1.5571352e-02
2.4811196e+00	2.0010735e-01
2.5029285e+00	2.8984518e-01
2.5247374e+00	1.2819625e-01
2.5465464e+00	-1.5074800e-01
2.5683553e+00	-3.1694997e-01
2.5901642e+00	-7.1102471e-03
2.6119732e+00	1.4959610e-02
2.6337821e+00	7.2691734e-02
2.6555911e+00	5.8122825e-02
2.6774000e+00	4.9458594e-01
2.6992089e+00	8.1487598e-02
2.7210179e+00	1.6106178e-01
2.7428268e+00	3.8937155e-02
2.7646358e+00	-1.9023798e-01
2.7864447e+00	-8.7632776e-02
2.8082536e+00	1.5212185e-01
2.8300626e+00	1.0937171e-01
2.8518715e+00	-1.7790993e-01
2.8736804e+00	-1.4844277e-01
2.8954894e+00	9.3971768e-02
2.9172983e+00	3.4604426e-01
2.9391073e+00	3.9266965e-01
2.9609162e+00	1.0260582e-01
2.9827251e+00	5.3273940e-02
3.0045341e+00	-4.8617154e-02
3.0263430e+00	-3.0694998e-02
3.0481519e+00	-8.3566156e-02
3.0699609e+00	4.2392323e-02
3.0917698e+00	5.2822561e-02
3.1135788e+00	-1.9445563e-01
3.1353877e+00	-4.1896044e-02
3.1571966e+00	5.5739360e-02
3.1790056e+00	1.4152751e-01
3.2008145e+00	2.5191450e-01
3.2226235e+00	7.0039758e-02
3.2444324e+00	2.4662460e-02
3.2662413e+00	1.1700103e-01
3.2880503e+00	-1.1732252e-01
3.3098592e+00	-2.2022322e-01
3.3316681e+00	-2.9303540e-02
3.3534771e+00	5.3583799e-02
3.3752860e+00	3.8440220e-02
3.3970950e+00	-9.4933959e-04
3.4189039e+00	-4.9783013e-02
3.4407128e+00	-3.3810340e-02
3.4625218e+00	6.9541978e-02
3.4843307e+00	7.1546597e-02
3.5061396e+00	2.0012379e-02
3.5279486e+00	-6.8928623e-03
3.5497575e+00	2.1399504e-02
3.5715665e+00	-1.1283443e-01
3.5933754e+00	7.2759241e-02
3.6151843e+00	1.0911333e-01
3.6369933e+00	-7.6509133e-02
3.6588022e+00	-7.6780863e-02
3.6806112e+00	1.2687532e-01
3.7024201e+00	1.1620555e-02
3.7242290e+00	-2.2916706e-01
3.7460380e+00	-5.4067900e-02
3.7678469e+00	4.1131539e-02
3.7896558e+00	4.7425453e-02
3.8114648e+00	1.1494725e-01
3.8332737e+00	9.7851559e-02
3.8550827e+00	8.8787108e-03
3.8768916e+00	-7.4184150e-02
3.8987005e+00	-1.8679229e-02
3.9205095e+00	-1.5990036e-01
3.9423184e+00	1.2790700e-02
3.9641273e+00	2.4243133e-02
3.9859363e+00	7.2705742e-02
4.0077452e+00	2.4992383e-01
4.0295542e+00	1.1356612e-02
4.0513631e+00	-3.4734921e-02
4.0731720e+00	1.5664950e-01
4.0949810e+00	-8.4762684e-02
4.1167899e+00	4.1535849e-02
4.1385989e+00	-1.5442525e-02
4.1604078e+00	-1.5399654e-01
4.1822167e+00	-1.5312268e-01
4.2040257e+00	-8.5733143e-03
4.2258346e+00	-1.3123792e-02
4.2476435e+00	1.0040996e-01
4.2694525e+00	1.1990600e-01
4.2912614e+00	9.6736398e-02
4.3130704e+00	-3.6861807e-02
4.3348793e+00	1.0528555e-01
4.3566882e+00	1.3202772e-01
4.3784972e+00	-1.9021299e-01
4.4003061e+00	-1.1831171e-01
4.4221151e+00	2.2865844e-02
4.4439240e+00	1.1818349e-01
4.4657329e+00	-1.1711813e-02
4.4875419e+00	-1.6524727e-01
4.5093508e+00	-9.1918164e-02
4.5311597e+00	2.3812243e-01
4.5529687e+00	-2.5650955e-02
4.5747776e+00	2.2999140e-02
4.5965866e+00	1.7488858e-01
4.6183955e+00	1.3927998e-01
4.6402044e+00	-1.2339945e-01
4.6620134e+00	-1.4918591e-01
4.6838223e+00	5.4156485e-02
4.7056312e+00	1.2993344e-01
4.7274402e+00	-6.9736556e-02
4.7492491e+00	-4.6858325e-02
4.7710581e+00	1.5124240e-01
4.7928670e+00	-4.0893801e-02
4.8146759e+00	-4.2015434e-02
4.8364849e+00	7.1104625e-03
4.8582938e+00	3.8167340e-03
4.8801028e+00	-1.1122033e-01
4.9019117e+00	1.8180056e-01
4.9237206e+00	1.7708983e-01
4.9455296e+00	-4.6529853e-02
4.9673385e+00	-1.2877681e-01
4.9891474e+00	-5.6891018e-02
5.0109564e+00	-9.3267015e-02
5.0327653e+00	-5.6248541e-02
5.0545743e+00	1.7455026e-01
5.0763832e+00	1.5416063e-01
5.0981921e+00	-4.0995214e-02
5.1200011e+00	-1.9746343e-02
5.1418100e+00	-5.7866965e-02
5.1636189e+00	-1.6956531e-03
5.1854279e+00	9.2823372e-02
5.2072368e+00	1.5234326e-02
5.2290458e+00	-8.4461394e-02
5.2508547e+00	4.5800047e-02
5.2726636e+00	-5.7774494e-02
5.2944726e+00	5.8917441e-02
5.3162815e+00	1.6367558e-01
5.3380905e+00	-2.4147708e-02
5.3598994e+00	-1.0324068e-01
5.3817083e+00	-9.7328760e-04
5.4035173e+00	-1.1758637e-01
5.4253262e+00	-3.4276378e-02
5.4471351e+00	6.4901587e-02
5.4689441e+00	7.4962326e-02
5.4907530e+00	-1.1163172e-01
5.5125620e+00	6.6490863e-02
5.5343709e+00	9.7009313e-02
5.5561798e+00	-1.6840760e-02
5.5779888e+00	1.3462216e-02
5.5997977e+00	1.5292064e-01
5.6216066e+00	-6.9928786e-02
5.6434156e+00	-2.3557195e-01
5.6652245e+00	-2.5315263e-02
5.6870335e+00	4.1428277e-02
5.7088424e+00	1.8541087e-01
5.7306513e+00	1.2198152e-02
5.7524603e+00	3.4885789e-02
5.7742692e+00	-1.5052473e-03
5.7960782e+00	-5.4854718e-02
5.8178871e+00	-8.1214287e-02
5.8396960e+00	-2.3840693e-02
5.8615050e+00	7.2179083e-02
5.8833139e+00	-2.0365870e-02
5.9051228e+00	-2.0682735e-02
5.9269318e+00	1.2646058e-01
5.9487407e+00	-6.9919984e-03
5.9705497e+00	1.1438140e-01
5.9923586e+00	-1.8375861e-01
6.0141675e+00	-1.3220929e-01
6.0359765e+00	-2.0387703e-02
6.0577854e+00	2.0101196e-01
6.0795944e+00	2.5724950e-01
6.1014033e+00	9.1626106e-02
6.1232122e+00	-1.3856293e-02
6.1450212e+00	-1.2349501e-01
6.1668301e+00	-4.6839972e-02
6.1886390e+00	3.9503239e-02
6.2104480e+00	9.3177506e-03
6.2322569e+00	6.5688567e-02
6.2540659e+00	-9.9302567e-03
6.2758748e+00	2.2048569e-02
6.2976837e+00	6.6271956e-02
6.3194927e+00	1.0599308e-01
6.3413016e+00	-5.5238472e-02
6.3631105e+00	-1.6214732e-01
6.3849195e+00	-2.0620338e-01
6.4067284e+00	-5.5446706e-02
6.4285374e+00	1.2183804e-01
6.4503463e+00	2.1528988e-01
6.4721552e+00	2.0282696e-01
6.4939642e+00	-1.0441032e-01
6.5157731e+00	-3.2614383e-02
6.5375821e+00	8.4200451e-02
6.5593910e+00	6.7650354e-02
6.5811999e+00	2.4565360e-02
6.6030089e+00	-5.5352467e-02
6.6248178e+00	-1.2019925e-01
6.6466267e+00	-1.8050586e-02
6.6684357e+00	-6.5326623e-02
6.6902446e+00	1.1490463e-01
6.7120536e+00	1.5031823e-01
6.7338625e+00	-9.8604937e-02
6.7556714e+00	-5.8856617e-02
6.7774804e+00	-2.3770007e-02
6.7992893e+00	6.3310446e-03
6.8210982e+00	1.6938041e-01
6.8429072e+00	9.3016308e-02
6.8647161e+00	-9.8038750e-02
6.8865251e+00	-1.5336195e-01
6.9083340e+00	8.3042104e-03
6.9301429e+00	6.0232201e-02
6.9519519e+00	1.6270248e-02
6.9737608e+00	9.3197484e-02
6.9955698e+00	1.8576207e-01
7.0173787e+00	-2.3166958e-02
7.0391876e+00	-2.4973065e-01
7.0609966e+00	-9.3587423e-02
7.0828055e+00	-4.2608344e-02
7.1046144e+00	2.0167379e-01
7.1264234e+00	3.3426982e-01
7.1482323e+00	1.6746364e-01
7.1700413e+00	3.4380385e-03
7.1918502e+00	-6.8030418e-02
7.2136591e+00	-8.3430559e-02
7.2354681e+00	-5.0498014e-02
7.2572770e+00	9.0397238e-02
7.2790859e+00	6.1593889e-02
7.3008949e+00	-5.6212154e-02
7.3227038e+00	8.7932726e-02
7.3445128e+00	-6.8825672e-02
7.3663217e+00	-2.8166560e-02
7.3881306e+00	1.3873157e-01
7.4099396e+00	-1.3272536e-02
7.4317485e+00	-7.9359276e-02
7.4535575e+00	1.9515893e-02
7.4753664e+00	1.2539743e-01
7.4971753e+00	1.8624080e-02
7.5189843e+00	-5.4817907e-02
7.5407932e+00	-1.7710539e-01
7.5626021e+00	-7.1825435e-03
7.5844111e+00	2.7353939e-02
7.6062200e+00	1.0667547e-01
7.6280290e+00	-7.6659129e-02
7.6498379e+00	-3.2713670e-01
7.6716468e+00	1.3933478e-01
7.6934558e+00	1.2883791e-01
7.7152647e+00	2.1549185e-01
7.7370737e+00	1.4815894e-01
7.7588826e+00	-4.5280632e-03
7.7806915e+00	-4.3217309e-02
7.8025005e+00	2.9663769e-02
7.8243094e+00	1.2063683e-02
7.8461183e+00	1.6855890e-02
7.8679273e+00	-1.4839237e-01
7.8897362e+00	-1.0092928e-01
7.9115452e+00	5.4142320e-02
7.9333541e+00	1.3166081e-03
7.9551630e+00	-1.3018896e-01
7.9769720e+00	9.2855263e-02
7.9987809e+00	3.2397640e-01
8.0205898e+00	1.4941380e-01
8.0423988e+00	5.2695723e-02
8.0642077e+00	7.1892611e-02
8.0860167e+00	1.4866442e-02
8.1078256e+00	-1.5134792e-01
8.1296345e+00	-2.0673794e-01
8.1514435e+00	8.8503756e-02
8.1732524e+00	1.7946769e-02
8.1950614e+00	4.1505092e-02
8.2168703e+00	9.1348088e-02
8.2386792e+00	-9.0536975e-02
8.2604882e+00	6.2941293e-02
8.2822971e+00	-2.4429144e-02
8.3041060e+00	-7.9984267e-02
8.3259150e+00	-4.9817374e-02
8.3477239e+00	1.9561499e-01
8.3695329e+00	4.0280924e-01
8.3913418e+00	1.8373441e-01
8.4131507e+00	-2.0467514e-02
8.4349597e+00	-1.5942981e-01
8.4567686e+00	-1.0673209e-01
8.4785775e+00	-1.1335574e-01
8.5003865e+00	3.7210382e-02
8.5221954e+00	1.7125971e-01
8.5440044e+00	1.4124221e-01
8.5658133e+00	4.1805755e-02
8.5876222e+00	5.9611619e-02
8.6094312e+00	-2.1539994e-01
8.6312401e+00	2.2840420e-02
8.6530491e+00	1.1349899e-01
8.6748580e+00	6.7266097e-02
8.6966669e+00	5.2432972e-02
8.7184759e+00	-2.6864376e-01
8.7402848e+00	-7.9570323e-02
8.7620937e+00	1.7673783e-01
8.7839027e+00	-4.4487930e-03
8.8057116e+00	-1.5553452e-01
8.8275206e+00	2.0010540e-01
8.8493295e+00	6.0071150e-02
8.8711384e+00	1.9851681e-02
8.8929474e+00	7.3581206e-03
8.9147563e+00	2.5626674e-01
8.9365652e+00	8.7281023e-02
8.9583742e+00	-1.3787010e-01
8.9801831e+00	-8.8414535e-02
9.0019921e+00	-9.8297613e-02
9.0238010e+00	2.4873128e-02
9.0456099e+00	1.6501946e-01
9.0674189e+00	-5.3924219e-02
9.0892278e+00	5.2819541e-02
9.1110368e+00	3.2967210e-01
9.1328457e+00	5.7250332e-02
9.1546546e+00	5.9574461e-02
9.1764636e+00	-1.8875638e-01
9.1982725e+00	-5.5567773e-02
9.2200814e+00	2.8725652e-01
9.2418904e+00	3.0194946e-01
9.2636993e+00	1.3974964e-02
9.2855083e+00	-3.7049169e-03
9.3073172e+00	4.3965152e-02
9.3291261e+00	-7.1036177e-02
9.3509351e+00	2.2999683e-02
9.3727440e+00	1.1326874e-01
9.3945530e+00	1.3373771e-01
9.4163619e+00	-1.7708145e-01
9.4381708e+00	-1.2158849e-01
9.4599798e+00	1.3312851e-01
9.4817887e+00	1.1036525e-01
9.5035976e+00	-4.3591117e-02
9.5254066e+00	-2.3102916e-01
9.5472155e+00	1.3810194e-01
9.5690245e+00	1.2697698e-01
9.5908334e+00	2.8406991e-02
9.6126423e+00	-4.8184386e-02
9.6344513e+00	-1.3056997e-01
9.6562602e+00	-3.4282048e-02
9.6780691e+00	-1.6066870e-01
9.6998781e+00	2.0186605e-01
9.7216870e+00	2.1650768e-02
9.7434960e+00	9.0591878e-02
9.7653049e+00	1.9827929e-01
9.7871138e+00	7.6884207e-02
9.8089228e+00	-4.9960330e-02
9.8307317e+00	-1.2531733e-01
9.8525407e+00	-6.8015067e-02
9.8743496e+00	2.3419291e-02
9.8961585e+00	3.6456725e-01
9.9179675e+00	7.9401138e-02
9.9397764e+00	-1.3216766e-01
9.9615853e+00	2.6572066e-01
9.9833943e+00	1.9443533e-01
1.0005203e+01	5.7688524e-02
1.0027012e+01	1.9735196e-02
1.0048821e+01	-2.2431802e-01
1.0070630e+01	1.6026952e-01
1.0092439e+01	3.2239371e-01
1.0114248e+01	-2.5882761e-02
1.0136057e+01	2.5072197e-01
1.0157866e+01	5.3710490e-01
1.0179675e+01	3.5587579e-01
1.0201484e+01	1.2044990e-02
1.0223293e+01	-1.2686001e-01
1.0245102e+01	-3.1796317e-02
1.0266910e+01	1.0468046e-01
1.0288719e+01	-1.9879806e-01
1.0310528e+01	1.1163265e-02
1.0332337e+01	1.1156592e+00
1.0354146e+01	1.6619890e+00
1.0375955e+01	1.8816873e+00
1.0397764e+01	2.1761735e+00
1.0419573e+01	2.6643048e+00
1.0441382e+01	3.0313379e+00
1.0463191e+01	3.0902800e+00
1.0485000e+01	3.6469206e+00
1.0506809e+01	4.6828152e+00
1.0528618e+01	5.4863951e+00
1.0550427e+01	6.0417778e+00
1.0572236e+01	6.6951328e+00
1.0594045e+01	7.0007893e+00
1.0615853e+01	7.9161858e+00
1.0637662e+01	7.7857758e+00
1.0659471e+01	6.8745437e+00
1.0681280e+01	5.5959749e+00
1.0703089e+01	4.3768648e+00
1.0724898e+01	3.2265399e+00
1.0746707e+01	2.1964225e+00
1.0768516e+01	1.0197141e+00
1.0790325e+01	3.7895814e-01
1.0812134e+01	1.2749397e-01
1.0833943e+01	2.3333592e-01
1.0855752e+01	2.8882244e-02
1.0877561e+01	-2.0276303e-02
1.0899370e+01	-5.6553159e-02
1.0921179e+01	-7.9285465e-02
1.0942988e+01	-2.3331782e-01
1.0964796e+01	1.0308664e-01
1.0986605e+01	1.3636202e-01
1.1008414e+01	1.1267054e-02
1.1030223e+01	2.8927115e-03
1.1052032e+01	6.1243211e-02
1.1073841e+01	7.6288651e-01
1.1095650e+01	9.5618367e-01
1.1117459e+01	1.0780997e+00
1.1139268e+01	1.1649918e+00
1.1161077e+01	1.4031228e+00
1.1182886e+01	1.7582619e+00
1.1204695e+01	2.2091611e+00
1.1226504e+01	2.5567484e+00
1.1248313e+01	2.4899440e+00
1.1270122e+01	1.4700899e+00
1.1291931e+01	9.7165200e-01
1.1313740e+01	2.1651252e-01
1.1335548e+01	1.7272460e-02
1.1357357e+01	-6.8670007e-02
1.1379166e+01	-1.2340794e-01
1.1400975e+01	5.9018139e-02
1.1422784e+01	7.1109122e-02
1.1444593e+01	-3.2565720e-02
1.1466402e+01	-1.0142214e-01
1.1488211e+01	-1.5716803e-01
1.1510020e+01	-7.9979791e-02
1.1531829e+01	2.1675902e-01
1.1553638e+01	1.8013946e-01
1.1575447e+01	1.0448212e-01
1.1597256e+01	1.2737442e-01
1.1619065e+01	1.2171403e-03
1.1640874e+01	-3.4252954e-01
1.1662683e+01	-1.8764995e-01
1.1684491e+01	1.6141524e-01
1.1706300e+01	6.8784322e-02
1.1728109e+01	-3.5139052e-02
1.1749918e+01	-2.1928680e-02
1.1771727e+01	1.4452229e-01
1.1793536e+01	1.5685106e-01
1.1815345e+01	4.9357363e-02
1.1837154e+01	-1.3770940e-01
1.1858963e+01	-2.1998984e-02
1.1880772e+01	-5.1059520e-03
1.1902581e+01	-2.3521671e-03
1.1924390e+01	1.6167648e-01
1.1946199e+01	1.0521737e-01
1.1968008e+01	-9.0913762e-02
1.1989817e+01	-1.2018419e-01
1.2011626e+01	-1.1139304e-01
1.2033434e+01	-3.0459487e-02
1.2055243e+01	5.8370186e-02
1.2077052e+01	-1.4770640e-02
1.2098861e+01	1.5949854e-02
1.2120670e+01	-7.4706629e-03
1.2142479e+01	-1.0778484e-01
1.2164288e+01	1.2391378e-02
1.2186097e+01	1.8677665e-01
1.2207906e+01	2.4104651e-01
1.2229715e+01	3.3157570e-02
1.2251524e+01	2.0431496e-01
1.2273333e+01	1.0640919e-01
1.2295142e+01	-1.0768483e-01
1.2316951e+01	-2.2703699e-01
1.2338760e+01	-5.8912940e-02
1.2360569e+01	2.4120591e-02
1.2382377e+01	-3.7871925e-02
1.2404186e+01	3.4535755e-01
1.2425995e+01	3.7123380e-01
1.2447804e+01	4.9260958e-02
1.2469613e+01	1.1645737e-01
1.2491422e+01	4.9037468e-04
1.2513231e+01	-1.4328933e-01
1.2535040e+01	4.6433597e-02
1.2556849e+01	2.1195673e-01
1.2578658e+01	3.3607444e-01
1.2600467e+01	1.0019879e-02
1.2622276e+01	-5.9301485e-02
1.2644085e+01	-1.1880746e-01
1.2665894e+01	-3.5306696e-02
1.2687703e+01	5.2002444e-03
1.2709512e+01	2.5722502e-01
1.2731320e+01	1.5703328e-01
1.2753129e+01	-8.2611342e-02
1.2774938e+01	2.9709533e-04
1.2796747e+01	-1.0747147e-02
1.2818556e+01	1.0540310e-02
1.2840365e+01	6.2926698e-03
1.2862174e+01	-1.6829845e-01
1.2883983e+01	7.6031210e-02
1.2905792e+01	4.6906793e-02
1.2927601e+01	-2.5786957e-01
1.2949410e+01	6.0720515e-02
1.2971219e+01	7.0353070e-02
1.2993028e+01	1.1723418e-01
1.3014837e+01	1.5934812e-01
1.3036646e+01	1.1635795e-01
1.3058455e+01	3.0114700e-01
1.3080264e+01	4.4256266e-01
1.3102072e+01	6.4872871e-01
1.3123881e+01	-5.8012109e-02
1.3145690e+01	-1.7653712e-01
1.3167499e+01	1.9244545e-02
1.3189308e+01	1.3946629e-01
1.3211117e+01	2.9577480e-01
1.3232926e+01	2.6475748e-01
1.3254735e+01	4.2099971e-01
1.3276544e+01	1.3285815e-01
1.3298353e+01	-3.0813767e-01
1.3320162e+01	-1.4764915e-01
1.3341971e+01	-5.2344464e-02
1.3363780e+01	7.1434877e-01
1.3385589e+01	7.8803517e-01
1.3407398e+01	6.1900032e-01
1.3429207e+01	4.8313184e-01
1.3451015e+01	6.0457918e-01
1.3472824e+01	6.8523554e-01
1.3494633e+01	5.9608692e-01
1.3516442e+01	3.3656427e-01
1.3538251e+01	1.8845929e-01
1.3560060e+01	-3.1161776e-02
1.3581869e+01	-4.5523995e-02
1.3603678e+01	4.6901650e-02
1.3625487e+01	6.0173017e-02
1.3647296e+01	7.5816409e-02
1.3669105e+01	2.4202400e-01
1.3690914e+01	2.9897088e-01
1.3712723e+01	1.7455152e-01
1.3734532e+01	-2.5822047e-01
1.3756341e+01	-1.2146297e-01
1.3778150e+01	-7.0734971e-03
1.3799958e+01	6.0418993e-02
1.3821767e+01	3.5464042e-02
1.3843576e+01	-1.5155961e-02
1.3865385e+01	-2.7032467e-02
1.3887194e+01	-1.2095223e-01
1.3909003e+01	1.3372943e-01
1.3930812e+01	6.8372766e-02
1.3952621e+01	1.2770510e-02
1.3974430e+01	-1.8562084e-01
1.3996239e+01	-6.2335043e-03
1.4018048e+01	2.1338864e-01
1.4039857e+01	-2.4594790e-02
1.4061666e+01	-1.4963205e-02
1.4083475e+01	1.2413519e-01
1.4105284e+01	8.6540441e-02
1.4127093e+01	-8.6846931e-02
1.4148901e+01	-9.7873487e-03
1.4170710e+01	-7.3700685e-02
1.4192519e+01	-8.6615950e-02
1.4214328e+01	9.3866100e-02
1.4236137e+01	1.1722556e-01
1.4257946e+01	-6.1648941e-02
1.4279755e+01	-8.4884823e-02
1.4301564e+01	1.6717920e-02
1.4323373e+01	5.2782433e-02
1.4345182e+01	1.6226031e-02
1.4366991e+01	-8.5279257e-02
1.4388800e+01	-7.3685900e-02
1.4410609e+01	1.2682492e-01
1.4432418e+01	1.2438078e-01
1.4454227e+01	-8.4077551e-02
1.4476036e+01	-8.3476972e-02
1.4497844e+01	5.1232842e-02
1.4519653e+01	1.0742641e-01
1.4541462e+01	-8.3609339e-02
1.4563271e+01	-2.6003553e-02
1.4585080e+01	1.4026922e-01
1.4606889e+01	6.5786035e-03
1.4628698e+01	-8.6574356e-02
1.4650507e+01	-8.3994462e-02
1.4672316e+01	7.4694939e-02
1.4694125e+01	-1.1653050e-02
1.4715934e+01	3.6986144e-02
1.4737743e+01	-1.3453790e-01
1.4759552e+01	-1.2819570e-01
1.4781361e+01	-1.1301131e-01
1.4803170e+01	1.7826126e-01
1.4824979e+01	9.8183829e-02
1.4846787e+01	2.0278405e-01
1.4868596e+01	3.7143627e-01
1.4890405e+01	6.8942783e-01
1.4912214e+01	8.3707752e-01
1.4934023e+01	8.0536909e-01
1.4955832e+01	1.0786923e+00
1.4977641e+01	1.2890159e+00
1.4999450e+01	1.6142847e+00
1.5021259e+01	1.7676974e+00
1.5043068e+01	1.7702047e+00
1.5064877e+01	1.6001015e+00
1.5086686e+01	1.2133374e+00
1.5108495e+01	9.0926133e-01
1.5130304e+01	5.3319293e-01
1.5152113e+01	1.6942099e-01
1.5173922e+01	-4.1729316e-02
1.5195731e+01	-4.6935447e-02
1.5217539e+01	-8.7255537e-02
1.5239348e+01	-7.9455817e-02
1.5261157e+01	-1.8746434e-01
1.5282966e+01	-3.8161042e-02
1.5304775e+01	1.1028493e-01
1.5326584e+01	2.1775081e-01
1.5348393e+01	1.9125562e-01
1.5370202e+01	5.9665256e-02
1.5392011e+01	1.0032141e-01
1.5413820e+01	-3.6724869e-02
1.5435629e+01	-1.1163075e-01
1.5457438e+01	2.1917100e-02
1.5479247e+01	2.8276817e-02
1.5501056e+01	1.0004317e-01
1.5522865e+01	-1.2747422e-01
1.5544674e+01	-1.9819990e-01
1.5566482e+01	-7.3793453e-02
1.5588291e+01	-7.1828121e-03
1.5610100e+01	6.8596432e-02
1.5631909e+01	1.0918881e-01
1.5653718e+01	5.0388431e-02
1.5675527e+01	2.2165548e-02
1.5697336e+01	9.8914785e-03
1.5719145e+01	5.7061925e-02
1.5740954e+01	8.6076570e-02
1.5762763e+01	-5.5332881e-02
1.5784572e+01	-1.1505828e-01
1.5806381e+01	-1.1426960e-01
1.5828190e+01	6.1713233e-02
1.5849999e+01	1.5050810e-01
1.5871808e+01	-6.3442279e-02
1.5893617e+01	-1.5755541e-01
1.5915425e+01	-1.9583550e-02
1.5937234e+01	1.3450080e-01
1.5959043e+01	1.0715536e-01
1.5980852e+01	2.5906875e-02
1.6002661e+01	-8.7272303e-02
1.6024470e+01	-4.7793458e-02
1.6046279e+01	5.6188548e-03
1.6068088e+01	4.5635586e-02
1.6089897e+01	-1.6617259e-02
1.6111706e+01	-1.0056667e-01
1.6133515e+01	-3.5187249e-02
1.6155324e+01	1.6645534e-01
1.6177133e+01	-3.5176294e-02
1.6198942e+01	2.6337965e-02
1.6220751e+01	2.5488130e-02
1.6242560e+01	4.4730288e-02
1.6264368e+01	-4.1000242e-02
1.6286177e+01	-2.3237375e-02
1.6307986e+01	4.6910013e-02
1.6329795e+01	-3.0319988e-02
1.6351604e+01	-3.7992143e-02
1.6373413e+01	9.5467806e-02
1.6395222e+01	-3.5075129e-02
1.6417031e+01	-2.0748727e-02
1.6438840e+01	-7.8595246e-02
1.6460649e+01	1.4507109e-01
1.6482458e+01	1.1044750e-01
1.6504267e+01	-2.0051452e-01
1.6526076e+01	-1.7222849e-01
1.6547885e+01	4.5793850e-02
1.6569694e+01	1.3981766e-01
1.6591503e+01	4.1612901e-02
1.6613311e+01	-2.5951939e-04
1.6635120e+01	-5.2038353e-02
1.6656929e+01	-4.0677710e-02
1.6678738e+01	-1.8972675e-02
1.6700547e+01	5.9507952e-02
1.6722356e+01	4.1198822e-01
1.6744165e+01	4.9647864e-01
1.6765974e+01	5.6094300e-01
1.6787783e+01	5.9097777e-01
1.6809592e+01	5.6954569e-01
1.6831401e+01	5.5082719e-01
1.6853210e+01	1.9747214e-01
1.6875019e+01	6.4269435e-02
1.6896828e+01	2.2263127e-01
1.6918637e+01	-4.2042030e-02
1.6940446e+01	-1.0961407e-01
1.6962254e+01	-1.2603270e-01
1.6984063e+01	-9.4790168e-02
1.7005872e+01	3.9408192e-02
1.7027681e+01	8.6424220e-03
1.7049490e+01	1.1869570e-02
1.7071299e+01	7.4588188e-02
1.7093108e+01	-4.8749400e-03
1.7114917e+01	1.8328317e-03
1.7136726e+01	-2.9916573e-02
1.7158535e+01	-6.4991225e-02
1.7180344e+01	7.0101379e-02
1.7202153e+01	4.7490617e-02
1.7223962e+01	-5.3760875e-02
1.7245771e+01	-1.5147837e-01
1.7267580e+01	6.3195307e-02
1.7289389e+01	1.9597453e-01
1.7311198e+01	1.1904650e-01
1.7333006e+01	-1.1124155e-01
1.7354815e+01	-5.3554057e-02
1.7376624e+01	1.4693537e-01
1.7398433e+01	-3.3869330e-02
1.7420242e+01	-6.8442839e-02
1.7442051e+01	-8.0995295e-03
1.7463860e+01	-6.8024815e-02
1.7485669e+01	2.9895542e-02
1.7507478e+01	2.2714795e-02
1.7529287e+01	5.5169469e-02
1.7551096e+01	3.3917259e-02
1.7572905e+01	-1.0924041e-01
1.7594714e+01	-4.6926839e-02
1.7616523e+01	9.2792780e-02
1.7638332e+01	1.1026788e-01
1.7660141e+01	-1.2188016e-02
1.7681949e+01	-1.8224139e-01
1.7703758e+01	-2.8429373e-03
1.7725567e+01	1.6971350e-02
1.7747376e+01	7.6081089e-02
1.7769185e+01	-2.7414344e-02
1.7790994e+01	4.3843834e-02
1.7812803e+01	6.9141576e-02
1.7834612e+01	-1.5930244e-02
1.7856421e+01	-1.4183669e-01
1.7878230e+01	-1.7259338e-02
1.7900039e+01	4.1020119e-03
1.7921848e+01	9.1421328e-02
1.7943657e+01	1.1214909e-01
1.7965466e+01	-3.9585348e-02
1.7987275e+01	-1.4178475e-01
1.8009084e+01	9.5794985e-02
1.8030892e+01	2.4640999e-02
1.8052701e+01	-3.4984176e-02
1.8074510e+01	-5.3711706e-02
1.8096319e+01	1.9785735e-02
1.8118128e+01	2.3953229e-01
1.8139937e+01	1.2591343e-01
1.8161746e+01	-1.7745904e-01
1.8183555e+01	-7.4897125e-02
1.8205364e+01	2.2144233e-03
1.8227173e+01	2.9969990e-02
1.8248982e+01	3.9533273e-02
1.8270791e+01	9.5370776e-02
1.8292600e+01	3.0394887e-02
1.8314409e+01	-3.1834892e-02
1.8336218e+01	-1.0777831e-01
1.8358027e+01	-1.3961261e-01
1.8379835e+01	4.1883361e-02
1.8401644e+01	-8.0167632e-02
1.8423453e+01	-3.6632359e-02
1.8445262e+01	4.3819272e-02
1.8467071e+01	1.6516578e-01
1.8488880e+01	2.2950742e-01
1.8510689e+01	1.9331410e-01
1.8532498e+01	-5.5982637e-02
1.8554307e+01	-1.7172001e-01
1.8576116e+01	-1.0281570e-01
1.8597925e+01	4.6664548e-02
1.8619734e+01	1.5569494e-01
1.8641543e+01	9.0286879e-02
1.8663352e+01	2.8925797e-01
1.8685161e+01	3.9431747e-01
1.8706970e+01	1.3945944e-01
1.8728778e+01	-6.7482470e-02
1.8750587e+01	-1.1909866e-01
1.8772396e+01	-1.6829056e-01
1.8794205e+01	-1.6815857e-02
1.8816014e+01	9.3076405e-02
1.8837823e+01	-5.7918323e-03
1.8859632e+01	2.5816865e-02
1.8881441e+01	-5.8587264e-02
1.8903250e+01	-1.9004964e-01
1.8925059e+01	2.0868677e-02
1.8946868e+01	1.2708959e-01
1.8968677e+01	8.7781391e-02
1.8990486e+01	1.3878928e-01
1.9012295e+01	1.0194713e-01
1.9034104e+01	2.2791559e-02
1.9055913e+01	-1.4647892e-01
1.9077721e+01	-7.9150193e-02
1.9099530e+01	-6.8690589e-02
1.9121339e+01	1.1798649e-01
1.9143148e+01	-3.7155146e-02
1.9164957e+01	-2.8357792e-02
1.9186766e+01	-5.8991891e-02
1.9208575e+01	-5.4526267e-02
1.9230384e+01	-2.8329888e-02
1.9252193e+01	1.1649250e-02
1.9274002e+01	4.8008399e-03
1.9295811e+01	-5.2788873e-02
1.9317620e+01	9.2846204e-03
1.9339429e+01	2.1361787e-01
1.9361238e+01	1.7352460e-01
1.9383047e+01	9.2500738e-02
1.9404856e+01	3.8727196e-02
1.9426665e+01	5.2269944e-02
1.9448473e+01	-3.2965810e-03
1.9470282e+01	-1.3251746e-01
1.9492091e+01	-1.8898805e-01
1.9513900e+01	-5.9378598e-02
1.9535709e+01	9.0774228e-02
1.9557518e+01	9.1949558e-04
1.9579327e+01	-4.6001065e-02
1.9601136e+01	7.2688675e-02
1.9622945e+01	5.3780597e-02
1.9644754e+01	5.6983021e-02
1.9666563e+01	-4.0980648e-02
1.9688372e+01	-5.6833410e-02
1.9710181e+01	2.5830121e-02
1.9731990e+01	-2.4358779e-02
1.9753799e+01	-1.7314932e-02
1.9775608e+01	-1.7716382e-01
1.9797416e+01	1.2908680e-02
1.9819225e+01	1.5208213e-01
1.9841034e+01	3.3181769e-02
1.9862843e+01	-1.6572243e-02
1.9884652e+01	1.3168822e-02
1.9906461e+01	4.3495699e-03
1.9928270e+01	1.4913466e-01
1.9950079e+01	-8.0983957e-02
1.9971888e+01	-6.1622029e-04
1.9993697e+01	7.6244028e-02
2.0015506e+01	4.8946450e-02
2.0037315e+01	-1.1560061e-02
2.0059124e+01	-9.0900288e-02
2.0080933e+01	3.5817892e-02
2.0102742e+01	1.4349287e-02
2.0124551e+01	7.8162182e-02
2.0146359e+01	-8.0562300e-02
2.0168168e+01	-1.9404457e-01
2.0189977e+01	-1.3972402e-01
2.0211786e+01	-1.2535893e-01
2.0233595e+01	7.7315782e-02
2.0255404e+01	1.4461167e-01
2.0277213e+01	3.4795662e-03
2.0299022e+01	2.5079898e-01
2.0320831e+01	3.5635164e-01
2.0342640e+01	1.6809387e-01
2.0364449e+01	1.2772946e-01
2.0386258e+01	-3.0633900e-02
2.0408067e+01	-5.6955350e-02
2.0429876e+01	-1.4109055e-01
2.0451685e+01	-1.7274021e-01
2.0473494e+01	-4.2161125e-02
2.0495302e+01	1.1715387e-01
2.0517111e+01	1.4991565e-01
2.0538920e+01	8.6454040e-02
2.0560729e+01	1.8555819e-01
2.0582538e+01	1.1053903e-01
2.0604347e+01	2.9590419e-01
2.0626156e+01	3.1693833e-02
2.0647965e+01	-1.5397105e-01
2.0669774e+01	-7.3349687e-02
2.0691583e+01	-8.4715028e-02
2.0713392e+01	-2.5520747e-01
2.0735201e+01	-4.0351933e-02
2.0757010e+01	1.1086856e-01
2.0778819e+01	1.6121242e-01
2.0800628e+01	8.2887328e-02
2.0822437e+01	5.8006532e-02
2.0844245e+01	-7.4534896e-02
2.0866054e+01	-1.6551261e-01
2.0887863e+01	-3.3551213e-02
2.0909672e+01	-4.8550267e-02
2.0931481e+01	6.1442376e-02
2.0953290e+01	8.0939604e-02
2.0975099e+01	1.2023932e-02
2.0996908e+01	3.2859178e-01
2.1018717e+01	5.8642166e-01
2.1040526e+01	8.2299659e-01
2.1062335e+01	1.2226792e+00
2.1084144e+01	1.3221381e+00
2.1105953e+01	1.3438790e+00
2.1127762e+01	1.6608004e+00
2.1149571e+01	2.4852971e+00
2.1171380e+01	3.6167527e+00
2.1193188e+01	5.4897038e+00
2.1214997e+01	7.1761940e+00
2.1236806e+01	8.4854711e+00
2.1258615e+01	9.0891395e+00
2.1280424e+01	8.8763421e+00
2.1302233e+01	8.0371773e+00
2.1324042e+01	6.1829850e+00
2.1345851e+01	4.3384036e+00
2.1367660e+01	2.6655258e+00
2.1389469e+01	1.3776793e+00
2.1411278e+01	6.3913170e-01
2.1433087e+01	1.1456605e-03
2.1454896e+01	-1.7496267e-02
2.1476705e+01	7.1566344e-02
2.1498514e+01	3.7810659e-01
2.1520323e+01	5.4089390e-01
2.1542132e+01	8.8094691e-01
2.1563940e+01	1.2261310e+00
2.1585749e+01	1.3339965e+00
2.1607558e+01	1.0623557e+00
2.1629367e+01	7.2978917e-01
2.1651176e+01	3.6571611e-01
2.1672985e+01	1.8856491e-01
2.1694794e+01	1.0941980e-01
2.1716603e+01	-1.8127424e-01
2.1738412e+01	-4.8713341e-02
2.1760221e+01	-6.3527216e-02
2.1782030e+01	-3.6173400e-02
2.1803839e+01	-7.5133630e-03
2.1825648e+01	8.7555554e-02
2.1847457e+01	-4.4226859e-02
2.1869266e+01	-8.7992171e-02
2.1891075e+01	-5.5348352e-02
2.1912883e+01	2.7258364e-02
2.1934692e+01	1.1166012e-01
2.1956501e+01	6.8890643e-02
2.1978310e+01	4.9202002e-02
2.2000119e+01	-9.8446123e-03
2.2021928e+01	-5.7306066e-02
2.2043737e+01	-1.4534845e-01
2.2065546e+01	-7.1966223e-02
2.2087355e+01	1.5630503e-01
2.2109164e+01	-4.0930874e-02
2.2130973e+01	4.5890016e-02
2.2152782e+01	1.3743237e-01
2.2174591e+01	6.5252513e-02
2.2196400e+01	-5.9354657e-02
2.2218209e+01	1.3200079e-02
2.2240018e+01	-9.6395113e-02
2.2261826e+01	-6.1321043e-02
2.2283635e+01	1.6623354e-02
2.2305444e+01	1.0846655e-02
2.2327253e+01	3.3558751e-02
2.2349062e+01	-6.0324048e-04
2.2370871e+01	-6.3425089e-02
2.2392680e+01	5.0659515e-02
2.2414489e+01	6.4493538e-02
2.2436298e+01	5.5862137e-02
2.2458107e+01	-5.8951705e-02
2.2479916e+01	-2.5360865e-02
2.2501725e+01	1.9552941e-03
2.2523534e+01	-1.2414485e-01
2.2545343e+01	6.0800993e-02
2.2567152e+01	5.8208139e-02
2.2588961e+01	-5.3857681e-02
2.2610769e+01	-3.0474027e-02
2.2632578e+01	7.0580222e-02
2.2654387e+01	1.2421034e-01
2.2676196e+01	1.3442514e-02
2.2698005e+01	-9.7651566e-02
2.2719814e+01	-2.6139234e-02
2.2741623e+01	5.0354941e-02
2.2763432e+01	-6.9329933e-02
2.2785241e+01	-2.8950589e-02
2.2807050e+01	2.6534773e-02
2.2828859e+01	-7.7726673e-02
2.2850668e+01	5.0556801e-02
2.2872477e+01	1.3273140e-01
2.2894286e+01	-1.4405611e-01
2.2916095e+01	4.0036130e-02
2.2937904e+01	1.1537375e-01
2.2959712e+01	-1.0563931e-01
2.2981521e+01	1.0313124e-02
2.3003330e+01	-2.8017710e-02
2.3025139e+01	1.1005339e-01
2.3046948e+01	-1.6222082e-02
2.3068757e+01	-7.2543694e-02
2.3090566e+01	-2.2146795e-02
2.3112375e+01	7.9784943e-02
2.3134184e+01	7.9239471e-02
2.3155993e+01	-5.7356019e-02
2.3177802e+01	2.4811022e-03
2.3199611e+01	2.7503782e-02
2.3221420e+01	-3.6079597e-02
2.3243229e+01	-2.5522195e-02
2.3265038e+01	-1.2294617e-01
2.3286847e+01	-2.1942573e-02
2.3308655e+01	-4.6124096e-03
2.3330464e+01	5.4393125e-02
2.3352273e+01	5.3617375e-02
2.3374082e+01	3.3338760e-02
2.3395891e+01	-2.5658878e-02
2.3417700e+01	9.9611685e-02
2.3439509e+01	-6.5227660e-02
2.3461318e+01	7.0905404e-03
2.3483127e+01	-7.2745501e-02
2.3504936e+01	-6.0804463e-02
2.3526745e+01	9.9478378e-02
2.3548554e+01	4.9334104e-01
2.3570363e+01	7.3149804e-01
2.3592172e+01	6.6647119e-01
2.3613981e+01	8.1998327e-01
2.3635790e+01	1.4410950e+00
2.3657599e+01	2.3754843e+00
2.3679407e+01	3.2812067e+00
2.3701216e+01	4.6535450e+00
2.3723025e+01	6.2549851e+00
2.3744834e+01	7.3804986e+00
2.3766643e+01	8.3797664e+00
2.3788452e+01	9.4693631e+00
2.3810261e+01	9.9782326e+00
2.3832070e+01	9.5272435e+00
2.3853879e+01	8.3579627e+00
2.3875688e+01	7.1300738e+00
2.3897497e+01	5.6384897e+00
2.3919306e+01	4.4348191e+00
2.3941115e+01	3.1101928e+00
2.3962924e+01	2.1739274e+00
2.3984733e+01	1.2419969e+00
2.4006542e+01	8.5405079e-01
2.4028350e+01	4.6871700e-01
2.4050159e+01	1.2433224e-01
2.4071968e+01	-1.8285043e-02
2.4093777e+01	7.3994140e-02
2.4115586e+01	3.2653720e-02
2.4137395e+01	-6.3809580e-02
2.4159204e+01	-1.1370301e-01
2.4181013e+01	-5.6584328e-02
2.4202822e+01	-1.5794241e-01
2.4224631e+01	1.1919345e-01
2.4246440e+01	1.5418066e-01
2.4268249e+01	-4.3716002e-02
2.4290058e+01	-1.0952545e-01
2.4311867e+01	-3.0583042e-02
2.4333676e+01	-1.8375512e-02
2.4355485e+01	2.2530194e-02
2.4377293e+01	3.3660887e-03
2.4399102e+01	9.0160474e-02
2.4420911e+01	-8.2892356e-02
2.4442720e+01	-4.4236388e-03
2.4464529e+01	-3.5324908e-02
2.4486338e+01	-1.8209446e-02
2.4508147e+01	1.8947731e-01
2.4529956e+01	9.8762345e-02
2.4551765e+01	8.8543992e-02
2.4573574e+01	2.3298154e-01
2.4595383e+01	4.5494758e-01
2.4617192e+01	6.1874767e-01
2.4639001e+01	8.5736785e-01
2.4660810e+01	5.8377000e-02
2.4682619e+01	-1.3151100e-01
2.4704428e+01	-6.2783021e-02
2.4726236e+01	-6.1529394e-02
2.4748045e+01	3.3139815e-02
2.4769854e+01	2.2469964e-03
2.4791663e+01	-2.0659500e-02
2.4813472e+01	-1.6404710e-01
2.4835281e+01	-9.6336155e-02
2.4857090e+01	6.3547134e-02
2.4878899e+01	4.3555493e-02
2.4900708e+01	3.6589079e-02
2.4922517e+01	3.8294574e-03
2.4944326e+01	1.2865421e-01
2.4966135e+01	6.3087476e-02
2.4987944e+01	1.6998457e-01
2.5009753e+01	-1.0397990e-01
2.5031562e+01	-8.5755431e-02
2.5053371e+01	-1.5379979e-01
2.5075179e+01	-1.3610158e-01
2.5096988e+01	-5.9454817e-02
2.5118797e+01	1.4279006e-01
2.5140606e+01	1.6004490e-01
2.5162415e+01	-4.1019941e-02
2.5184224e+01	-3.6907726e-02
2.5206033e+01	1.6144199e-01
2.5227842e+01	8.2192384e-03
2.5249651e+01	2.7800174e-02
2.5271460e+01	-3.7880492e-02
2.5293269e+01	3.1899598e-02
2.5315078e+01	5.8758340e-03
2.5336887e+01	6.1342579e-02
2.5358696e+01	-3.4704301e-02
2.5380505e+01	8.8995921e-02
2.5402314e+01	2.1051305e-03
2.5424123e+01	-8.4086560e-02
2.5445931e+01	-1.9969409e-01
2.5467740e+01	-5.9741893e-02
2.5489549e+01	2.2402061e-02
2.5511358e+01	4.2137649e-02
2.5533167e+01	5.3787291e-02
2.5554976e+01	2.3418482e-02
2.5576785e+01	1.0904584e-02
2.5598594e+01	1.3098792e-02
2.5620403e+01	-1.5839314e-04
2.5642212e+01	1.5961191e-01
2.5664021e+01	3.1225865e-02
2.5685830e+01	-7.1992719e-02
2.5707639e+01	-4.0843770e-02
2.5729448e+01	-1.9176791e-01
2.5751257e+01	-1.5929938e-02
2.5773066e+01	5.2121573e-02
2.5794874e+01	-2.8294732e-03
2.5816683e+01	2.8601155e-02
2.5838492e+01	-1.1163133e-02
2.5860301e+01	-6.2535810e-02
2.5882110e+01	9.5743349e-03
2.5903919e+01	8.4216525e-02
2.5925728e+01	2.4384451e-01
2.5947537e+01	5.7811840e-01
2.5969346e+01	8.6975089e-01
2.5991155e+01	1.3640272e+00
2.6012964e+01	1.6989886e+00
2.6034773e+01	2.0991543e+00
2.6056582e+01	2.0697205e+00
2.6078391e+01	1.8851265e+00
2.6100200e+01	1.6695905e+00
2.6122009e+01	1.3166358e+00
2.6143817e+01	9.9685551e-01
2.6165626e+01	5.9658896e-01
2.6187435e+01	4.1078336e-01
2.6209244e+01	1.8803367e-01
2.6231053e+01	9.6834759e-02
2.6252862e+01	-8.5321406e-03
2.6274671e+01	-1.3992250e-01
2.6296480e+01	2.5150272e-02
2.6318289e+01	-1.0801428e-01
2.6340098e+01	-3.3504818e-01
2.6361907e+01	5.1638808e-02
2.6383716e+01	1.7175117e-01
2.6405525e+01	1.0848754e-01
2.6427334e+01	5.2581551e-02
2.6449143e+01	4.1198764e-02
2.6470952e+01	9.1890024e-03
2.6492760e+01	-9.6180911e-02
2.6514569e+01	-1.9725382e-01
2.6536378e+01	-8.9952844e-02
2.6558187e+01	5.6212018e-02
2.6579996e+01	2.9763850e-02
2.6601805e+01	1.2571447e-01
2.6623614e+01	1.2399931e-01
2.6645423e+01	1.2509370e-01
2.6667232e+01	3.9234466e-01
2.6689041e+01	1.4815417e-01
2.6710850e+01	8.9508463e-03
2.6732659e+01	9.0578758e-03
2.6754468e+01	-1.0175031e-01
2.6776277e+01	-1.0233573e-02
2.6798086e+01	-2.6546638e-01
2.6819895e+01	-1.6776647e-01
2.6841703e+01	2.3750297e-02
2.6863512e+01	3.7895218e-02
2.6885321e+01	-3.5015811e-03
2.6907130e+01	2.8450944e-02
2.6928939e+01	1.6766739e-01
2.6950748e+01	2.4279445e-01
2.6972557e+01	2.6246067e-01
2.6994366e+01	7.6082593e-02
2.7016175e+01	3.4391918e-02
2.7037984e+01	8.4279444e-04
2.7059793e+01	-1.3819003e-01
2.7081602e+01	-1.1575386e-01
2.7103411e+01	1.3996211e-02
2.7125220e+01	8.4905364e-02
2.7147029e+01	1.0095134e-01
2.7168838e+01	-7.3540265e-02
2.7190646e+01	-3.2092795e-02
2.7212455e+01	-1.9547068e-01
2.7234264e+01	-1.9720250e-02
2.7256073e+01	2.4536083e-01
2.7277882e+01	9.9608664e-02
2.7299691e+01	-2.6446735e-02
2.7321500e+01	-4.4343643e-02
2.7343309e+01	3.3360582e-02
2.7365118e+01	1.2635108e-01
2.7386927e+01	-6.4963351e-02
2.7408736e+01	3.7251644e-02
2.7430545e+01	2.7904357e-02
2.7452354e+01	-4.4052772e-02
2.7474163e+01	-4.2362114e-02
2.7495972e+01	-1.0043241e-02
2.7517781e+01	-4.1487291e-02
2.7539590e+01	4.0684985e-02
2.7561398e+01	-6.2511894e-02
2.7583207e+01	2.1947514e-02
2.7605016e+01	-6.0751137e-02
2.7626825e+01	-1.2476058e-01
2.7648634e+01	3.1839981e-02
2.7670443e+01	1.3332784e-01
2.7692252e+01	1.3962224e-01
2.7714061e+01	4.6280767e-01
2.7735870e+01	3.9755645e-01
2.7757679e+01	5.2519696e-01
2.7779488e+01	6.5540200e-01
2.7801297e+01	6.0668842e-01
2.7823106e+01	5.6251002e-01
2.7844915e+01	3.2253539e-01
2.7866724e+01	6.1044429e-02
2.7888533e+01	6.2492482e-02
2.7910341e+01	2.7167442e-02
2.7932150e+01	-5.9447212e-02
2.7953959e+01	1.0349593e-02
2.7975768e+01	-2.9738031e-02
2.7997577e+01	-1.0371622e-01
2.8019386e+01	-1.2080550e-01
2.8041195e+01	-1.4938419e-02
2.8063004e+01	1.9165122e-02
2.8084813e+01	2.3232681e-02
2.8106622e+01	-7.4929255e-02
2.8128431e+01	2.8233795e-02
2.8150240e+01	-7.7044471e-02
2.8172049e+01	4.5987923e-02
2.8193858e+01	1.3157769e-01
2.8215667e+01	-6.1900155e-03
2.8237476e+01	1.1696251e-01
2.8259284e+01	1.4601906e-01
2.8281093e+01	-3.9313702e-02
2.8302902e+01	-5.2535319e-02
2.8324711e+01	-1.0984452e-01
2.8346520e+01	-2.5520440e-02
2.8368329e+01	-6.7746951e-02
2.8390138e+01	-1.3802688e-01
2.8411947e+01	-8.2182284e-02
2.8433756e+01	9.8654534e-02
2.8455565e+01	1.2420031e-01
2.8477374e+01	9.1955781e-02
2.8499183e+01	2.9738264e-01
2.8520992e+01	5.2349525e-01
2.8542801e+01	8.0774797e-01
2.8564610e+01	6.7047808e-01
2.8586419e+01	4.6408090e-01
2.8608227e+01	4.9827167e-01
2.8630036e+01	3.8019112e-01
2.8651845e+01	1.7646885e-01
2.8673654e+01	4.8380638e-02
2.8695463e+01	4.6239782e-02
2.8717272e+01	-1.2532517e-02
2.8739081e+01	-2.8695690e-01
2.8760890e+01	6.9973074e-03
2.8782699e+01	3.1246982e-02
2.8804508e+01	-7.3887774e-03
2.8826317e+01	1.1781568e-01
2.8848126e+01	2.1661990e-02
2.8869935e+01	-2.0175485e-01
2.8891744e+01	-1.0246875e-01
2.8913553e+01	1.0069951e-01
2.8935362e+01	8.3219513e-02
2.8957170e+01	-8.1778674e-02
2.8978979e+01	-1.9484567e-02
2.9000788e+01	2.8587898e-02
2.9022597e+01	6.3067696e-02
2.9044406e+01	1.0500357e-02
2.9066215e+01	-4.0788633e-02
2.9088024e+01	-5.1216049e-02
2.9109833e+01	5.5663134e-03
2.9131642e+01	1.5691727e-01
2.9153451e+01	5.0304445e-02
2.9175260e+01	5.8611370e-02
2.9197069e+01	1.7962401e-02
2.9218878e+01	-9.0504518e-02
2.9240687e+01	-6.4736592e-02
2.9262496e+01	-1.0661053e-01
2.9284305e+01	-1.0482167e-01
2.9306113e+01	2.2105913e-01
2.9327922e+01	1.0219178e-01
2.9349731e+01	-2.6688763e-02
2.9371540e+01	1.5812525e-01
2.9393349e+01	7.8756654e-04
2.9415158e+01	-1.1119260e-02
2.9436967e+01	-8.6880881e-02
2.9458776e+01	-2.9007726e-02
2.9480585e+01	-5.5878544e-02
2.9502394e+01	-8.5026804e-02
2.9524203e+01	8.3480081e-02
2.9546012e+01	1.2248757e-01
2.9567821e+01	4.9699400e-02
2.9589630e+01	-1.8750352e-02
2.9611439e+01	1.0023002e-01
2.9633248e+01	1.8666685e-02
2.9655057e+01	-6.2816908e-02
2.9676865e+01	-8.7513820e-02
2.9698674e+01	-2.3611773e-01
2.9720483e+01	-1.1419054e-01
2.9742292e+01	7.4142426e-02
2.9764101e+01	-2.3073991e-02
2.9785910e+01	1.2313810e-01
2.9807719e+01	3.6424103e-02
2.9829528e+01	6.2478517e-02
2.9851337e+01	8.4632860e-03
2.9873146e+01	-7.7983603e-02
2.9894955e+01	1.5207430e-01
2.9916764e+01	4.4976648e-01
2.9938573e+01	8.8223664e-01
2.9960382e+01	1.6550728e+00
2.9982191e+01	2.6423501e+00
3.0004000e+01	3.6366025e+00
3.0025808e+01	4.5075622e+00
3.0047617e+01	5.2233191e+00
3.0069426e+01	5.7719594e+00
3.0091235e+01	6.1745330e+00
3.0113044e+01	6.1573801e+00
3.0134853e+01	5.4568497e+00
3.0156662e+01	4.6606579e+00
3.0178471e+01	3.4972117e+00
3.0200280e+01	2.6117253e+00
3.0222089e+01	1.8020295e+00
3.0243898e+01	1.1011906e+00
3.0265707e+01	5.4251559e-01
3.0287516e+01	1.6157049e-01
3.0309325e+01	1.0437118e-01
3.0331134e+01	3.5900998e-02
3.0352943e+01	-1.2541924e-01
3.0374751e+01	-8.6853006e-02
3.0396560e+01	-4.7888272e-02
3.0418369e+01	-9.4706268e-02
3.0440178e+01	-7.1004555e-02
3.0461987e+01	2.6991880e-02
3.0483796e+01	-8.9287583e-02
3.0505605e+01	1.0307484e-01
3.0527414e+01	8.5004861e-02
3.0549223e+01	1.0860516e-01
3.0571032e+01	-2.6174842e-02
3.0592841e+01	-1.8654415e-01
3.0614650e+01	1.0422908e-01
3.0636459e+01	-9.2531914e-03
3.0658268e+01	-1.4518451e-01
3.0680077e+01	-1.0625133e-01
3.0701886e+01	5.8880257e-02
3.0723694e+01	-1.6136312e-04
3.0745503e+01	4.9956043e-02
3.0767312e+01	1.9535908e-01
3.0789121e+01	1.4939058e-01
3.0810930e+01	1.0897162e-01
3.0832739e+01	1.3450305e-01
3.0854548e+01	-1.2187790e-01
3.0876357e+01	-1.0871487e-01
3.0898166e+01	-7.6603094e-02
3.0919975e+01	9.1770811e-02
3.0941784e+01	-2.5108757e-02
3.0963593e+01	-5.3290175e-02
3.0985402e+01	2.4715510e-02
3.1007211e+01	6.9018016e-02
3.1029020e+01	-1.3803104e-02
3.1050829e+01	-1.2459927e-01
3.1072637e+01	-6.9803263e-02
3.1094446e+01	-9.6561745e-02
3.1116255e+01	6.7398953e-02
3.1138064e+01	1.1531993e-01
3.1159873e+01	6.8246379e-02
3.1181682e+01	-5.8074816e-02
3.1203491e+01	-1.1454595e-01
3.1225300e+01	3.5032969e-02
3.1247109e+01	5.4269277e-03
3.1268918e+01	7.9073313e-02
3.1290727e+01	1.6545595e-01
3.1312536e+01	-4.7840647e-02
3.1334345e+01	-3.8634607e-02
3.1356154e+01	-2.2344985e-02
3.1377963e+01	2.0284934e-01
3.1399772e+01	4.2659712e-02
3.1421580e+01	-2.0857643e-02
3.1443389e+01	-1.9849261e-01
3.1465198e+01	-1.1453542e-01
3.1487007e+01	1.5254409e-01
3.1508816e+01	-8.6983248e-02
3.1530625e+01	-1.8604650e-01
3.1552434e+01	-8.4450612e-02
3.1574243e+01	1.3065196e-01
3.1596052e+01	1.3620344e-01
3.1617861e+01	1.4792540e-01
3.1639670e+01	1.2730598e-01
3.1661479e+01	-6.8588574e-02
3.1683288e+01	-1.1729220e-01
3.1705097e+01	-6.1681020e-02
3.1726906e+01	1.4193738e-01
3.1748715e+01	6.5437893e-01
3.1770524e+01	1.3936103e+00
3.1792332e+01	2.0790181e+00
3.1814141e+01	2.7104640e+00
3.1835950e+01	3.5597545e+00
3.1857759e+01	4.4059154e+00
3.1879568e+01	4.9937351e+00
3.1901377e+01	5.4111854e+00
3.1923186e+01	5.8169849e+00
3.1944995e+01	5.7040431e+00
3.1966804e+01	5.1595307e+00
3.1988613e+01	4.3261623e+00
3.2010422e+01	3.4862865e+00
3.2032231e+01	2.5267229e+00
3.2054040e+01	1.7012302e+00
3.2075849e+01	1.0313870e+00
3.2097658e+01	4.4423190e-01
3.2119467e+01	1.6760349e-01
3.2141275e+01	6.0340228e-02
3.2163084e+01	1.9698332e-02
3.2184893e+01	-9.6374585e-02
3.2206702e+01	-2.0131067e-01
3.2228511e+01	2.4412396e-04
3.2250320e+01	5.7746172e-02
3.2272129e+01	-4.6501274e-02
3.2293938e+01	6.0827779e-02
3.2315747e+01	-8.0875251e-02
3.2337556e+01	7.0204621e-02
3.2359365e+01	9.1962833e-02
3.2381174e+01	-3.2344233e-02
3.2402983e+01	-1.4672183e-01
3.2424792e+01	-1.4659673e-01
3.2446601e+01	7.5635927e-02
3.2468410e+01	1.4710547e-01
3.2490218e+01	1.0002376e-01
3.2512027e+01	-1.7907373e-03
3.2533836e+01	-5.2827163e-02
3.2555645e+01	-1.7954055e-02
3.2577454e+01	-3.5256626e-02
3.2599263e+01	-9.0573172e-02
3.2621072e+01	1.0347558e-01
3.2642881e+01	1.6364668e-01
3.2664690e+01	2.9963530e-02
3.2686499e+01	-6.4665889e-02
3.2708308e+01	-9.2344581e-02
3.2730117e+01	-3.3911519e-02
3.2751926e+01	-1.7731836e-02
3.2773735e+01	5.8538066e-02
3.2795544e+01	3.0219295e-02
3.2817353e+01	9.2120931e-02
3.2839161e+01	-4.6416393e-02
3.2860970e+01	-1.1357949e-01
3.2882779e+01	1.5478408e-02
3.2904588e+01	7.3376866e-02
3.2926397e+01	5.0960769e-02
3.2948206e+01	-3.1432518e-02
3.2970015e+01	-8.2127316e-02
3.2991824e+01	8.2706159e-02
3.3013633e+01	8.2825887e-02
3.3035442e+01	-1.1819466e-01
3.3057251e+01	-1.0817527e-01
3.3079060e+01	3.1167919e-02
3.3100869e+01	1.3505336e-01
3.3122678e+01	3.7326909e-03
3.3144487e+01	-1.5356808e-01
3.3166296e+01	4.2905835e-02
3.3188104e+01	1.4335010e-01
3.3209913e+01	-6.7028853e-02
3.3231722e+01	-4.2125036e-02
3.3253531e+01	3.1629349e-02
3.3275340e+01	-6.5271366e-02
3.3297149e+01	2.1487057e-02
3.3318958e+01	8.5798074e-02
3.3340767e+01	7.2283029e-02
3.3362576e+01	1.1041435e-01
3.3384385e+01	5.0894845e-02
3.3406194e+01	-2.1618679e-01
3.3428003e+01	-1.2401239e-01
3.3449812e+01	-6.4315873e-03
3.3471621e+01	-6.3037434e-02
3.3493430e+01	-1.8441087e-01
3.3515239e+01	-1.1043110e-01
3.3537047e+01	1.0955366e-01
3.3558856e+01	2.9261300e-01
3.3580665e+01	1.9304584e-01
3.3602474e+01	1.3654389e-01
3.3624283e+01	2.5342988e-01
3.3646092e+01	7.5876418e-02
3.3667901e+01	9.0846382e-02
3.3689710e+01	8.5889660e-02
3.3711519e+01	1.8678739e-02
3.3733328e+01	-4.2027564e-02
3.3755137e+01	-4.2683583e-03
3.3776946e+01	-3.6240468e-02
3.3798755e+01	-1.0241364e-01
3.3820564e+01	-2.1055024e-01
3.3842373e+01	2.6456864e-02
3.3864182e+01	1.2300016e-01
3.3885991e+01	9.0721236e-02
3.3907799e+01	-1.3821481e-01
3.3929608e+01	-1.0534063e-01
3.3951417e+01	7.3405179e-02
3.3973226e+01	-9.1773878e-02
3.3995035e+01	1.2005327e-01
3.4016844e+01	2.5987526e-02
3.4038653e+01	2.2386956e-02
3.4060462e+01	-4.9398670e-02
3.4082271e+01	-2.5029543e-02
3.4104080e+01	1.2759817e-01
3.4125889e+01	-3.7110024e-02
3.4147698e+01	-6.9513739e-02
3.4169507e+01	2.7519745e-02
3.4191316e+01	2.7177809e-02
3.4213125e+01	-4.3021236e-02
3.4234934e+01	8.8601696e-03
3.4256742e+01	9.7109987e-03
3.4278551e+01	1.1864866e-03
3.4300360e+01	4.4212847e-02
3.4322169e+01	5.7283809e-02
3.4343978e+01	-3.1749115e-02
3.4365787e+01	-2.5182616e-02
3.4387596e+01	-3.4376727e-02
3.4409405e+01	-9.8388693e-02
3.4431214e+01	2.0856485e-02
3.4453023e+01	5.3204146e-02
3.4474832e+01	4.1764381e-03
3.4496641e+01	8.9472434e-02
3.4518450e+01	6.5213239e-02
3.4540259e+01	-1.3205047e-01
3.4562068e+01	-1.0272142e-01
3.4583877e+01	6.7082184e-02
3.4605685e+01	1.0710794e-01
3.4627494e+01	3.1442746e-02
3.4649303e+01	-9.6782542e-02
3.4671112e+01	-6.7561988e-02
3.4692921e+01	1.7793136e-02
3.4714730e+01	3.0955147e-02
3.4736539e+01	-4.4237164e-02
3.4758348e+01	-1.9487799e-02
3.4780157e+01	1.0696719e-01
3.4801966e+01	-7.3298239e-02
3.4823775e+01	2.0923845e-02
3.4845584e+01	4.5625199e-02
3.4867393e+01	-6.8528439e-03
3.4889202e+01	2.1883403e-02
3.4911011e+01	1.3117759e-02
3.4932820e+01	4.2185787e-02
3.4954628e+01	-6.5643194e-02
3.4976437e+01	1.0415462e-01
3.4998246e+01	-1.7003512e-03
3.5020055e+01	-7.4564026e-02
3.5041864e+01	-1.5163727e-02
3.5063673e+01	-7.7456742e-02
3.5085482e+01	-1.7395407e-02
3.5107291e+01	-7.6935778e-03
3.5129100e+01	6.6891929e-03
3.5150909e+01	5.1447483e-02
3.5172718e+01	6.1089324e-02
3.5194527e+01	-4.1704866e-02
3.5216336e+01	-1.2594259e-01
3.5238145e+01	-5.9298838e-02
3.5259954e+01	9.1296347e-02
3.5281763e+01	1.3387400e-01
3.5303571e+01	9.1587244e-04
3.5325380e+01	-4.8658264e-03
3.5347189e+01	3.0988636e-02
3.5368998e+01	2.3527796e-01
3.5390807e+01	1.5832967e-02
3.5412616e+01	-9.2193842e-02
3.5434425e+01	-6.7014389e-02
3.5456234e+01	1.2373213e-02
3.5478043e+01	2.0579178e-02
3.5499852e+01	-1.1068978e-01
3.5521661e+01	-7.6573953e-02
3.5543470e+01	1.0350830e-02
3.5565279e+01	2.6639773e-02
3.5587088e+01	4.3316792e-02
3.5608897e+01	-5.6012131e-04
3.5630706e+01	-2.7149714e-02
3.5652514e+01	8.5612908e-02
3.5674323e+01	3.0954990e-02
3.5696132e+01	1.1155062e-01
3.5717941e+01	-1.7487911e-02
3.5739750e+01	6.9327072e-02
3.5761559e+01	5.0039619e-02
3.5783368e+01	-4.7351114e-02
3.5805177e+01	-2.2580480e-02
3.5826986e+01	4.8035929e-02
3.5848795e+01	7.1455952e-03
3.5870604e+01	5.8534193e-02
3.5892413e+01	2.5936673e-02
3.5914222e+01	-7.9739920e-02
3.5936031e+01	-2.6228517e-01
3.5957840e+01	-2.1829107e-01
3.5979649e+01	-2.9040075e-01
3.6001458e+01	4.6625973e-02
3.6023266e+01	1.1081833e-01
3.6045075e+01	2.1153402e-01
3.6066884e+01	1.4109656e-01
3.6088693e+01	1.3018411e-01
3.6110502e+01	1.0805827e-01
3.6132311e+01	7.5273769e-02
3.6154120e+01	3.6508443e-02
3.6175929e+01	5.1971203e-02
3.6197738e+01	-4.6450363e-02
3.6219547e+01	-9.3607421e-02
3.6241356e+01	-6.1319407e-02
3.6263165e+01	6.0502185e-02
3.6284974e+01	3.1168315e-02
3.6306783e+01	-4.1195923e-02
3.6328592e+01	-2.1307528e-01
3.6350401e+01	-1.4866395e-01
3.6372209e+01	8.7401375e-02
3.6394018e+01	1.1497535e-01
3.6415827e+01	1.2591307e-01
3.6437636e+01	-2.5528428e-02
3.6459445e+01	-9.0639079e-03
3.6481254e+01	-4.2694839e-02
3.6503063e+01	1.4295508e-01
3.6524872e+01	5.2497688e-02
3.6546681e+01	-1.4017760e-02
3.6568490e+01	8.1427064e-02
3.6590299e+01	-2.7871745e-02
3.6612108e+01	-5.2405381e-02
3.6633917e+01	-1.1072662e-01
3.6655726e+01	-2.1750399e-01
3.6677535e+01	-6.7589319e-02
3.6699344e+01	1.3012654e-02
3.6721152e+01	6.2472708e-02
3.6742961e+01	2.1800584e-01
3.6764770e+01	3.6575739e-01
3.6786579e+01	5.9837424e-01
3.6808388e+01	8.9334010e-01
3.6830197e+01	6.9841747e-01
3.6852006e+01	5.8552278e-01
3.6873815e+01	6.5656351e-01
3.6895624e+01	4.7530270e-01
3.6917433e+01	4.6245035e-01
3.6939242e+01	1.8168025e-01
3.6961051e+01	8.0000506e-02
3.6982860e+01	6.1402703e-02
3.7004669e+01	1.4913213e-01
3.7026478e+01	2.1181732e-01
3.7048287e+01	2.3928534e-01
3.7070095e+01	3.8346411e-01
3.7091904e+01	-2.4599753e-01
3.7113713e+01	-3.0348118e-01
3.7135522e+01	-1.0905354e-01
3.7157331e+01	1.0940876e-01
3.7179140e+01	3.9003896e-01
3.7200949e+01	2.8244490e-01
3.7222758e+01	-6.1449724e-02
3.7244567e+01	-6.6386640e-02
3.7266376e+01	-1.0257379e-01
3.7288185e+01	1.6709529e-01
3.7309994e+01	3.7330924e-02
3.7331803e+01	-7.2165655e-02
3.7353612e+01	-1.3873169e-01
3.7375421e+01	6.1277670e-02
3.7397230e+01	1.7719952e-01
3.7419038e+01	2.4979953e-02
3.7440847e+01	1.5328957e-01
3.7462656e+01	6.0440005e-01
3.7484465e+01	1.0554552e+00
3.7506274e+01	7.0937558e-01
3.7528083e+01	4.2062280e-01
3.7549892e+01	-2.2468581e-02
3.7571701e+01	-9.4148588e-02
3.7593510e+01	8.4590896e-03
3.7615319e+01	-2.5440254e-02
3.7637128e+01	1.4509728e-01
3.7658937e+01	1.6174955e-02
3.7680746e+01	-2.2209174e-02
3.7702555e+01	-6.0973868e-02
3.7724364e+01	-2.6211418e-01
3.7746173e+01	1.4196774e-02
3.7767981e+01	5.2601008e-02
3.7789790e+01	-3.7564554e-02
3.7811599e+01	-7.3440344e-02
3.7833408e+01	1.2994071e-01
3.7855217e+01	9.4452259e-02
3.7877026e+01	3.5853989e-02
3.7898835e+01	7.3621661e-02
3.7920644e+01	1.9690534e-01
3.7942453e+01	2.3990994e-01
3.7964262e+01	1.0434754e-01
3.7986071e+01	-4.8253522e-02
3.8007880e+01	-1.2211017e-01
3.8029689e+01	-1.3408493e-02
3.8051498e+01	-6.0840431e-02
3.8073307e+01	-1.3466043e-01
3.8095116e+01	-1.1512446e-01
3.8116925e+01	6.9697070e-02
3.8138733e+01	3.2892402e-01
3.8160542e+01	4.2401646e-01
3.8182351e+01	7.0524359e-01
3.8204160e+01	1.1097970e+00
3.8225969e+01	1.6264952e+00
3.8247778e+01	1.7700438e+00
3.8269587e+01	1.9332083e+00
3.8291396e+01	2.3340853e+00
3.8313205e+01	2.4113414e+00
3.8335014e+01	2.3011581e+00
3.8356823e+01	2.5103520e+00
3.8378632e+01	2.2736066e+00
3.8400441e+01	1.7631015e+00
3.8422250e+01	1.5659652e+00
3.8444059e+01	1.4454754e+00
3.8465868e+01	1.0767765e+00
3.8487676e+01	4.7923221e-01
3.8509485e+01	1.8088997e-01
3.8531294e+01	3.6191413e-02
3.8553103e+01	5.7604542e-02
3.8574912e+01	3.7090510e-02
3.8596721e+01	-5.5599184e-02
3.8618530e+01	3.0344192e-03
3.8640339e+01	-3.9952976e-02
3.8662148e+01	-1.3137364e-01
3.8683957e+01	4.8159280e-02
3.8705766e+01	-1.8335381e-02
3.8727575e+01	3.8380356e-02
3.8749384e+01	-1.2547591e-01
3.8771193e+01	-3.1546675e-02
3.8793002e+01	4.3934930e-02
3.8814811e+01	-2.6693170e-03
3.8836619e+01	-1.8185715e-02
3.8858428e+01	1.2585286e-02
3.8880237e+01	8.5465868e-02
3.8902046e+01	1.0039066e-01
3.8923855e+01	-5.1601292e-02
3.8945664e+01	-1.9518539e-01
3.8967473e+01	8.9416422e-02
3.8989282e+01	6.8113576e-03
3.9011091e+01	7.7343919e-02
3.9032900e+01	3.2285003e-02
3.9054709e+01	-4.4746139e-02
3.9076518e+01	3.2923972e-02
3.9098327e+01	5.9960726e-02
3.9120136e+01	-9.9121389e-02
3.9141945e+01	-5.2010165e-02
3.9163754e+01	-2.5241624e-02
3.9185562e+01	-9.6299703e-02
3.9207371e+01	1.6494142e-01
3.9229180e+01	7.7345280e-02
3.9250989e+01	-9.1474311e-02
3.9272798e+01	9.8947968e-03
3.9294607e+01	7.8502571e-02
3.9316416e+01	2.3976849e-02
3.9338225e+01	9.2283173e-02
3.9360034e+01	-3.1981589e-02
3.9381843e+01	-1.5470597e-01
3.9403652e+01	1.6799188e-03
3.9425461e+01	3.4394721e-02
3.9447270e+01	4.7929193e-02
3.9469079e+01	1.1001757e-01
3.9490888e+01	-2.7761202e-02
3.9512697e+01	-1.5767826e-01
3.9534505e+01	-1.1774297e-01
3.9556314e+01	-1.4717388e-01
3.9578123e+01	-6.0636910e-02
3.9599932e+01	5.2089679e-02
3.9621741e+01	2.2805034e-01
3.9643550e+01	1.8206592e-01
3.9665359e+01	7.0651745e-02
3.9687168e+01	-6.6066009e-03
3.9708977e+01	3.3201210e-01
3.9730786e+01	6.0203500e-01
3.9752595e+01	8.2415552e-01
3.9774404e+01	7.7138686e-01
3.9796213e+01	7.9727621e-01
3.9818022e+01	1.0066898e+00
3.9839831e+01	9.5824170e-01
3.9861640e+01	7.8771621e-01
3.9883449e+01	6.1757749e-01
3.9905257e+01	3.1471172e-01
3.9927066e+01	1.4849095e-01
3.9948875e+01	1.2637948e-01
3.9970684e+01	1.0603624e-02
3.9992493e+01	2.7986608e-03
4.0014302e+01	-2.1855881e-01
4.0036111e+01	-4.7151304e-02
4.0057920e+01	1.2112891e-01
4.0079729e+01	-1.8989832e-01
4.0101538e+01	-6.3635488e-02
4.0123347e+01	4.9556821e-02
4.0145156e+01	4.3242698e-02
4.0166965e+01	7.6735547e-02
4.0188774e+01	-2.5056530e-02
4.0210583e+01	-8.3303795e-02
4.0232392e+01	-1.5788992e-01
4.0254200e+01	6.6746854e-02
4.0276009e+01	-5.8388062e-03
4.0297818e+01	6.9658836e-03
4.0319627e+01	9.7671076e-02
4.0341436e+01	1.8182018e-01
4.0363245e+01	6.5848823e-02
4.0385054e+01	-2.2315523e-01
4.0406863e+01	-9.1457140e-02
4.0428672e+01	1.7652642e-01
4.0450481e+01	1.1615902e-01
4.0472290e+01	1.1849008e-01
4.0494099e+01	-8.3315692e-02
4.0515908e+01	3.3202193e-02
4.0537717e+01	-1.5994696e-01
4.0559526e+01	-4.3598959e-02
4.0581335e+01	1.4368903e-02
4.0603143e+01	-3.6611013e-02
4.0624952e+01	-6.4844155e-02
4.0646761e+01	-2.1994251e-02
4.0668570e+01	1.7435894e-01
4.0690379e+01	6.1936206e-02
4.0712188e+01	6.7117422e-02
4.0733997e+01	-1.0071592e-01
4.0755806e+01	1.0384485e-01
4.0777615e+01	-3.7750687e-02
4.0799424e+01	6.1517711e-02
4.0821233e+01	6.6084978e-02
4.0843042e+01	-1.4088477e-01
4.0864851e+01	-2.1283695e-01
4.0886660e+01	3.7832029e-02
4.0908469e+01	1.1024834e-01
4.0930278e+01	-1.3477488e-01
4.0952086e+01	-9.9709530e-03
4.0973895e+01	1.6973516e-01
4.0995704e+01	9.7056486e-02
4.1017513e+01	-6.7743972e-02
4.1039322e+01	3.3775370e-02
4.1061131e+01	1.0016175e-01
4.1082940e+01	-6.7245650e-02
4.1104749e+01	-5.5475308e-02
4.1126558e+01	-6.8583674e-02
4.1148367e+01	-8.1125801e-03
4.1170176e+01	1.6460879e-01
4.1191985e+01	-2.4516583e-03
4.1213794e+01	-1.6207236e-02
4.1235603e+01	-1.8684765e-01
4.1257412e+01	6.0423116e-02
4.1279221e+01	2.6949281e-02
4.1301029e+01	4.1871878e-01
4.1322838e+01	1.5493136e-01
4.1344647e+01	1.2457133e-01
4.1366456e+01	-9.8931317e-03
4.1388265e+01	-1.2146158e-02
4.1410074e+01	1.4597651e-01
4.1431883e+01	-1.0823645e-01
4.1453692e+01	-4.2868184e-01
4.1475501e+01	1.8620198e-02
4.1497310e+01	1.0232489e-01
4.1519119e+01	-5.3777490e-02
4.1540928e+01	1.0973414e-01
4.1562737e+01	7.5437894e-02
4.1584546e+01	1.5534775e-01
4.1606355e+01	-2.1447449e-01
4.1628164e+01	1.4653625e-01
4.1649972e+01	-7.5267859e-02
4.1671781e+01	-2.8278998e-01
4.1693590e+01	-6.7184780e-02
4.1715399e+01	1.5287442e-01
4.1737208e+01	7.1438294e-02
4.1759017e+01	1.1878628e-01
4.1780826e+01	2.2973729e-01
4.1802635e+01	1.3276469e-01
4.1824444e+01	3.7208768e-01
4.1846253e+01	3.1100064e-01
4.1868062e+01	3.3091386e-02
4.1889871e+01	-4.3638787e-02
4.1911680e+01	-1.0172702e-01
4.1933489e+01	-1.2587644e-01
4.1955298e+01	4.7153429e-02
4.1977107e+01	-5.0399181e-02
4.1998916e+01	1.4311610e-01
4.2020724e+01	7.5076007e-02
4.2042533e+01	-7.7966397e-02
4.2064342e+01	-1.1602174e-01
4.2086151e+01	1.7145817e-02
4.2107960e+01	6.5246329e-02
4.2129769e+01	-5.9481197e-02
4.2151578e+01	1.6139889e-01
4.2173387e+01	1.5609400e-02
4.2195196e+01	-1.4809250e-01
4.2217005e+01	3.0015334e-01
4.2238814e+01	3.3119442e-01
4.2260623e+01	5.6174560e-02
4.2282432e+01	-1.9258891e-01
4.2304241e+01	-1.7166448e-01
4.2326050e+01	9.4174951e-02
4.2347859e+01	2.8968567e-02
4.2369667e+01	1.9062171e-02
4.2391476e+01	1.1945144e-01
4.2413285e+01	3.6343533e-01
4.2435094e+01	7.3570741e-01
4.2456903e+01	8.2266004e-01
4.2478712e+01	9.9216154e-01
4.2500521e+01	1.0706643e+00
4.2522330e+01	1.3234575e+00
4.2544139e+01	1.4957687e+00
4.2565948e+01	1.4220441e+00
4.2587757e+01	1.6295591e+00
4.2609566e+01	1.5265700e+00
4.2631375e+01	1.2839182e+00
4.2653184e+01	9.4987092e-01
4.2674993e+01	6.2107360e-01
4.2696802e+01	5.3821156e-01
4.2718610e+01	3.5967795e-01
4.2740419e+01	1.1469533e-01
4.2762228e+01	-5.3868402e-02
4.2784037e+01	2.7818876e-02
4.2805846e+01	1.9105039e-01
4.2827655e+01	1.8407705e-01
4.2849464e+01	7.2943557e-02
4.2871273e+01	-3.2993894e-01
4.2893082e+01	-2.1974846e-01
4.2914891e+01	9.5293974e-02
4.2936700e+01	2.2983825e-01
4.2958509e+01	-3.2820952e-02
4.2980318e+01	-1.2138062e-01
4.3002127e+01	7.8386627e-02
4.3023936e+01	-4.1661992e-02
4.3045745e+01	-2.2666356e-02
4.3067553e+01	1.1380674e-01
4.3089362e+01	3.6970845e-01
4.3111171e+01	1.2062625e-01
4.3132980e+01	-5.6775146e-02
4.3154789e+01	-7.0451210e-02
4.3176598e+01	3.3945154e-01
4.3198407e+01	8.4033487e-02
4.3220216e+01	-2.3542965e-01
4.3242025e+01	-8.0681756e-03
4.3263834e+01	-8.8607648e-03
4.3285643e+01	1.6908053e-01
4.3307452e+01	6.7057636e-02
4.3329261e+01	1.7439858e-02
4.3351070e+01	-2.2666422e-02
4.3372879e+01	-9.3935616e-02
4.3394688e+01	-5.6369195e-02
4.3416496e+01	2.1406325e-01
4.3438305e+01	4.9601654e-01
4.3460114e+01	3.8783542e-01
4.3481923e+01	-1.2662577e-01
4.3503732e+01	1.2136960e-01
4.3525541e+01	1.3854886e-01
4.3547350e+01	2.3111347e-01
4.3569159e+01	-3.3413255e-01
4.3590968e+01	-2.0312222e-02
4.3612777e+01	1.8198521e-01
4.3634586e+01	4.3966099e-01
4.3656395e+01	1.0636400e+00
4.3678204e+01	1.6141274e+00
4.3700013e+01	2.0301117e+00
4.3721822e+01	2.3941102e+00
4.3743631e+01	2.5961931e+00
4.3765439e+01	3.1266988e+00
4.3787248e+01	3.2828957e+00
4.3809057e+01	4.1243570e+00
4.3830866e+01	4.4610620e+00
4.3852675e+01	4.6481971e+00
4.3874484e+01	4.3781686e+00
4.3896293e+01	4.2593479e+00
4.3918102e+01	3.8192541e+00
4.3939911e+01	3.0891758e+00
4.3961720e+01	2.4706031e+00
4.3983529e+01	1.3171315e+00
4.4005338e+01	8.8756012e-01
4.4027147e+01	7.9142243e-01
4.4048956e+01	4.0120871e-01
4.4070765e+01	7.3320289e-02
4.4092574e+01	-4.7471050e-02
4.4114383e+01	1.4633678e-01
4.4136191e+01	8.4266263e-03
4.4158000e+01	-2.3020991e-01
4.4179809e+01	-1.6162554e-01
4.4201618e+01	1.3966767e-01
4.4223427e+01	1.4355610e-01
4.4245236e+01	1.0933997e-01
4.4267045e+01	4.0009514e-02
4.4288854e+01	5.5606187e-01
4.4310663e+01	2.6768361e-02
4.4332472e+01	-1.4016509e-02
4.4354281e+01	-8.0784433e-02
4.4376090e+01	1.1587632e-02
4.4397899e+01	-2.0926284e-01
4.4419708e+01	-1.2761679e-01
4.4441517e+01	-1.8137726e-02
4.4463326e+01	4.3477256e-01
4.4485134e+01	-3.4136862e-03
4.4506943e+01	1.8219325e-01
4.4528752e+01	-5.8600303e-02
4.4550561e+01	1.1950458e-01
4.4572370e+01	1.0529963e-01
4.4594179e+01	1.6902997e-02
4.4615988e+01	4.6100751e-01
4.4637797e+01	5.0172306e-01
4.4659606e+01	1.6131401e-01
4.4681415e+01	-3.6294005e-02
4.4703224e+01	4.7555665e-02
4.4725033e+01	1.1440781e-01
4.4746842e+01	-4.2267983e-01
4.4768651e+01	-8.4405215e-02
4.4790460e+01	1.4558301e-01
4.4812269e+01	5.3103434e-01
4.4834077e+01	6.3020817e-01
4.4855886e+01	-6.0100768e-02
4.4877695e+01	8.4222146e-02
4.4899504e+01	5.1168362e-02
4.4921313e+01	-1.6783542e-02
4.4943122e+01	6.9949454e-01
4.4964931e+01	7.7036361e-01
4.4986740e+01	9.0919468e-01