Image file: \\Gfs05\g45\SAXS\2020_12\HDF5\2020-12.10_Kevin_day2_SN\2020-12-10_Max_Cu123_SN_000017_data_000035.h5
ImageIntegration1d_chi_output; Output_Directory= \\Gfs05\g45\SAXS\2020_12\Processed\2020-12-09_Kevin_day1_SN\Chi-Sample-7
Profile = Radial, StartAzimuth = 0.0, EndAzimuth = 360.0, Sam_Det_distance = 250.818474293, InnerRadius = 15.0, OuterRadius = 2400.0, Lambda = 30, Ratio = 0.001, Itermax = 100
2400
2.0013229e+00	-6.4520194e-02
2.0231319e+00	4.0360740e-01
2.0449408e+00	1.5029411e-01
2.0667497e+00	-1.7219069e-01
2.0885587e+00	-5.9946257e-02
2.1103676e+00	7.7858749e-02
2.1321765e+00	3.2156274e-02
2.1539855e+00	-1.3565484e-02
2.1757944e+00	1.3786288e-02
2.1976034e+00	6.6706138e-02
2.2194123e+00	2.7331600e-01
2.2412212e+00	1.4510497e-01
2.2630302e+00	-1.6354607e-01
2.2848391e+00	-6.8677250e-02
2.3066480e+00	2.1716875e-01
2.3284570e+00	-2.7302078e-02
2.3502659e+00	-1.2462970e-01
2.3720749e+00	-2.6500065e-01
2.3938838e+00	8.5451628e-02
2.4156927e+00	4.0605028e-02
2.4375017e+00	-3.5761197e-02
2.4593106e+00	7.6173195e-02
2.4811196e+00	1.4271881e-01
2.5029285e+00	2.5896971e-02
2.5247374e+00	6.1197198e-02
2.5465464e+00	2.2756319e-01
2.5683553e+00	-2.6388318e-01
2.5901642e+00	-1.4384928e-01
2.6119732e+00	1.4560649e-02
2.6337821e+00	5.2907144e-02
2.6555911e+00	5.7446406e-02
2.6774000e+00	-2.9972611e-01
2.6992089e+00	6.9415190e-02
2.7210179e+00	1.1419874e-01
2.7428268e+00	8.9606906e-02
2.7646358e+00	1.3848066e-01
2.7864447e+00	3.4887917e-02
2.8082536e+00	-6.3905691e-02
2.8300626e+00	-1.3243542e-01
2.8518715e+00	4.2311115e-02
2.8736804e+00	1.7325840e-03
2.8954894e+00	-9.9391716e-02
2.9172983e+00	-2.4155162e-02
2.9391073e+00	7.0232573e-02
2.9609162e+00	2.3909238e-01
2.9827251e+00	8.0700479e-02
3.0045341e+00	1.6876752e-02
3.0263430e+00	9.1989775e-02
3.0481519e+00	-1.9660820e-01
3.0699609e+00	-2.3980548e-01
3.0917698e+00	6.2621883e-03
3.1135788e+00	2.2497654e-01
3.1353877e+00	5.7185792e-01
3.1571966e+00	6.7822203e-02
3.1790056e+00	3.3145583e-02
3.2008145e+00	-6.0070967e-02
3.2226235e+00	-4.2064563e-01
3.2444324e+00	8.0005170e-02
3.2662413e+00	1.8631955e-01
3.2880503e+00	1.4012268e-01
3.3098592e+00	-2.5263983e-03
3.3316681e+00	2.1089454e-01
3.3534771e+00	7.5064813e-02
3.3752860e+00	-1.2043208e-01
3.3970950e+00	-1.6025086e-02
3.4189039e+00	-7.7158011e-02
3.4407128e+00	9.7796019e-02
3.4625218e+00	-1.6456168e-01
3.4843307e+00	6.1022029e-02
3.5061396e+00	1.1289255e-01
3.5279486e+00	-2.0682077e-01
3.5497575e+00	-5.3763922e-02
3.5715665e+00	1.9146209e-01
3.5933754e+00	5.2807711e-03
3.6151843e+00	1.3955878e-01
3.6369933e+00	-3.8781983e-02
3.6588022e+00	-1.6399875e-02
3.6806112e+00	-1.0546221e-01
3.7024201e+00	-1.2644413e-01
3.7242290e+00	2.8063001e-03
3.7460380e+00	-2.2340410e-04
3.7678469e+00	1.8019188e-01
3.7896558e+00	2.8456870e-01
3.8114648e+00	3.4400547e-02
3.8332737e+00	-6.8056835e-02
3.8550827e+00	9.4295751e-03
3.8768916e+00	-4.6364188e-02
3.8987005e+00	-1.4372484e-01
3.9205095e+00	-1.0159628e-01
3.9423184e+00	9.0265251e-02
3.9641273e+00	9.8496733e-02
3.9859363e+00	2.9217198e-02
4.0077452e+00	3.7846062e-03
4.0295542e+00	1.2051295e-01
4.0513631e+00	3.8409326e-01
4.0731720e+00	2.7990199e-01
4.0949810e+00	-9.2648709e-02
4.1167899e+00	-1.0038757e-01
4.1385989e+00	-2.8736452e-02
4.1604078e+00	3.2397078e-03
4.1822167e+00	-1.8036780e-01
4.2040257e+00	-7.7046493e-02
4.2258346e+00	9.1837272e-02
4.2476435e+00	1.0835488e-01
4.2694525e+00	1.3870897e-01
4.2912614e+00	4.2294018e-02
4.3130704e+00	-1.3805679e-01
4.3348793e+00	-1.9530075e-02
4.3566882e+00	4.1538245e-02
4.3784972e+00	9.1092706e-02
4.4003061e+00	-5.5295018e-02
4.4221151e+00	8.7685592e-02
4.4439240e+00	8.5714598e-02
4.4657329e+00	1.3899714e-01
4.4875419e+00	-2.0065670e-01
4.5093508e+00	-2.7931058e-01
4.5311597e+00	-2.1369164e-01
4.5529687e+00	3.2263310e-02
4.5747776e+00	2.1846947e-01
4.5965866e+00	2.1933613e-01
4.6183955e+00	4.6449399e-02
4.6402044e+00	2.1338018e-01
4.6620134e+00	1.5486535e-01
4.6838223e+00	-3.7547122e-01
4.7056312e+00	-1.3588288e-01
4.7274402e+00	-1.8152252e-02
4.7492491e+00	1.3299827e-01
4.7710581e+00	-5.2482161e-02
4.7928670e+00	7.0738214e-02
4.8146759e+00	5.4361930e-02
4.8364849e+00	9.6719414e-02
4.8582938e+00	1.7880051e-01
4.8801028e+00	-8.5226403e-02
4.9019117e+00	-1.3175535e-01
4.9237206e+00	-9.6039916e-02
4.9455296e+00	1.3187597e-01
4.9673385e+00	3.9923234e-01
4.9891474e+00	9.0221394e-02
5.0109564e+00	-1.2889462e-01
5.0327653e+00	-2.3424012e-02
5.0545743e+00	-8.8237801e-02
5.0763832e+00	-1.7883982e-01
5.0981921e+00	2.1540896e-01
5.1200011e+00	7.9670774e-02
5.1418100e+00	-6.1445715e-02
5.1636189e+00	3.6553971e-02
5.1854279e+00	2.0650919e-02
5.2072368e+00	1.2777219e-01
5.2290458e+00	-5.8235832e-02
5.2508547e+00	-1.4979691e-01
5.2726636e+00	2.0177682e-01
5.2944726e+00	1.1140429e-01
5.3162815e+00	4.4319683e-02
5.3380905e+00	-9.6287352e-02
5.3598994e+00	-1.3784992e-01
5.3817083e+00	-1.5931289e-01
5.4035173e+00	6.9657639e-02
5.4253262e+00	2.6300792e-01
5.4471351e+00	2.7653423e-01
5.4689441e+00	1.8618035e-02
5.4907530e+00	5.5352210e-02
5.5125620e+00	-2.0247457e-01
5.5343709e+00	-2.1060575e-01
5.5561798e+00	2.3970134e-01
5.5779888e+00	1.6591251e-01
5.5997977e+00	7.8475097e-02
5.6216066e+00	-4.6212439e-02
5.6434156e+00	-4.4964260e-02
5.6652245e+00	-8.6283772e-02
5.6870335e+00	-1.0559723e-01
5.7088424e+00	-1.4411207e-02
5.7306513e+00	1.6131033e-01
5.7524603e+00	1.5220632e-01
5.7742692e+00	1.7769246e-01
5.7960782e+00	-1.4170856e-02
5.8178871e+00	-1.7502143e-01
5.8396960e+00	5.8726841e-02
5.8615050e+00	-2.6180699e-01
5.8833139e+00	-6.9355733e-02
5.9051228e+00	4.5348673e-02
5.9269318e+00	7.6304617e-02
5.9487407e+00	9.0882795e-02
5.9705497e+00	1.1979735e-01
5.9923586e+00	5.7115906e-02
6.0141675e+00	-2.1246362e-01
6.0359765e+00	3.2974664e-02
6.0577854e+00	-5.4746290e-02
6.0795944e+00	4.9439988e-02
6.1014033e+00	-4.5962782e-02
6.1232122e+00	2.5177518e-02
6.1450212e+00	1.4936444e-01
6.1668301e+00	3.6049358e-01
6.1886390e+00	-1.2453553e-01
6.2104480e+00	-9.7237712e-02
6.2322569e+00	1.4569615e-01
6.2540659e+00	-6.8306935e-02
6.2758748e+00	-9.1677381e-02
6.2976837e+00	-4.7445260e-02
6.3194927e+00	1.4183987e-01
6.3413016e+00	8.7454313e-02
6.3631105e+00	2.9962753e-02
6.3849195e+00	-1.4868668e-01
6.4067284e+00	1.4790451e-02
6.4285374e+00	7.1939671e-02
6.4503463e+00	-4.7700496e-02
6.4721552e+00	-4.4611659e-02
6.4939642e+00	2.5149343e-03
6.5157731e+00	8.8488435e-02
6.5375821e+00	1.0132529e-01
6.5593910e+00	-5.6241544e-02
6.5811999e+00	-8.5782212e-02
6.6030089e+00	2.3013236e-02
6.6248178e+00	5.9772760e-04
6.6466267e+00	-1.2220949e-02
6.6684357e+00	-1.0486990e-01
6.6902446e+00	5.4586713e-02
6.7120536e+00	6.0040068e-02
6.7338625e+00	1.0055538e-01
6.7556714e+00	3.2665949e-02
6.7774804e+00	-1.4496014e-01
6.7992893e+00	-5.6820072e-02
6.8210982e+00	1.5445182e-01
6.8429072e+00	8.0025598e-02
6.8647161e+00	9.0911146e-03
6.8865251e+00	-2.1648435e-01
6.9083340e+00	-4.1377031e-02
6.9301429e+00	-7.0475029e-02
6.9519519e+00	1.2562811e-01
6.9737608e+00	1.6525146e-01
6.9955698e+00	-1.4934148e-01
7.0173787e+00	-1.0765733e-01
7.0391876e+00	1.1190924e-01
7.0609966e+00	3.0595379e-01
7.0828055e+00	1.3368012e-01
7.1046144e+00	-1.3123426e-01
7.1264234e+00	-1.5388474e-01
7.1482323e+00	6.1575944e-03
7.1700413e+00	1.0621700e-01
7.1918502e+00	1.4247983e-01
7.2136591e+00	1.2190350e-01
7.2354681e+00	-1.2427131e-01
7.2572770e+00	-2.2125986e-01
7.2790859e+00	-7.1039239e-02
7.3008949e+00	2.4191574e-01
7.3227038e+00	2.9007571e-01
7.3445128e+00	9.0795498e-02
7.3663217e+00	9.1741859e-02
7.3881306e+00	2.8614822e-02
7.4099396e+00	-3.4728330e-01
7.4317485e+00	-8.3313200e-02
7.4535575e+00	3.9663558e-02
7.4753664e+00	1.7936105e-01
7.4971753e+00	-1.7789526e-02
7.5189843e+00	2.4224198e-02
7.5407932e+00	-8.8554951e-02
7.5626021e+00	1.0253552e-01
7.5844111e+00	2.4026452e-01
7.6062200e+00	-9.6090637e-02
7.6280290e+00	8.4535755e-03
7.6498379e+00	-1.1747066e-01
7.6716468e+00	2.5705506e-03
7.6934558e+00	3.2611852e-01
7.7152647e+00	2.1494103e-01
7.7370737e+00	4.8349763e-02
7.7588826e+00	-1.3821937e-01
7.7806915e+00	-1.0831915e-01
7.8025005e+00	-8.6297209e-02
7.8243094e+00	-7.6825869e-02
7.8461183e+00	2.0557270e-01
7.8679273e+00	7.6555714e-02
7.8897362e+00	-6.9701859e-02
7.9115452e+00	-1.6201770e-01
7.9333541e+00	1.9010735e-01
7.9551630e+00	1.6364794e-01
7.9769720e+00	7.0635089e-02
7.9987809e+00	-9.8581967e-02
8.0205898e+00	-1.3020573e-01
8.0423988e+00	4.3080995e-02
8.0642077e+00	2.0903739e-01
8.0860167e+00	-1.1418117e-01
8.1078256e+00	-1.9017008e-01
8.1296345e+00	3.1859092e-02
8.1514435e+00	1.1858567e-01
8.1732524e+00	5.1552451e-02
8.1950614e+00	9.8799895e-03
8.2168703e+00	4.5840660e-02
8.2386792e+00	1.2433911e-01
8.2604882e+00	1.2849063e-02
8.2822971e+00	-2.3152368e-01
8.3041060e+00	-2.7176676e-01
8.3259150e+00	6.4088605e-02
8.3477239e+00	2.3168107e-01
8.3695329e+00	3.0935390e-01
8.3913418e+00	2.9746942e-02
8.4131507e+00	2.3617336e-02
8.4349597e+00	9.2309707e-02
8.4567686e+00	-3.3720452e-01
8.4785775e+00	2.6767426e-02
8.5003865e+00	1.0033744e-01
8.5221954e+00	2.2344471e-01
8.5440044e+00	1.2400799e-01
8.5658133e+00	-1.7282533e-01
8.5876222e+00	2.3757663e-02
8.6094312e+00	2.2306663e-03
8.6312401e+00	2.2386651e-01
8.6530491e+00	-7.3044198e-02
8.6748580e+00	-3.2716792e-01
8.6966669e+00	-5.3687934e-03
8.7184759e+00	4.5601613e-02
8.7402848e+00	4.1223483e-02
8.7620937e+00	1.1613096e-01
8.7839027e+00	3.5009726e-02
8.8057116e+00	2.0414560e-01
8.8275206e+00	3.1582450e-01
8.8493295e+00	1.3049062e-01
8.8711384e+00	-3.4979558e-01
8.8929474e+00	-1.5821441e-01
8.9147563e+00	-1.0434831e-01
8.9365652e+00	4.0146962e-02
8.9583742e+00	4.1853259e-01
8.9801831e+00	1.4810790e-01
9.0019921e+00	2.9338053e-03
9.0238010e+00	9.1175794e-02
9.0456099e+00	4.5356699e-02
9.0674189e+00	-8.3779439e-02
9.0892278e+00	-8.8905534e-02
9.1110368e+00	2.1338570e-01
9.1328457e+00	3.3528647e-02
9.1546546e+00	2.5870695e-02
9.1764636e+00	3.0028638e-01
9.1982725e+00	7.9436627e-01
9.2200814e+00	7.0117401e-01
9.2418904e+00	-5.1100760e-02
9.2636993e+00	-1.0203660e-01
9.2855083e+00	-2.1706436e-01
9.3073172e+00	-2.6664999e-02
9.3291261e+00	4.8397496e-01
9.3509351e+00	2.0965320e-01
9.3727440e+00	1.2991552e-01
9.3945530e+00	-1.7555976e-01
9.4163619e+00	3.0370383e-01
9.4381708e+00	3.3254364e-01
9.4599798e+00	-5.2283539e-03
9.4817887e+00	5.4726270e-02
9.5035976e+00	5.6873987e-02
9.5254066e+00	-1.1477827e-01
9.5472155e+00	2.1189133e-01
9.5690245e+00	-2.9512471e-01
9.5908334e+00	4.8051449e-02
9.6126423e+00	1.7743710e-01
9.6344513e+00	7.5124725e-02
9.6562602e+00	4.5773713e-02
9.6780691e+00	2.5429008e-01
9.6998781e+00	-2.4866289e-01
9.7216870e+00	-1.9273502e-01
9.7434960e+00	3.6860598e-02
9.7653049e+00	-6.9910692e-02
9.7871138e+00	1.0479297e-02
9.8089228e+00	1.3594757e-01
9.8307317e+00	2.1169347e-01
9.8525407e+00	4.1504707e-02
9.8743496e+00	4.1508250e-02
9.8961585e+00	1.2280933e-01
9.9179675e+00	-2.3697171e-01
9.9397764e+00	-1.9864653e-01
9.9615853e+00	-3.0309798e-02
9.9833943e+00	-6.3180655e-02
1.0005203e+01	3.2592742e-01
1.0027012e+01	8.1089398e-02
1.0048821e+01	1.6951097e-01
1.0070630e+01	2.7670803e-01
1.0092439e+01	1.1135065e-01
1.0114248e+01	-1.0590423e-01
1.0136057e+01	-1.5706962e-01
1.0157866e+01	-1.0550732e-02
1.0179675e+01	3.3684078e-01
1.0201484e+01	1.1781255e-01
1.0223293e+01	-1.0979522e-01
1.0245102e+01	3.4708114e-02
1.0266910e+01	3.0912174e-01
1.0288719e+01	4.5259317e-03
1.0310528e+01	-1.6346066e-01
1.0332337e+01	9.0119199e-01
1.0354146e+01	1.9453485e+00
1.0375955e+01	2.5250864e+00
1.0397764e+01	3.1712884e+00
1.0419573e+01	3.5756440e+00
1.0441382e+01	4.1448918e+00
1.0463191e+01	5.0432855e+00
1.0485000e+01	5.9037826e+00
1.0506809e+01	7.1770357e+00
1.0528618e+01	8.4367765e+00
1.0550427e+01	9.4388345e+00
1.0572236e+01	9.7755473e+00
1.0594045e+01	1.0402537e+01
1.0615853e+01	1.0497552e+01
1.0637662e+01	1.0188469e+01
1.0659471e+01	9.8435280e+00
1.0681280e+01	8.6019749e+00
1.0703089e+01	7.4350243e+00
1.0724898e+01	5.5465558e+00
1.0746707e+01	4.1804738e+00
1.0768516e+01	3.1768451e+00
1.0790325e+01	2.4150622e+00
1.0812134e+01	1.7415937e+00
1.0833943e+01	1.1827372e+00
1.0855752e+01	9.2796138e-01
1.0877561e+01	1.1496987e+00
1.0899370e+01	6.1652794e-01
1.0921179e+01	4.4252540e-02
1.0942988e+01	-1.6611842e-01
1.0964796e+01	-2.3346945e-01
1.0986605e+01	2.6448153e-02
1.1008414e+01	1.6653935e-01
1.1030223e+01	1.2370198e-01
1.1052032e+01	8.8503825e-04
1.1073841e+01	2.4918826e-02
1.1095650e+01	2.7386819e-01
1.1117459e+01	8.2775580e-02
1.1139268e+01	1.4886087e-01
1.1161077e+01	1.0211729e+00
1.1182886e+01	1.2574865e+00
1.1204695e+01	1.8407641e+00
1.1226504e+01	2.1631405e+00
1.1248313e+01	1.8836333e+00
1.1270122e+01	4.7511112e-01
1.1291931e+01	1.6682702e-02
1.1313740e+01	1.0481663e-01
1.1335548e+01	-1.1260736e-01
1.1357357e+01	-2.6638444e-01
1.1379166e+01	6.4412473e-02
1.1400975e+01	-1.6181905e-01
1.1422784e+01	-5.5337407e-02
1.1444593e+01	5.2145853e-02
1.1466402e+01	1.1989414e-01
1.1488211e+01	5.6697819e-01
1.1510020e+01	1.7688515e-01
1.1531829e+01	-1.2307705e-01
1.1553638e+01	-3.7266670e-02
1.1575447e+01	-5.1706642e-02
1.1597256e+01	-5.7510331e-02
1.1619065e+01	-6.0271860e-03
1.1640874e+01	1.4220174e-01
1.1662683e+01	-1.2337492e-01
1.1684491e+01	-8.0889331e-02
1.1706300e+01	5.0163636e-02
1.1728109e+01	4.1923594e-01
1.1749918e+01	1.6991111e-01
1.1771727e+01	1.5332623e-01
1.1793536e+01	3.8108618e-01
1.1815345e+01	-7.0938551e-02
1.1837154e+01	-8.5983983e-02
1.1858963e+01	1.0439957e-02
1.1880772e+01	-1.3229296e-01
1.1902581e+01	-4.2516307e-02
1.1924390e+01	8.4678890e-02
1.1946199e+01	1.0987917e-01
1.1968008e+01	-8.4663887e-02
1.1989817e+01	-3.8318153e-02
1.2011626e+01	2.5134217e-01
1.2033434e+01	1.2687649e-01
1.2055243e+01	-1.8955661e-01
1.2077052e+01	-1.9632049e-01
1.2098861e+01	2.5636399e-01
1.2120670e+01	1.1433493e-01
1.2142479e+01	1.6048464e-01
1.2164288e+01	-5.4057991e-02
1.2186097e+01	-1.0338212e-01
1.2207906e+01	-2.3448558e-01
1.2229715e+01	1.0081254e-01
1.2251524e+01	2.2459629e-01
1.2273333e+01	3.4986855e-01
1.2295142e+01	-1.8981163e-02
1.2316951e+01	-7.4802159e-02
1.2338760e+01	1.4082040e-01
1.2360569e+01	2.3192272e-02
1.2382377e+01	-3.7668508e-02
1.2404186e+01	-9.2315966e-02
1.2425995e+01	-1.9423184e-02
1.2447804e+01	1.2566562e-02
1.2469613e+01	4.2839880e-02
1.2491422e+01	1.4786131e-01
1.2513231e+01	1.7786555e-01
1.2535040e+01	-1.6571131e-01
1.2556849e+01	-4.0691646e-01
1.2578658e+01	-1.4824849e-01
1.2600467e+01	1.1688591e-01
1.2622276e+01	2.0903850e-01
1.2644085e+01	1.5317683e-01
1.2665894e+01	1.3324874e-01
1.2687703e+01	1.4992799e-01
1.2709512e+01	-1.4712187e-01
1.2731320e+01	-1.5911433e-02
1.2753129e+01	-5.1327399e-02
1.2774938e+01	-1.5502258e-01
1.2796747e+01	2.0399486e-02
1.2818556e+01	2.2662855e-01
1.2840365e+01	5.4385026e-02
1.2862174e+01	-6.2432827e-02
1.2883983e+01	-1.8865607e-01
1.2905792e+01	-1.7963327e-01
1.2927601e+01	1.1821151e-01
1.2949410e+01	2.2168088e-01
1.2971219e+01	9.6661631e-03
1.2993028e+01	-5.0479003e-02
1.3014837e+01	-4.8550616e-02
1.3036646e+01	1.3658232e-01
1.3058455e+01	3.9138050e-01
1.3080264e+01	5.9622017e-01
1.3102072e+01	3.1765052e-01
1.3123881e+01	-1.7036983e-01
1.3145690e+01	1.5835591e-01
1.3167499e+01	9.0355432e-02
1.3189308e+01	1.0110538e-01
1.3211117e+01	2.5516604e-02
1.3232926e+01	4.4517662e-02
1.3254735e+01	1.4299990e-01
1.3276544e+01	5.9783385e-02
1.3298353e+01	-1.3125862e-01
1.3320162e+01	-3.7818536e-01
1.3341971e+01	-5.3139802e-01
1.3363780e+01	7.3560421e-02
1.3385589e+01	2.8056723e-01
1.3407398e+01	1.5856597e-01
1.3429207e+01	2.9248645e-01
1.3451015e+01	9.2356089e-02
1.3472824e+01	-1.3598405e-02
1.3494633e+01	2.5106541e-02
1.3516442e+01	2.7184633e-01
1.3538251e+01	8.3153733e-02
1.3560060e+01	-1.9090596e-02
1.3581869e+01	7.7278891e-02
1.3603678e+01	3.3708550e-02
1.3625487e+01	-1.8524129e-01
1.3647296e+01	-2.6930812e-01
1.3669105e+01	9.2927221e-02
1.3690914e+01	6.1827818e-02
1.3712723e+01	1.5190457e-01
1.3734532e+01	3.1996993e-01
1.3756341e+01	1.8438160e-03
1.3778150e+01	-2.9506345e-02
1.3799958e+01	7.5514500e-02
1.3821767e+01	-3.3328070e-01
1.3843576e+01	-6.6995993e-02
1.3865385e+01	2.4356391e-01
1.3887194e+01	2.2458897e-01
1.3909003e+01	1.9906398e-01
1.3930812e+01	4.0894552e-01
1.3952621e+01	3.8475051e-01
1.3974430e+01	-1.4743208e-01
1.3996239e+01	-1.0164776e-01
1.4018048e+01	-1.0960379e-01
1.4039857e+01	-1.0406253e-01
1.4061666e+01	4.0253183e-01
1.4083475e+01	3.0337753e-01
1.4105284e+01	1.1781362e-01
1.4127093e+01	1.0635890e-01
1.4148901e+01	1.5036960e-01
1.4170710e+01	-1.8491289e-02
1.4192519e+01	-1.3552521e-01
1.4214328e+01	-2.4442761e-02
1.4236137e+01	-7.4859207e-02
1.4257946e+01	3.9218321e-02
1.4279755e+01	-3.1918500e-02
1.4301564e+01	1.7383284e-01
1.4323373e+01	4.2889915e-01
1.4345182e+01	2.7470693e-01
1.4366991e+01	5.3559474e-02
1.4388800e+01	-6.7444626e-02
1.4410609e+01	-2.0618198e-01
1.4432418e+01	-2.5805659e-01
1.4454227e+01	1.4905222e-01
1.4476036e+01	2.2571201e-01
1.4497844e+01	3.2553591e-02
1.4519653e+01	6.5276781e-02
1.4541462e+01	3.6640844e-02
1.4563271e+01	5.3919847e-02
1.4585080e+01	1.2826897e-01
1.4606889e+01	-1.6313267e-01
1.4628698e+01	-1.8384394e-01
1.4650507e+01	-9.9251091e-02
1.4672316e+01	-1.0031432e-01
1.4694125e+01	5.8355216e-02
1.4715934e+01	1.4448980e-01
1.4737743e+01	5.9758032e-02
1.4759552e+01	-7.2468335e-02
1.4781361e+01	4.6047716e-03
1.4803170e+01	-1.5534249e-01
1.4824979e+01	-5.1396193e-02
1.4846787e+01	1.4130521e-02
1.4868596e+01	3.6276909e-01
1.4890405e+01	6.2692391e-01
1.4912214e+01	5.2648386e-01
1.4934023e+01	5.0761562e-01
1.4955832e+01	1.3580283e-01
1.4977641e+01	7.8365063e-02
1.4999450e+01	1.5072309e-01
1.5021259e+01	1.8100961e-01
1.5043068e+01	1.5293175e-01
1.5064877e+01	1.6687790e-01
1.5086686e+01	6.0042810e-02
1.5108495e+01	-2.2439350e-01
1.5130304e+01	-3.2449301e-01
1.5152113e+01	-9.3808947e-02
1.5173922e+01	-1.5174012e-01
1.5195731e+01	-1.8509175e-01
1.5217539e+01	3.7674796e-02
1.5239348e+01	1.3391083e-01
1.5261157e+01	-6.2304473e-02
1.5282966e+01	9.5852000e-02
1.5304775e+01	-4.1599417e-02
1.5326584e+01	3.8350342e-02
1.5348393e+01	2.8854332e-01
1.5370202e+01	6.5996121e-02
1.5392011e+01	1.5191660e-01
1.5413820e+01	2.1505595e-01
1.5435629e+01	-1.3519042e-01
1.5457438e+01	-4.2752409e-02
1.5479247e+01	5.3112235e-02
1.5501056e+01	4.0200195e-02
1.5522865e+01	-1.6100034e-01
1.5544674e+01	-1.4345881e-01
1.5566482e+01	-4.8179083e-02
1.5588291e+01	8.6418753e-02
1.5610100e+01	4.7330294e-01
1.5631909e+01	7.4630719e-01
1.5653718e+01	8.9334407e-01
1.5675527e+01	7.5627106e-01
1.5697336e+01	5.7976967e-01
1.5719145e+01	2.0802034e-01
1.5740954e+01	9.8237657e-02
1.5762763e+01	-2.2386681e-02
1.5784572e+01	-1.1699595e-01
1.5806381e+01	-1.4832797e-02
1.5828190e+01	-5.7991267e-02
1.5849999e+01	-1.1908456e-02
1.5871808e+01	-3.1334020e-02
1.5893617e+01	4.4985917e-02
1.5915425e+01	8.7772048e-02
1.5937234e+01	-1.3773366e-01
1.5959043e+01	-3.5882907e-02
1.5980852e+01	-6.1970472e-02
1.6002661e+01	-4.4886880e-03
1.6024470e+01	8.8468205e-02
1.6046279e+01	9.4974404e-02
1.6068088e+01	1.3796226e-01
1.6089897e+01	4.1751443e-02
1.6111706e+01	-1.6864417e-01
1.6133515e+01	8.9412421e-02
1.6155324e+01	-1.2644381e-03
1.6177133e+01	-1.6445624e-01
1.6198942e+01	-1.2198540e-01
1.6220751e+01	1.1346544e-01
1.6242560e+01	6.2528583e-02
1.6264368e+01	-9.1504159e-02
1.6286177e+01	1.5926647e-02
1.6307986e+01	1.9735617e-01
1.6329795e+01	2.8131824e-02
1.6351604e+01	-1.1095577e-01
1.6373413e+01	-9.2429737e-03
1.6395222e+01	2.0407209e-01
1.6417031e+01	6.7254051e-02
1.6438840e+01	-3.9362476e-02
1.6460649e+01	-1.5210658e-01
1.6482458e+01	-1.7822692e-01
1.6504267e+01	-1.0327010e-01
1.6526076e+01	9.3634113e-02
1.6547885e+01	1.6563095e-01
1.6569694e+01	3.9945017e-01
1.6591503e+01	5.6147663e-01
1.6613311e+01	1.1312656e+00
1.6635120e+01	1.6731995e+00
1.6656929e+01	1.5729445e+00
1.6678738e+01	1.5973668e+00
1.6700547e+01	1.3999649e+00
1.6722356e+01	1.5154589e+00
1.6744165e+01	1.9819491e+00
1.6765974e+01	2.3254698e+00
1.6787783e+01	2.8428384e+00
1.6809592e+01	2.8686880e+00
1.6831401e+01	2.5516590e+00
1.6853210e+01	1.8737557e+00
1.6875019e+01	1.1711093e+00
1.6896828e+01	3.3233705e-01
1.6918637e+01	6.0650321e-02
1.6940446e+01	-2.8286313e-02
1.6962254e+01	-2.1884149e-02
1.6984063e+01	8.1826749e-02
1.7005872e+01	1.1528021e-01
1.7027681e+01	1.7941542e-02
1.7049490e+01	-1.3775154e-01
1.7071299e+01	-1.8514203e-01
1.7093108e+01	-1.7262408e-02
1.7114917e+01	-1.1775079e-01
1.7136726e+01	7.5267576e-02
1.7158535e+01	2.9956224e-02
1.7180344e+01	5.9275668e-02
1.7202153e+01	1.5105896e-01
1.7223962e+01	-6.8507733e-02
1.7245771e+01	-6.1657477e-02
1.7267580e+01	2.3879769e-01
1.7289389e+01	8.0709408e-02
1.7311198e+01	-1.7437009e-01
1.7333006e+01	-1.5351017e-01
1.7354815e+01	6.1028074e-02
1.7376624e+01	7.1810398e-02
1.7398433e+01	5.4089289e-02
1.7420242e+01	9.8953287e-02
1.7442051e+01	-1.2891679e-02
1.7463860e+01	-9.9172004e-02
1.7485669e+01	-4.9716799e-02
1.7507478e+01	-8.7817948e-03
1.7529287e+01	-6.9411382e-03
1.7551096e+01	-8.7823581e-02
1.7572905e+01	-6.9150776e-02
1.7594714e+01	1.0591965e-01
1.7616523e+01	8.7069571e-02
1.7638332e+01	-3.3749965e-02
1.7660141e+01	-4.8521913e-03
1.7681949e+01	1.2536899e-01
1.7703758e+01	1.0846423e-01
1.7725567e+01	1.1665890e-02
1.7747376e+01	2.6708847e-02
1.7769185e+01	-1.4256616e-01
1.7790994e+01	-7.3072157e-02
1.7812803e+01	-5.4854143e-02
1.7834612e+01	-4.8229885e-02
1.7856421e+01	-1.2270430e-01
1.7878230e+01	-4.0553010e-03
1.7900039e+01	1.8485812e-01
1.7921848e+01	8.3616956e-02
1.7943657e+01	5.1068504e-02
1.7965466e+01	-4.0163885e-02
1.7987275e+01	6.6136908e-02
1.8009084e+01	7.7944131e-02
1.8030892e+01	-4.5679232e-02
1.8052701e+01	1.6830293e-02
1.8074510e+01	5.6671701e-03
1.8096319e+01	-1.2383092e-01
1.8118128e+01	-1.0226490e-01
1.8139937e+01	2.0552777e-01
1.8161746e+01	-3.8131847e-02
1.8183555e+01	-6.5439198e-02
1.8205364e+01	-6.9556312e-02
1.8227173e+01	9.1605197e-03
1.8248982e+01	-3.3359869e-03
1.8270791e+01	-9.3341920e-02
1.8292600e+01	1.7769069e-01
1.8314409e+01	1.9495781e-01
1.8336218e+01	-3.7053734e-02
1.8358027e+01	-7.3428505e-02
1.8379835e+01	-3.8462592e-02
1.8401644e+01	-1.3689498e-01
1.8423453e+01	-6.9981244e-02
1.8445262e+01	1.5367803e-01
1.8467071e+01	3.4442743e-01
1.8488880e+01	4.6838032e-01
1.8510689e+01	4.2329733e-01
1.8532498e+01	3.1340768e-01
1.8554307e+01	3.9590383e-02
1.8576116e+01	-2.2282397e-01
1.8597925e+01	5.4797387e-03
1.8619734e+01	3.2806080e-02
1.8641543e+01	2.7772325e-01
1.8663352e+01	1.3627954e-01
1.8685161e+01	1.5120447e-01
1.8706970e+01	2.2924512e-01
1.8728778e+01	1.3916195e-01
1.8750587e+01	-8.6698539e-02
1.8772396e+01	-2.3282488e-01
1.8794205e+01	-1.6294708e-01
1.8816014e+01	-1.2767135e-01
1.8837823e+01	-8.6592429e-02
1.8859632e+01	1.2716342e-01
1.8881441e+01	1.3984943e-02
1.8903250e+01	-4.7860150e-02
1.8925059e+01	7.4136657e-02
1.8946868e+01	6.0066557e-02
1.8968677e+01	-9.5524644e-02
1.8990486e+01	4.3266068e-02
1.9012295e+01	1.1140149e-01
1.9034104e+01	-1.0667553e-01
1.9055913e+01	-5.0939599e-02
1.9077721e+01	7.8560183e-02
1.9099530e+01	-9.2713919e-02
1.9121339e+01	-5.0896020e-02
1.9143148e+01	1.6220283e-01
1.9164957e+01	1.7964549e-01
1.9186766e+01	-8.3182659e-02
1.9208575e+01	-1.8098426e-01
1.9230384e+01	-8.5421646e-02
1.9252193e+01	8.5108581e-02
1.9274002e+01	1.6542767e-02
1.9295811e+01	7.3040580e-02
1.9317620e+01	-2.0361539e-02
1.9339429e+01	-4.3806013e-02
1.9361238e+01	-1.6989113e-02
1.9383047e+01	7.6892433e-02
1.9404856e+01	1.2699668e-01
1.9426665e+01	2.8691136e-02
1.9448473e+01	-5.4809999e-02
1.9470282e+01	8.0099480e-03
1.9492091e+01	1.7293029e-02
1.9513900e+01	1.2441276e-01
1.9535709e+01	3.6038512e-02
1.9557518e+01	2.1794622e-02
1.9579327e+01	-1.8289952e-01
1.9601136e+01	-9.8058197e-02
1.9622945e+01	-1.5663213e-01
1.9644754e+01	-1.6497578e-01
1.9666563e+01	9.6424337e-02
1.9688372e+01	-1.1624229e-02
1.9710181e+01	4.5867863e-02
1.9731990e+01	1.4118302e-01
1.9753799e+01	1.1334981e-01
1.9775608e+01	4.1186892e-02
1.9797416e+01	-1.0589212e-01
1.9819225e+01	-5.3692851e-02
1.9841034e+01	-2.2790496e-02
1.9862843e+01	1.6513088e-01
1.9884652e+01	3.9452729e-01
1.9906461e+01	5.8602684e-01
1.9928270e+01	5.5072724e-01
1.9950079e+01	4.5999087e-01
1.9971888e+01	3.3521030e-01
1.9993697e+01	1.5422427e-01
2.0015506e+01	-9.6993775e-02
2.0037315e+01	-1.4749067e-01
2.0059124e+01	-3.3815469e-02
2.0080933e+01	4.7139714e-03
2.0102742e+01	-9.5386683e-02
2.0124551e+01	-1.9319065e-01
2.0146359e+01	7.2940043e-02
2.0168168e+01	5.7494977e-02
2.0189977e+01	7.2129147e-02
2.0211786e+01	3.6162072e-02
2.0233595e+01	1.1200098e-01
2.0255404e+01	4.6249007e-01
2.0277213e+01	8.9891697e-01
2.0299022e+01	1.5505775e+00
2.0320831e+01	2.1589925e+00
2.0342640e+01	2.1374007e+00
2.0364449e+01	1.9988640e+00
2.0386258e+01	1.9467022e+00
2.0408067e+01	1.8013460e+00
2.0429876e+01	1.5125393e+00
2.0451685e+01	1.5650819e+00
2.0473494e+01	1.7091096e+00
2.0495302e+01	2.0037582e+00
2.0517111e+01	2.1689646e+00
2.0538920e+01	2.1927914e+00
2.0560729e+01	1.8352626e+00
2.0582538e+01	1.3628490e+00
2.0604347e+01	1.1382563e+00
2.0626156e+01	9.2042334e-01
2.0647965e+01	4.3181198e-01
2.0669774e+01	1.9243988e-02
2.0691583e+01	-1.2887561e-02
2.0713392e+01	-8.5255796e-03
2.0735201e+01	1.7035617e-01
2.0757010e+01	-1.0000520e-01
2.0778819e+01	-6.0723822e-02
2.0800628e+01	1.1344935e-01
2.0822437e+01	1.8849887e-02
2.0844245e+01	-7.6998628e-02
2.0866054e+01	-1.0749449e-01
2.0887863e+01	-1.3556987e-01
2.0909672e+01	-1.1214209e-01
2.0931481e+01	4.6938326e-02
2.0953290e+01	4.8510647e-02
2.0975099e+01	2.5684299e-01
2.0996908e+01	4.4589450e-01
2.1018717e+01	9.4828603e-01
2.1040526e+01	1.4557133e+00
2.1062335e+01	1.7948959e+00
2.1084144e+01	1.7900426e+00
2.1105953e+01	1.8629550e+00
2.1127762e+01	1.8935039e+00
2.1149571e+01	1.9440590e+00
2.1171380e+01	2.7313768e+00
2.1193188e+01	3.6065161e+00
2.1214997e+01	4.4587397e+00
2.1236806e+01	5.1077870e+00
2.1258615e+01	5.7660300e+00
2.1280424e+01	5.6797311e+00
2.1302233e+01	5.2711622e+00
2.1324042e+01	4.5280249e+00
2.1345851e+01	3.5809158e+00
2.1367660e+01	2.6411048e+00
2.1389469e+01	1.9921504e+00
2.1411278e+01	9.0138229e-01
2.1433087e+01	4.7478237e-02
2.1454896e+01	-2.9771109e-02
2.1476705e+01	1.8929799e-01
2.1498514e+01	3.6339800e-01
2.1520323e+01	9.4900604e-01
2.1542132e+01	2.0584976e+00
2.1563940e+01	2.5550243e+00
2.1585749e+01	2.5997085e+00
2.1607558e+01	2.4542378e+00
2.1629367e+01	2.0559288e+00
2.1651176e+01	1.4692938e+00
2.1672985e+01	1.0215725e+00
2.1694794e+01	3.8206439e-01
2.1716603e+01	1.0201893e-01
2.1738412e+01	-1.7672427e-02
2.1760221e+01	-1.6838187e-01
2.1782030e+01	4.1412959e-02
2.1803839e+01	-8.2069273e-03
2.1825648e+01	-1.8678325e-01
2.1847457e+01	-2.4416148e-01
2.1869266e+01	5.6906959e-02
2.1891075e+01	1.8902336e-02
2.1912883e+01	-1.6052506e-03
2.1934692e+01	1.4056672e-02
2.1956501e+01	9.7368016e-02
2.1978310e+01	1.9473809e-01
2.2000119e+01	5.5260408e-02
2.2021928e+01	2.7928554e-02
2.2043737e+01	1.2434010e-02
2.2065546e+01	-1.2129976e-02
2.2087355e+01	-3.3105813e-02
2.2109164e+01	6.0280039e-03
2.2130973e+01	-4.7926152e-02
2.2152782e+01	-5.7341511e-02
2.2174591e+01	-3.9261411e-02
2.2196400e+01	1.7097258e-01
2.2218209e+01	-8.8583058e-02
2.2240018e+01	-5.1777279e-03
2.2261826e+01	-7.3576483e-02
2.2283635e+01	1.3585001e-02
2.2305444e+01	-2.2618914e-02
2.2327253e+01	1.4709221e-01
2.2349062e+01	3.5541218e-01
2.2370871e+01	2.2946616e-02
2.2392680e+01	-1.8545325e-01
2.2414489e+01	1.5017591e-01
2.2436298e+01	8.1802110e-02
2.2458107e+01	-4.7794536e-02
2.2479916e+01	-4.3246642e-02
2.2501725e+01	-1.4328332e-01
2.2523534e+01	1.0607622e-01
2.2545343e+01	2.2508696e-02
2.2567152e+01	-2.6608755e-02
2.2588961e+01	-3.1107396e-02
2.2610769e+01	8.1110846e-02
2.2632578e+01	5.9443302e-02
2.2654387e+01	-6.9610198e-02
2.2676196e+01	-1.4971819e-01
2.2698005e+01	4.1091606e-02
2.2719814e+01	-2.8690888e-03
2.2741623e+01	2.1124436e-01
2.2763432e+01	9.8991110e-02
2.2785241e+01	-1.7316404e-01
2.2807050e+01	-1.1271980e-01
2.2828859e+01	8.3881188e-02
2.2850668e+01	8.0439305e-02
2.2872477e+01	6.8202539e-02
2.2894286e+01	6.0299739e-03
2.2916095e+01	-5.8370909e-02
2.2937904e+01	-9.9513298e-02
2.2959712e+01	-3.6393285e-02
2.2981521e+01	5.2453793e-02
2.3003330e+01	1.1654041e-02
2.3025139e+01	-8.7522603e-03
2.3046948e+01	1.5384445e-02
2.3068757e+01	3.3831258e-03
2.3090566e+01	7.9710171e-03
2.3112375e+01	7.2983758e-02
2.3134184e+01	1.2009375e-01
2.3155993e+01	-2.7826329e-03
2.3177802e+01	-5.7118367e-02
2.3199611e+01	-9.4921805e-02
2.3221420e+01	-8.0875963e-02
2.3243229e+01	-3.3901770e-03
2.3265038e+01	-3.2652382e-02
2.3286847e+01	1.3864345e-02
2.3308655e+01	-1.0556319e-02
2.3330464e+01	-1.8822190e-01
2.3352273e+01	1.5232656e-01
2.3374082e+01	3.2101504e-01
2.3395891e+01	1.9292845e-01
2.3417700e+01	1.0165419e-01
2.3439509e+01	-8.5279593e-02
2.3461318e+01	-1.2591207e-01
2.3483127e+01	-1.9079020e-01
2.3504936e+01	5.6977920e-02
2.3526745e+01	1.7320378e-01
2.3548554e+01	5.9132537e-01
2.3570363e+01	9.1439337e-01
2.3592172e+01	1.2567685e+00
2.3613981e+01	1.3742525e+00
2.3635790e+01	2.0154922e+00
2.3657599e+01	2.7973202e+00
2.3679407e+01	3.4407573e+00
2.3701216e+01	3.9510102e+00
2.3723025e+01	4.7969997e+00
2.3744834e+01	5.3293895e+00
2.3766643e+01	5.8131684e+00
2.3788452e+01	6.6629321e+00
2.3810261e+01	7.9602343e+00
2.3832070e+01	8.3230167e+00
2.3853879e+01	8.1182782e+00
2.3875688e+01	7.6935925e+00
2.3897497e+01	6.9230312e+00
2.3919306e+01	5.5793172e+00
2.3941115e+01	4.3044011e+00
2.3962924e+01	3.0788187e+00
2.3984733e+01	2.0086208e+00
2.4006542e+01	9.5505310e-01
2.4028350e+01	3.1732329e-01
2.4050159e+01	1.5166716e-01
2.4071968e+01	1.4869087e-01
2.4093777e+01	-3.0964482e-04
2.4115586e+01	9.5062440e-03
2.4137395e+01	-7.8945537e-02
2.4159204e+01	-7.0749360e-02
2.4181013e+01	-1.6089456e-01
2.4202822e+01	-2.9029968e-01
2.4224631e+01	-8.5861237e-02
2.4246440e+01	6.2481899e-02
2.4268249e+01	6.2306470e-02
2.4290058e+01	-1.1563364e-01
2.4311867e+01	1.6242932e-01
2.4333676e+01	1.2487431e-01
2.4355485e+01	-2.2911525e-02
2.4377293e+01	2.3577788e-02
2.4399102e+01	-5.5765597e-04
2.4420911e+01	2.6791036e-01
2.4442720e+01	1.7847362e-01
2.4464529e+01	-1.4754183e-01
2.4486338e+01	-1.5029349e-01
2.4508147e+01	-3.5522990e-02
2.4529956e+01	1.9670270e-01
2.4551765e+01	3.2939603e-01
2.4573574e+01	1.4234189e-01
2.4595383e+01	4.4658815e-01
2.4617192e+01	7.5453436e-01
2.4639001e+01	7.9437162e-01
2.4660810e+01	3.7662894e-01
2.4682619e+01	1.9107633e-01
2.4704428e+01	-1.3331199e-01
2.4726236e+01	-1.3454403e-01
2.4748045e+01	-5.5823272e-02
2.4769854e+01	-8.1432595e-02
2.4791663e+01	-7.8079708e-02
2.4813472e+01	1.1039633e-02
2.4835281e+01	-3.5011530e-03
2.4857090e+01	6.3768056e-02
2.4878899e+01	7.8494938e-02
2.4900708e+01	-4.3925743e-02
2.4922517e+01	-1.9743496e-02
2.4944326e+01	1.1433700e-02
2.4966135e+01	9.4255428e-02
2.4987944e+01	-8.1691318e-03
2.5009753e+01	-1.8348186e-01
2.5031562e+01	-1.3106264e-01
2.5053371e+01	9.9721624e-02
2.5075179e+01	1.0895359e-01
2.5096988e+01	2.3508624e-02
2.5118797e+01	-7.4642276e-02
2.5140606e+01	1.0529329e-01
2.5162415e+01	4.4269288e-02
2.5184224e+01	6.9122111e-02
2.5206033e+01	-4.1090922e-02
2.5227842e+01	-1.3386904e-01
2.5249651e+01	4.6184575e-02
2.5271460e+01	3.7455825e-02
2.5293269e+01	4.7026354e-02
2.5315078e+01	-1.3409060e-02
2.5336887e+01	-1.3293680e-02
2.5358696e+01	-1.3997244e-02
2.5380505e+01	2.2667188e-02
2.5402314e+01	-4.5517329e-02
2.5424123e+01	5.6695612e-02
2.5445931e+01	1.8076501e-01
2.5467740e+01	-1.3080839e-01
2.5489549e+01	-1.1422999e-02
2.5511358e+01	-2.5859178e-02
2.5533167e+01	-9.5942913e-02
2.5554976e+01	1.1332716e-01
2.5576785e+01	-3.1998725e-03
2.5598594e+01	-6.8333263e-02
2.5620403e+01	-9.1738740e-02
2.5642212e+01	-1.6020800e-02
2.5664021e+01	2.1032618e-02
2.5685830e+01	1.0955010e-01
2.5707639e+01	2.4761870e-02
2.5729448e+01	-3.6399369e-02
2.5751257e+01	-3.5114080e-02
2.5773066e+01	-3.0593082e-02
2.5794874e+01	2.1513611e-02
2.5816683e+01	1.2649710e-01
2.5838492e+01	1.3814150e-02
2.5860301e+01	-8.1786712e-02
2.5882110e+01	1.3186514e-02
2.5903919e+01	-8.5814106e-03
2.5925728e+01	-2.9823440e-01
2.5947537e+01	-8.9857649e-02
2.5969346e+01	2.1213580e-01
2.5991155e+01	3.0572884e-04
2.6012964e+01	-2.5464100e-02
2.6034773e+01	8.3163885e-02
2.6056582e+01	2.7449044e-01
2.6078391e+01	2.1700492e-01
2.6100200e+01	1.7288775e-01
2.6122009e+01	1.2815098e-01
2.6143817e+01	6.2943993e-02
2.6165626e+01	2.9445405e-02
2.6187435e+01	8.5807882e-02
2.6209244e+01	-1.2619045e-01
2.6231053e+01	-3.0363950e-01
2.6252862e+01	-6.6088031e-02
2.6274671e+01	3.3507477e-02
2.6296480e+01	-2.9037706e-01
2.6318289e+01	-2.6469989e-01
2.6340098e+01	-8.5253022e-02
2.6361907e+01	1.0790185e-01
2.6383716e+01	1.7072837e-01
2.6405525e+01	5.8156768e-02
2.6427334e+01	2.1094019e-01
2.6449143e+01	2.8401360e-01
2.6470952e+01	1.3685458e-01
2.6492760e+01	3.2753702e-02
2.6514569e+01	-8.7273123e-02
2.6536378e+01	-1.3791716e-01
2.6558187e+01	1.1372700e-01
2.6579996e+01	3.5981083e-01
2.6601805e+01	6.5137048e-01
2.6623614e+01	7.4511653e-01
2.6645423e+01	8.5159088e-01
2.6667232e+01	9.8042635e-01
2.6689041e+01	9.3399678e-01
2.6710850e+01	5.8540899e-01
2.6732659e+01	3.1124481e-01
2.6754468e+01	5.2716681e-02
2.6776277e+01	-9.4275715e-02
2.6798086e+01	-1.5164918e-01
2.6819895e+01	-1.0782938e-01
2.6841703e+01	-1.1085913e-01
2.6863512e+01	-2.2114266e-02
2.6885321e+01	4.1124404e-02
2.6907130e+01	1.4324462e-01
2.6928939e+01	6.2127957e-02
2.6950748e+01	2.5029602e-01
2.6972557e+01	2.6880815e-01
2.6994366e+01	1.5285675e-01
2.7016175e+01	7.4773596e-02
2.7037984e+01	-4.3870458e-02
2.7059793e+01	-9.7991597e-02
2.7081602e+01	-5.8064313e-02
2.7103411e+01	-1.4623108e-01
2.7125220e+01	-1.2710448e-01
2.7147029e+01	-4.5090909e-02
2.7168838e+01	6.8369852e-02
2.7190646e+01	2.9187388e-02
2.7212455e+01	-1.5814768e-02
2.7234264e+01	-4.0855063e-02
2.7256073e+01	1.2228172e-01
2.7277882e+01	8.9845971e-02
2.7299691e+01	1.6735242e-02
2.7321500e+01	5.5422465e-02
2.7343309e+01	-7.2146054e-02
2.7365118e+01	-1.7890043e-01
2.7386927e+01	-1.3314408e-03
2.7408736e+01	-3.8853584e-02
2.7430545e+01	-2.5383505e-01
2.7452354e+01	2.6983445e-02
2.7474163e+01	2.6637031e-01
2.7495972e+01	1.3104708e-01
2.7517781e+01	1.5027550e-02
2.7539590e+01	1.2644546e-01
2.7561398e+01	1.9928653e-02
2.7583207e+01	1.6864236e-02
2.7605016e+01	-6.3439409e-02
2.7626825e+01	-1.0457280e-01
2.7648634e+01	4.8305997e-03
2.7670443e+01	1.3551178e-01
2.7692252e+01	3.8184597e-01
2.7714061e+01	6.7488627e-01
2.7735870e+01	9.2416839e-01
2.7757679e+01	1.3106906e+00
2.7779488e+01	1.3047603e+00
2.7801297e+01	1.1162058e+00
2.7823106e+01	1.3066903e+00
2.7844915e+01	1.1298522e+00
2.7866724e+01	5.0059287e-01
2.7888533e+01	3.2501454e-01
2.7910341e+01	2.1100438e-01
2.7932150e+01	-9.6349287e-02
2.7953959e+01	1.1127774e-01
2.7975768e+01	3.5576941e-02
2.7997577e+01	-1.3096600e-01
2.8019386e+01	-7.9858077e-02
2.8041195e+01	-4.0415962e-02
2.8063004e+01	-1.1858286e-01
2.8084813e+01	-1.8163944e-01
2.8106622e+01	-3.0836873e-02
2.8128431e+01	-3.5168753e-02
2.8150240e+01	-6.1038431e-02
2.8172049e+01	3.7600365e-02
2.8193858e+01	9.1152938e-02
2.8215667e+01	1.8154694e-01
2.8237476e+01	2.3478897e-01
2.8259284e+01	1.8673932e-01
2.8281093e+01	6.0582446e-02
2.8302902e+01	-1.7932337e-01
2.8324711e+01	-1.5340855e-01
2.8346520e+01	2.0111880e-02
2.8368329e+01	-5.0902646e-02
2.8390138e+01	-7.8131482e-02
2.8411947e+01	1.2035513e-01
2.8433756e+01	8.9797851e-02
2.8455565e+01	4.7912536e-01
2.8477374e+01	6.5791923e-01
2.8499183e+01	8.6052040e-01
2.8520992e+01	1.1762992e+00
2.8542801e+01	1.4058770e+00
2.8564610e+01	1.5166742e+00
2.8586419e+01	1.5237261e+00
2.8608227e+01	1.1307741e+00
2.8630036e+01	7.1966942e-01
2.8651845e+01	4.7771755e-01
2.8673654e+01	4.0067866e-01
2.8695463e+01	1.7349086e-01
2.8717272e+01	3.9469534e-02
2.8739081e+01	-6.6426337e-02
2.8760890e+01	-1.0197426e-01
2.8782699e+01	-4.2562078e-02
2.8804508e+01	1.4522156e-02
2.8826317e+01	1.9598471e-02
2.8848126e+01	1.6720819e-02
2.8869935e+01	9.3684404e-02
2.8891744e+01	-1.0495171e-01
2.8913553e+01	-2.2837053e-01
2.8935362e+01	-5.0884997e-02
2.8957170e+01	-3.2783726e-02
2.8978979e+01	6.2069190e-02
2.9000788e+01	7.4894795e-02
2.9022597e+01	1.6318677e-01
2.9044406e+01	3.8245857e-02
2.9066215e+01	-6.8467336e-02
2.9088024e+01	3.4059805e-02
2.9109833e+01	-8.8552409e-02
2.9131642e+01	-9.4241046e-03
2.9153451e+01	1.6595917e-02
2.9175260e+01	9.6740644e-02
2.9197069e+01	2.7517073e-02
2.9218878e+01	5.6844055e-02
2.9240687e+01	-2.1975147e-02
2.9262496e+01	-5.7378376e-02
2.9284305e+01	-5.0407555e-02
2.9306113e+01	-6.0455604e-02
2.9327922e+01	2.2031676e-03
2.9349731e+01	-2.3509555e-03
2.9371540e+01	3.0965983e-02
2.9393349e+01	3.9311200e-02
2.9415158e+01	6.8868973e-02
2.9436967e+01	-7.0881654e-02
2.9458776e+01	8.5617053e-02
2.9480585e+01	-7.9280977e-02
2.9502394e+01	-6.8887748e-02
2.9524203e+01	1.7280296e-01
2.9546012e+01	3.2123608e-01
2.9567821e+01	-3.9295944e-02
2.9589630e+01	-1.0553070e-01
2.9611439e+01	4.8798401e-02
2.9633248e+01	-7.2363675e-02
2.9655057e+01	-3.2013423e-02
2.9676865e+01	-2.1288273e-01
2.9698674e+01	-2.1645043e-02
2.9720483e+01	1.6095426e-01
2.9742292e+01	1.1081173e-01
2.9764101e+01	-6.7421371e-02
2.9785910e+01	8.3688575e-02
2.9807719e+01	2.7461995e-02
2.9829528e+01	-1.0277909e-02
2.9851337e+01	-1.4287570e-01
2.9873146e+01	-7.4838700e-02
2.9894955e+01	5.4403109e-02
2.9916764e+01	1.4504188e-01
2.9938573e+01	9.5937817e-02
2.9960382e+01	5.7757172e-01
2.9982191e+01	1.2342384e+00
3.0004000e+01	1.5748786e+00
3.0025808e+01	2.2337380e+00
3.0047617e+01	2.7046545e+00
3.0069426e+01	2.9169876e+00
3.0091235e+01	2.9591463e+00
3.0113044e+01	2.9706652e+00
3.0134853e+01	2.8595620e+00
3.0156662e+01	2.4375766e+00
3.0178471e+01	1.9469735e+00
3.0200280e+01	1.2973307e+00
3.0222089e+01	8.8651676e-01
3.0243898e+01	5.7422250e-01
3.0265707e+01	9.9098644e-02
3.0287516e+01	4.0819502e-02
3.0309325e+01	9.9032532e-02
3.0331134e+01	-2.1047091e-01
3.0352943e+01	-3.0662227e-01
3.0374751e+01	8.1008673e-02
3.0396560e+01	1.0339386e-01
3.0418369e+01	-3.6915973e-02
3.0440178e+01	4.2222795e-02
3.0461987e+01	1.1045965e-01
3.0483796e+01	3.8654598e-02
3.0505605e+01	-4.7939393e-02
3.0527414e+01	1.3235120e-02
3.0549223e+01	-2.0696609e-01
3.0571032e+01	-9.1209535e-02
3.0592841e+01	8.7093088e-02
3.0614650e+01	9.1140004e-02
3.0636459e+01	-1.9229761e-01
3.0658268e+01	-1.4177323e-01
3.0680077e+01	1.0356953e-01
3.0701886e+01	8.9415638e-02
3.0723694e+01	2.4173856e-01
3.0745503e+01	2.5973576e-01
3.0767312e+01	5.4978189e-02
3.0789121e+01	6.2664634e-03
3.0810930e+01	-1.1011760e-01
3.0832739e+01	-1.8216736e-02
3.0854548e+01	1.2482163e-01
3.0876357e+01	1.1887674e-01
3.0898166e+01	-3.7337822e-02
3.0919975e+01	-4.5213287e-02
3.0941784e+01	-8.4636947e-02
3.0963593e+01	5.2083353e-02
3.0985402e+01	1.9552556e-01
3.1007211e+01	-6.5922021e-02
3.1029020e+01	-2.6630237e-01
3.1050829e+01	-6.4236612e-02
3.1072637e+01	1.5481784e-01
3.1094446e+01	8.1539226e-02
3.1116255e+01	-2.1755438e-01
3.1138064e+01	-1.2144316e-01
3.1159873e+01	-2.6692561e-02
3.1181682e+01	1.8255587e-01
3.1203491e+01	-8.6632953e-03
3.1225300e+01	-4.1173726e-02
3.1247109e+01	3.4044376e-02
3.1268918e+01	7.4693595e-02
3.1290727e+01	2.2104759e-01
3.1312536e+01	6.3822570e-02
3.1334345e+01	6.5671693e-02
3.1356154e+01	-1.4222600e-02
3.1377963e+01	-7.2444948e-02
3.1399772e+01	3.1708634e-02
3.1421580e+01	-1.2557456e-01
3.1443389e+01	-2.0040378e-01
3.1465198e+01	-7.3360701e-02
3.1487007e+01	-4.5599900e-02
3.1508816e+01	-9.8212675e-04
3.1530625e+01	9.6418213e-02
3.1552434e+01	5.5676405e-02
3.1574243e+01	5.2054699e-02
3.1596052e+01	1.1427758e-01
3.1617861e+01	3.9816836e-02
3.1639670e+01	3.5263510e-02
3.1661479e+01	-2.2906313e-02
3.1683288e+01	-1.0126885e-01
3.1705097e+01	-2.1469835e-01
3.1726906e+01	5.1608179e-02
3.1748715e+01	9.1985348e-02
3.1770524e+01	2.9068174e-01
3.1792332e+01	9.1150254e-01
3.1814141e+01	1.3687351e+00
3.1835950e+01	1.6657967e+00
3.1857759e+01	2.0038867e+00
3.1879568e+01	2.4090775e+00
3.1901377e+01	2.6136815e+00
3.1923186e+01	2.9354928e+00
3.1944995e+01	2.8003680e+00
3.1966804e+01	2.3974034e+00
3.1988613e+01	1.9262932e+00
3.2010422e+01	1.4390478e+00
3.2032231e+01	1.0087477e+00
3.2054040e+01	5.8387302e-01
3.2075849e+01	1.9093124e-01
3.2097658e+01	7.8766174e-02
3.2119467e+01	-1.0029748e-03
3.2141275e+01	-7.8317008e-02
3.2163084e+01	-6.7434545e-04
3.2184893e+01	-9.6074324e-02
3.2206702e+01	-5.0820831e-02
3.2228511e+01	-1.5728265e-01
3.2250320e+01	7.1888172e-03
3.2272129e+01	1.1199981e-01
3.2293938e+01	1.2823535e-01
3.2315747e+01	6.4697942e-02
3.2337556e+01	-1.1848597e-01
3.2359365e+01	-2.0527624e-01
3.2381174e+01	-6.5179445e-02
3.2402983e+01	1.5137332e-01
3.2424792e+01	1.2978048e-02
3.2446601e+01	-1.1027569e-01
3.2468410e+01	3.9807927e-02
3.2490218e+01	8.6536273e-02
3.2512027e+01	3.9825071e-02
3.2533836e+01	-9.3960247e-02
3.2555645e+01	1.4357353e-01
3.2577454e+01	9.0582236e-03
3.2599263e+01	4.6319533e-02
3.2621072e+01	1.2484574e-01
3.2642881e+01	-1.4281458e-01
3.2664690e+01	-1.4634924e-01
3.2686499e+01	5.9519273e-02
3.2708308e+01	1.4128264e-01
3.2730117e+01	3.8506766e-03
3.2751926e+01	-8.2147276e-02
3.2773735e+01	-5.1666028e-02
3.2795544e+01	-1.3261607e-02
3.2817353e+01	5.5042525e-02
3.2839161e+01	5.0157515e-02
3.2860970e+01	-5.2644430e-02
3.2882779e+01	-7.1243341e-02
3.2904588e+01	-4.1129065e-02
3.2926397e+01	2.3156801e-02
3.2948206e+01	9.7867961e-02
3.2970015e+01	1.2326422e-01
3.2991824e+01	3.4767946e-02
3.3013633e+01	-1.7636361e-01
3.3035442e+01	-1.4530308e-01
3.3057251e+01	2.9243581e-02
3.3079060e+01	8.4516725e-02
3.3100869e+01	1.2563585e-01
3.3122678e+01	-1.1282998e-03
3.3144487e+01	-5.2734800e-02
3.3166296e+01	-4.3048178e-02
3.3188104e+01	8.8655237e-02
3.3209913e+01	-8.3912609e-02
3.3231722e+01	-1.1088756e-01
3.3253531e+01	6.2017902e-04
3.3275340e+01	1.3085036e-01
3.3297149e+01	3.9176109e-02
3.3318958e+01	1.4651386e-01
3.3340767e+01	-5.9844686e-02
3.3362576e+01	-9.6252130e-02
3.3384385e+01	-7.0057828e-02
3.3406194e+01	-4.5754108e-02
3.3428003e+01	-2.9068572e-02
3.3449812e+01	4.2747659e-02
3.3471621e+01	3.2787770e-02
3.3493430e+01	-1.3430987e-01
3.3515239e+01	-1.0349519e-01
3.3537047e+01	9.2704679e-02
3.3558856e+01	7.7357105e-02
3.3580665e+01	3.9636317e-02
3.3602474e+01	6.0069852e-03
3.3624283e+01	6.7181791e-02
3.3646092e+01	-3.5808484e-02
3.3667901e+01	1.0925260e-01
3.3689710e+01	1.2798842e-01
3.3711519e+01	4.4757905e-02
3.3733328e+01	-6.2575215e-02
3.3755137e+01	2.2286609e-02
3.3776946e+01	-1.1302081e-01
3.3798755e+01	-1.8243692e-02
3.3820564e+01	-4.3120150e-02
3.3842373e+01	-2.7643731e-02
3.3864182e+01	-8.0252297e-02
3.3885991e+01	6.5497107e-02
3.3907799e+01	1.1795105e-01
3.3929608e+01	-3.6333037e-03
3.3951417e+01	-9.1949378e-02
3.3973226e+01	3.3141342e-02
3.3995035e+01	-1.0104704e-01
3.4016844e+01	-1.5514516e-03
3.4038653e+01	-6.6688913e-02
3.4060462e+01	-4.8484811e-02
3.4082271e+01	7.0353878e-02
3.4104080e+01	1.7559169e-01
3.4125889e+01	7.1254546e-02
3.4147698e+01	-6.2321041e-02
3.4169507e+01	-8.9803443e-02
3.4191316e+01	1.4777575e-01
3.4213125e+01	-1.0084008e-02
3.4234934e+01	-6.8879812e-02
3.4256742e+01	1.9346013e-02
3.4278551e+01	-1.1907405e-02
3.4300360e+01	2.5249700e-02
3.4322169e+01	-7.2482406e-02
3.4343978e+01	1.4837183e-02
3.4365787e+01	6.7643930e-02
3.4387596e+01	-3.4155245e-02
3.4409405e+01	-9.5860829e-02
3.4431214e+01	-5.9360463e-02
3.4453023e+01	-3.4852799e-02
3.4474832e+01	1.9318591e-02
3.4496641e+01	7.8431233e-02
3.4518450e+01	1.1924220e-01
3.4540259e+01	4.7612360e-02
3.4562068e+01	-7.1389345e-03
3.4583877e+01	5.4886321e-02
3.4605685e+01	-4.6520190e-02
3.4627494e+01	-1.5248591e-02
3.4649303e+01	-9.6872988e-02
3.4671112e+01	-7.6297686e-02
3.4692921e+01	5.9157439e-03
3.4714730e+01	5.2086490e-02
3.4736539e+01	-4.4560126e-02
3.4758348e+01	-5.3735210e-03
3.4780157e+01	4.6386563e-02
3.4801966e+01	1.1459228e-01
3.4823775e+01	-2.2999141e-02
3.4845584e+01	-1.2481627e-02
3.4867393e+01	-3.1875048e-02
3.4889202e+01	-6.5323653e-02
3.4911011e+01	-1.7338840e-02
3.4932820e+01	1.3553588e-01
3.4954628e+01	4.2418434e-02
3.4976437e+01	-1.4824091e-01
3.4998246e+01	3.4762152e-02
3.5020055e+01	1.4620168e-02
3.5041864e+01	8.5953970e-02
3.5063673e+01	1.1616906e-01
3.5085482e+01	-5.9946754e-02
3.5107291e+01	-1.8767366e-01
3.5129100e+01	-7.7510219e-02
3.5150909e+01	1.8099073e-01
3.5172718e+01	-1.8123461e-02
3.5194527e+01	-4.5739005e-02
3.5216336e+01	-1.1159053e-01
3.5238145e+01	-3.2838687e-02
3.5259954e+01	-9.9355733e-02
3.5281763e+01	1.2649404e-01
3.5303571e+01	2.0590684e-01
3.5325380e+01	1.3751575e-01
3.5347189e+01	8.1840580e-02
3.5368998e+01	9.7686089e-02
3.5390807e+01	-4.9987923e-02
3.5412616e+01	-1.4384840e-01
3.5434425e+01	-1.6281067e-01
3.5456234e+01	-7.7127262e-02
3.5478043e+01	-6.6476810e-02
3.5499852e+01	1.0264548e-01
3.5521661e+01	-2.4208261e-02
3.5543470e+01	-3.8174905e-02
3.5565279e+01	-1.5704987e-02
3.5587088e+01	-6.8601210e-02
3.5608897e+01	1.0316872e-01
3.5630706e+01	1.3400528e-01
3.5652514e+01	7.7551763e-02
3.5674323e+01	9.8102832e-02
3.5696132e+01	-2.4897684e-02
3.5717941e+01	1.1727426e-01
3.5739750e+01	1.3516404e-01
3.5761559e+01	-1.1978368e-01
3.5783368e+01	-2.0841495e-01
3.5805177e+01	-3.2387293e-02
3.5826986e+01	7.5177895e-02
3.5848795e+01	1.4323513e-01
3.5870604e+01	6.6031823e-02
3.5892413e+01	-2.6048317e-02
3.5914222e+01	2.8113581e-02
3.5936031e+01	-2.0271696e-01
3.5957840e+01	-3.0986978e-01
3.5979649e+01	-3.3610855e-01
3.6001458e+01	-3.7225940e-02
3.6023266e+01	1.9479399e-01
3.6045075e+01	1.9485737e-01
3.6066884e+01	2.4611292e-02
3.6088693e+01	6.2169651e-02
3.6110502e+01	1.8474417e-01
3.6132311e+01	1.2855792e-01
3.6154120e+01	-2.5568800e-02
3.6175929e+01	1.5684419e-01
3.6197738e+01	-2.6578242e-02
3.6219547e+01	2.4380200e-02
3.6241356e+01	-6.4921870e-02
3.6263165e+01	-2.5762350e-02
3.6284974e+01	-7.4626642e-02
3.6306783e+01	-1.4104002e-01
3.6328592e+01	-1.0826272e-01
3.6350401e+01	2.6330196e-02
3.6372209e+01	7.6656115e-02
3.6394018e+01	1.3159621e-01
3.6415827e+01	-3.5723268e-02
3.6437636e+01	-3.6639205e-02
3.6459445e+01	-1.0284138e-01
3.6481254e+01	3.8828205e-01
3.6503063e+01	2.3186768e-01
3.6524872e+01	4.6246167e-02
3.6546681e+01	3.2528603e-02
3.6568490e+01	1.0273177e-01
3.6590299e+01	-5.3834275e-02
3.6612108e+01	2.9367864e-02
3.6633917e+01	-1.7678357e-01
3.6655726e+01	-8.7634302e-02
3.6677535e+01	4.7576573e-03
3.6699344e+01	-5.7697994e-02
3.6721152e+01	3.2915112e-02
3.6742961e+01	-1.0284000e-01
3.6764770e+01	-2.8558245e-03
3.6786579e+01	2.0877480e-01
3.6808388e+01	2.9435111e-01
3.6830197e+01	9.4142361e-02
3.6852006e+01	-1.1976749e-01
3.6873815e+01	-5.7620000e-02
3.6895624e+01	1.6040327e-01
3.6917433e+01	-5.1174166e-02
3.6939242e+01	6.2147812e-02
3.6961051e+01	1.5508505e-02
3.6982860e+01	-9.3232719e-02
3.7004669e+01	1.5097365e-01
3.7026478e+01	2.3333450e-01
3.7048287e+01	4.4067151e-01
3.7070095e+01	5.2498521e-01
3.7091904e+01	-6.4769422e-02
3.7113713e+01	-1.0950797e-01
3.7135522e+01	-9.2855582e-02
3.7157331e+01	-9.8529463e-02
3.7179140e+01	-2.3551008e-02
3.7200949e+01	-1.9022661e-02
3.7222758e+01	-3.8929430e-02
3.7244567e+01	1.4136422e-01
3.7266376e+01	1.5571180e-01
3.7288185e+01	-5.4606712e-02
3.7309994e+01	-9.4422254e-02
3.7331803e+01	7.0714837e-02
3.7353612e+01	-2.2038575e-01
3.7375421e+01	4.0761448e-02
3.7397230e+01	5.4747048e-02
3.7419038e+01	3.4810863e-01
3.7440847e+01	7.2495299e-01
3.7462656e+01	1.1086746e+00
3.7484465e+01	1.2956677e+00
3.7506274e+01	1.0121138e+00
3.7528083e+01	6.5310218e-01
3.7549892e+01	3.9669415e-01
3.7571701e+01	4.8248052e-01
3.7593510e+01	5.5796228e-01
3.7615319e+01	2.5720071e-01
3.7637128e+01	2.5769186e-02
3.7658937e+01	-2.7388546e-02
3.7680746e+01	-9.2442210e-02
3.7702555e+01	1.1171777e-02
3.7724364e+01	-1.1232399e-01
3.7746173e+01	2.3291437e-01
3.7767981e+01	3.5360959e-01
3.7789790e+01	5.5389910e-01
3.7811599e+01	8.3294494e-01
3.7833408e+01	9.0497248e-01
3.7855217e+01	1.1217831e+00
3.7877026e+01	1.3481762e+00
3.7898835e+01	1.2637782e+00
3.7920644e+01	1.1038403e+00
3.7942453e+01	1.0874030e+00
3.7964262e+01	1.0403427e+00
3.7986071e+01	7.6085778e-01
3.8007880e+01	3.9755653e-01
3.8029689e+01	7.2670307e-02
3.8051498e+01	4.7186312e-02
3.8073307e+01	4.6504047e-02
3.8095116e+01	-1.0897846e-01
3.8116925e+01	-1.4056807e-01
3.8138733e+01	-1.7303932e-01
3.8160542e+01	-4.0011348e-02
3.8182351e+01	-1.3646372e-02
3.8204160e+01	-7.1845584e-02
3.8225969e+01	-1.2288775e-01
3.8247778e+01	7.7195699e-02
3.8269587e+01	1.2174734e-01
3.8291396e+01	1.2755247e-01
3.8313205e+01	-1.4571854e-02
3.8335014e+01	-2.4354413e-02
3.8356823e+01	1.8654527e-01
3.8378632e+01	1.3839788e-01
3.8400441e+01	1.3905421e-01
3.8422250e+01	1.7140183e-01
3.8444059e+01	-1.6432943e-02
3.8465868e+01	3.1418578e-02
3.8487676e+01	7.4798346e-02
3.8509485e+01	-1.0299462e-01
3.8531294e+01	-1.6681815e-01
3.8553103e+01	-1.9482121e-01
3.8574912e+01	-2.1492031e-01
3.8596721e+01	-8.0170951e-02
3.8618530e+01	1.9442335e-02
3.8640339e+01	-2.5030959e-03
3.8662148e+01	2.2656656e-01
3.8683957e+01	3.4716421e-02
3.8705766e+01	9.1054141e-02
3.8727575e+01	6.9373181e-02
3.8749384e+01	-1.1591694e-01
3.8771193e+01	5.5155897e-03
3.8793002e+01	5.8469197e-02
3.8814811e+01	-1.6352923e-01
3.8836619e+01	-5.5395248e-02
3.8858428e+01	1.1031847e-01
3.8880237e+01	1.5525012e-01
3.8902046e+01	-1.1785848e-02
3.8923855e+01	-7.1835628e-03
3.8945664e+01	-3.5453677e-02
3.8967473e+01	1.2988832e-01
3.8989282e+01	-1.4375933e-02
3.9011091e+01	-8.8358895e-02
3.9032900e+01	-1.6692329e-01
3.9054709e+01	-4.2543970e-02
3.9076518e+01	4.4522229e-02
3.9098327e+01	9.7129931e-02
3.9120136e+01	1.3791335e-01
3.9141945e+01	-9.7729643e-02
3.9163754e+01	6.5852329e-02
3.9185562e+01	-1.0965007e-01
3.9207371e+01	-4.0848141e-02
3.9229180e+01	4.1684919e-03
3.9250989e+01	2.4183816e-01
3.9272798e+01	-4.1135536e-02
3.9294607e+01	-6.3356306e-02
3.9316416e+01	1.0095166e-01
3.9338225e+01	8.2227481e-02
3.9360034e+01	-2.4755325e-01
3.9381843e+01	1.1044689e-02
3.9403652e+01	1.4209528e-01
3.9425461e+01	1.2438805e-01
3.9447270e+01	7.8294361e-03
3.9469079e+01	-4.1816421e-02
3.9490888e+01	-1.8629591e-01
3.9512697e+01	-3.0653220e-02
3.9534505e+01	4.8831280e-02
3.9556314e+01	-8.0352675e-02
3.9578123e+01	-5.1488694e-04
3.9599932e+01	-3.7742206e-02
3.9621741e+01	6.7466657e-02
3.9643550e+01	4.8024398e-02
3.9665359e+01	-1.7925892e-01
3.9687168e+01	2.4121831e-02
3.9708977e+01	1.7627598e-01
3.9730786e+01	1.6938993e-01
3.9752595e+01	-1.8187300e-02
3.9774404e+01	-1.3479949e-01
3.9796213e+01	-1.0466572e-01
3.9818022e+01	1.5953606e-01
3.9839831e+01	-4.2317564e-02
3.9861640e+01	9.1302926e-02
3.9883449e+01	1.8001598e-01
3.9905257e+01	1.0218224e-01
3.9927066e+01	-1.6725781e-01
3.9948875e+01	6.5459687e-02
3.9970684e+01	1.6784721e-02
3.9992493e+01	1.9661221e-03
4.0014302e+01	5.6189455e-02
4.0036111e+01	-3.1769158e-02
4.0057920e+01	-2.7639921e-01
4.0079729e+01	-1.6780387e-01
4.0101538e+01	-1.0028032e-02
4.0123347e+01	1.5356080e-01
4.0145156e+01	-2.5122000e-02
4.0166965e+01	-2.4955629e-02
4.0188774e+01	3.7772485e-02
4.0210583e+01	4.0590161e-02
4.0232392e+01	7.1865874e-02
4.0254200e+01	6.5319581e-02
4.0276009e+01	2.4052495e-02
4.0297818e+01	-1.0653576e-01
4.0319627e+01	-1.4406221e-01
4.0341436e+01	1.1703032e-02
4.0363245e+01	2.7283873e-01
4.0385054e+01	2.0440530e-01
4.0406863e+01	-1.6287501e-02
4.0428672e+01	-8.2546434e-02
4.0450481e+01	3.0950616e-01
4.0472290e+01	1.3820043e-02
4.0494099e+01	-3.4054452e-01
4.0515908e+01	6.1503015e-02
4.0537717e+01	2.4441867e-01
4.0559526e+01	-1.3121737e-01
4.0581335e+01	2.0894773e-01
4.0603143e+01	2.3520251e-01
4.0624952e+01	-1.7283900e-01
4.0646761e+01	-4.5756031e-02
4.0668570e+01	-2.1356613e-02
4.0690379e+01	6.7782768e-02
4.0712188e+01	1.1299193e-01
4.0733997e+01	5.5813780e-02
4.0755806e+01	7.1449042e-03
4.0777615e+01	6.3550629e-02
4.0799424e+01	1.2444552e-01
4.0821233e+01	-1.1010967e-01
4.0843042e+01	-1.9878314e-01
4.0864851e+01	-1.5715505e-01
4.0886660e+01	-6.7414513e-02
4.0908469e+01	-1.2797728e-01
4.0930278e+01	1.5709451e-01
4.0952086e+01	9.5706408e-02
4.0973895e+01	1.1587114e-01
4.0995704e+01	1.7588873e-01
4.1017513e+01	-3.9160954e-02
4.1039322e+01	-2.0902340e-01
4.1061131e+01	-1.4925837e-01
4.1082940e+01	1.5227475e-01
4.1104749e+01	2.0625674e-01
4.1126558e+01	2.0470047e-01
4.1148367e+01	7.8436726e-02
4.1170176e+01	-1.8561269e-01
4.1191985e+01	-2.3135838e-01
4.1213794e+01	3.1859097e-02
4.1235603e+01	2.4488508e-01
4.1257412e+01	-2.4496160e-03
4.1279221e+01	-1.4410858e-01
4.1301029e+01	-1.2115686e-01
4.1322838e+01	1.4562996e-01
4.1344647e+01	1.8181361e-01
4.1366456e+01	1.0708002e-01
4.1388265e+01	4.4290310e-01
4.1410074e+01	1.3770748e-01
4.1431883e+01	-2.1061026e-01
4.1453692e+01	-1.0610167e-01
4.1475501e+01	4.8358034e-02
4.1497310e+01	5.2004013e-02
4.1519119e+01	-1.9515502e-02
4.1540928e+01	-8.9260313e-02
4.1562737e+01	-6.3506257e-02
4.1584546e+01	3.4902376e-01
4.1606355e+01	-1.2045387e-01
4.1628164e+01	-1.2133303e-01
4.1649972e+01	1.8335432e-01
4.1671781e+01	-1.0619064e-01
4.1693590e+01	7.7644608e-02
4.1715399e+01	6.5582966e-02
4.1737208e+01	-1.2537452e-01
4.1759017e+01	9.0682014e-02
4.1780826e+01	3.9069835e-01
4.1802635e+01	3.5239013e-01
4.1824444e+01	7.0085625e-02
4.1846253e+01	2.3868595e-01
4.1868062e+01	5.3464301e-02
4.1889871e+01	1.2401601e-01
4.1911680e+01	1.8093735e-01
4.1933489e+01	4.0083388e-01
4.1955298e+01	-6.3309814e-02
4.1977107e+01	-2.0690188e-01
4.1998916e+01	-4.0927703e-02
4.2020724e+01	-2.9415975e-02
4.2042533e+01	-8.2403804e-02
4.2064342e+01	-2.0247841e-01
4.2086151e+01	3.2253319e-02
4.2107960e+01	3.5916735e-02
4.2129769e+01	-1.1055642e-01
4.2151578e+01	3.2428769e-01
4.2173387e+01	1.1132079e-01
4.2195196e+01	1.7597801e-01
4.2217005e+01	2.4261941e-01
4.2238814e+01	1.1182153e-01
4.2260623e+01	-2.2597382e-01
4.2282432e+01	-2.7747954e-02
4.2304241e+01	-8.9692761e-02
4.2326050e+01	-2.5825484e-01
4.2347859e+01	5.1915576e-02
4.2369667e+01	1.9063771e-01
4.2391476e+01	-2.6383432e-01
4.2413285e+01	2.8826438e-01
4.2435094e+01	3.1490163e-02
4.2456903e+01	1.0130720e-01
4.2478712e+01	-2.2047167e-01
4.2500521e+01	1.9771187e-01
4.2522330e+01	1.9207213e-01
4.2544139e+01	1.0389360e-01
4.2565948e+01	-7.4027537e-02
4.2587757e+01	4.9248038e-01
4.2609566e+01	7.7504608e-01
4.2631375e+01	8.2723058e-01
4.2653184e+01	5.2455285e-01
4.2674993e+01	3.9056186e-01
4.2696802e+01	4.9325387e-01
4.2718610e+01	1.6888074e-01
4.2740419e+01	8.7318175e-02
4.2762228e+01	3.6600369e-02
4.2784037e+01	-1.0678170e-01
4.2805846e+01	-1.7855609e-02
4.2827655e+01	-1.0775886e-01
4.2849464e+01	8.1670712e-02
4.2871273e+01	-2.3325309e-01
4.2893082e+01	-4.8072944e-02
4.2914891e+01	1.2853855e-01
4.2936700e+01	1.7597256e-01
4.2958509e+01	2.7514372e-01
4.2980318e+01	-8.2938811e-02
4.3002127e+01	-1.5011486e-01
4.3023936e+01	-1.6858808e-01
4.3045745e+01	2.2430856e-01
4.3067553e+01	-5.1525416e-02
4.3089362e+01	6.3665360e-02
4.3111171e+01	-1.9616688e-01
4.3132980e+01	1.2481548e-02
4.3154789e+01	5.7799155e-02
4.3176598e+01	1.0217422e-01
4.3198407e+01	-1.2326419e-02
4.3220216e+01	2.5707364e-01
4.3242025e+01	4.7672262e-02
4.3263834e+01	-4.2192823e-03
4.3285643e+01	-2.9496407e-01
4.3307452e+01	3.2886930e-01
4.3329261e+01	3.3934135e-01
4.3351070e+01	-5.5582030e-02
4.3372879e+01	1.4076876e-01
4.3394688e+01	1.7645843e-01
4.3416496e+01	3.6638034e-01
4.3438305e+01	7.2399329e-01
4.3460114e+01	5.0830796e-01
4.3481923e+01	5.7991795e-01
4.3503732e+01	4.2405012e-01
4.3525541e+01	6.4335510e-02
4.3547350e+01	-1.2436918e-01
4.3569159e+01	-1.7786271e-01
4.3590968e+01	-2.5296442e-01
4.3612777e+01	-1.0077897e-01
4.3634586e+01	-1.9745922e-02
4.3656395e+01	2.6506015e-01
4.3678204e+01	1.4399831e-01
4.3700013e+01	1.4300057e-01
4.3721822e+01	4.4578662e-01
4.3743631e+01	2.3341351e-01
4.3765439e+01	5.8578964e-01
4.3787248e+01	9.0470875e-01
4.3809057e+01	1.2691342e+00
4.3830866e+01	1.3439074e+00
4.3852675e+01	1.4257826e+00
4.3874484e+01	1.3469073e+00
4.3896293e+01	1.0037178e+00
4.3918102e+01	1.2617805e+00
4.3939911e+01	9.0464270e-01
4.3961720e+01	7.3075586e-01
4.3983529e+01	6.1837131e-01
4.4005338e+01	1.1191432e-01
4.4027147e+01	-9.9698355e-02
4.4048956e+01	-1.2738595e-01
4.4070765e+01	8.1374224e-02
4.4092574e+01	-9.5416813e-04
4.4114383e+01	1.1812758e-01
4.4136191e+01	8.5649183e-03
4.4158000e+01	-2.4877547e-01
4.4179809e+01	2.7783092e-02
4.4201618e+01	1.6995778e-01
4.4223427e+01	-2.2979365e-01
4.4245236e+01	3.1376867e-01
4.4267045e+01	3.9420635e-01
4.4288854e+01	7.1062557e-02
4.4310663e+01	1.6698871e-01
4.4332472e+01	-2.3794242e-01
4.4354281e+01	-8.6625681e-02
4.4376090e+01	1.5747243e-01
4.4397899e+01	5.7514530e-02
4.4419708e+01	-9.7952508e-02
4.4441517e+01	5.1800757e-03
4.4463326e+01	9.3923763e-02
4.4485134e+01	3.4492665e-01
4.4506943e+01	8.5682025e-03
4.4528752e+01	-1.5819877e-01
4.4550561e+01	-6.6032575e-02
4.4572370e+01	-6.7638344e-02
4.4594179e+01	1.6646031e-01
4.4615988e+01	2.4618559e-03
4.4637797e+01	2.2994425e-01
4.4659606e+01	-4.5630472e-02
4.4681415e+01	6.0373666e-02
4.4703224e+01	2.8030300e-01
4.4725033e+01	4.2946901e-01
4.4746842e+01	1.5136436e-01
4.4768651e+01	-1.7149760e-01
4.4790460e+01	-2.0676777e-01
4.4812269e+01	-9.6371528e-02
4.4834077e+01	5.1999344e-03
4.4855886e+01	-1.5496548e-02
4.4877695e+01	1.9337781e-01
4.4899504e+01	5.2302384e-01
4.4921313e+01	1.3054279e-01
4.4943122e+01	-1.2380237e-01
4.4964931e+01	4.3887316e-01
4.4986740e+01	1.2299887e+00