Image file: \\Gfs05\g45\SAXS\2020_12\HDF5\2020-12.10_Kevin_day2_SN\2020-12-10_Max_Cu123_SN_000017_data_000081.h5
ImageIntegration1d_chi_output; Output_Directory= \\Gfs05\g45\SAXS\2020_12\Processed\2020-12-09_Kevin_day1_SN\Chi-Sample-7
Profile = Radial, StartAzimuth = 0.0, EndAzimuth = 360.0, Sam_Det_distance = 250.818474293, InnerRadius = 15.0, OuterRadius = 2400.0, Lambda = 30, Ratio = 0.001, Itermax = 100
2400
2.0013229e+00	-1.6610539e-02
2.0231319e+00	5.0449525e-02
2.0449408e+00	1.0131545e-01
2.0667497e+00	-8.6181193e-02
2.0885587e+00	-1.9255832e-01
2.1103676e+00	-9.3183199e-03
2.1321765e+00	1.3411901e-01
2.1539855e+00	1.2212118e-01
2.1757944e+00	-7.8691882e-02
2.1976034e+00	9.2343340e-02
2.2194123e+00	-2.6156787e-02
2.2412212e+00	3.3836023e-02
2.2630302e+00	-1.3944653e-01
2.2848391e+00	4.3757648e-03
2.3066480e+00	-1.7835709e-02
2.3284570e+00	2.0609816e-02
2.3502659e+00	3.9413019e-01
2.3720749e+00	2.5483031e-01
2.3938838e+00	4.9996155e-02
2.4156927e+00	1.3509197e-01
2.4375017e+00	-7.2046329e-02
2.4593106e+00	4.3557208e-02
2.4811196e+00	-5.0224161e-02
2.5029285e+00	-5.8533266e-02
2.5247374e+00	2.9007882e-01
2.5465464e+00	6.4452879e-01
2.5683553e+00	3.7157176e-01
2.5901642e+00	3.7455780e-01
2.6119732e+00	4.0374421e-02
2.6337821e+00	-5.5158256e-02
2.6555911e+00	2.6635718e-01
2.6774000e+00	5.4463041e-01
2.6992089e+00	2.3427998e-01
2.7210179e+00	-1.2086361e-01
2.7428268e+00	-1.2364173e-01
2.7646358e+00	6.2532959e-02
2.7864447e+00	1.2946913e-01
2.8082536e+00	1.1146788e-01
2.8300626e+00	1.2748471e-02
2.8518715e+00	8.2432978e-02
2.8736804e+00	1.4385448e-01
2.8954894e+00	-8.1537234e-02
2.9172983e+00	-1.4703200e-01
2.9391073e+00	-1.3938096e-01
2.9609162e+00	-2.7006192e-02
2.9827251e+00	-5.7956812e-02
3.0045341e+00	1.6853381e-01
3.0263430e+00	1.6038585e-01
3.0481519e+00	-1.8948429e-02
3.0699609e+00	-4.5377493e-02
3.0917698e+00	-3.5260647e-02
3.1135788e+00	7.6435977e-02
3.1353877e+00	2.1122414e-01
3.1571966e+00	7.7129592e-02
3.1790056e+00	-1.6521190e-01
3.2008145e+00	-9.0717825e-03
3.2226235e+00	1.3432752e-01
3.2444324e+00	1.9245699e-02
3.2662413e+00	-2.8399427e-02
3.2880503e+00	-4.1586733e-02
3.3098592e+00	-5.2091932e-02
3.3316681e+00	9.8950608e-03
3.3534771e+00	-3.9874647e-02
3.3752860e+00	2.5059883e-02
3.3970950e+00	1.2667330e-01
3.4189039e+00	-1.6463517e-01
3.4407128e+00	1.3154618e-01
3.4625218e+00	3.8599287e-01
3.4843307e+00	-4.4241475e-02
3.5061396e+00	2.1465009e-02
3.5279486e+00	-2.8500513e-02
3.5497575e+00	-2.6791934e-03
3.5715665e+00	1.8178836e-01
3.5933754e+00	3.5440872e-01
3.6151843e+00	1.4355847e-01
3.6369933e+00	-1.0526713e-01
3.6588022e+00	-2.3903709e-01
3.6806112e+00	1.2603736e-01
3.7024201e+00	8.7094914e-02
3.7242290e+00	4.1131589e-03
3.7460380e+00	-8.2971784e-02
3.7678469e+00	-2.0706813e-03
3.7896558e+00	1.7257224e-01
3.8114648e+00	-5.2393323e-03
3.8332737e+00	-7.2217363e-02
3.8550827e+00	4.4843606e-02
3.8768916e+00	-7.9979962e-02
3.8987005e+00	2.0595197e-02
3.9205095e+00	7.7810141e-02
3.9423184e+00	9.7931449e-02
3.9641273e+00	-9.1920312e-02
3.9859363e+00	-4.1773091e-02
4.0077452e+00	2.3224602e-01
4.0295542e+00	1.7861492e-01
4.0513631e+00	-1.1029825e-01
4.0731720e+00	-7.8538907e-02
4.0949810e+00	-2.9684919e-02
4.1167899e+00	9.5691579e-02
4.1385989e+00	-4.3903522e-02
4.1604078e+00	-4.7924692e-02
4.1822167e+00	6.9274626e-02
4.2040257e+00	4.9861085e-02
4.2258346e+00	1.7991944e-01
4.2476435e+00	4.0383751e-01
4.2694525e+00	1.0147314e-01
4.2912614e+00	-1.1268509e-01
4.3130704e+00	-1.3884212e-01
4.3348793e+00	6.4232184e-02
4.3566882e+00	7.8988973e-02
4.3784972e+00	-1.5675326e-01
4.4003061e+00	-9.0178849e-02
4.4221151e+00	6.9399676e-03
4.4439240e+00	1.2370574e-01
4.4657329e+00	8.8651123e-02
4.4875419e+00	5.6061617e-02
4.5093508e+00	5.3561292e-02
4.5311597e+00	-2.1260270e-01
4.5529687e+00	-1.1717129e-01
4.5747776e+00	1.0322736e-01
4.5965866e+00	4.8729711e-02
4.6183955e+00	1.3333147e-01
4.6402044e+00	1.2115527e-01
4.6620134e+00	3.4485588e-02
4.6838223e+00	-1.5287379e-01
4.7056312e+00	-3.3183990e-02
4.7274402e+00	-7.1696367e-02
4.7492491e+00	-1.1221061e-01
4.7710581e+00	2.2185920e-01
4.7928670e+00	3.4918129e-01
4.8146759e+00	1.0340982e-02
4.8364849e+00	-3.6038933e-02
4.8582938e+00	1.0917633e-01
4.8801028e+00	6.3553392e-02
4.9019117e+00	5.8901330e-02
4.9237206e+00	-2.5842882e-02
4.9455296e+00	-3.3461681e-04
4.9673385e+00	-8.0728984e-04
4.9891474e+00	-7.6007180e-02
5.0109564e+00	4.2658308e-02
5.0327653e+00	-4.5745886e-02
5.0545743e+00	-2.1633458e-02
5.0763832e+00	3.1536351e-02
5.0981921e+00	2.3385952e-02
5.1200011e+00	-3.7478846e-02
5.1418100e+00	-2.1943219e-02
5.1636189e+00	2.6654501e-02
5.1854279e+00	-9.4110435e-03
5.2072368e+00	5.6173577e-02
5.2290458e+00	9.6759177e-02
5.2508547e+00	-1.3912796e-01
5.2726636e+00	-8.4304711e-02
5.2944726e+00	1.3144558e-01
5.3162815e+00	2.4666757e-01
5.3380905e+00	5.3582816e-02
5.3598994e+00	-6.8867591e-02
5.3817083e+00	-6.6825352e-02
5.4035173e+00	6.8708156e-02
5.4253262e+00	5.4200787e-02
5.4471351e+00	-1.7592774e-01
5.4689441e+00	3.7064497e-02
5.4907530e+00	4.7890676e-02
5.5125620e+00	2.4688710e-01
5.5343709e+00	4.5400321e-02
5.5561798e+00	-5.4150486e-02
5.5779888e+00	1.5794437e-02
5.5997977e+00	-1.0092949e-01
5.6216066e+00	-7.0040029e-02
5.6434156e+00	7.2389265e-02
5.6652245e+00	1.2152224e-01
5.6870335e+00	1.0270157e-01
5.7088424e+00	-6.5704908e-02
5.7306513e+00	6.3896963e-02
5.7524603e+00	4.9821236e-02
5.7742692e+00	-9.4329063e-02
5.7960782e+00	-5.9584552e-02
5.8178871e+00	-1.8256861e-03
5.8396960e+00	-6.5194096e-02
5.8615050e+00	-3.9866338e-03
5.8833139e+00	2.4170696e-02
5.9051228e+00	-5.3643835e-03
5.9269318e+00	5.5065867e-02
5.9487407e+00	2.9843796e-02
5.9705497e+00	-2.8549019e-02
5.9923586e+00	-1.3268769e-01
6.0141675e+00	-6.1838157e-02
6.0359765e+00	5.5331490e-02
6.0577854e+00	8.4524137e-02
6.0795944e+00	6.3277331e-02
6.1014033e+00	1.5410332e-01
6.1232122e+00	9.1907045e-02
6.1450212e+00	-1.2072939e-01
6.1668301e+00	-4.5547219e-03
6.1886390e+00	5.1851539e-02
6.2104480e+00	-1.5521646e-01
6.2322569e+00	-1.6318421e-01
6.2540659e+00	1.6647667e-01
6.2758748e+00	1.1507987e-02
6.2976837e+00	4.1899860e-02
6.3194927e+00	-5.7426390e-02
6.3413016e+00	-8.3011195e-02
6.3631105e+00	1.2740689e-01
6.3849195e+00	1.0190115e-01
6.4067284e+00	1.4073025e-01
6.4285374e+00	-8.2246527e-02
6.4503463e+00	-7.6919191e-02
6.4721552e+00	-1.2919840e-01
6.4939642e+00	7.2445951e-02
6.5157731e+00	1.3049350e-01
6.5375821e+00	2.2161300e-01
6.5593910e+00	1.2430504e-02
6.5811999e+00	-2.9351975e-02
6.6030089e+00	-2.8236858e-02
6.6248178e+00	-1.6070645e-02
6.6466267e+00	-1.4144108e-01
6.6684357e+00	-9.1479648e-02
6.6902446e+00	1.1568684e-01
6.7120536e+00	1.9603874e-01
6.7338625e+00	7.9336888e-02
6.7556714e+00	-5.7256041e-02
6.7774804e+00	-1.8586700e-02
6.7992893e+00	-7.1721544e-02
6.8210982e+00	4.2004084e-02
6.8429072e+00	3.5955631e-01
6.8647161e+00	1.9026809e-01
6.8865251e+00	-3.2270436e-02
6.9083340e+00	1.0048156e-01
6.9301429e+00	1.0883310e-01
6.9519519e+00	-6.0983942e-02
6.9737608e+00	-1.0677039e-01
6.9955698e+00	-2.6805582e-02
7.0173787e+00	-1.4011194e-01
7.0391876e+00	-1.6807851e-02
7.0609966e+00	5.8361659e-02
7.0828055e+00	-2.2806030e-03
7.1046144e+00	-1.5162834e-02
7.1264234e+00	3.7427690e-02
7.1482323e+00	1.5468971e-01
7.1700413e+00	3.2581156e-02
7.1918502e+00	3.5814383e-02
7.2136591e+00	-2.7592330e-02
7.2354681e+00	-1.1718412e-02
7.2572770e+00	-7.1699020e-02
7.2790859e+00	-2.5602060e-02
7.3008949e+00	4.8148282e-02
7.3227038e+00	6.5636748e-02
7.3445128e+00	-1.3101066e-02
7.3663217e+00	-5.1296811e-02
7.3881306e+00	-6.2592819e-02
7.4099396e+00	9.7111100e-02
7.4317485e+00	-1.0755374e-01
7.4535575e+00	-3.1236683e-02
7.4753664e+00	2.5006976e-02
7.4971753e+00	-8.7201326e-02
7.5189843e+00	1.0388418e-01
7.5407932e+00	1.4657079e-01
7.5626021e+00	-1.0432820e-01
7.5844111e+00	3.7606414e-02
7.6062200e+00	5.4850345e-02
7.6280290e+00	1.1511160e-01
7.6498379e+00	5.3104388e-02
7.6716468e+00	-8.1053230e-02
7.6934558e+00	-5.7578480e-02
7.7152647e+00	-1.9105301e-01
7.7370737e+00	-1.3461853e-01
7.7588826e+00	2.7385270e-01
7.7806915e+00	1.1532262e-01
7.8025005e+00	9.8983421e-02
7.8243094e+00	1.0917297e-01
7.8461183e+00	8.3164964e-02
7.8679273e+00	3.7365750e-02
7.8897362e+00	1.9537560e-01
7.9115452e+00	-1.4023899e-01
7.9333541e+00	-9.5292920e-02
7.9551630e+00	-6.8557519e-02
7.9769720e+00	-6.9118809e-02
7.9987809e+00	-9.3058836e-02
8.0205898e+00	1.4413305e-01
8.0423988e+00	1.1458731e-01
8.0642077e+00	1.2733646e-01
8.0860167e+00	-1.4209846e-01
8.1078256e+00	4.1793812e-02
8.1296345e+00	3.1256610e-01
8.1514435e+00	6.1509966e-02
8.1732524e+00	-1.3508803e-01
8.1950614e+00	2.4240750e-02
8.2168703e+00	6.1298840e-02
8.2386792e+00	7.6014668e-03
8.2604882e+00	-4.0854320e-02
8.2822971e+00	5.8006618e-02
8.3041060e+00	8.2370792e-02
8.3259150e+00	-1.5806487e-01
8.3477239e+00	-2.8791941e-02
8.3695329e+00	7.5768145e-03
8.3913418e+00	2.2908874e-03
8.4131507e+00	1.4044267e-01
8.4349597e+00	-3.6645681e-02
8.4567686e+00	-1.2716171e-01
8.4785775e+00	1.6784513e-01
8.5003865e+00	1.8981102e-01
8.5221954e+00	-8.9688710e-02
8.5440044e+00	2.6015819e-01
8.5658133e+00	3.4433642e-01
8.5876222e+00	-3.6642782e-02
8.6094312e+00	6.6291347e-02
8.6312401e+00	7.4291562e-02
8.6530491e+00	-9.7773463e-02
8.6748580e+00	-2.1998526e-01
8.6966669e+00	-6.5394800e-05
8.7184759e+00	9.2230427e-02
8.7402848e+00	3.0942866e-01
8.7620937e+00	7.8040834e-02
8.7839027e+00	4.2235877e-02
8.8057116e+00	8.4327720e-02
8.8275206e+00	1.6055511e-02
8.8493295e+00	-2.8090132e-02
8.8711384e+00	-8.5084288e-03
8.8929474e+00	-1.5700741e-02
8.9147563e+00	-1.2635311e-01
8.9365652e+00	-2.8976620e-02
8.9583742e+00	1.2933033e-01
8.9801831e+00	1.1206177e-01
9.0019921e+00	-1.3972748e-02
9.0238010e+00	-7.8381736e-02
9.0456099e+00	-1.3530436e-01
9.0674189e+00	7.0735744e-02
9.0892278e+00	3.4398901e-01
9.1110368e+00	9.2609236e-02
9.1328457e+00	-7.8676363e-02
9.1546546e+00	3.5751788e-01
9.1764636e+00	4.3865696e-01
9.1982725e+00	1.4814741e-02
9.2200814e+00	8.7557966e-03
9.2418904e+00	3.5006047e-02
9.2636993e+00	2.9947412e-01
9.2855083e+00	1.6743457e-01
9.3073172e+00	7.3487709e-02
9.3291261e+00	-9.9892862e-02
9.3509351e+00	-1.4437577e-01
9.3727440e+00	-1.0542102e-01
9.3945530e+00	2.0290899e-02
9.4163619e+00	5.6850407e-02
9.4381708e+00	3.0179554e-01
9.4599798e+00	2.5315098e-01
9.4817887e+00	7.0409751e-03
9.5035976e+00	-5.4900505e-02
9.5254066e+00	1.4855525e-01
9.5472155e+00	-4.3013402e-02
9.5690245e+00	-3.6247330e-02
9.5908334e+00	3.6097942e-02
9.6126423e+00	7.5037680e-02
9.6344513e+00	4.1357108e-02
9.6562602e+00	-3.7296310e-03
9.6780691e+00	1.8709465e-01
9.6998781e+00	-7.1668231e-04
9.7216870e+00	-1.0432135e-01
9.7434960e+00	-8.3165211e-02
9.7653049e+00	4.5253146e-02
9.7871138e+00	-8.7962891e-02
9.8089228e+00	-4.4582521e-02
9.8307317e+00	1.7358398e-01
9.8525407e+00	3.9638901e-01
9.8743496e+00	3.7102559e-01
9.8961585e+00	-6.6832703e-02
9.9179675e+00	7.1318877e-02
9.9397764e+00	6.8481574e-02
9.9615853e+00	-2.4266221e-02
9.9833943e+00	-5.6207121e-02
1.0005203e+01	-1.4580034e-01
1.0027012e+01	9.0061140e-02
1.0048821e+01	1.6495631e-01
1.0070630e+01	3.1626444e-01
1.0092439e+01	5.4421106e-02
1.0114248e+01	5.3844088e-02
1.0136057e+01	4.5952248e-02
1.0157866e+01	4.3763823e-01
1.0179675e+01	2.1780722e-01
1.0201484e+01	-1.0155795e-01
1.0223293e+01	-1.0704569e-02
1.0245102e+01	-5.3909824e-02
1.0266910e+01	4.1599591e-05
1.0288719e+01	-1.6275352e-02
1.0310528e+01	-1.3709012e-01
1.0332337e+01	1.1687750e+00
1.0354146e+01	1.6918731e+00
1.0375955e+01	1.9380617e+00
1.0397764e+01	2.1579420e+00
1.0419573e+01	2.5271642e+00
1.0441382e+01	2.8283466e+00
1.0463191e+01	2.9558935e+00
1.0485000e+01	3.1780322e+00
1.0506809e+01	3.9858149e+00
1.0528618e+01	5.0522829e+00
1.0550427e+01	5.5891806e+00
1.0572236e+01	5.6843151e+00
1.0594045e+01	6.3013048e+00
1.0615853e+01	7.1379009e+00
1.0637662e+01	7.0191138e+00
1.0659471e+01	6.5457836e+00
1.0681280e+01	5.1728487e+00
1.0703089e+01	3.4298923e+00
1.0724898e+01	2.3675177e+00
1.0746707e+01	1.2394583e+00
1.0768516e+01	7.3302516e-01
1.0790325e+01	4.1832870e-01
1.0812134e+01	1.2796916e-01
1.0833943e+01	-9.4093783e-02
1.0855752e+01	1.5484726e-01
1.0877561e+01	9.1707999e-02
1.0899370e+01	5.8620281e-02
1.0921179e+01	-1.9518428e-01
1.0942988e+01	-7.2851390e-02
1.0964796e+01	4.3524402e-02
1.0986605e+01	9.1794670e-02
1.1008414e+01	4.7720498e-01
1.1030223e+01	5.2354311e-01
1.1052032e+01	6.6526651e-01
1.1073841e+01	9.0248055e-01
1.1095650e+01	1.0306796e+00
1.1117459e+01	1.5528540e+00
1.1139268e+01	1.6317811e+00
1.1161077e+01	1.8183563e+00
1.1182886e+01	2.4451900e+00
1.1204695e+01	2.5269475e+00
1.1226504e+01	2.9071472e+00
1.1248313e+01	2.5806575e+00
1.1270122e+01	1.3298927e+00
1.1291931e+01	6.8526913e-01
1.1313740e+01	3.6334725e-01
1.1335548e+01	7.2957398e-02
1.1357357e+01	4.3026357e-02
1.1379166e+01	-3.7494895e-02
1.1400975e+01	5.2081917e-02
1.1422784e+01	8.7884437e-03
1.1444593e+01	-1.7787578e-01
1.1466402e+01	-1.3571859e-01
1.1488211e+01	-4.8953675e-02
1.1510020e+01	7.0074218e-02
1.1531829e+01	2.6959724e-02
1.1553638e+01	8.4028503e-02
1.1575447e+01	-8.2232102e-02
1.1597256e+01	-7.6926482e-02
1.1619065e+01	1.3828785e-01
1.1640874e+01	-2.7398634e-02
1.1662683e+01	3.7503272e-02
1.1684491e+01	3.4147258e-01
1.1706300e+01	1.7327997e-01
1.1728109e+01	1.8573464e-01
1.1749918e+01	1.7432711e-02
1.1771727e+01	-1.4478523e-01
1.1793536e+01	-9.9635169e-02
1.1815345e+01	2.5707069e-02
1.1837154e+01	1.2422869e-01
1.1858963e+01	-1.8319796e-01
1.1880772e+01	4.3594707e-02
1.1902581e+01	3.0500785e-01
1.1924390e+01	1.9384634e-01
1.1946199e+01	6.4417521e-02
1.1968008e+01	3.0213092e-02
1.1989817e+01	-5.6112705e-02
1.2011626e+01	-1.1018450e-01
1.2033434e+01	1.6716553e-04
1.2055243e+01	2.2568453e-02
1.2077052e+01	5.6049709e-03
1.2098861e+01	1.6149343e-01
1.2120670e+01	7.8347031e-02
1.2142479e+01	-5.4084369e-02
1.2164288e+01	-1.7904434e-01
1.2186097e+01	-2.6010989e-02
1.2207906e+01	2.4240571e-01
1.2229715e+01	2.5939538e-01
1.2251524e+01	1.8630585e-01
1.2273333e+01	1.3182526e-01
1.2295142e+01	2.6777637e-01
1.2316951e+01	-7.9882006e-02
1.2338760e+01	-4.5515346e-02
1.2360569e+01	1.4501413e-02
1.2382377e+01	-1.4658688e-01
1.2404186e+01	-4.6482644e-02
1.2425995e+01	4.9736909e-02
1.2447804e+01	-1.0989421e-02
1.2469613e+01	9.3988271e-02
1.2491422e+01	1.5569856e-02
1.2513231e+01	6.1397837e-02
1.2535040e+01	1.2516900e-01
1.2556849e+01	-4.6420112e-02
1.2578658e+01	-7.1192599e-03
1.2600467e+01	4.8091739e-02
1.2622276e+01	-1.8438388e-01
1.2644085e+01	4.8288167e-03
1.2665894e+01	3.6896690e-01
1.2687703e+01	7.9243741e-02
1.2709512e+01	-2.6465013e-02
1.2731320e+01	1.2106787e-02
1.2753129e+01	-1.7223017e-02
1.2774938e+01	-6.2478265e-02
1.2796747e+01	5.0772870e-02
1.2818556e+01	-1.5979948e-01
1.2840365e+01	3.1262565e-03
1.2862174e+01	4.1796277e-02
1.2883983e+01	3.3795573e-01
1.2905792e+01	-3.2006091e-03
1.2927601e+01	-2.6677876e-02
1.2949410e+01	5.6762367e-02
1.2971219e+01	1.3504835e-01
1.2993028e+01	4.2500296e-03
1.3014837e+01	1.5296334e-01
1.3036646e+01	3.0125778e-01
1.3058455e+01	4.2045086e-01
1.3080264e+01	5.2595715e-01
1.3102072e+01	2.9628656e-01
1.3123881e+01	6.3469445e-03
1.3145690e+01	3.8115866e-01
1.3167499e+01	3.9824585e-01
1.3189308e+01	3.3810304e-01
1.3211117e+01	3.6750441e-01
1.3232926e+01	-1.5186531e-02
1.3254735e+01	-1.4657000e-01
1.3276544e+01	1.0444660e-01
1.3298353e+01	-1.0674354e-01
1.3320162e+01	-1.6343171e-01
1.3341971e+01	-3.0235824e-01
1.3363780e+01	1.3384927e-01
1.3385589e+01	9.5475817e-02
1.3407398e+01	9.9703776e-02
1.3429207e+01	1.6114496e-01
1.3451015e+01	8.9562737e-03
1.3472824e+01	5.8138626e-02
1.3494633e+01	7.8784958e-02
1.3516442e+01	1.0319648e-01
1.3538251e+01	-4.6201037e-02
1.3560060e+01	2.3587475e-02
1.3581869e+01	-1.9091629e-01
1.3603678e+01	1.1815172e-01
1.3625487e+01	2.8205401e-02
1.3647296e+01	-1.2797378e-01
1.3669105e+01	-1.4760689e-01
1.3690914e+01	-6.1832253e-02
1.3712723e+01	1.5814701e-01
1.3734532e+01	1.2476252e-01
1.3756341e+01	4.2821596e-02
1.3778150e+01	4.9922095e-02
1.3799958e+01	-1.8324097e-02
1.3821767e+01	-1.5785010e-02
1.3843576e+01	2.2071069e-01
1.3865385e+01	1.5056808e-01
1.3887194e+01	6.7586698e-02
1.3909003e+01	-9.3081719e-02
1.3930812e+01	-1.7678729e-01
1.3952621e+01	-1.3383254e-01
1.3974430e+01	-1.3632129e-02
1.3996239e+01	9.3223492e-03
1.4018048e+01	-3.2299700e-02
1.4039857e+01	3.8621000e-02
1.4061666e+01	1.0350691e-01
1.4083475e+01	1.3757041e-01
1.4105284e+01	2.6720919e-01
1.4127093e+01	6.1800026e-02
1.4148901e+01	-1.7866095e-01
1.4170710e+01	-4.0330779e-02
1.4192519e+01	1.9481885e-01
1.4214328e+01	9.7357169e-02
1.4236137e+01	-1.0700302e-01
1.4257946e+01	-1.3309055e-02
1.4279755e+01	5.0543724e-03
1.4301564e+01	-4.6764166e-02
1.4323373e+01	-5.8082299e-02
1.4345182e+01	7.8636750e-02
1.4366991e+01	1.1861850e-01
1.4388800e+01	1.7012355e-02
1.4410609e+01	1.5806907e-02
1.4432418e+01	1.4800615e-01
1.4454227e+01	-2.5790518e-02
1.4476036e+01	-1.2215928e-01
1.4497844e+01	-8.0443124e-02
1.4519653e+01	-4.5822117e-02
1.4541462e+01	2.5513899e-02
1.4563271e+01	3.8326079e-02
1.4585080e+01	8.0312118e-02
1.4606889e+01	6.1481329e-02
1.4628698e+01	-1.1505077e-01
1.4650507e+01	-1.2862268e-01
1.4672316e+01	2.1959206e-01
1.4694125e+01	6.6561248e-02
1.4715934e+01	-4.5732831e-02
1.4737743e+01	-1.3960838e-01
1.4759552e+01	5.7731417e-02
1.4781361e+01	5.8500948e-02
1.4803170e+01	9.1904872e-02
1.4824979e+01	3.9337236e-01
1.4846787e+01	5.5508074e-01
1.4868596e+01	6.0786929e-01
1.4890405e+01	8.7631325e-01
1.4912214e+01	1.2393219e+00
1.4934023e+01	1.2928214e+00
1.4955832e+01	1.3407121e+00
1.4977641e+01	1.4500931e+00
1.4999450e+01	1.5776858e+00
1.5021259e+01	1.8180604e+00
1.5043068e+01	1.8637521e+00
1.5064877e+01	1.6270982e+00
1.5086686e+01	1.3138370e+00
1.5108495e+01	1.0205115e+00
1.5130304e+01	5.3564323e-01
1.5152113e+01	3.7243828e-01
1.5173922e+01	1.6742589e-01
1.5195731e+01	-6.9748977e-02
1.5217539e+01	-6.2445493e-02
1.5239348e+01	-9.7121131e-02
1.5261157e+01	-1.0042515e-01
1.5282966e+01	7.3213418e-02
1.5304775e+01	1.3664894e-01
1.5326584e+01	2.9152802e-01
1.5348393e+01	3.1152858e-01
1.5370202e+01	1.5341545e-01
1.5392011e+01	1.4229545e-01
1.5413820e+01	-8.1359089e-03
1.5435629e+01	-6.8975468e-02
1.5457438e+01	9.4148432e-03
1.5479247e+01	-6.8126987e-02
1.5501056e+01	-1.9084218e-01
1.5522865e+01	-6.9969329e-02
1.5544674e+01	-7.5874629e-02
1.5566482e+01	5.9658777e-02
1.5588291e+01	1.6582267e-01
1.5610100e+01	7.4202191e-02
1.5631909e+01	4.5698069e-02
1.5653718e+01	4.8114723e-02
1.5675527e+01	6.4707438e-02
1.5697336e+01	-3.1674547e-02
1.5719145e+01	-5.2093763e-02
1.5740954e+01	6.6713605e-02
1.5762763e+01	-7.0349541e-02
1.5784572e+01	-6.6878603e-02
1.5806381e+01	-4.5543258e-02
1.5828190e+01	4.0066824e-02
1.5849999e+01	4.6942676e-02
1.5871808e+01	-6.7766269e-02
1.5893617e+01	6.4220627e-02
1.5915425e+01	1.7455960e-01
1.5937234e+01	-4.8661413e-02
1.5959043e+01	-1.1692900e-01
1.5980852e+01	-2.9392105e-02
1.6002661e+01	3.6347900e-02
1.6024470e+01	3.0842890e-02
1.6046279e+01	3.3235472e-02
1.6068088e+01	5.2084552e-02
1.6089897e+01	-7.8682650e-02
1.6111706e+01	-4.6149113e-02
1.6133515e+01	-8.4435276e-02
1.6155324e+01	6.8078317e-02
1.6177133e+01	7.3543450e-02
1.6198942e+01	1.0210857e-01
1.6220751e+01	2.1730818e-01
1.6242560e+01	4.0641039e-02
1.6264368e+01	-1.2558249e-01
1.6286177e+01	-8.2231486e-02
1.6307986e+01	-8.7637008e-02
1.6329795e+01	-4.8187264e-02
1.6351604e+01	8.8951602e-02
1.6373413e+01	3.9352293e-02
1.6395222e+01	2.6664408e-02
1.6417031e+01	2.3935430e-02
1.6438840e+01	8.3115297e-02
1.6460649e+01	4.6371761e-02
1.6482458e+01	-3.2794067e-02
1.6504267e+01	2.4611770e-02
1.6526076e+01	-1.2020110e-01
1.6547885e+01	-6.3630653e-02
1.6569694e+01	5.3217882e-03
1.6591503e+01	-5.4798389e-02
1.6613311e+01	-2.6242885e-02
1.6635120e+01	-7.2353139e-02
1.6656929e+01	2.0004697e-02
1.6678738e+01	1.1040900e-01
1.6700547e+01	1.6537723e-01
1.6722356e+01	2.7095418e-01
1.6744165e+01	5.4347688e-01
1.6765974e+01	6.8202234e-01
1.6787783e+01	6.4988954e-01
1.6809592e+01	5.4372648e-01
1.6831401e+01	5.2211311e-01
1.6853210e+01	3.9057839e-01
1.6875019e+01	2.5742418e-01
1.6896828e+01	9.2571626e-02
1.6918637e+01	-9.3015365e-03
1.6940446e+01	-1.2613278e-01
1.6962254e+01	-6.2088524e-03
1.6984063e+01	-1.5277112e-02
1.7005872e+01	5.4244795e-02
1.7027681e+01	-7.4444943e-02
1.7049490e+01	-6.0676352e-02
1.7071299e+01	6.6274808e-02
1.7093108e+01	9.5193006e-02
1.7114917e+01	-4.9303711e-02
1.7136726e+01	-1.2735407e-01
1.7158535e+01	-2.6934715e-02
1.7180344e+01	-2.6161237e-02
1.7202153e+01	8.2533139e-02
1.7223962e+01	7.3429747e-02
1.7245771e+01	1.3216261e-01
1.7267580e+01	4.5337315e-02
1.7289389e+01	5.8589819e-02
1.7311198e+01	-9.0898264e-02
1.7333006e+01	-3.0362658e-02
1.7354815e+01	-1.7052830e-01
1.7376624e+01	-3.6125105e-03
1.7398433e+01	4.5743645e-02
1.7420242e+01	9.4494373e-02
1.7442051e+01	-2.0843753e-02
1.7463860e+01	-3.9730876e-02
1.7485669e+01	-6.0604805e-02
1.7507478e+01	-2.9251428e-02
1.7529287e+01	1.2579821e-01
1.7551096e+01	1.0766664e-01
1.7572905e+01	-2.3326560e-02
1.7594714e+01	-5.6150631e-02
1.7616523e+01	-1.5884372e-01
1.7638332e+01	1.8813818e-03
1.7660141e+01	8.3077624e-02
1.7681949e+01	1.2897936e-01
1.7703758e+01	1.0024142e-01
1.7725567e+01	-1.7368855e-02
1.7747376e+01	-3.9645125e-02
1.7769185e+01	-1.0907251e-01
1.7790994e+01	-6.5383056e-02
1.7812803e+01	3.3736819e-02
1.7834612e+01	-2.9042137e-02
1.7856421e+01	-1.9045402e-02
1.7878230e+01	1.1213114e-01
1.7900039e+01	2.6824009e-02
1.7921848e+01	-4.0015961e-02
1.7943657e+01	-3.4096758e-02
1.7965466e+01	7.7301057e-02
1.7987275e+01	2.8078012e-02
1.8009084e+01	-2.1420857e-02
1.8030892e+01	-6.5523829e-02
1.8052701e+01	1.8033386e-02
1.8074510e+01	9.4019180e-03
1.8096319e+01	-3.4456595e-02
1.8118128e+01	2.3756704e-02
1.8139937e+01	1.9554764e-02
1.8161746e+01	-7.3237363e-03
1.8183555e+01	-4.0045087e-02
1.8205364e+01	4.4914283e-02
1.8227173e+01	8.7488341e-02
1.8248982e+01	-4.9346458e-02
1.8270791e+01	-1.1224562e-01
1.8292600e+01	6.9595848e-02
1.8314409e+01	4.2703644e-03
1.8336218e+01	-6.9704651e-02
1.8358027e+01	-8.2517892e-02
1.8379835e+01	-2.8658825e-02
1.8401644e+01	2.5825485e-02
1.8423453e+01	8.8420790e-02
1.8445262e+01	5.6781069e-02
1.8467071e+01	9.3769437e-02
1.8488880e+01	2.1151885e-02
1.8510689e+01	-5.7354356e-02
1.8532498e+01	4.6705008e-02
1.8554307e+01	1.8524743e-02
1.8576116e+01	-1.5050443e-01
1.8597925e+01	-6.7140574e-02
1.8619734e+01	-1.0621993e-02
1.8641543e+01	-2.4907231e-02
1.8663352e+01	3.9991891e-02
1.8685161e+01	1.7145132e-01
1.8706970e+01	1.3285388e-01
1.8728778e+01	1.4296003e-01
1.8750587e+01	-1.2630983e-02
1.8772396e+01	-1.4078470e-01
1.8794205e+01	-1.0498702e-01
1.8816014e+01	-3.0409037e-02
1.8837823e+01	9.5549594e-02
1.8859632e+01	4.2853388e-02
1.8881441e+01	-1.7588663e-02
1.8903250e+01	-4.8622596e-02
1.8925059e+01	-2.1959593e-02
1.8946868e+01	-6.0082476e-02
1.8968677e+01	-3.5938545e-02
1.8990486e+01	7.7267334e-02
1.9012295e+01	-5.2402175e-03
1.9034104e+01	6.9381953e-02
1.9055913e+01	-1.2120532e-02
1.9077721e+01	-8.4823496e-03
1.9099530e+01	-2.2105525e-02
1.9121339e+01	-5.7153628e-02
1.9143148e+01	4.5509154e-02
1.9164957e+01	-1.4810580e-02
1.9186766e+01	5.1962798e-02
1.9208575e+01	-4.4572804e-02
1.9230384e+01	3.9677270e-02
1.9252193e+01	-9.2187980e-02
1.9274002e+01	-3.4846350e-02
1.9295811e+01	1.8295140e-02
1.9317620e+01	3.6594556e-02
1.9339429e+01	1.2829678e-01
1.9361238e+01	1.7269308e-02
1.9383047e+01	3.6065842e-02
1.9404856e+01	3.3398961e-02
1.9426665e+01	3.3249253e-02
1.9448473e+01	-8.7751769e-02
1.9470282e+01	2.2422685e-03
1.9492091e+01	-4.7226372e-02
1.9513900e+01	2.8229440e-03
1.9535709e+01	-4.6047339e-02
1.9557518e+01	-8.5002726e-02
1.9579327e+01	3.6119781e-02
1.9601136e+01	-2.6118577e-02
1.9622945e+01	-1.4093268e-03
1.9644754e+01	-2.1228482e-03
1.9666563e+01	5.3066393e-02
1.9688372e+01	1.0908460e-01
1.9710181e+01	1.1747936e-02
1.9731990e+01	-4.3445894e-02
1.9753799e+01	-8.3050940e-02
1.9775608e+01	-4.5203477e-02
1.9797416e+01	1.7013392e-02
1.9819225e+01	6.5708934e-02
1.9841034e+01	-5.9022233e-03
1.9862843e+01	6.1800981e-02
1.9884652e+01	3.9293213e-01
1.9906461e+01	5.0217850e-01
1.9928270e+01	5.3962020e-01
1.9950079e+01	3.7736021e-01
1.9971888e+01	2.6780245e-01
1.9993697e+01	2.0530740e-01
2.0015506e+01	-8.1277169e-03
2.0037315e+01	-1.1715423e-01
2.0059124e+01	3.7631716e-03
2.0080933e+01	5.1865883e-02
2.0102742e+01	2.9405104e-01
2.0124551e+01	3.3898667e-01
2.0146359e+01	9.2906159e-02
2.0168168e+01	-1.0969338e-01
2.0189977e+01	-2.1184175e-01
2.0211786e+01	-4.7861379e-02
2.0233595e+01	-6.2127329e-02
2.0255404e+01	6.0298333e-02
2.0277213e+01	2.0906114e-01
2.0299022e+01	1.2200239e-01
2.0320831e+01	2.4839155e-01
2.0342640e+01	2.5565062e-01
2.0364449e+01	8.4994619e-02
2.0386258e+01	3.3631076e-02
2.0408067e+01	-2.5983948e-02
2.0429876e+01	-5.7884137e-02
2.0451685e+01	3.8950484e-02
2.0473494e+01	2.2129703e-01
2.0495302e+01	2.9917369e-01
2.0517111e+01	5.4020867e-01
2.0538920e+01	5.3637350e-01
2.0560729e+01	2.8744266e-01
2.0582538e+01	9.3245950e-03
2.0604347e+01	-6.6858081e-02
2.0626156e+01	-3.0044946e-02
2.0647965e+01	8.7007391e-03
2.0669774e+01	1.9614774e-01
2.0691583e+01	5.9659356e-02
2.0713392e+01	-5.9015210e-02
2.0735201e+01	-2.0691945e-01
2.0757010e+01	-7.5249967e-03
2.0778819e+01	2.0994781e-01
2.0800628e+01	1.6866821e-01
2.0822437e+01	-9.4279585e-02
2.0844245e+01	-1.1686672e-02
2.0866054e+01	1.4043835e-01
2.0887863e+01	-3.6944914e-02
2.0909672e+01	8.3529217e-03
2.0931481e+01	2.4902291e-02
2.0953290e+01	8.6981725e-02
2.0975099e+01	-2.4175946e-01
2.0996908e+01	9.0322829e-02
2.1018717e+01	5.1135132e-01
2.1040526e+01	7.7337862e-01
2.1062335e+01	1.0164472e+00
2.1084144e+01	1.1959107e+00
2.1105953e+01	1.5055454e+00
2.1127762e+01	1.7478759e+00
2.1149571e+01	2.3603938e+00
2.1171380e+01	3.6533424e+00
2.1193188e+01	4.9657563e+00
2.1214997e+01	6.5741781e+00
2.1236806e+01	8.0803251e+00
2.1258615e+01	8.6020959e+00
2.1280424e+01	8.6347851e+00
2.1302233e+01	7.6481340e+00
2.1324042e+01	5.7964672e+00
2.1345851e+01	4.1798012e+00
2.1367660e+01	2.5732425e+00
2.1389469e+01	1.3341746e+00
2.1411278e+01	4.4809694e-01
2.1433087e+01	6.9598086e-02
2.1454896e+01	-5.7838431e-02
2.1476705e+01	-2.4811112e-03
2.1498514e+01	1.2631016e-01
2.1520323e+01	4.1931311e-01
2.1542132e+01	7.9625071e-01
2.1563940e+01	8.5523640e-01
2.1585749e+01	1.1211496e+00
2.1607558e+01	1.2006128e+00
2.1629367e+01	6.2233348e-01
2.1651176e+01	3.5163699e-01
2.1672985e+01	2.4271681e-01
2.1694794e+01	1.5460259e-01
2.1716603e+01	-1.3416832e-01
2.1738412e+01	-1.9518929e-01
2.1760221e+01	1.1612527e-02
2.1782030e+01	6.6891294e-02
2.1803839e+01	5.1392907e-02
2.1825648e+01	-3.0111725e-02
2.1847457e+01	-9.1793453e-02
2.1869266e+01	1.0632124e-02
2.1891075e+01	7.9200312e-03
2.1912883e+01	-4.9401377e-02
2.1934692e+01	6.1725746e-02
2.1956501e+01	6.4874570e-02
2.1978310e+01	5.1412453e-02
2.2000119e+01	9.2002673e-02
2.2021928e+01	-2.7445867e-02
2.2043737e+01	-8.7008858e-02
2.2065546e+01	-8.2729608e-02
2.2087355e+01	5.9466699e-02
2.2109164e+01	9.0111336e-02
2.2130973e+01	-6.3147920e-02
2.2152782e+01	-3.4685164e-03
2.2174591e+01	-4.4954271e-02
2.2196400e+01	5.0684748e-03
2.2218209e+01	-1.0539556e-01
2.2240018e+01	1.5226678e-02
2.2261826e+01	1.6754932e-01
2.2283635e+01	-1.7024815e-02
2.2305444e+01	-1.4137352e-02
2.2327253e+01	1.8882115e-01
2.2349062e+01	1.6928997e-02
2.2370871e+01	-5.5488969e-03
2.2392680e+01	-3.7114439e-02
2.2414489e+01	-4.7225789e-02
2.2436298e+01	1.1099459e-01
2.2458107e+01	5.8545016e-02
2.2479916e+01	-2.7816279e-02
2.2501725e+01	-1.3099898e-01
2.2523534e+01	-1.0251504e-01
2.2545343e+01	1.0236183e-02
2.2567152e+01	1.8640836e-01
2.2588961e+01	2.7509065e-01
2.2610769e+01	1.6078412e-01
2.2632578e+01	-1.1826139e-02
2.2654387e+01	-1.7068598e-02
2.2676196e+01	-6.3629903e-02
2.2698005e+01	-2.1437176e-02
2.2719814e+01	2.2592716e-01
2.2741623e+01	1.5425181e-01
2.2763432e+01	-5.1538657e-02
2.2785241e+01	-7.4702794e-02
2.2807050e+01	3.9115409e-02
2.2828859e+01	-1.4975174e-02
2.2850668e+01	-2.0432700e-01
2.2872477e+01	4.0982401e-03
2.2894286e+01	1.4738075e-01
2.2916095e+01	6.0010335e-02
2.2937904e+01	1.1936187e-01
2.2959712e+01	7.2797314e-02
2.2981521e+01	-7.9979370e-02
2.3003330e+01	-3.0940036e-02
2.3025139e+01	-2.7727766e-02
2.3046948e+01	-3.4777781e-02
2.3068757e+01	9.3305483e-02
2.3090566e+01	-5.7505616e-02
2.3112375e+01	4.4274350e-02
2.3134184e+01	-5.8936718e-03
2.3155993e+01	-1.1066431e-01
2.3177802e+01	-6.4275954e-02
2.3199611e+01	3.1070715e-02
2.3221420e+01	1.7333426e-01
2.3243229e+01	1.6645802e-01
2.3265038e+01	-1.1090962e-01
2.3286847e+01	-3.3793745e-02
2.3308655e+01	7.8414601e-03
2.3330464e+01	-1.1811421e-01
2.3352273e+01	1.0810516e-01
2.3374082e+01	1.5143654e-01
2.3395891e+01	1.3401926e-01
2.3417700e+01	3.2712434e-02
2.3439509e+01	-1.4325144e-01
2.3461318e+01	-8.0120296e-02
2.3483127e+01	-8.5250041e-02
2.3504936e+01	-2.2236512e-01
2.3526745e+01	6.1691502e-02
2.3548554e+01	1.6381041e-02
2.3570363e+01	2.0326983e-01
2.3592172e+01	7.4327532e-02
2.3613981e+01	1.5549083e-01
2.3635790e+01	7.6873248e-01
2.3657599e+01	1.6494609e+00
2.3679407e+01	2.6020617e+00
2.3701216e+01	3.9434741e+00
2.3723025e+01	5.3512186e+00
2.3744834e+01	6.7585638e+00
2.3766643e+01	7.6124360e+00
2.3788452e+01	8.7404397e+00
2.3810261e+01	9.0119383e+00
2.3832070e+01	8.3478923e+00
2.3853879e+01	7.4546361e+00
2.3875688e+01	6.4721851e+00
2.3897497e+01	5.2312299e+00
2.3919306e+01	3.7522149e+00
2.3941115e+01	2.6300584e+00
2.3962924e+01	1.8323220e+00
2.3984733e+01	1.1887221e+00
2.4006542e+01	6.5240518e-01
2.4028350e+01	2.6484062e-01
2.4050159e+01	4.6900898e-02
2.4071968e+01	5.2941147e-02
2.4093777e+01	2.4897037e-02
2.4115586e+01	-1.2980677e-01
2.4137395e+01	-1.0242867e-01
2.4159204e+01	1.3810082e-01
2.4181013e+01	-3.2671702e-02
2.4202822e+01	-3.0475248e-02
2.4224631e+01	1.5541674e-01
2.4246440e+01	-4.6017822e-02
2.4268249e+01	-1.8977391e-01
2.4290058e+01	-3.4785009e-02
2.4311867e+01	5.0760212e-02
2.4333676e+01	4.6719105e-02
2.4355485e+01	1.4614848e-02
2.4377293e+01	-1.6789988e-01
2.4399102e+01	2.2375594e-02
2.4420911e+01	1.4465359e-01
2.4442720e+01	6.0248936e-02
2.4464529e+01	5.5131048e-03
2.4486338e+01	-6.6739992e-02
2.4508147e+01	7.1187099e-02
2.4529956e+01	9.1252220e-02
2.4551765e+01	1.8258342e-01
2.4573574e+01	2.8926812e-01
2.4595383e+01	5.1893535e-01
2.4617192e+01	7.0711843e-01
2.4639001e+01	8.3611262e-01
2.4660810e+01	1.2360616e-01
2.4682619e+01	-2.4054721e-02
2.4704428e+01	-2.0143480e-01
2.4726236e+01	8.6623484e-02
2.4748045e+01	1.5378191e-02
2.4769854e+01	-2.6285846e-01
2.4791663e+01	7.0159402e-02
2.4813472e+01	1.3472360e-01
2.4835281e+01	-6.9008680e-02
2.4857090e+01	1.2519348e-01
2.4878899e+01	-1.0654400e-01
2.4900708e+01	-3.8848700e-02
2.4922517e+01	-2.6358831e-02
2.4944326e+01	3.6306901e-02
2.4966135e+01	-7.2726058e-02
2.4987944e+01	4.2257816e-02
2.5009753e+01	1.7887800e-01
2.5031562e+01	4.7869485e-02
2.5053371e+01	2.1624408e-02
2.5075179e+01	-1.4723613e-01
2.5096988e+01	-1.4065363e-01
2.5118797e+01	1.7822253e-02
2.5140606e+01	4.0432616e-03
2.5162415e+01	1.6101566e-01
2.5184224e+01	4.7280168e-02
2.5206033e+01	-4.4344546e-04
2.5227842e+01	4.9458794e-02
2.5249651e+01	1.6684362e-01
2.5271460e+01	3.6796930e-02
2.5293269e+01	-1.1569374e-02
2.5315078e+01	-7.2704454e-02
2.5336887e+01	-1.0318318e-01
2.5358696e+01	1.2844982e-01
2.5380505e+01	-7.5765768e-02
2.5402314e+01	-1.5627777e-02
2.5424123e+01	-4.2117744e-02
2.5445931e+01	-6.8243696e-02
2.5467740e+01	6.0912833e-02
2.5489549e+01	5.9614833e-02
2.5511358e+01	9.2852462e-02
2.5533167e+01	-9.9396368e-02
2.5554976e+01	-4.1862040e-02
2.5576785e+01	1.5142014e-01
2.5598594e+01	3.8800854e-02
2.5620403e+01	-3.1842039e-02
2.5642212e+01	-7.6673651e-02
2.5664021e+01	-1.4547117e-01
2.5685830e+01	9.0031785e-02
2.5707639e+01	1.9472859e-01
2.5729448e+01	-1.1928024e-01
2.5751257e+01	1.8499494e-02
2.5773066e+01	-4.3092035e-02
2.5794874e+01	7.5866369e-02
2.5816683e+01	1.0697880e-02
2.5838492e+01	-3.6339049e-03
2.5860301e+01	6.5753754e-02
2.5882110e+01	3.2698558e-01
2.5903919e+01	5.5327633e-01
2.5925728e+01	7.7150134e-01
2.5947537e+01	1.1305599e+00
2.5969346e+01	1.4559854e+00
2.5991155e+01	1.7634080e+00
2.6012964e+01	2.1187012e+00
2.6034773e+01	2.3770901e+00
2.6056582e+01	2.4448091e+00
2.6078391e+01	2.4496145e+00
2.6100200e+01	2.3252026e+00
2.6122009e+01	1.9135148e+00
2.6143817e+01	1.2805042e+00
2.6165626e+01	9.4108230e-01
2.6187435e+01	6.7449131e-01
2.6209244e+01	3.4321456e-01
2.6231053e+01	1.3686735e-01
2.6252862e+01	-4.6985376e-02
2.6274671e+01	2.3252732e-02
2.6296480e+01	-9.2180199e-02
2.6318289e+01	-4.1798610e-02
2.6340098e+01	-1.5821742e-01
2.6361907e+01	-1.8188700e-02
2.6383716e+01	9.0047380e-02
2.6405525e+01	7.2183494e-02
2.6427334e+01	-3.2628071e-02
2.6449143e+01	-1.8518801e-02
2.6470952e+01	1.3938995e-01
2.6492760e+01	-8.0703213e-03
2.6514569e+01	-9.9477241e-02
2.6536378e+01	-4.8070521e-04
2.6558187e+01	-3.1639829e-02
2.6579996e+01	1.2040427e-01
2.6601805e+01	1.4315568e-01
2.6623614e+01	4.2723539e-01
2.6645423e+01	4.9106877e-01
2.6667232e+01	4.8165724e-01
2.6689041e+01	3.9453898e-01
2.6710850e+01	2.3115891e-01
2.6732659e+01	-1.0361896e-02
2.6754468e+01	-1.3990329e-01
2.6776277e+01	-2.5006058e-02
2.6798086e+01	1.1394089e-03
2.6819895e+01	-1.2297021e-01
2.6841703e+01	3.1670826e-02
2.6863512e+01	5.3313216e-02
2.6885321e+01	5.4341604e-02
2.6907130e+01	4.0265559e-01
2.6928939e+01	5.5205442e-01
2.6950748e+01	5.0937094e-01
2.6972557e+01	3.3473793e-01
2.6994366e+01	2.0575809e-01
2.7016175e+01	-4.2896822e-02
2.7037984e+01	8.7901695e-02
2.7059793e+01	6.3634605e-02
2.7081602e+01	3.1521964e-02
2.7103411e+01	-6.2558852e-02
2.7125220e+01	-5.0003597e-02
2.7147029e+01	-1.5407203e-01
2.7168838e+01	-1.0607521e-02
2.7190646e+01	3.5991290e-02
2.7212455e+01	-1.3778005e-02
2.7234264e+01	9.4067656e-02
2.7256073e+01	6.0626210e-02
2.7277882e+01	3.3946042e-03
2.7299691e+01	-3.2350878e-02
2.7321500e+01	6.4479073e-02
2.7343309e+01	5.6339661e-02
2.7365118e+01	-2.3240144e-01
2.7386927e+01	-1.1354245e-01
2.7408736e+01	1.3526123e-02
2.7430545e+01	8.6140437e-02
2.7452354e+01	9.4182807e-02
2.7474163e+01	-3.6755194e-02
2.7495972e+01	-2.1273115e-02
2.7517781e+01	3.1120215e-02
2.7539590e+01	7.8942608e-02
2.7561398e+01	-2.1709982e-02
2.7583207e+01	-7.5116013e-02
2.7605016e+01	-1.2381774e-01
2.7626825e+01	-4.6933795e-02
2.7648634e+01	5.4204403e-02
2.7670443e+01	1.0573048e-01
2.7692252e+01	1.4789711e-01
2.7714061e+01	2.4965293e-01
2.7735870e+01	5.0808059e-01
2.7757679e+01	7.6999371e-01
2.7779488e+01	6.8694480e-01
2.7801297e+01	5.5642734e-01
2.7823106e+01	5.3957483e-01
2.7844915e+01	5.4240575e-01
2.7866724e+01	3.4811952e-01
2.7888533e+01	1.5223753e-01
2.7910341e+01	-9.4112460e-02
2.7932150e+01	-6.6974035e-02
2.7953959e+01	-6.3628368e-03
2.7975768e+01	-4.5603179e-03
2.7997577e+01	7.5980928e-02
2.8019386e+01	7.7561357e-03
2.8041195e+01	7.5881443e-02
2.8063004e+01	-5.1086071e-02
2.8084813e+01	-1.7031437e-01
2.8106622e+01	-1.6543691e-01
2.8128431e+01	-1.7008305e-01
2.8150240e+01	5.8186427e-02
2.8172049e+01	1.6693014e-01
2.8193858e+01	8.9765325e-02
2.8215667e+01	1.7626918e-01
2.8237476e+01	-5.4221643e-02
2.8259284e+01	1.6551020e-01
2.8281093e+01	9.0049058e-02
2.8302902e+01	1.1406608e-01
2.8324711e+01	-4.7989177e-02
2.8346520e+01	-2.0036580e-02
2.8368329e+01	-1.7958476e-01
2.8390138e+01	-4.5945912e-02
2.8411947e+01	8.9154910e-02
2.8433756e+01	3.0070178e-01
2.8455565e+01	5.0333988e-01
2.8477374e+01	6.6623248e-01
2.8499183e+01	8.0693068e-01
2.8520992e+01	8.1705260e-01
2.8542801e+01	9.1112335e-01
2.8564610e+01	1.0925450e+00
2.8586419e+01	1.1831618e+00
2.8608227e+01	1.1338407e+00
2.8630036e+01	7.8682991e-01
2.8651845e+01	5.3053750e-01
2.8673654e+01	3.5363361e-01
2.8695463e+01	1.5469427e-01
2.8717272e+01	4.6256688e-02
2.8739081e+01	-1.4024066e-01
2.8760890e+01	-3.2296692e-02
2.8782699e+01	5.0508350e-02
2.8804508e+01	-6.4246711e-02
2.8826317e+01	3.8682962e-02
2.8848126e+01	7.8501468e-02
2.8869935e+01	-4.5272211e-02
2.8891744e+01	-1.4377914e-01
2.8913553e+01	6.7732812e-03
2.8935362e+01	-1.2167753e-02
2.8957170e+01	3.1586587e-02
2.8978979e+01	1.1133135e-01
2.9000788e+01	6.0917334e-02
2.9022597e+01	-9.2801107e-02
2.9044406e+01	-6.2853590e-02
2.9066215e+01	7.8449487e-02
2.9088024e+01	-4.5670457e-02
2.9109833e+01	4.8744542e-02
2.9131642e+01	-2.7079616e-02
2.9153451e+01	-1.1543604e-02
2.9175260e+01	1.0950208e-01
2.9197069e+01	9.3794372e-02
2.9218878e+01	-2.9899711e-02
2.9240687e+01	-1.4217658e-01
2.9262496e+01	-5.1523462e-02
2.9284305e+01	5.7511594e-02
2.9306113e+01	-1.1433538e-01
2.9327922e+01	-1.8850266e-03
2.9349731e+01	7.1221126e-02
2.9371540e+01	1.1428290e-02
2.9393349e+01	9.0508579e-03
2.9415158e+01	5.9252091e-02
2.9436967e+01	2.2631409e-03
2.9458776e+01	7.3108550e-02
2.9480585e+01	1.1155454e-01
2.9502394e+01	-1.0984417e-01
2.9524203e+01	-4.1165125e-02
2.9546012e+01	-4.2147476e-02
2.9567821e+01	-2.3438649e-02
2.9589630e+01	4.1443416e-02
2.9611439e+01	1.0474160e-01
2.9633248e+01	-1.8250400e-01
2.9655057e+01	-5.2919479e-02
2.9676865e+01	-7.4047434e-04
2.9698674e+01	-2.8717004e-02
2.9720483e+01	9.0085635e-03
2.9742292e+01	3.1022616e-02
2.9764101e+01	5.5367840e-02
2.9785910e+01	-5.7997125e-03
2.9807719e+01	-5.7905512e-02
2.9829528e+01	-1.0414692e-01
2.9851337e+01	1.4545854e-01
2.9873146e+01	1.1170380e-01
2.9894955e+01	2.7395390e-01
2.9916764e+01	5.9145540e-01
2.9938573e+01	9.0041406e-01
2.9960382e+01	1.5078786e+00
2.9982191e+01	2.5330258e+00
3.0004000e+01	3.5440664e+00
3.0025808e+01	4.5260202e+00
3.0047617e+01	5.1965928e+00
3.0069426e+01	5.7212101e+00
3.0091235e+01	5.9862057e+00
3.0113044e+01	5.9352785e+00
3.0134853e+01	5.5455611e+00
3.0156662e+01	4.6537284e+00
3.0178471e+01	3.7154289e+00
3.0200280e+01	2.6608386e+00
3.0222089e+01	1.5932842e+00
3.0243898e+01	9.7708929e-01
3.0265707e+01	4.2464575e-01
3.0287516e+01	9.0045288e-02
3.0309325e+01	5.7664548e-02
3.0331134e+01	-4.4451585e-03
3.0352943e+01	-5.1811101e-02
3.0374751e+01	7.5964454e-03
3.0396560e+01	-8.1783128e-02
3.0418369e+01	-5.6871769e-03
3.0440178e+01	7.7171848e-02
3.0461987e+01	-8.4233149e-02
3.0483796e+01	-1.2061082e-01
3.0505605e+01	6.8143776e-02
3.0527414e+01	4.4538516e-03
3.0549223e+01	-5.3570760e-02
3.0571032e+01	-9.9066445e-02
3.0592841e+01	1.4514374e-01
3.0614650e+01	6.1719825e-02
3.0636459e+01	-1.6114389e-01
3.0658268e+01	1.2167283e-02
3.0680077e+01	-3.2666540e-02
3.0701886e+01	-1.2382925e-02
3.0723694e+01	1.3233997e-01
3.0745503e+01	1.0046240e-01
3.0767312e+01	1.3200166e-01
3.0789121e+01	-2.8067513e-02
3.0810930e+01	-8.0533654e-03
3.0832739e+01	5.0424978e-02
3.0854548e+01	6.6023553e-02
3.0876357e+01	-1.5582388e-01
3.0898166e+01	-8.7386030e-02
3.0919975e+01	1.5435450e-01
3.0941784e+01	6.8641792e-02
3.0963593e+01	-6.1078916e-02
3.0985402e+01	-5.9114287e-03
3.1007211e+01	-7.4761901e-02
3.1029020e+01	2.4019337e-02
3.1050829e+01	-1.9850212e-02
3.1072637e+01	1.7809824e-03
3.1094446e+01	1.9610675e-02
3.1116255e+01	-9.1225657e-02
3.1138064e+01	-1.7746363e-02
3.1159873e+01	6.8522907e-02
3.1181682e+01	-6.3646390e-02
3.1203491e+01	-1.4071231e-03
3.1225300e+01	2.9524085e-02
3.1247109e+01	6.4266456e-02
3.1268918e+01	-3.5544912e-02
3.1290727e+01	-7.4816938e-03
3.1312536e+01	3.8631810e-02
3.1334345e+01	1.1837042e-01
3.1356154e+01	1.7405353e-01
3.1377963e+01	9.5223094e-03
3.1399772e+01	1.6515028e-02
3.1421580e+01	-1.7260783e-01
3.1443389e+01	-6.5323887e-02
3.1465198e+01	-6.8495169e-02
3.1487007e+01	-1.4977554e-01
3.1508816e+01	7.0433050e-02
3.1530625e+01	4.9746127e-02
3.1552434e+01	-9.5799764e-03
3.1574243e+01	9.0078760e-03
3.1596052e+01	-2.4518165e-02
3.1617861e+01	5.6259373e-02
3.1639670e+01	5.1280762e-02
3.1661479e+01	-1.1340040e-02
3.1683288e+01	-5.3076193e-02
3.1705097e+01	1.9325790e-02
3.1726906e+01	1.7755624e-01
3.1748715e+01	6.9134811e-01
3.1770524e+01	1.1926116e+00
3.1792332e+01	1.9155447e+00
3.1814141e+01	2.7488638e+00
3.1835950e+01	3.7197399e+00
3.1857759e+01	4.5834952e+00
3.1879568e+01	5.1628729e+00
3.1901377e+01	5.6528961e+00
3.1923186e+01	5.8060869e+00
3.1944995e+01	5.7569896e+00
3.1966804e+01	5.2034043e+00
3.1988613e+01	4.5103150e+00
3.2010422e+01	3.5984871e+00
3.2032231e+01	2.5746817e+00
3.2054040e+01	1.5356638e+00
3.2075849e+01	8.4566071e-01
3.2097658e+01	5.5313554e-01
3.2119467e+01	3.1640843e-01
3.2141275e+01	5.0139534e-02
3.2163084e+01	4.3232348e-02
3.2184893e+01	5.0871368e-02
3.2206702e+01	-1.0220637e-01
3.2228511e+01	-9.6237620e-02
3.2250320e+01	-2.9843905e-03
3.2272129e+01	1.0681101e-02
3.2293938e+01	1.0474299e-01
3.2315747e+01	2.2151074e-03
3.2337556e+01	-6.5515908e-02
3.2359365e+01	1.1420853e-02
3.2381174e+01	-5.4908123e-02
3.2402983e+01	-1.4675923e-01
3.2424792e+01	-3.1609962e-02
3.2446601e+01	-2.3538466e-03
3.2468410e+01	8.2451766e-02
3.2490218e+01	8.8329890e-02
3.2512027e+01	4.6094623e-02
3.2533836e+01	-9.1318037e-04
3.2555645e+01	4.4273231e-02
3.2577454e+01	1.0498006e-02
3.2599263e+01	-4.2703240e-02
3.2621072e+01	1.2306389e-01
3.2642881e+01	-5.7947177e-02
3.2664690e+01	-4.2592475e-02
3.2686499e+01	1.9636214e-02
3.2708308e+01	-5.1625569e-02
3.2730117e+01	4.5841042e-02
3.2751926e+01	2.3545393e-02
3.2773735e+01	-4.9945989e-02
3.2795544e+01	-9.7634840e-02
3.2817353e+01	1.7786583e-02
3.2839161e+01	1.0546239e-01
3.2860970e+01	4.7973732e-03
3.2882779e+01	-6.9728318e-02
3.2904588e+01	2.0978053e-03
3.2926397e+01	6.5558253e-02
3.2948206e+01	-2.8962867e-03
3.2970015e+01	-9.5511886e-02
3.2991824e+01	5.9437803e-02
3.3013633e+01	2.8573718e-02
3.3035442e+01	1.4190223e-02
3.3057251e+01	-6.9298022e-02
3.3079060e+01	-1.2953257e-02
3.3100869e+01	4.4409949e-02
3.3122678e+01	-1.3069576e-02
3.3144487e+01	1.7626982e-02
3.3166296e+01	-4.4477288e-02
3.3188104e+01	5.1315692e-02
3.3209913e+01	6.0846164e-02
3.3231722e+01	2.9026129e-02
3.3253531e+01	-2.4683119e-02
3.3275340e+01	2.0860548e-03
3.3297149e+01	1.1401580e-02
3.3318958e+01	1.9737958e-02
3.3340767e+01	8.8148443e-02
3.3362576e+01	-1.4489376e-01
3.3384385e+01	-2.0369394e-02
3.3406194e+01	-4.2028463e-02
3.3428003e+01	-1.3092844e-01
3.3449812e+01	-1.0919727e-01
3.3471621e+01	-5.9882683e-02
3.3493430e+01	5.6845403e-02
3.3515239e+01	6.0054844e-02
3.3537047e+01	9.7222391e-03
3.3558856e+01	2.4816691e-02
3.3580665e+01	2.1546868e-02
3.3602474e+01	1.6138802e-01
3.3624283e+01	1.5067232e-01
3.3646092e+01	1.8138043e-01
3.3667901e+01	2.3311563e-01
3.3689710e+01	1.0803661e-01
3.3711519e+01	-1.4490008e-01
3.3733328e+01	4.0836433e-04
3.3755137e+01	2.0900736e-02
3.3776946e+01	-1.5062777e-01
3.3798755e+01	-1.2754658e-01
3.3820564e+01	9.7733760e-02
3.3842373e+01	-5.3402779e-02
3.3864182e+01	8.8143522e-02
3.3885991e+01	5.3466117e-02
3.3907799e+01	-1.7834294e-02
3.3929608e+01	2.3038012e-02
3.3951417e+01	-5.6745203e-02
3.3973226e+01	-1.0733263e-01
3.3995035e+01	3.8350200e-02
3.4016844e+01	-5.9283582e-02
3.4038653e+01	4.6086976e-02
3.4060462e+01	7.7724622e-02
3.4082271e+01	-5.2226752e-02
3.4104080e+01	5.7831329e-02
3.4125889e+01	-8.6001396e-03
3.4147698e+01	-2.6905115e-02
3.4169507e+01	1.4714823e-02
3.4191316e+01	2.1732456e-02
3.4213125e+01	-5.0978757e-02
3.4234934e+01	9.4870457e-02
3.4256742e+01	-6.5771712e-02
3.4278551e+01	-7.7743101e-02
3.4300360e+01	3.0188555e-02
3.4322169e+01	6.6017745e-02
3.4343978e+01	1.2062872e-02
3.4365787e+01	8.5170327e-03
3.4387596e+01	1.3983100e-02
3.4409405e+01	-5.9359412e-02
3.4431214e+01	-6.8711008e-02
3.4453023e+01	1.3516131e-02
3.4474832e+01	5.3638922e-02
3.4496641e+01	3.7980777e-02
3.4518450e+01	2.1918508e-02
3.4540259e+01	-4.3470097e-02
3.4562068e+01	-6.9166023e-03
3.4583877e+01	1.8844010e-02
3.4605685e+01	-7.3370941e-02
3.4627494e+01	6.4424471e-02
3.4649303e+01	2.5885631e-02
3.4671112e+01	-6.3303877e-02
3.4692921e+01	-2.4988236e-02
3.4714730e+01	1.9786197e-02
3.4736539e+01	5.4065372e-03
3.4758348e+01	3.3022250e-02
3.4780157e+01	6.4285891e-02
3.4801966e+01	4.7648366e-02
3.4823775e+01	-9.0688815e-02
3.4845584e+01	-7.0673982e-02
3.4867393e+01	4.7613358e-03
3.4889202e+01	5.8136154e-02
3.4911011e+01	6.0826042e-02
3.4932820e+01	4.7198102e-03
3.4954628e+01	-1.0835679e-01
3.4976437e+01	-1.3732507e-01
3.4998246e+01	7.5951458e-02
3.5020055e+01	1.2133272e-01
3.5041864e+01	3.0809484e-02
3.5063673e+01	-3.4943312e-02
3.5085482e+01	7.2938680e-02
3.5107291e+01	-3.0166874e-02
3.5129100e+01	-2.9108546e-02
3.5150909e+01	2.6892182e-02
3.5172718e+01	-1.6121536e-01
3.5194527e+01	-2.9152935e-02
3.5216336e+01	1.6680536e-02
3.5238145e+01	7.0123408e-02
3.5259954e+01	6.4411448e-02
3.5281763e+01	3.9165899e-02
3.5303571e+01	-4.0439384e-02
3.5325380e+01	9.1194644e-03
3.5347189e+01	6.0130850e-02
3.5368998e+01	-2.3812210e-02
3.5390807e+01	-1.0060249e-01
3.5412616e+01	1.3967851e-01
3.5434425e+01	6.6775843e-03
3.5456234e+01	-8.0481388e-02
3.5478043e+01	4.3037295e-02
3.5499852e+01	-6.1801160e-02
3.5521661e+01	-3.2141599e-02
3.5543470e+01	-8.8004140e-02
3.5565279e+01	-1.8408983e-02
3.5587088e+01	5.0024973e-02
3.5608897e+01	3.7524019e-02
3.5630706e+01	1.9391175e-02
3.5652514e+01	7.8831467e-02
3.5674323e+01	1.3389638e-01
3.5696132e+01	3.4245364e-02
3.5717941e+01	-5.5928545e-03
3.5739750e+01	-7.2316539e-02
3.5761559e+01	4.0259262e-02
3.5783368e+01	-5.4288197e-02
3.5805177e+01	2.6972426e-02
3.5826986e+01	-1.7422275e-02
3.5848795e+01	-2.9053443e-02
3.5870604e+01	1.1690909e-01
3.5892413e+01	4.4617457e-02
3.5914222e+01	-2.4337268e-02
3.5936031e+01	-2.5324814e-02
3.5957840e+01	-1.5025714e-01
3.5979649e+01	-3.5418151e-01
3.6001458e+01	7.7346333e-02
3.6023266e+01	3.3250972e-01
3.6045075e+01	4.1352666e-01
3.6066884e+01	2.9694149e-01
3.6088693e+01	1.3402442e-01
3.6110502e+01	2.3617531e-01
3.6132311e+01	1.1982188e-01
3.6154120e+01	1.7489912e-01
3.6175929e+01	1.0312256e-01
3.6197738e+01	-3.9195982e-02
3.6219547e+01	-1.7937122e-01
3.6241356e+01	1.6644623e-01
3.6263165e+01	-1.3509239e-02
3.6284974e+01	-6.9667688e-02
3.6306783e+01	4.6174737e-02
3.6328592e+01	5.3557886e-02
3.6350401e+01	-7.1070119e-02
3.6372209e+01	-1.2908127e-02
3.6394018e+01	-7.0832233e-02
3.6415827e+01	-1.2277164e-01
3.6437636e+01	1.6107254e-02
3.6459445e+01	1.4039240e-01
3.6481254e+01	1.7997159e-02
3.6503063e+01	5.4201880e-02
3.6524872e+01	-3.0740392e-02
3.6546681e+01	7.4094578e-02
3.6568490e+01	-6.1500769e-02
3.6590299e+01	-2.3005792e-05
3.6612108e+01	-5.4209915e-03
3.6633917e+01	4.1681816e-03
3.6655726e+01	3.4124912e-02
3.6677535e+01	4.3910589e-01
3.6699344e+01	5.3347377e-01
3.6721152e+01	7.4998393e-01
3.6742961e+01	9.4052570e-01
3.6764770e+01	1.1918904e+00
3.6786579e+01	1.6496064e+00
3.6808388e+01	1.9446539e+00
3.6830197e+01	2.0276063e+00
3.6852006e+01	2.0672180e+00
3.6873815e+01	2.2711102e+00
3.6895624e+01	2.3861372e+00
3.6917433e+01	2.1502325e+00
3.6939242e+01	1.9076523e+00
3.6961051e+01	1.7229049e+00
3.6982860e+01	1.5483387e+00
3.7004669e+01	1.3246179e+00
3.7026478e+01	1.2521000e+00
3.7048287e+01	1.2143612e+00
3.7070095e+01	1.0196559e+00
3.7091904e+01	1.0637537e-01
3.7113713e+01	-1.6032507e-01
3.7135522e+01	1.1073656e-01
3.7157331e+01	1.0196537e-01
3.7179140e+01	-1.4911983e-01
3.7200949e+01	-5.1205283e-02
3.7222758e+01	1.8582366e-02
3.7244567e+01	9.3572953e-02
3.7266376e+01	-7.5436399e-02
3.7288185e+01	-6.6403891e-02
3.7309994e+01	6.1945590e-02
3.7331803e+01	-6.6446579e-03
3.7353612e+01	-7.2574189e-02
3.7375421e+01	-3.5298310e-02
3.7397230e+01	9.0036562e-02
3.7419038e+01	3.1973165e-02
3.7440847e+01	-2.9988623e-03
3.7462656e+01	6.6566810e-01
3.7484465e+01	9.1556149e-01
3.7506274e+01	6.2218078e-01
3.7528083e+01	5.1944740e-01
3.7549892e+01	2.8369482e-01
3.7571701e+01	3.7959385e-02
3.7593510e+01	4.9359202e-02
3.7615319e+01	1.3778705e-01
3.7637128e+01	-1.8816903e-02
3.7658937e+01	-4.1204422e-02
3.7680746e+01	-5.3359505e-02
3.7702555e+01	-1.1129510e-01
3.7724364e+01	-6.9238866e-02
3.7746173e+01	-5.1241718e-02
3.7767981e+01	-1.6684587e-01
3.7789790e+01	2.6469014e-01
3.7811599e+01	3.5208281e-02
3.7833408e+01	4.6025988e-02
3.7855217e+01	9.1074949e-02
3.7877026e+01	1.1939200e-01
3.7898835e+01	1.4008657e-01
3.7920644e+01	-3.9848339e-02
3.7942453e+01	1.4358518e-01
3.7964262e+01	2.0462858e-02
3.7986071e+01	-8.3413409e-03
3.8007880e+01	1.1374845e-01
3.8029689e+01	-6.9912138e-02
3.8051498e+01	3.0004026e-02
3.8073307e+01	-1.2965278e-01
3.8095116e+01	-1.4440625e-01
3.8116925e+01	3.8052861e-01
3.8138733e+01	6.6188330e-01
3.8160542e+01	8.2931801e-01
3.8182351e+01	1.0818369e+00
3.8204160e+01	1.3916402e+00
3.8225969e+01	1.7709981e+00
3.8247778e+01	2.2897117e+00
3.8269587e+01	2.7519433e+00
3.8291396e+01	2.9223199e+00
3.8313205e+01	3.1230819e+00
3.8335014e+01	3.2445114e+00
3.8356823e+01	3.1924975e+00
3.8378632e+01	3.0608935e+00
3.8400441e+01	2.8127525e+00
3.8422250e+01	2.5791167e+00
3.8444059e+01	1.9831533e+00
3.8465868e+01	1.6896995e+00
3.8487676e+01	1.2984545e+00
3.8509485e+01	9.7204244e-01
3.8531294e+01	5.3191949e-01
3.8553103e+01	5.0985286e-01
3.8574912e+01	2.5926967e-01
3.8596721e+01	5.8005945e-02
3.8618530e+01	2.0503048e-02
3.8640339e+01	5.6079787e-02
3.8662148e+01	1.0201855e-01
3.8683957e+01	-1.5149280e-01
3.8705766e+01	-1.2456489e-01
3.8727575e+01	-2.4976643e-02
3.8749384e+01	-3.6987859e-02
3.8771193e+01	5.9460730e-02
3.8793002e+01	1.0922587e-01
3.8814811e+01	-4.5199994e-03
3.8836619e+01	6.0754906e-02
3.8858428e+01	8.5768512e-03
3.8880237e+01	-1.4606267e-01
3.8902046e+01	1.3119451e-01
3.8923855e+01	1.3323824e-01
3.8945664e+01	-1.0614907e-01
3.8967473e+01	-1.1184734e-01
3.8989282e+01	-1.1637931e-01
3.9011091e+01	-1.6558567e-02
3.9032900e+01	1.5098355e-01
3.9054709e+01	1.1589820e-01
3.9076518e+01	2.5749912e-02
3.9098327e+01	-6.4524384e-02
3.9120136e+01	-4.0845015e-02
3.9141945e+01	3.8328209e-02
3.9163754e+01	7.5931542e-02
3.9185562e+01	-2.4196209e-02
3.9207371e+01	-5.9146824e-02
3.9229180e+01	3.4384984e-02
3.9250989e+01	-1.0021226e-01
3.9272798e+01	3.1474375e-02
3.9294607e+01	4.5270096e-02
3.9316416e+01	6.6196561e-02
3.9338225e+01	8.9976277e-02
3.9360034e+01	-1.2783421e-01
3.9381843e+01	-8.1480680e-02
3.9403652e+01	3.5193415e-01
3.9425461e+01	1.7730639e-01
3.9447270e+01	-4.1514065e-02
3.9469079e+01	-1.3903382e-02
3.9490888e+01	-6.8784359e-02
3.9512697e+01	8.8062606e-03
3.9534505e+01	8.8824276e-02
3.9556314e+01	-1.0812349e-01
3.9578123e+01	-7.6911641e-02
3.9599932e+01	2.4395222e-02
3.9621741e+01	4.1082005e-02
3.9643550e+01	1.4263420e-01
3.9665359e+01	4.1891536e-01
3.9687168e+01	5.3108360e-01
3.9708977e+01	6.9801047e-01
3.9730786e+01	8.7687349e-01
3.9752595e+01	1.0591941e+00
3.9774404e+01	1.2043279e+00
3.9796213e+01	1.0845814e+00
3.9818022e+01	1.1176800e+00
3.9839831e+01	1.2192562e+00
3.9861640e+01	1.4952116e+00
3.9883449e+01	1.0561586e+00
3.9905257e+01	8.5303678e-01
3.9927066e+01	2.9866061e-01
3.9948875e+01	1.4973259e-01
3.9970684e+01	1.2624714e-01
3.9992493e+01	2.8468817e-02
4.0014302e+01	-1.5431926e-01
4.0036111e+01	-1.1802020e-01
4.0057920e+01	7.9188827e-02
4.0079729e+01	6.2635764e-03
4.0101538e+01	-2.2531008e-01
4.0123347e+01	8.1878328e-02
4.0145156e+01	1.2119575e-02
4.0166965e+01	-8.6583346e-02
4.0188774e+01	8.9798444e-02
4.0210583e+01	5.7553763e-02
4.0232392e+01	2.4865123e-02
4.0254200e+01	-6.5518979e-02
4.0276009e+01	8.1359975e-02
4.0297818e+01	-7.4517817e-02
4.0319627e+01	-7.8394261e-03
4.0341436e+01	1.9074477e-01
4.0363245e+01	-8.6685724e-03
4.0385054e+01	2.6998347e-01
4.0406863e+01	7.3066487e-02
4.0428672e+01	-7.1046413e-02
4.0450481e+01	-1.3026130e-01
4.0472290e+01	-3.1373280e-02
4.0494099e+01	3.2318521e-02
4.0515908e+01	1.3667329e-01
4.0537717e+01	-6.4795225e-02
4.0559526e+01	5.1622788e-02
4.0581335e+01	-7.0273269e-03
4.0603143e+01	-4.4123426e-02
4.0624952e+01	8.2119622e-02
4.0646761e+01	5.4079311e-02
4.0668570e+01	3.2118813e-01
4.0690379e+01	-4.4437293e-02
4.0712188e+01	-2.0084421e-02
4.0733997e+01	2.2534410e-01
4.0755806e+01	-2.0247330e-02
4.0777615e+01	-1.7650359e-01
4.0799424e+01	1.1631193e-01
4.0821233e+01	2.1331625e-01
4.0843042e+01	1.4382637e-02
4.0864851e+01	-6.4061441e-02
4.0886660e+01	-5.5119805e-02
4.0908469e+01	4.2018100e-03
4.0930278e+01	-1.1745136e-01
4.0952086e+01	1.4289711e-01
4.0973895e+01	1.1268058e-01
4.0995704e+01	-1.2615953e-01
4.1017513e+01	5.1699040e-02
4.1039322e+01	5.6834803e-02
4.1061131e+01	7.4057591e-02
4.1082940e+01	4.4692839e-01
4.1104749e+01	1.1875035e-01
4.1126558e+01	-7.1001403e-02
4.1148367e+01	-1.3526696e-01
4.1170176e+01	-8.9629965e-02
4.1191985e+01	5.5896786e-02
4.1213794e+01	8.1199003e-02
4.1235603e+01	3.2260879e-01
4.1257412e+01	2.4237281e-01
4.1279221e+01	-8.0658329e-02
4.1301029e+01	7.8945344e-02
4.1322838e+01	2.6415721e-01
4.1344647e+01	2.7271714e-01
4.1366456e+01	4.6595543e-02
4.1388265e+01	-1.5249432e-01
4.1410074e+01	5.5923353e-02
4.1431883e+01	-1.0832153e-01
4.1453692e+01	-2.1709516e-02
4.1475501e+01	8.4807464e-02
4.1497310e+01	2.4547567e-01
4.1519119e+01	1.1908568e-01
4.1540928e+01	-1.2310926e-01
4.1562737e+01	2.1505785e-01
4.1584546e+01	4.0805588e-02
4.1606355e+01	-2.6575264e-02
4.1628164e+01	-5.9100781e-02
4.1649972e+01	-2.4278667e-02
4.1671781e+01	-5.1118930e-02
4.1693590e+01	-1.6506776e-01
4.1715399e+01	-1.9190746e-02
4.1737208e+01	9.7067738e-02
4.1759017e+01	7.6231579e-02
4.1780826e+01	7.6794164e-02
4.1802635e+01	2.2790109e-01
4.1824444e+01	8.1085930e-02
4.1846253e+01	9.3827970e-02
4.1868062e+01	2.2196440e-01
4.1889871e+01	-4.0714030e-02
4.1911680e+01	-1.2762762e-01
4.1933489e+01	-2.1087998e-02
4.1955298e+01	2.5010424e-02
4.1977107e+01	2.7704469e-01
4.1998916e+01	7.7806076e-02
4.2020724e+01	-3.7628310e-02
4.2042533e+01	-3.8721128e-02
4.2064342e+01	2.3217278e-01
4.2086151e+01	-8.2411551e-03
4.2107960e+01	4.1213265e-01
4.2129769e+01	5.6349521e-01
4.2151578e+01	4.1680836e-01
4.2173387e+01	3.3997489e-01
4.2195196e+01	-1.5048511e-01
4.2217005e+01	1.0561363e-01
4.2238814e+01	-2.7296492e-02
4.2260623e+01	-3.0117679e-01
4.2282432e+01	9.8433838e-02
4.2304241e+01	2.6719770e-01
4.2326050e+01	1.2075125e-02
4.2347859e+01	1.1187120e-01
4.2369667e+01	4.2860338e-02
4.2391476e+01	2.5134385e-01
4.2413285e+01	3.5116116e-01
4.2435094e+01	7.5003402e-01
4.2456903e+01	1.1732488e+00
4.2478712e+01	1.2233349e+00
4.2500521e+01	1.2253138e+00
4.2522330e+01	1.4288817e+00
4.2544139e+01	1.6225481e+00
4.2565948e+01	1.6299203e+00
4.2587757e+01	1.8041249e+00
4.2609566e+01	1.5812210e+00
4.2631375e+01	1.5187522e+00
4.2653184e+01	1.1557438e+00
4.2674993e+01	7.1314124e-01
4.2696802e+01	4.0472284e-01
4.2718610e+01	4.5841701e-01
4.2740419e+01	5.5113985e-01
4.2762228e+01	4.4354791e-02
4.2784037e+01	-1.3296787e-02
4.2805846e+01	7.2239194e-02
4.2827655e+01	3.8822565e-01
4.2849464e+01	5.1369598e-01
4.2871273e+01	1.5524639e-01
4.2893082e+01	7.0884012e-02
4.2914891e+01	-2.0218132e-01
4.2936700e+01	6.4461666e-03
4.2958509e+01	2.2856589e-02
4.2980318e+01	-2.1019641e-01
4.3002127e+01	3.5185368e-02
4.3023936e+01	5.3370367e-01
4.3045745e+01	1.5644026e-01
4.3067553e+01	3.6843486e-01
4.3089362e+01	1.4464746e-02
4.3111171e+01	-9.3836771e-02
4.3132980e+01	3.3563360e-01
4.3154789e+01	4.8374900e-02
4.3176598e+01	3.5300530e-02
4.3198407e+01	1.4140837e-01
4.3220216e+01	3.3427052e-01
4.3242025e+01	-2.4314717e-01
4.3263834e+01	-1.5620243e-01
4.3285643e+01	9.9187942e-02
4.3307452e+01	3.8960585e-01
4.3329261e+01	9.3315649e-02
4.3351070e+01	1.7868819e-02
4.3372879e+01	-1.0792631e-01
4.3394688e+01	1.1323257e-01
4.3416496e+01	-9.1593811e-02
4.3438305e+01	1.0068646e-01
4.3460114e+01	2.0576275e-02
4.3481923e+01	1.1476405e-01
4.3503732e+01	6.4026384e-02
4.3525541e+01	6.3509610e-02
4.3547350e+01	-6.2804058e-02
4.3569159e+01	-9.8010114e-02
4.3590968e+01	-5.4469884e-02
4.3612777e+01	3.9354818e-01
4.3634586e+01	7.5140592e-01
4.3656395e+01	1.1734182e+00
4.3678204e+01	1.6882738e+00
4.3700013e+01	1.8422516e+00
4.3721822e+01	2.4560395e+00
4.3743631e+01	2.6531922e+00
4.3765439e+01	3.6859406e+00
4.3787248e+01	4.3623836e+00
4.3809057e+01	4.6388670e+00
4.3830866e+01	4.9902596e+00
4.3852675e+01	5.0272293e+00
4.3874484e+01	4.8981729e+00
4.3896293e+01	4.5507952e+00
4.3918102e+01	4.1517331e+00
4.3939911e+01	3.2674474e+00
4.3961720e+01	2.9212860e+00
4.3983529e+01	2.1890397e+00
4.4005338e+01	1.1909173e+00
4.4027147e+01	1.1424226e+00
4.4048956e+01	6.2513564e-01
4.4070765e+01	6.5187508e-01
4.4092574e+01	3.2740880e-01
4.4114383e+01	-1.3406351e-02
4.4136191e+01	9.2553848e-02
4.4158000e+01	4.4019513e-01
4.4179809e+01	2.7417615e-01
4.4201618e+01	-1.8197466e-01
4.4223427e+01	1.3559560e-01
4.4245236e+01	2.6144363e-01
4.4267045e+01	-1.0906344e-01
4.4288854e+01	3.5908900e-02
4.4310663e+01	1.1490249e-01
4.4332472e+01	2.4476029e-01
4.4354281e+01	2.3820237e-01
4.4376090e+01	3.2255101e-01
4.4397899e+01	7.1953435e-01
4.4419708e+01	4.9704498e-02
4.4441517e+01	-2.0354343e-01
4.4463326e+01	-2.0142762e-03
4.4485134e+01	4.4580188e-01
4.4506943e+01	7.2686201e-01
4.4528752e+01	6.4688008e-01
4.4550561e+01	8.7459403e-01
4.4572370e+01	7.6033481e-01
4.4594179e+01	6.6267938e-01
4.4615988e+01	2.5593368e-01
4.4637797e+01	-1.7278336e-02
4.4659606e+01	5.9573986e-01
4.4681415e+01	3.7482733e-01
4.4703224e+01	4.2190897e-03
4.4725033e+01	1.8217492e-01
4.4746842e+01	1.2873118e-01
4.4768651e+01	-9.5659008e-02
4.4790460e+01	-2.8546252e-02
4.4812269e+01	1.7385132e-01
4.4834077e+01	3.9002645e-02
4.4855886e+01	-1.1413959e-01
4.4877695e+01	-9.7372319e-02
4.4899504e+01	-2.0729992e-01
4.4921313e+01	1.4695986e-01
4.4943122e+01	1.0053024e-01
4.4964931e+01	-1.2772853e-02
4.4986740e+01	5.2631132e-02