#F ./data/210407_mkl_3C_sc_wo
#E 1516024580
#D Wed Apr 07 15:51:06 2021
#C psic  User = specuser
#O0      del       eta       chi       phi        mu        nu       m_x       m_y
#O1      m_z      SD_b      SD_t      SD_l      SD_r      SF_l      SF_r      SF_b
#O2     SF_t     att_w   monobr2     cryox     cryoy     cryoz     monoE  
#C Wed Apr 07 15:51:30 2021.  do nyfs_RT_100_loop.mac.
#C Wed Apr 07 15:51:31 2021.  GADDS scan.

#S 1  loopscan 5 10 0
#D Wed Apr 07 15:51:31 2021
#T 10  (sec)
#G0 0 0 1 0 0 1 0 0 0 0 0 0 0 0 0 0 2 2 2 2 2 0 0
#G1 5.431 5.431 5.431 90 90 90 1.156911307 1.156911307 1.156911307 90 90 90 0 0 4 2 2 4 56.1575 27.93475 89.9 -180 0 0 70.41 35.20625 54.635 -181.035 0 0 1.278144 1.278144 0 0
#G3 -0.8060933922 -0.8298512745 -0.002019183743 0.8298463816 -0.8060957142 0.002907632189 -0.003492538811 0.0005775816754 1.156905891
#G4 -0.02492071441 0.02271433676 0.6135657084 1.5406 1.855996953 8.143987731 -3 10 1.822680591 3.145588542 90 89.89994783 0.175316796 -124.7777612 0 0 0 0 0 0 0 0 54.785 0 0 0 0 0 -180 -180 -180 -180 -180 -180 -180 -180 -180 0 0 0 0 0 0 0 0 0 0 0 0
#Q -0.0249207 0.0227143 0.613566
#P0 10 2 90 0 0 0 0 0
#P1 0 -0.005 -0.005 0.05 0 -0.5 0.5 -0.15
#P2 0.15 8 51166.28 0 0.05584 0.53792 8.04798 
#X 25C
#U T=53.8C ATT =0 um ; ionirange=2
#C GADDS scan
#U Vantec = 1
#N 22
#L Time  DegC  Epoch  sec  det  ctr3  Gm  Gx  Gy  Rcur  K0  K1  K2  LV0  LV1  LV2  T_sp  T_cs  T_cs2  LST1  mon  Gt
0.00160599 28.5 101778924.852 10 0 192304 20 117 970 297.03425 0.01418 -1.57e-15 1.498746e-09 0 0 0 25 28.5 0 0 1675973 230048
14.2166 28.5 101778936.958 10 0 192306 16 111 968 296.93567 0.01418 -1.57e-15 1.498746e-09 0 0 0 25 28.5 0 0 1674972 220681
26.3199 28.4 101778949.032 10 0 192304 14 115 968 297.13015 0.01418 -1.57e-15 1.498746e-09 0 0 0 25 28.4 0 0 1671079 218944
38.3944 28.4 101778961.138 10 0 192303 11 112 968 297.03159 0.01418 -1.57e-15 1.498746e-09 0 0 0 25 28.4 0 0 1670463 215215
50.4999 28.4 101778973.259 10 0 192305 11 119 969 297.30941 0.01418 -1.57e-15 1.498746e-09 0 0 0 25 28.4 0 0 1672740 214000
#C results: scan_n xMAX MAX FWHM CWHM COM SUM 
#R 1 0.00160599 230048 0 0 25.4533 1.09889e+06
#C Wed Apr 07 15:52:34 2021.  GADDS scan.

#S 2  loopscan 50 10 0
#D Wed Apr 07 15:52:34 2021
#T 10  (sec)
#G0 0 0 1 0 0 1 0 0 0 0 0 0 0 0 0 0 2 2 2 2 2 0 0
#G1 5.431 5.431 5.431 90 90 90 1.156911307 1.156911307 1.156911307 90 90 90 0 0 4 2 2 4 56.1575 27.93475 89.9 -180 0 0 70.41 35.20625 54.635 -181.035 0 0 1.278144 1.278144 0 0
#G3 -0.8060933922 -0.8298512745 -0.002019183743 0.8298463816 -0.8060957142 0.002907632189 -0.003492538811 0.0005775816754 1.156905891
#G4 -0.02492071441 0.02271433676 0.6135657084 1.5406 1.855996953 8.143987731 -3 10 1.822680591 3.145588542 90 89.89994783 0.175316796 -124.7777612 0 0 0 0 0 0 0 0 54.785 0 0 0 0 0 -180 -180 -180 -180 -180 -180 -180 -180 -180 0 0 0 0 0 0 0 0 0 0 0 0
#Q -0.0249207 0.0227143 0.613566
#P0 10 2 90 0 0 0 0 0
#P1 0 -0.005 -0.005 0.05 0 -0.5 0.5 -0.15
#P2 0.15 8 51166.28 0 0.05584 0.53792 8.04798 
#X 25C
#U T=28.4C ATT =0 um ; ionirange=2
#C GADDS scan
#U Vantec = 1
#N 22
#L Time  DegC  Epoch  sec  det  ctr3  Gm  Gx  Gy  Rcur  K0  K1  K2  LV0  LV1  LV2  T_sp  T_cs  T_cs2  LST1  mon  Gt
0.00179815 32 101778987.767 10 0 192304 9 108 968 297.187 0.01418 -1.57e-15 1.498746e-09 0 0 0 100 32 0 0 1672458 210913
14.0855 43 101778999.888 10 0 192305 8 107 968 297.08745 0.01418 -1.57e-15 1.498746e-09 0 0 0 100 43 0 0 1673296 203364
26.2045 55.5 101779011.994 10 0 192304 7 545 988 296.98702 0.01418 -1.57e-15 1.498746e-09 0 0 0 100 55.5 0 0 1671369 191330
38.3102 68 101779024.115 10 0 192304 7 553 1004 297.44924 0.01418 -1.57e-15 1.498746e-09 0 0 0 100 68 0 0 1670179 184064
50.4314 79.8 101779036.236 10 0 192307 8 545 1019 297.35101 0.01418 -1.57e-15 1.498746e-09 0 0 0 100 79.8 0 0 1670238 177623
62.5526 91.5 101779048.358 10 0 192305 6 537 1066 297.2511 0.01418 -1.57e-15 1.498746e-09 0 0 0 100 91.5 0 0 1668619 171267
74.6739 100.3 101779060.479 10 0 192304 7 96 966 297.15132 0.01418 -1.57e-15 1.498746e-09 0 0 0 100 100.3 0 0 1667526 167913
86.7976 101.6 101779072.600 10 0 192299 6 1612 1559 297.05152 0.01418 -1.57e-15 1.498746e-09 0 0 0 100 101.6 0 0 1667166 165363
98.9167 101.5 101779084.721 10 0 192299 7 1602 1568 296.95074 0.01418 -1.57e-15 1.498746e-09 0 0 0 100 101.5 0 0 1666300 165282
111.037 101 101779096.827 10 0 192298 6 1544 1785 297.19012 0.01418 -1.57e-15 1.498746e-09 0 0 0 100 101 0 0 1667043 166108
123.144 100.7 101779108.948 10 0 192298 6 1544 1778 297.09046 0.01418 -1.57e-15 1.498746e-09 0 0 0 100 100.7 0 0 1666569 164135
135.265 100.7 101779121.069 10 0 192299 7 1541 1754 296.99192 0.01418 -1.57e-15 1.498746e-09 0 0 0 100 100.7 0 0 1667326 164092
147.386 100.5 101779133.175 10 0 192299 7 1630 1475 297.19041 0.01418 -1.57e-15 1.498746e-09 0 0 0 100 100.5 0 0 1669083 165553
159.492 100.4 101779145.249 10 0 192298 7 1591 292 297.09328 0.01418 -1.57e-15 1.498746e-09 0 0 0 100 100.4 0 0 1668530 163851
171.566 100.2 101779157.371 10 0 192298 8 1664 1211 296.99418 0.01418 -1.57e-15 1.498746e-09 0 0 0 100 100.2 0 0 1666804 163115
183.687 100.1 101779169.492 10 0 192297 11 1655 1347 297.50327 0.01418 -1.57e-15 1.498746e-09 0 0 0 100 100.1 0 0 1666667 164776
195.808 100.1 101779181.613 10 0 192298 8 1575 1687 297.64638 0.01418 -1.57e-15 1.498746e-09 0 0 0 100 100.1 0 0 1667061 162833
207.93 100.1 101779193.734 10 0 192303 7 1669 1216 297.54609 0.01418 -1.57e-15 1.498746e-09 0 0 0 100 100.1 0 0 1666751 162333
220.05 100 101779205.840 10 0 192303 7 1594 1646 297.44401 0.01418 -1.57e-15 1.498746e-09 0 0 0 100 100 0 0 1665734 162742
232.156 100 101779217.961 10 0 192302 8 1595 291 297.34671 0.01418 -1.57e-15 1.498746e-09 0 0 0 100 100 0 0 1664844 160802
244.277 100 101779230.082 10 0 192301 7 1575 218 297.24505 0.01418 -1.57e-15 1.498746e-09 0 0 0 100 100 0 0 1664863 160051
256.398 100 101779242.188 10 0 192303 8 1596 1652 297.14556 0.01418 -1.57e-15 1.498746e-09 0 0 0 100 100 0 0 1667928 160182
268.504 100 101779254.309 10 0 192305 8 94 967 297.04584 0.01418 -1.57e-15 1.498746e-09 0 0 0 100 100 0 0 1666424 159470
280.625 100 101779266.430 10 0 192302 7 1635 1473 296.94596 0.01418 -1.57e-15 1.498746e-09 0 0 0 100 100 0 0 1665819 158547
292.746 100 101779278.551 10 0 192305 6 1577 1685 297.57144 0.01418 -1.57e-15 1.498746e-09 0 0 0 100 100 0 0 1668295 158946
304.868 100 101779290.673 10 0 192304 7 1576 1686 297.46969 0.01418 -1.57e-15 1.498746e-09 0 0 0 100 100 0 0 1664738 158500
316.989 100 101779302.794 10 0 192303 8 1571 1693 297.37201 0.01418 -1.57e-15 1.498746e-09 0 0 0 100 100 0 0 1665036 157660
329.11 100 101779314.915 10 0 192304 7 1578 1682 297.27 0.01418 -1.57e-15 1.498746e-09 0 0 0 100 100 0 0 1665072 158670
341.231 100 101779327.021 10 0 192303 9 1575 1682 297.17155 0.01418 -1.57e-15 1.498746e-09 0 0 0 100 100 0 0 1665791 158202
353.341 100 101779339.111 10 0 192305 9 1684 1153 297.06357 0.01418 -1.57e-15 1.498746e-09 0 0 0 100 100 0 0 1664832 157444
365.427 100 101779351.232 10 0 192305 7 1573 1683 296.96511 0.01418 -1.57e-15 1.498746e-09 0 0 0 100 100 0 0 1664705 159400
377.548 100 101779363.353 10 0 192303 9 1564 197 297.67209 0.01418 -1.57e-15 1.498746e-09 0 0 0 100 100 0 0 1663448 156696
389.669 100 101779375.459 10 0 192305 8 1567 198 297.57558 0.01418 -1.57e-15 1.498746e-09 0 0 0 100 100 0 0 1663673 158601
401.775 100 101779387.580 10 0 192303 9 95 970 297.47718 0.01418 -1.57e-15 1.498746e-09 0 0 0 100 100 0 0 1661339 156569
413.896 100 101779399.685 10 0 192304 8 1568 196 297.37858 0.01418 -1.57e-15 1.498746e-09 0 0 0 100 100 0 0 1660448 157438
426.002 100 101779411.807 10 0 192304 8 1586 1660 297.27753 0.01418 -1.57e-15 1.498746e-09 0 0 0 100 100 0 0 1659914 157810
438.123 100 101779423.928 10 0 192302 8 1587 1660 297.17474 0.01418 -1.57e-15 1.498746e-09 0 0 0 100 100 0 0 1658383 156494
450.247 100 101779436.018 10 0 192302 10 1589 1658 297.07494 0.01418 -1.57e-15 1.498746e-09 0 0 0 100 100 0 0 1657656 158970
462.334 100 101779448.123 10 0 192305 8 1593 1661 296.97709 0.01418 -1.57e-15 1.498746e-09 0 0 0 100 100 0 0 1658113 154958
474.44 100 101779460.244 10 0 192303 10 1586 1661 296.87419 0.01418 -1.57e-15 1.498746e-09 0 0 0 100 100 0 0 1657062 156584
486.561 100 101779472.366 10 0 192302 8 1683 1145 296.77431 0.01418 -1.57e-15 1.498746e-09 0 0 0 100 100 0 0 1656969 155456
498.682 100 101779484.440 10 0 192305 7 1630 1435 296.67578 0.01418 -1.57e-15 1.498746e-09 0 0 0 100 100 0 0 1655618 155359
510.756 100 101779496.561 10 0 192303 10 1609 1542 296.57518 0.01418 -1.57e-15 1.498746e-09 0 0 0 100 100 0 0 1654740 155099
522.878 100 101779508.683 10 0 192303 8 1573 188 296.47771 0.01418 -1.57e-15 1.498746e-09 0 0 0 100 100 0 0 1653977 155042
534.999 100 101779520.788 10 0 192305 8 1585 1659 296.55954 0.01418 -1.57e-15 1.498746e-09 0 0 0 100 100 0 0 1654364 155826
547.104 100 101779532.909 10 0 192303 8 1589 1663 296.46183 0.01418 -1.57e-15 1.498746e-09 0 0 0 100 100 0 0 1653989 156018
559.226 100 101779545.031 10 0 192302 7 1553 1753 296.3635 0.01418 -1.57e-15 1.498746e-09 0 0 0 100 100 0 0 1653038 155227
571.347 100 101779557.136 10 0 192305 8 1607 1540 296.26334 0.01418 -1.57e-15 1.498746e-09 0 0 0 100 100 0 0 1655173 154555
583.452 100 101779569.257 10 0 192303 7 1587 1664 296.15865 0.01418 -1.57e-15 1.498746e-09 0 0 0 100 100 0 0 1655722 155599
595.574 100 101779581.378 10 0 192302 7 1592 1667 296.05876 0.01418 -1.57e-15 1.498746e-09 0 0 0 100 100 0 0 1656610 155475
#C results: scan_n xMAX MAX FWHM CWHM COM SUM 
#R 2 0.00179815 210913 0 0 289.684 8.15231e+06
#C Wed Apr 07 16:02:46 2021.  do nyfs_100_loop.mac.
#C Wed Apr 07 16:02:47 2021.  GADDS scan.

#S 3  loopscan 20 10 0
#D Wed Apr 07 16:02:47 2021
#T 10  (sec)
#G0 0 0 1 0 0 1 0 0 0 0 0 0 0 0 0 0 2 2 2 2 2 0 0
#G1 5.431 5.431 5.431 90 90 90 1.156911307 1.156911307 1.156911307 90 90 90 0 0 4 2 2 4 56.1575 27.93475 89.9 -180 0 0 70.41 35.20625 54.635 -181.035 0 0 1.278144 1.278144 0 0
#G3 -0.8060933922 -0.8298512745 -0.002019183743 0.8298463816 -0.8060957142 0.002907632189 -0.003492538811 0.0005775816754 1.156905891
#G4 -0.02492071441 0.02271433676 0.6135657084 1.5406 1.855996953 8.143987731 -3 10 1.822680591 3.145588542 90 89.89994783 0.175316796 -124.7777612 0 0 0 0 0 0 0 0 54.785 0 0 0 0 0 -180 -180 -180 -180 -180 -180 -180 -180 -180 0 0 0 0 0 0 0 0 0 0 0 0
#Q -0.0249207 0.0227143 0.613566
#P0 10 2 90 0 0 0 0 0
#P1 0 -0.005 -0.005 0.05 0 -0.5 0.5 -0.15
#P2 0.15 8 51166.28 0 0.05584 0.53792 8.04798 
#X 100C
#U T=100C ATT =0 um ; ionirange=2
#C GADDS scan
#U Vantec = 1
#N 22
#L Time  DegC  Epoch  sec  det  ctr3  Gm  Gx  Gy  Rcur  K0  K1  K2  LV0  LV1  LV2  T_sp  T_cs  T_cs2  LST1  mon  Gt
0.00180197 100 101779600.426 10 0 192304 8 1572 1678 296.08667 0.01418 -1.57e-15 1.498746e-09 0 0 0 100 100 0 0 1656024 157385
14.0753 100 101779612.485 10 0 192303 9 1590 1662 296.17006 0.01418 -1.57e-15 1.498746e-09 0 0 0 100 100 0 0 1655632 154560
26.1321 100 101779624.575 10 0 192305 8 1591 289 296.07074 0.01418 -1.57e-15 1.498746e-09 0 0 0 100 100 0 0 1655534 156194
38.222 100 101779636.665 10 0 192305 7 1597 1566 295.97161 0.01418 -1.57e-15 1.498746e-09 0 0 0 100 100 0 0 1654837 155061
50.3121 100 101779648.755 10 0 192304 8 1591 1661 295.87201 0.01418 -1.57e-15 1.498746e-09 0 0 0 100 100 0 0 1653537 154551
62.4021 100 101779660.845 10 0 192306 8 1589 1658 295.77143 0.01418 -1.57e-15 1.498746e-09 0 0 0 100 100 0 0 1651504 154237
74.4921 100 101779672.966 10 0 192303 9 1573 1688 295.67327 0.01418 -1.57e-15 1.498746e-09 0 0 0 100 100 0 0 1649522 152262
86.6134 100 101779685.025 10 0 192304 7 1682 1131 295.76938 0.01418 -1.57e-15 1.498746e-09 0 0 0 100 100 0 0 1650396 153768
98.672 100 101779697.115 10 0 192306 7 1651 551 295.8957 0.01418 -1.57e-15 1.498746e-09 0 0 0 100 100 0 0 1650139 153468
110.762 100 101779709.190 10 0 192303 6 1586 1664 296.05528 0.01418 -1.57e-15 1.498746e-09 0 0 0 100 100 0 0 1651510 153147
122.837 100 101779721.295 10 0 192302 7 1648 1371 296.61199 0.01418 -1.57e-15 1.498746e-09 0 0 0 100 100 0 0 1652322 154566
134.942 100 101779733.463 10 0 192306 8 94 966 296.95014 0.01418 -1.57e-15 1.498746e-09 0 0 0 100 100 0 0 1654319 154263
147.11 100 101779746.068 10 0 192304 7 1588 1660 297.25203 0.01418 -1.57e-15 1.498746e-09 0 0 0 100 100 0 0 1656162 154047
159.715 100 101779758.189 10 0 192305 8 1551 1710 297.15373 0.01418 -1.57e-15 1.498746e-09 0 0 0 100 100 0 0 1656257 154406
171.837 100 101779770.310 10 0 192305 9 1573 192 297.04622 0.01418 -1.57e-15 1.498746e-09 0 0 0 100 100 0 0 1655923 153447
183.957 100 101779782.416 10 0 192304 8 1591 1656 296.9501 0.01418 -1.57e-15 1.498746e-09 0 0 0 100 100 0 0 1654860 153320
196.063 100 101779794.537 10 0 192305 8 1674 1203 297.54356 0.01418 -1.57e-15 1.498746e-09 0 0 0 100 100 0 0 1657868 154743
208.185 100 101779806.658 10 0 192304 8 1686 979 297.44477 0.01418 -1.57e-15 1.498746e-09 0 0 0 100 100 0 0 1658024 153385
220.306 100 101779818.749 10 0 192304 7 1569 1690 297.34231 0.01418 -1.57e-15 1.498746e-09 0 0 0 100 100 0 0 1646333 153793
232.396 100 101779830.854 10 0 192301 7 1591 1665 297.24346 0.01418 -1.57e-15 1.498746e-09 0 0 0 100 100 0 0 1653370 155347
#C results: scan_n xMAX MAX FWHM CWHM COM SUM 
#R 3 0.00180197 157385 0 0 116.756 3.08595e+06
