#F C:\frames\spec\210407_mkl_3C_sc_wo_etascan_0002.002
#C title =s:2 frm:2 210407_mkl_3C_sc_wo_etascan
#C wavelength =0.15406

#S 1  fr_average C:\frames\spec\210407_mkl_3C_sc_wo_etascan_0002.002 C:\win32app\speccom\mask.axs chi 0 180 0 360 0.02
#C 2 theta =0.000000 to 180.000002 deg
#C   q   =0.000000 to 81.568039 nm^-1
#C  chi  =0.000000 to 360.000005 deg
#C collumns:
#C  1 position (2theta or chi in degrees)
#C  2 average intensity (sum of all counts in the region divided with number of pixels)
#C  3 Number of pixels in region)
#C  4 error (sum of sqrt(intensity) for all pixels divided by number)
#N 4
#L TTh  Int  N_pix  Err
4.590000 	0.025105 	239.000000 	0.025105
4.610000 	0.044211 	475.000000 	0.042977
4.630000 	0.027375 	621.000000 	0.027375
4.650000 	0.029610 	743.000000 	0.028033
4.670000 	0.025974 	847.000000 	0.024477
4.690000 	0.019210 	937.000000 	0.018585
4.710000 	0.018465 	1029.000000 	0.018465
4.730000 	0.009066 	1103.000000 	0.009066
4.750000 	0.009314 	1181.000000 	0.009314
4.770000 	0.006446 	1241.000000 	0.006446
4.790000 	0.012057 	1327.000000 	0.012057
4.810000 	0.013072 	1377.000000 	0.013072
4.830000 	0.004129 	1453.000000 	0.004129
4.850000 	0.011858 	1518.000000 	0.011472
4.870000 	0.016592 	1567.000000 	0.016218
4.890000 	0.013423 	1639.000000 	0.013423
4.910000 	0.013150 	1673.000000 	0.013150
4.930000 	0.009169 	1745.000000 	0.009169
4.950000 	0.011712 	1793.000000 	0.011712
4.970000 	0.015856 	1829.000000 	0.015856
4.990000 	0.016342 	1897.000000 	0.016342
5.010000 	0.014426 	1941.000000 	0.014426
5.030000 	0.017077 	1991.000000 	0.016783
5.050000 	0.018655 	2037.000000 	0.018367
5.070000 	0.019533 	2099.000000 	0.019533
5.090000 	0.019746 	2127.000000 	0.019746
5.110000 	0.014227 	2179.000000 	0.014227
5.130000 	0.015226 	2233.000000 	0.015226
5.150000 	0.023060 	2255.000000 	0.022800
5.170000 	0.018111 	2319.000000 	0.017859
5.190000 	0.019450 	2365.000000 	0.019450
5.210000 	0.024948 	2405.000000 	0.024948
5.230000 	0.023077 	2470.000000 	0.022840
5.250000 	0.020441 	2495.000000 	0.020441
5.270000 	0.024516 	2529.000000 	0.024516
5.290000 	0.014757 	2575.000000 	0.014757
5.310000 	0.022408 	2633.000000 	0.022408
5.330000 	0.026346 	2657.000000 	0.026125
5.350000 	0.022181 	2705.000000 	0.021531
5.370000 	0.021635 	2727.000000 	0.021421
5.390000 	0.024109 	2779.000000 	0.023899
5.410000 	0.018669 	2839.000000 	0.018669
5.430000 	0.024236 	2847.000000 	0.024236
5.450000 	0.021269 	2915.000000 	0.021068
5.470000 	0.020429 	2937.000000 	0.020030
5.490000 	0.022536 	2973.000000 	0.022536
5.510000 	0.021905 	3013.000000 	0.021905
5.530000 	0.020295 	3055.000000 	0.020103
5.550000 	0.023879 	3099.000000 	0.023501
5.570000 	0.021940 	3145.000000 	0.021567
5.590000 	0.020866 	3163.000000 	0.020681
5.610000 	0.023103 	3203.000000 	0.023103
5.630000 	0.019290 	3266.000000 	0.019110
5.650000 	0.024643 	3287.000000 	0.024464
5.670000 	0.021602 	3333.000000 	0.021251
5.690000 	0.019935 	3361.000000 	0.019586
5.710000 	0.024433 	3397.000000 	0.024433
5.730000 	0.020205 	3415.000000 	0.020205
5.750000 	0.019479 	3491.000000 	0.019311
5.770000 	0.020601 	3495.000000 	0.020601
5.790000 	0.022478 	3559.000000 	0.022149
5.810000 	0.030278 	3567.000000 	0.030278
5.830000 	0.023856 	3605.000000 	0.023531
5.850000 	0.024966 	3645.000000 	0.024805
5.870000 	0.028292 	3676.000000 	0.028132
5.890000 	0.028085 	3703.000000 	0.027927
5.910000 	0.021540 	3714.000000 	0.021382
5.930000 	0.020037 	3743.000000 	0.019724
5.950000 	0.026847 	3762.000000 	0.026692
5.970000 	0.027091 	3802.000000 	0.026937
5.990000 	0.022036 	3812.000000 	0.021882
6.010000 	0.028187 	3867.000000 	0.027405
6.030000 	0.017876 	3860.000000 	0.017724
6.050000 	0.021315 	3894.000000 	0.021164
6.070000 	0.019638 	3921.000000 	0.019638
6.090000 	0.016928 	3958.000000 	0.016928
6.110000 	0.019899 	3970.000000 	0.019899
6.130000 	0.020974 	4005.000000 	0.020681
6.150000 	0.021441 	4011.000000 	0.021003
6.170000 	0.020828 	4033.000000 	0.020828
6.190000 	0.019104 	4083.000000 	0.018960
6.210000 	0.018391 	4078.000000 	0.018248
6.230000 	0.017931 	4127.000000 	0.017931
6.250000 	0.020813 	4132.000000 	0.020813
6.270000 	0.016925 	4136.000000 	0.016925
6.290000 	0.017938 	4181.000000 	0.017798
6.310000 	0.018221 	4171.000000 	0.017659
6.330000 	0.014699 	4218.000000 	0.014699
6.350000 	0.019757 	4201.000000 	0.019618
6.370000 	0.016651 	4204.000000 	0.016651
6.390000 	0.016965 	4244.000000 	0.016965
6.410000 	0.015013 	4263.000000 	0.015013
6.430000 	0.019433 	4271.000000 	0.019296
6.450000 	0.019397 	4279.000000 	0.019260
6.470000 	0.018199 	4286.000000 	0.018199
6.490000 	0.016682 	4316.000000 	0.016546
6.510000 	0.019531 	4352.000000 	0.019397
6.530000 	0.018920 	4334.000000 	0.018785
6.550000 	0.017166 	4369.000000 	0.016898
6.570000 	0.021311 	4364.000000 	0.021311
6.590000 	0.019380 	4386.000000 	0.019091
6.610000 	0.021383 	4396.000000 	0.021117
6.630000 	0.021749 	4414.000000 	0.021616
6.650000 	0.022087 	4437.000000 	0.021955
6.670000 	0.022875 	4459.000000 	0.022612
6.690000 	0.024401 	4426.000000 	0.024004
6.710000 	0.015852 	4479.000000 	0.015721
6.730000 	0.019433 	4477.000000 	0.019302
6.750000 	0.021432 	4526.000000 	0.021173
6.770000 	0.013327 	4502.000000 	0.013327
6.790000 	0.017509 	4512.000000 	0.017249
6.810000 	0.014063 	4551.000000 	0.013805
6.830000 	0.015570 	4560.000000 	0.015570
6.850000 	0.012916 	4568.000000 	0.012916
6.870000 	0.014183 	4583.000000 	0.014055
6.890000 	0.016133 	4587.000000 	0.016005
6.910000 	0.015341 	4628.000000 	0.015341
6.930000 	0.016199 	4630.000000 	0.016072
6.950000 	0.014884 	4636.000000 	0.014884
6.970000 	0.013734 	4660.000000 	0.013608
6.990000 	0.014580 	4664.000000 	0.014580
7.010000 	0.012356 	4694.000000 	0.012356
7.030000 	0.015232 	4727.000000 	0.015108
7.050000 	0.013608 	4703.000000 	0.013608
7.070000 	0.013912 	4744.000000 	0.013912
7.090000 	0.012640 	4747.000000 	0.012640
7.110000 	0.014085 	4757.000000 	0.013818
7.130000 	0.014043 	4771.000000 	0.014043
7.150000 	0.013993 	4788.000000 	0.013993
7.170000 	0.018080 	4812.000000 	0.017715
7.190000 	0.015167 	4813.000000 	0.015167
7.210000 	0.017471 	4808.000000 	0.017227
7.229999 	0.016650 	4865.000000 	0.016529
7.250000 	0.014597 	4864.000000 	0.014356
7.269999 	0.016007 	4873.000000 	0.015766
7.290000 	0.015372 	4879.000000 	0.015372
7.310000 	0.018382 	4896.000000 	0.018263
7.330000 	0.013195 	4926.000000 	0.013076
7.350000 	0.013774 	4937.000000 	0.013774
7.369999 	0.011511 	4952.000000 	0.011156
7.390000 	0.015127 	4958.000000 	0.015009
7.410000 	0.012929 	4950.000000 	0.012929
7.430000 	0.011988 	5005.000000 	0.011988
7.450000 	0.012572 	5011.000000 	0.012455
7.469999 	0.014380 	5007.000000 	0.014029
7.490000 	0.011102 	5044.000000 	0.010986
7.509999 	0.011734 	5028.000000 	0.011734
7.530000 	0.012224 	5072.000000 	0.012108
7.550000 	0.010398 	5097.000000 	0.010398
7.569999 	0.010592 	5098.000000 	0.010592
7.590000 	0.010563 	5112.000000 	0.010449
7.609999 	0.010957 	5111.000000 	0.010842
7.630000 	0.012461 	5136.000000 	0.012461
7.650000 	0.011062 	5153.000000 	0.010948
7.670000 	0.011608 	5169.000000 	0.011608
7.690000 	0.009832 	5187.000000 	0.009832
7.709999 	0.013918 	5173.000000 	0.013918
7.730000 	0.008439 	5214.000000 	0.008439
7.750000 	0.008969 	5240.000000 	0.008969
7.770000 	0.013979 	5222.000000 	0.013979
7.790000 	0.011807 	5251.000000 	0.011807
7.809999 	0.009324 	5255.000000 	0.009213
7.830000 	0.010785 	5285.000000 	0.010564
7.849999 	0.013026 	5297.000000 	0.013026
7.870000 	0.008669 	5306.000000 	0.008559
7.890000 	0.013341 	5322.000000 	0.013341
7.909999 	0.008107 	5304.000000 	0.008107
7.930000 	0.012008 	5330.000000 	0.012008
7.949999 	0.009938 	5333.000000 	0.009828
7.970000 	0.010882 	5330.000000 	0.010772
7.990000 	0.011385 	5358.000000 	0.011166
8.010000 	0.010859 	5341.000000 	0.010750
8.030000 	0.008593 	5353.000000 	0.008484
8.049999 	0.008738 	5379.000000 	0.008520
8.070000 	0.007840 	5357.000000 	0.007840
8.090000 	0.009656 	5385.000000 	0.009656
8.110000 	0.009121 	5372.000000 	0.009121
8.130000 	0.009605 	5414.000000 	0.009605
8.149999 	0.008142 	5404.000000 	0.008142
8.170000 	0.008709 	5397.000000 	0.008709
8.189999 	0.007221 	5401.000000 	0.007221
8.210000 	0.008876 	5408.000000 	0.008551
8.230000 	0.009623 	5404.000000 	0.009623
8.249999 	0.011009 	5450.000000 	0.010794
8.270000 	0.009044 	5418.000000 	0.009044
8.289999 	0.007544 	5435.000000 	0.007544
8.310000 	0.009743 	5440.000000 	0.009743
8.330000 	0.008643 	5438.000000 	0.008643
8.350000 	0.010026 	5486.000000 	0.010026
8.370000 	0.008984 	5454.000000 	0.008984
8.389999 	0.007890 	5450.000000 	0.007890
8.410000 	0.007136 	5465.000000 	0.007136
8.429999 	0.008930 	5487.000000 	0.008930
8.450000 	0.008197 	5490.000000 	0.008090
8.470000 	0.009822 	5498.000000 	0.009822
8.489999 	0.008770 	5473.000000 	0.008663
8.510000 	0.010417 	5472.000000 	0.010417
8.529999 	0.005297 	5475.000000 	0.005297
8.550000 	0.007101 	5492.000000 	0.007101
8.570000 	0.012420 	5475.000000 	0.012313
8.590000 	0.006407 	5463.000000 	0.006300
8.610000 	0.008983 	5455.000000 	0.008983
8.629999 	0.006774 	5462.000000 	0.006667
8.650000 	0.008035 	5476.000000 	0.008035
8.670000 	0.006778 	5459.000000 	0.006778
8.690000 	0.009174 	5450.000000 	0.009174
8.710000 	0.008069 	5453.000000 	0.008069
8.729999 	0.008793 	5459.000000 	0.008686
8.750000 	0.006756 	5477.000000 	0.006756
8.769999 	0.007522 	5451.000000 	0.007522
8.790000 	0.007558 	5425.000000 	0.007558
8.810000 	0.006606 	5450.000000 	0.006606
8.829999 	0.006431 	5442.000000 	0.006431
8.850000 	0.008801 	5454.000000 	0.008801
8.869999 	0.008465 	5434.000000 	0.008357
8.890000 	0.006822 	5424.000000 	0.006822
8.910000 	0.007534 	5442.000000 	0.007534
8.930000 	0.004607 	5426.000000 	0.004607
8.950000 	0.008657 	5429.000000 	0.008657
8.969999 	0.007192 	5423.000000 	0.007192
8.990000 	0.007566 	5419.000000 	0.007566
9.010000 	0.008132 	5411.000000 	0.008132
9.030000 	0.009969 	5417.000000 	0.009969
9.050000 	0.007559 	5424.000000 	0.007559
9.069999 	0.007942 	5414.000000 	0.007942
9.090000 	0.009806 	5405.000000 	0.009806
9.109999 	0.009614 	5409.000000 	0.009614
9.130000 	0.007044 	5395.000000 	0.006935
9.150000 	0.010324 	5424.000000 	0.010324
9.169999 	0.007216 	5405.000000 	0.007216
9.190000 	0.010393 	5388.000000 	0.010393
9.209999 	0.010749 	5396.000000 	0.010749
9.230000 	0.013564 	5382.000000 	0.013455
9.250000 	0.009239 	5412.000000 	0.009239
9.270000 	0.011321 	5388.000000 	0.011213
9.290000 	0.011163 	5375.000000 	0.011054
9.309999 	0.009249 	5406.000000 	0.009249
9.330000 	0.011338 	5380.000000 	0.011229
9.349999 	0.007024 	5410.000000 	0.007024
9.370000 	0.007059 	5383.000000 	0.006950
9.390000 	0.007057 	5385.000000 	0.007057
9.409999 	0.009108 	5380.000000 	0.009108
9.430000 	0.007423 	5389.000000 	0.007423
9.449999 	0.008178 	5380.000000 	0.008178
9.470000 	0.008557 	5376.000000 	0.008557
9.490000 	0.006526 	5363.000000 	0.006526
9.509999 	0.009864 	5373.000000 	0.009864
9.530000 	0.006900 	5362.000000 	0.006900
9.549999 	0.005198 	5387.000000 	0.005198
9.570000 	0.006890 	5370.000000 	0.006890
9.590000 	0.006359 	5347.000000 	0.006359
9.610000 	0.005767 	5375.000000 	0.005767
9.630000 	0.006906 	5358.000000 	0.006796
9.649999 	0.007632 	5372.000000 	0.007632
9.670000 	0.005986 	5346.000000 	0.005986
9.689999 	0.005426 	5345.000000 	0.005426
9.710000 	0.004839 	5373.000000 	0.004839
9.730000 	0.005431 	5340.000000 	0.005431
9.749999 	0.006888 	5372.000000 	0.006888
9.770000 	0.005988 	5344.000000 	0.005988
9.789999 	0.005811 	5335.000000 	0.005701
9.810000 	0.005797 	5348.000000 	0.005797
9.830000 	0.006171 	5348.000000 	0.006061
9.849999 	0.005047 	5350.000000 	0.005047
9.870000 	0.007112 	5343.000000 	0.007112
9.889999 	0.008268 	5322.000000 	0.008268
9.910000 	0.007104 	5349.000000 	0.007104
9.930000 	0.007493 	5338.000000 	0.007493
9.950000 	0.004679 	5343.000000 	0.004679
9.970000 	0.006568 	5329.000000 	0.006568
9.989999 	0.005454 	5317.000000 	0.005454
10.010000 	0.005967 	5363.000000 	0.005967
10.029999 	0.004688 	5333.000000 	0.004688
10.050000 	0.005613 	5345.000000 	0.005613
10.070000 	0.006381 	5328.000000 	0.006381
10.089999 	0.007353 	5304.000000 	0.007353
10.110000 	0.005043 	5354.000000 	0.005043
10.129999 	0.007154 	5312.000000 	0.007154
10.150000 	0.005055 	5341.000000 	0.005055
10.170000 	0.004887 	5320.000000 	0.004887
10.189999 	0.005286 	5297.000000 	0.005286
10.210000 	0.004308 	5339.000000 	0.004308
10.229999 	0.006018 	5317.000000 	0.006018
10.250000 	0.005627 	5331.000000 	0.005627
10.269999 	0.005463 	5308.000000 	0.005463
10.290000 	0.006216 	5309.000000 	0.006216
10.310000 	0.006599 	5304.000000 	0.006599
10.329999 	0.006384 	5326.000000 	0.006384
10.350000 	0.006405 	5308.000000 	0.006295
10.369999 	0.003764 	5314.000000 	0.003764
10.390000 	0.004913 	5292.000000 	0.004802
10.410000 	0.005085 	5310.000000 	0.005085
10.429999 	0.007730 	5304.000000 	0.007730
10.450000 	0.003570 	5322.000000 	0.003570
10.469999 	0.005865 	5286.000000 	0.005865
10.490000 	0.005657 	5303.000000 	0.005657
10.510000 	0.004721 	5295.000000 	0.004721
10.529999 	0.005849 	5300.000000 	0.005849
10.550000 	0.006588 	5313.000000 	0.006588
10.569999 	0.004347 	5291.000000 	0.004347
10.590000 	0.004924 	5280.000000 	0.004924
10.609999 	0.004906 	5300.000000 	0.004906
10.630000 	0.004350 	5287.000000 	0.004350
10.650000 	0.005256 	5327.000000 	0.005256
10.669999 	0.004350 	5287.000000 	0.004350
10.690000 	0.006048 	5291.000000 	0.006048
10.709999 	0.003966 	5295.000000 	0.003966
10.730000 	0.005479 	5293.000000 	0.005479
10.750000 	0.003400 	5294.000000 	0.003400
10.769999 	0.003210 	5296.000000 	0.003210
10.790000 	0.006447 	5274.000000 	0.006447
10.809999 	0.003971 	5288.000000 	0.003971
10.830000 	0.006069 	5273.000000 	0.006069
10.850000 	0.004705 	5314.000000 	0.004705
10.869999 	0.005310 	5273.000000 	0.005310
10.890000 	0.005295 	5288.000000 	0.005295
10.909999 	0.005333 	5250.000000 	0.005222
10.930000 	0.005667 	5294.000000 	0.005667
10.949999 	0.005112 	5282.000000 	0.005112
10.970000 	0.004158 	5291.000000 	0.004158
10.990000 	0.005693 	5270.000000 	0.005693
11.009999 	0.004943 	5260.000000 	0.004943
11.030000 	0.003417 	5268.000000 	0.003417
11.049999 	0.005481 	5291.000000 	0.005481
11.070000 	0.006455 	5267.000000 	0.006455
11.090000 	0.004166 	5281.000000 	0.004166
11.109999 	0.004380 	5251.000000 	0.004380
11.130000 	0.003041 	5262.000000 	0.003041
11.149999 	0.003213 	5291.000000 	0.003213
11.170000 	0.003418 	5266.000000 	0.003418
11.189999 	0.004371 	5262.000000 	0.004371
11.209999 	0.003807 	5254.000000 	0.003807
11.230000 	0.003993 	5259.000000 	0.003993
11.249999 	0.003417 	5268.000000 	0.003417
11.270000 	0.004167 	5279.000000 	0.004167
11.289999 	0.005125 	5268.000000 	0.005125
11.310000 	0.004926 	5278.000000 	0.004926
11.330000 	0.004386 	5244.000000 	0.004386
11.349999 	0.004351 	5286.000000 	0.004351
11.370000 	0.004752 	5261.000000 	0.004752
11.389999 	0.005329 	5254.000000 	0.005329
11.410000 	0.005505 	5268.000000 	0.005505
11.430000 	0.003807 	5254.000000 	0.003807
11.449999 	0.004944 	5259.000000 	0.004944
11.470000 	0.006254 	5277.000000 	0.006254
11.489999 	0.004406 	5220.000000 	0.004406
11.510000 	0.007378 	5286.000000 	0.007378
11.529999 	0.009568 	5226.000000 	0.009455
11.549999 	0.006655 	5259.000000 	0.006655
11.570000 	0.010082 	5257.000000 	0.010082
11.589999 	0.010276 	5255.000000 	0.010164
11.610000 	0.008930 	5263.000000 	0.008930
11.629999 	0.009159 	5241.000000 	0.009159
11.650000 	0.008222 	5230.000000 	0.008222
11.670000 	0.010072 	5262.000000 	0.010072
11.689999 	0.008772 	5244.000000 	0.008660
11.710000 	0.009916 	5244.000000 	0.009916
11.729999 	0.008558 	5258.000000 	0.008558
11.750000 	0.007474 	5218.000000 	0.007474
11.770000 	0.006641 	5270.000000 	0.006641
11.789999 	0.006494 	5236.000000 	0.006494
11.810000 	0.007612 	5255.000000 	0.007612
11.829999 	0.008598 	5234.000000 	0.008598
11.850000 	0.007645 	5232.000000 	0.007645
11.869999 	0.008790 	5233.000000 	0.008790
11.889999 	0.006827 	5273.000000 	0.006827
11.910000 	0.006700 	5224.000000 	0.006700
11.929999 	0.005680 	5282.000000 	0.005680
11.950000 	0.005370 	5214.000000 	0.005370
11.969999 	0.007042 	5254.000000 	0.007042
11.990000 	0.008971 	5239.000000 	0.008971
12.010000 	0.005723 	5242.000000 	0.005723
12.029999 	0.007056 	5244.000000 	0.007056
12.050000 	0.006108 	5239.000000 	0.006108
12.069999 	0.006693 	5229.000000 	0.006693
12.090000 	0.008009 	5244.000000 	0.008009
12.109999 	0.006702 	5222.000000 	0.006702
12.129999 	0.008767 	5247.000000 	0.008767
12.150000 	0.008212 	5236.000000 	0.008212
12.169999 	0.007471 	5220.000000 	0.007471
12.190000 	0.007450 	5235.000000 	0.007450
12.209999 	0.004597 	5221.000000 	0.004597
12.230000 	0.005527 	5247.000000 	0.005415
12.250000 	0.007071 	5233.000000 	0.007071
12.269999 	0.005942 	5217.000000 	0.005942
12.290000 	0.005739 	5227.000000 	0.005739
12.309999 	0.005543 	5232.000000 	0.005543
12.330000 	0.005358 	5226.000000 	0.005358
12.350000 	0.005545 	5230.000000 	0.005545
12.369999 	0.006505 	5227.000000 	0.006505
12.390000 	0.005741 	5226.000000 	0.005741
12.409999 	0.005949 	5211.000000 	0.005949
12.430000 	0.006497 	5233.000000 	0.006385
12.449999 	0.004977 	5224.000000 	0.004977
12.469999 	0.005337 	5246.000000 	0.005337
12.490000 	0.007071 	5233.000000 	0.006959
12.509999 	0.007257 	5236.000000 	0.007257
12.530000 	0.008827 	5211.000000 	0.008715
12.549999 	0.006506 	5226.000000 	0.006506
12.570000 	0.009542 	5240.000000 	0.009542
12.590000 	0.009983 	5209.000000 	0.009983
12.609999 	0.009164 	5238.000000 	0.009164
12.630000 	0.012087 	5212.000000 	0.012087
12.649999 	0.011137 	5208.000000 	0.011024
12.670000 	0.013155 	5245.000000 	0.013155
12.690000 	0.014587 	5210.000000 	0.014475
12.709999 	0.014168 	5223.000000 	0.014056
12.730000 	0.015323 	5221.000000 	0.015211
12.749999 	0.016513 	5208.000000 	0.016401
12.770000 	0.013027 	5220.000000 	0.012802
12.789999 	0.011090 	5230.000000 	0.010978
12.809999 	0.011342 	5202.000000 	0.011229
12.830000 	0.012044 	5231.000000 	0.012044
12.849999 	0.009804 	5202.000000 	0.009804
12.870000 	0.008836 	5206.000000 	0.008836
12.889999 	0.008408 	5233.000000 	0.008408
12.910000 	0.010575 	5201.000000 	0.010462
12.930000 	0.008029 	5231.000000 	0.008029
12.949999 	0.006920 	5202.000000 	0.006920
12.970000 	0.009018 	5212.000000 	0.009018
12.989999 	0.006526 	5210.000000 	0.006413
13.010000 	0.007049 	5249.000000 	0.007049
13.029999 	0.007306 	5201.000000 	0.007306
13.049999 	0.007642 	5234.000000 	0.007642
13.070000 	0.007104 	5208.000000 	0.007104
13.089999 	0.008822 	5214.000000 	0.008822
13.110000 	0.008629 	5215.000000 	0.008517
13.129999 	0.006915 	5206.000000 	0.006915
13.149999 	0.008995 	5225.000000 	0.008995
13.170000 	0.007107 	5206.000000 	0.007107
13.189999 	0.006344 	5202.000000 	0.006344
13.210000 	0.008249 	5213.000000 	0.008249
13.229999 	0.008642 	5207.000000 	0.008642
13.250000 	0.007476 	5217.000000 	0.007476
13.270000 	0.007110 	5204.000000 	0.007110
13.289999 	0.007270 	5227.000000 	0.007270
13.310000 	0.009649 	5182.000000 	0.009536
13.329999 	0.009178 	5230.000000 	0.009066
13.350000 	0.011565 	5188.000000 	0.011452
13.369999 	0.009199 	5218.000000 	0.009199
13.389999 	0.011561 	5190.000000 	0.011561
13.410000 	0.013054 	5209.000000 	0.012942
13.429999 	0.011147 	5203.000000 	0.010904
13.450000 	0.009606 	5205.000000 	0.009606
13.469999 	0.007877 	5205.000000 	0.007764
13.489999 	0.010140 	5227.000000 	0.010028
13.510000 	0.010514 	5231.000000 	0.010514
13.529999 	0.011383 	5183.000000 	0.011383
13.550000 	0.010520 	5228.000000 	0.010408
13.569999 	0.012471 	5212.000000 	0.012471
13.590000 	0.013082 	5198.000000 	0.013082
13.610000 	0.011320 	5212.000000 	0.011320
13.629999 	0.010765 	5202.000000 	0.010765
13.650000 	0.012505 	5198.000000 	0.012392
13.669999 	0.013638 	5206.000000 	0.013526
13.690000 	0.013828 	5207.000000 	0.013828
13.709999 	0.013077 	5200.000000 	0.013077
13.729999 	0.014994 	5202.000000 	0.014994
13.750000 	0.013467 	5198.000000 	0.013354
13.769999 	0.016923 	5200.000000 	0.016923
13.790000 	0.016663 	5221.000000 	0.016551
13.809999 	0.017398 	5173.000000 	0.017398
13.829999 	0.016114 	5213.000000 	0.016114
13.850000 	0.016943 	5194.000000 	0.016943
13.869999 	0.019223 	5202.000000 	0.019111
13.890000 	0.022329 	5195.000000 	0.022104
13.909999 	0.022248 	5214.000000 	0.022248
13.930000 	0.026818 	5183.000000 	0.026818
13.949999 	0.028544 	5220.000000 	0.028432
13.969999 	0.034463 	5223.000000 	0.034239
13.990000 	0.041474 	5184.000000 	0.040909
14.009999 	0.052480 	5221.000000 	0.051695
14.030000 	0.070273 	5194.000000 	0.069146
14.049999 	0.097171 	5197.000000 	0.093960
14.069999 	0.135701 	5210.000000 	0.128159
14.090000 	0.182185 	5198.000000 	0.170260
14.109999 	0.229971 	5205.000000 	0.213656
14.130000 	0.261822 	5202.000000 	0.242325
14.149999 	0.247496 	5192.000000 	0.230095
14.169999 	0.234339 	5172.000000 	0.215050
14.190000 	0.190578 	5158.000000 	0.177377
14.209999 	0.158202 	5139.000000 	0.147432
14.230000 	0.126219 	5126.000000 	0.118393
14.249999 	0.092458 	5105.000000 	0.087095
14.270000 	0.072129 	5102.000000 	0.068714
14.289999 	0.051789 	5059.000000 	0.050863
14.309999 	0.037673 	5070.000000 	0.037095
14.330000 	0.036118 	5039.000000 	0.035770
14.350000 	0.025529 	5014.000000 	0.025295
14.369999 	0.027678 	5022.000000 	0.027562
14.389999 	0.022355 	5010.000000 	0.022121
14.410000 	0.020604 	4999.000000 	0.020487
14.429999 	0.017356 	4955.000000 	0.017238
14.449999 	0.016912 	4967.000000 	0.016794
14.470000 	0.016390 	4942.000000 	0.016272
14.490000 	0.014262 	4908.000000 	0.014024
14.509999 	0.011597 	4915.000000 	0.011597
14.530000 	0.011086 	4871.000000 	0.011086
14.550000 	0.013317 	4881.000000 	0.013317
14.569999 	0.012546 	4862.000000 	0.012546
14.589999 	0.011159 	4839.000000 	0.011038
14.610000 	0.007251 	4827.000000 	0.007251
14.629999 	0.009771 	4810.000000 	0.009771
14.649999 	0.009157 	4805.000000 	0.009157
14.670000 	0.011088 	4780.000000 	0.011088
14.690000 	0.009426 	4774.000000 	0.009426
14.709999 	0.008450 	4734.000000 	0.008450
14.729999 	0.010533 	4747.000000 	0.010533
14.750000 	0.007611 	4730.000000 	0.007611
14.769999 	0.006376 	4705.000000 	0.006376
14.789999 	0.007401 	4729.000000 	0.007277
14.810000 	0.007452 	4697.000000 	0.007452
14.830000 	0.007291 	4663.000000 	0.007291
14.849999 	0.007401 	4459.000000 	0.007401
14.869999 	0.006925 	3899.000000 	0.006925
14.890000 	0.008657 	3581.000000 	0.008657
14.909999 	0.005167 	3290.000000 	0.005167
14.929999 	0.005818 	3094.000000 	0.005818
14.950000 	0.004165 	2881.000000 	0.004165
14.969999 	0.006331 	2685.000000 	0.006331
14.989999 	0.004367 	2519.000000 	0.004367
15.010000 	0.002550 	2353.000000 	0.002550
15.030000 	0.008664 	2193.000000 	0.008664
15.049999 	0.010784 	2040.000000 	0.010497
15.069999 	0.004747 	1896.000000 	0.004747
15.090000 	0.006268 	1755.000000 	0.006268
15.109999 	0.008045 	1616.000000 	0.008045
15.129999 	0.005337 	1499.000000 	0.005337
15.150000 	0.005170 	1354.000000 	0.005170
15.170000 	0.004870 	1232.000000 	0.004870
15.189999 	0.002686 	1117.000000 	0.002686
15.209999 	0.006042 	993.000000 	0.006042
15.230000 	0.009195 	870.000000 	0.009195
15.249999 	0.005000 	800.000000 	0.005000
15.269999 	0.004016 	747.000000 	0.004016
15.290000 	0.002946 	679.000000 	0.002946
15.309999 	0.000000 	630.000000 	0.000000
15.329999 	0.003472 	576.000000 	0.003472
15.350000 	0.003868 	517.000000 	0.003868
15.370000 	0.004357 	459.000000 	0.004357
15.389999 	0.000000 	414.000000 	0.000000
15.409999 	0.011236 	356.000000 	0.011236
15.430000 	0.000000 	305.000000 	0.000000
15.449999 	0.000000 	255.000000 	0.000000
15.469999 	0.000000 	204.000000 	0.000000
15.490000 	0.000000 	153.000000 	0.000000
15.510000 	0.000000 	104.000000 	0.000000
15.529999 	0.000000 	55.000000 	0.000000
15.549999 	0.000000 	9.000000 	0.000000
